SIPK OPKC 161500=
41504 22995 60000 10000 21118 37853 48517 86030 333 56090 59037 60007 86360 41%= 
41516 22996 50000 10005 21056 38564 48519 85030 333 56090 59036 60007 85360 64%=
41518 22696 71802 10028 21058 38/// 48/// 83520 333 56990 5//// 60007 83640 87462 52%= 
41517 21696 10000 11020 21060 37811 48554 70400 81500 333 56900 59051 60007 81640 71%= 
41519 22996 30000 10080 21058 38802 48536 80030 333 56090 59051 60007 83362 37%=
41520 22695 30000 10005 21087 37634 48284 83030 333 56090 59024 60007 83362 50%= 
41530 219// 30000 10120 20014 39744 40166 70500 80001 333 56009 59031 60007 83075 46%=
41620 32696 43604 10100 21024 38581 48484 70500 84500 333 56900 59007 60007 84640 42%=
41660 216// 03110 10030 21069 38478 48569 70500 333 58012 60007 48%=
41661 21995 03104 10035 21061 38426 48556 70600 333 58014 60007 49%=
41685 22997 00000 10125 21009 38939 48519 333 59014 60007 41%=
41696 22996 00000 10020 21065 38038 48580 333 59003 60007 53%=
41697 22997 00000 10210 21024 40155 333 59027 60007 21%= 
41710 22996 03106 10085 21159 40246 333 58051 60007 16%=
41712 21994 30506 10070 21054 39278 48561 60003 70600 83010 333 56090 58051 83460 41%=
41715 21996 00000 10155 20098 40181 70500 333 59003 60007 69%=
41724 21995 00000 10150 20069 40179 70500 333 59025 60007 58%=
41725 21996 00000 10155 20087 40161 70500 333 59027 60007 64%=
41726 21995 00000 10150 20092 30110 40183 70500 333 59012 60007 68%=
41738 21995 00515 10180 21048 30038 40225 70700 333 58045 60007 21%=
41739 21995 03610 10075 21028 39096 48534 70500 333 58034 60007 48%=
41742 22996 02704 10225 20058 40154 333 59015 60007 34%= 
41743 21996 00000 10170 20070 70400 333 60007 52%= 
41744 21995 03106 10110 21044 38816 48536 70600 333 58004 60007 34%=
41745 21996 00000 10170 20070 70400 333 60007 52%=
41746 22996 00000 10160 20093 40168 333 59011 60007 64%=
41747 21996 00000 10140 20080 40160 70400 333 59011 60007 67%=
41748 21996 03102 10175 20100 40171 70500 333 59024 60007 61%=
41749 22996 03604 10160 20069 40168 333 59010 60007 55%=
41756 21995 03604 10215 20007 40191 70600 333 58017 60007 25%=
41757 21995 03614 10195 21036 30181 40194 70600 333 58012 60007 21%=
41759 21994 03612 10210 20032 40189 70733 333 58005 60007 31%=
41764 21996 00000 10195 20053 30100 40151 70400 333 59021 60007 39%=
41765 22996 03104 10180 20083 30128 40164 333 59013 60007 53%=
41766 21995 00502 10150 20113 40170 70400 333 59011 60007 78%=
41767 22996 00000 10170 20070 3//// 4//// 333 60007 52%= 
41768 22996 00000 10155 20035 40148 333 59025 60007 45%=
41780 21996 00000 10200 20130 30126 40154 70400 333 59019 60007 64%=
41783 22996 00502 10185 20052 30121 40151 333 59008 60007 41%=
41785 22996 00000 10170 20094 30159 40172 333 59003 60007 61%= 
41786 22996 03604 10165 20063 30106 40143 333 59011 60007 51%=
41529 21995 20000 10085 20052 39792 40186 70400 80001 333 56009 59026 60007 82070 79%=
41534 02696 50000 10110 20068 39744 40168 83520 333 56990 59029 60007 83640 83460 RH75%=
41BKI 22996 20000 10105 20037 397741 40170 70400 82030 333 56090 59031 60007 82360 RH63%=
41506 22995 00000 10030 21006 38543 48540 333 58002 60007 77%=
41565 22996 03102 10083 21070 38670 48534 333 59029 60007 33%=
41525 22996 00000 10030 21020 37695 48424 333 59014 60007 70%=
41BKI 22996 20000 10105 20037 39741 40170 70400 82030 333 56090 59031 60007 82360 RH63% CORR=
41630 21996 00000 10110 20043 40173 70400 333 59024 60007 63%=
41524 22996 30000 10110 21008 39373 40252 83020 333 56090 59033 60007 83460 44%=
41630 21996 00000 10110 20043 40173 70400 333 59024 60007 63%=
41599 21995 20000 10120 20056 39879 40177 70400 83020 333 56090 59019 60007 82460 65%=
41675 21995 00000 10130 20068 30023 40170 70400 333 59020 60007 66%=
41599 21995 20000 10120 20056 39879 40177 70400 83020 333 56090 59019 60007 82460 65%=
41641 21996 00000 10150 20056 39888 40166 70400 333 59028 60007 53%=
41528 22996 00000 10100 20035 39250 48526 333 58000 60007 65%=
41567 21996 00000 10100 20031 39722 40151 70400 333 59024 60007 62%=
41573 22997 01302 10070 21027 37985 48514 333 59015 60007 50%=
41574 22997 00000 10080 20015 38365 48545 333 59008 60007 63%=
41576 21996 00000 10105 20050 40193 70400 333 59023 60007 69%=
41593 21996 00000 10120 20079 39944 40166 70400 333 59028 60007 76%=
41597 21996 00000 10115 20074 40179 70400 333 59028 60007 76%=
41600 21996 60000 10100 20090 40174 70422 83520 333 56990 59023 60007 83637 83460 93%=
41624 21995 00000 10145 20086 40166 70400 333 59016 60007 68%=
41625 21996 00000 10120 20056 39952 40158 70400 333 59025 60007 65%=
41633 21996 00000 10095 20063 4//// 70400 333 5//// 60007 80%=
41634 22996 00000 10090 20009 3//// 4//// 333 5//// 60007 57%=
41635 21996 00000 10120 20079 3//// 4//// 70400 333 5//// 60007 76%=
41636 21996 00000 10120 20068 39990 40181 70400 333 59020 60007 70%=
41638 21996 00000 10135 20085 4//// 70400 333 5//// 60007 72%=
41639 21996 23602 10130 20056 4//// 70400 82030 333 56090 5//// 60007 82360 61%=
41640 21996 00000 10120 20068 39913 40168 70400 333 59029 60007 70%=
41642 21996 40000 10120 20056 4//// 70400 81031 333 56099 5//// 60007 81360 83070 65%=
41643 21995 00000 10120 20079 39887 40171 70400 333 59020 60007 76%=
41644 21996 00000 10140 20102 4//// 70400 333 5//// 60007 RH 78%=
41646 21995 00000 10155 20087 40187 70400 333 59021 60007 64%=
41652 21996 00000 10120 20056 40177 70400 333 59019 60007 65%=
41669 21996 00000 10130 20080 3//// 4//// 70400 333 5//// 60007 71%=
41670 21996 00000 10125 20074 4//// 70400 333 5//// 60007 71%=
41674 21995 00000 10130 20068 3//// 4//// 70400 333 5//// 60007 66%=
41676 21995 00000 10135 20074 30027 40188 70400 333 59016 60007 67%=
41677 21996 00000 10110 20090 39991 40165 70400 333 59014 60007 87%=
41678 21996 00000 10160 20012 40177 70500 333 59016 60007 37%=
41679 21996 00000 10120 20056 4//// 70400 333 5//// 60007 65%=
41680 21996 00000 10115 20062 40168 70400 333 59029 60007 70%=
41700 21995 00000 10140 20068 40154 70400 333 59025 60007 62%=
41701 21995 00000 10170 20094 40187 70400 333 59004 60007 61%=
41716 21996 00000 10140 20068 30073 40180 70400 333 59024 60007 62%=
41718 21995 00000 10125 20049 40160 70400 333 59023 60007 60%=
41SKP 21996 00000 10125 20047 4//// 70400 333 5//// 60007 71%=
43532 22996 00000 10100 20008 39347 40168 70400 333 59024 60007 53%=
43533 21997 00000 10100 20022 39255 48490 333 59025 60007 58%=
43563 22997 00000 10106 20000 40172 333 59018 60007 48%=
41577 21996 00000 10070 20037 39551 40188 70400 333 56000 59026 60007 RH 79%=
41507 22696 60000 10090 20048 39266 49795 82520 333 56990 59011 60007 82640 84460 75%=
41508 22695 50000 10061 21033 38672 48538 83520 333 56990 59015 60007 83635 82460 RH 51%=
41509 22996 40000 10020 21036 38778 48510 80070 333 56090 59010 60007 84460 RH66%=
41510 02996 60000 10020 21048 37928 48547 86030 333 56090 59020 60007 86360 61%=
41515 22695 50000 10052 21048 38579 48540 82520 333 56990 59009 60007 82650 83460 49%=
41523 22996 20000 10080 21005 39093 48501 80001 333 56009 59027 60007 82070 55%=
41535 22996 00000 10055 21081 38721 48485 333 59024 60007 RH37%=
41536 22996 00000 10090 21040 39046 48508 333 59033 60007 39%=
41560 22996 22302 10080 21013 38295 48523 82030 333 56090 59021 60007 82360 RH52%=
41562 22996 00000 10110 20015 39693 40168 333 59025 60007 RH52%=
41598 21995 00000 10100 20057 39883 40162 70400 333 59039 60007 74%=
41571 219// 00504 10100 20008 39584 40182 70500 333 59030 60007 RH53%=




Data Generated from File : D:/all data handling/Rmc_lhr/2024121615.FSU.txt
16/12/2024   16:03:28
____________________________________________________________________________________________
15020 21570 52805 10080 21001 39964 40163 50001 70262 82570 333 55300 20068 69907 91009 90730 91113==
15090 21570 82502 10087 20011 30080 40173 56007 72162 8257/ 333 55300 10160 20038 30039 69907 91005 90730 91106==
15108 21/00 92916 11068 21073 38035 48457 50006 74974 89/// 333 55300 20022 69987 91021 90730 91122==
15150 21570 62700 10084 21006 39982 40197 55001 70282 82470 333 55300 20067 69907 91003 90730 91105==
15170 24570 82407 10015 21017 39452 42836 53004 8737/ 333 55300 20059 60007 91011 90730 91113==
15280 21/00 9//// 11028 21032 37493 47043 50001 74143 89/// 333 55300 20073 60007==
15310 24/70 72204 10072 20008 30116 40203 56012 87070 333 55300 10010 20050 30049 60007 91009 90730 91111==
15335 24570 62604 10069 21005 30204 40211 55012 83530 333 55300 20057 60007 91008 90730 91109==
15350 24/70 42207 10057 20004 30109 40232 58008 84040 333 55300 20050 60007 91011 90730 91111==
15360 24/70 62409 10065 21007 30188 40205 56016 86070 333 55300 20064 60007 91011 90730 91112==
15420 24/70 82504 10078 20018 30135 40248 58013 82047 333 55301 20204 60007 91008 90730 91110==
15460 24/70 62505 10068 20014 30222 40247 58013 84078 333 55301 20226 60007 91011 90730 91111==
15470 24/70 52508 10076 20023 30135 40263 58012 83042 333 55302 20307 60007 91011 90730 91113==
15480 24/70 62605 10071 20001 30217 40235 55010 86070 333 55300 10040 20084 30075 60007 91010 90730 91111==
15549 42970 42705 10048 21002 39842 40267 57005 82031 333 10065 21018 555 570//=
15552 42570 52702 10078 20001 30207 40257 57009 82530 333 10093 20019 555 558// 92025 92428=
15640 42674 32907 10078 20039 39967 40284 57004 81501 333 10100 20035 555 576//=
15655 42968 02706 10082 21013 30247 40281 57013 333 10095 20030 555 551// 92025 92427=
15730 42970 20000 10079 21002 39888 40290 57005 80001 333 10107 20039 555 557//=
16627 42975 00000 10088 20021 30287 40294 56007 333 90730 91110==
16650 42560 10000 10096 20008 30291 40300 54000 81130 333 90730 91114==
16667 42560 13006 10110 20027 30274 40285 54000 81100 333 90730 91119==
16706 42560 13514 10126 20020 30267 40274 52002 81100==
16723 42560 23411 10130 20091 30253 40266 54000 82200 333 90730 91115==
16742 42460 23514 10136 20061 30091 40247 53001 82100 333 90730 91129==
16749 42560 12914 10162 20093 30209 40223 51002 81100 333 90730 91120==
16754 42460 73512 10150 20113 30227 40275 52008 85850 333 82818 84625 87358 90730 91118==
16760 42460 60405 10112 20092 40277 52007 86850 333 82818 86625 86358 90730 91112==
16765 42560 23019 10158 20080 40247 52009 82100 333 90730 91129==
17022 42670 72005 10069 20035 30115 40285 55000 84250 333 84834 87360 90730 91109==
17024 42670 32012 10076 20072 30183 40262 55005 81550 333 81635 83359 90730 91115==
17026 41570 51602 10065 20039 30231 40271 58003 70282 83240 333 83830 85360 90730 91111==
17031 42470 63206 10085 20038 30269 40275 52007 85250 333 83712 84830 86359 90730 91114==
17034 41670 72103 10091 20027 30238 40285 53003 70282 83270 333 83835 87360 90730 91110==
17038 41670 62604 10091 20034 30222 40271 52009 72582 86200 333 86835 90730 91123==
17042 41558 81204 10061 20045 30246 40287 52019 76166 8552/ 333 85630 88458 90730 91111==
17050 42970 03101 10093 21011 30232 40296 57006 333 90730 91110==
17056 42970 02202 10071 20014 30294 40299 55003 333 90730 91110==
17060 42660 42609 10083 20019 30257 40298 53004 84100 333 84835 90730 91112==
17070 42665 32204 10022 20005 39388 40284 52008 83500 333 83634 90730 91108==
17074 42570 70000 10006 20000 39314 40279 52003 85550 333 85625 87358 90730 91108==
17084 42670 73303 10045 20032 39344 40271 52008 84570 333 84635 87360 90730 91106==
17085 42670 50506 10060 20024 39769 40272 52007 83530 333 83640 85360 90730 91113==
17092 41435 80901 11032 21037 38930 48542 50002 77177 887// 333 83710 88625 90730 91104==
17096 41545 71003 11073 21076 38270 48546 51003 77177 85540 333 85625 87357 90730 91106==
17098 42660 72304 11030 21069 38210 48529 52007 85550 333 85635 87357 90730 91116==
17100 41645 70000 10002 21102 39248 40292 52009 70522 84530 333 84640 87360 90730 91103==
17112 42970 00302 10091 21008 30293 40295 55000 333 90730 91111==
17115 42960 00104 10060 20009 30248 40300 55002 333 90730 91113==
17116 42665 52901 10061 20044 30172 40297 53001 83230 333 83835 84360 90730 91104==
17124 42560 60000 10032 20000 39353 40295 52008 86500 333 86628 90730 91111==
17128 42660 50103 10041 21005 39148 40276 53008 85400 333 85640 90730 91112==
17135 42670 60301 10060 20036 39370 40266 52007 84250 333 84840 86360 90730 91105==
17140 42665 60201 10008 20008 38754 48534 52007 84250 333 84838 86358 90730 91105==
17150 42660 23501 10066 20016 30163 40290 53001 82100 333 82835 90730 91110==
17160 47/83 /3603 10028 21023 39078 40262 722//==
17170 41558 70609 10007 21046 38367 48540 53003 77022 85570 333 85630 87357 90730 91114==
17175 42665 30901 10098 20009 30278 40282 53002 83100 333 83840 90730 91108==
17184 42970 03503 10085 20014 30168 40282 53005 333 90730 91111==
17190 42570 73303 10036 21002 39059 48550 53003 84520 333 84630 87458 90730 91107==
17195 41348 82503 10024 20017 39025 48535 53004 76166 8652/ 333 84707 86620 88458 90730 91106==
17200 41225 80000 11009 21011 39275 40313 52002 77177 885// 333 85706 87631 90730 91104==
17202 41345 82203 11004 21004 39213 40307 55000 77022 8652/ 333 83709 85633 88459 90730 91104==
17203 41550 81202 10004 21049 38944 48581 52005 77072 8352/ 333 83633 88458==
17210 42670 70000 10042 21058 39213 40279 53001 83150 333 83840 87360==
17219 42565 10113 10095 20027 30128 40275 53005 81100 333 81830 90730 91119==
17234 42670 40903 10133 20064 30185 40254 53004 84200 333 84840 90730 91109==
17237 42670 73402 10091 20054 39756 40266 52004 84520 333 84635 87460 90730 91105==
17240 42570 63503 10076 20034 39092 40247 52011 84250 333 84830 86360 90730 91115==
17244 42570 73413 10033 20009 39057 48546 52009 84570 333 84630 87459 90730 91123==
17248 41556 81401 10043 20038 39033 48534 52009 76166 8452/ 333 84630 88459 90730 91107==
17250 41640 80403 10033 20015 38850 48536 53004 76066 8552/ 333 85636 88458 90730 91110==
17260 41456 80107 10012 20003 39398 40243 58002 77177 8652/ 333 85718 86631 88458 90730 91114==
17270 42670 60104 10068 21055 39605 40268 56001 84250 333 84840 83360 90730 91112==
17275 42670 70212 10026 21096 39048 48554 58002 84550 333 84640 87360 90730 91116==
17280 42660 80401 10036 21069 39469 40291 55001 8552/ 333 85640 88460 90730 91105==
17290 42970 03504 10145 20023 30218 40250 53005 333 90730 91120==
17292 42670 22901 10092 20055 39473 40237 53005 82100 333 82840 90730 91111==
17300 42560 62502 10143 20115 30157 40229 53003 84250 333 84830 86359 90730 91107==
17310 42670 30901 10151 20113 30202 40209 56001 83200 333 83835 90730 91107==
17330 42670 70000 10115 20101 30222 40240 52006 85270 333 85838 87358 90730 91102==
17350 42660 70507 10090 20040 30153 40233 55001 85250 333 85835 87359==
17370 41559 61204 10106 20008 30227 40231 58008 78082 84230 333 84830 86360 90730 91110==
17375 41558 73402 10135 20125 30209 40211 53006 78022 84270 333 84830 87359 90730 91106==
33088 41560 63010 10070 20040 39877 40066 53039 70282 86500==
33135 415// 62709 10045 20030 39834 49980 53009 78086 86300 333 86921==
33177 41540 82709 10080 20069 39883 40118 53019 78082 889//==
33317 424// 82809 10064 20049 39740 40073 57005 889// 333 88919==
33393 41350 82706 10064 20055 39777 40168 53010 78082 889// 333 86707==
33415 41440 82712 10062 20041 39739 40135 53004 75152 885// 333 86710==
33429 41460 82711 10040 20028 39697 40120 53003 72522 8695/ 333 86711==
33466 41559 82308 10040 20023 39852 40039 56011 71082 885// 333 88626==
33506 41320 82207 10008 20005 39816 40013 57033 78388 889//==
33562 41560 82910 10055 20031 39800 40103 55003 70282 8695/==
33587 415// 82708 10032 20017 39832 40097 57004 70282 889// 333 88920==
33658 42684 52505 10081 20006 39862 40160 52001 85500 333 85643==
33663 41560 62904 10071 20036 30044 40140 57005 70282 85530==
33664 41597 62805 10074 20027 39832 40147 53002 70262 83530 333 91112=
33678 41598 82808 10043 20011 39941 40152 57007 70282 8597/ 333 91114=
33679 41497 82506 10050 20020 39950 40142 57011 70282 889// 333 88917=
33711 41460 82608 10024 20014 39863 40074 57023 78082 883// 333 88711==
33745 41597 72604 10044 20010 39972 40164 57004 70282 87900=
33748 42597 72703 10057 20017 39881 40167 57004 86330=
33754 41597 82303 10055 20023 39995 40141 57012 70282 8535/=
33761 41540 82607 10038 20028 39898 40122 57015 72162 885//==
33791 41362 82409 10020 20009 39965 40094 57030 76162 8772/ 333 87709==
33815 41598 82504 10060 20003 39949 40157 57011 70282 889//=
33837 41481 82505 10049 20001 30109 40161 56014 78082 883//==
33881 42598 72406 10066 20001 39983 40180 57008 87300=
33883 42597 72104 10064 20009 30014 40181 57006 87300=
33885 42597 72004 10060 21004 30072 40206 57003 87500=
33892 41597 82403 10044 20004 39957 40173 57012 70382 883//=
33902 41540 82612 10046 20001 30085 40145 57021 78082 889//==
33924 22/70 82510 10087 21001 30172 40185 57020 8807/ 333 60002 91018 90730 91118==
33946 22584 52410 10057 20012 39977 40200 57018 83530 333 60002 83631 91014 90730 91115==
33983 22560 72206 10044 21010 30128 40189 57014 87500 333 60002 90730 91114==
34300 41310 82308 10003 21007 39814 49992 57049 78487 889//==
34336 22460 82304 10006 21023 39927 40031 58029 8337/ 333 10012 60012 91010 90730 91110==
34344 21470 82204 10008 21010 39951 40040 58024 70272 887// 333 10013 60022 90730 91110==
34356 21570 72306 10004 21024 39909 40057 57014 72272 87500 333 10011 69962 91012 90730 91112==
34357 21470 82205 10005 21032 39897 40052 57015 70282 883// 333 10008 69932 91011 90730 91115==
34398 41/// 82406 10009 21011 30074 40087 53007 70282 8807/ 333 10013==
34415 41440 82504 10012 21002 39931 40028 57047 77172 8772/==
34438 22560 82105 10008 21016 39871 40063 57025 885// 333 10010 69922 90730 91112==
34445 21570 82005 10010 21004 39951 40066 57015 70282 8697/ 333 10011 69902 90730 91111==
34461 21460 82204 10012 21023 30019 40074 57014 72682 8575/ 333 10022 69912 90730 91110==
34473 329// 22307 11006 21028 30048 40087 52005 82030 333 10012=
34476 22/70 22207 11006 21037 30088 40095 53005 82030 333 10015 60002 90730 91111==
34504 41335 82411 10008 20000 39890 40066 57035 78382 889//==
34535 22570 82104 10018 21019 30015 40087 58023 8890/ 333 10021 69902 90730 91111==
34545 21570 82106 10011 21009 39981 40093 57018 70282 883// 333 10020 69902 91012 90730 91113==
34555 22470 82309 10009 21015 30015 40107 57014 886// 333 10020 60002 91013 90730 91114==
34560 41460 82312 10006 21015 39896 40088 57011 78582 883// 333 10015 85710 91015 90730 91115==
34578 21/40 82105 10005 21003 30115 40122 52002 71022 8803/ 333 10018 60002==
34579 21/10 51904 11004 21004 30075 40118 52004 71022 85030 333 10014 60002==
34644 22560 82306 10016 21005 30038 40115 58011 8657/ 333 10017 60002 91011 90730 91111==
34646 22470 82406 10019 21006 30037 40118 57014 886// 333 10022 69902 91010 90730 91113==
34655 22560 82207 10018 21007 30066 40126 58008 885// 333 10031 60002 91010 90730 91114==
34662 22/70 72204 10014 21017 30107 40118 58006 80070 333 10021 60002 90730 91110==
34691 22/70 82304 10012 21008 30291 40278 52007 8807/ 333 10023 60002==
34720 22470 82210 10015 20003 30088 40128 57019 886// 333 10019 60002 91014 90730 91114==
34727 22460 82407 10029 21003 30117 40148 58018 884// 333 10033 60002 91012 90730 91113==
34743 22560 82305 10021 21005 30046 40136 57011 885// 333 10028 60002 91011 90730 91112==
34759 22560 82205 10018 21004 30024 40156 58006 885// 333 10023 69902 91010 90730 91110==
34772 22960 02204 10001 21023 30146 40149 52004 333 10024 60002 90730 91112==
34785 21560 82504 10015 21014 30173 40150 52003 70372 885// 333 10030 69902==
34798 41560 82103 10023 21001 30192 40163 52004 70266 885// 333 10054==
34824 22960 52403 10036 21002 30170 40175 57012 80001 333 10049 60002==
34838 22/60 22204 10027 21019 30080 40178 58011 82060 333 10049 69902 90730 91110==
34845 22570 52505 10023 21020 30057 40165 57008 82530 333 10046 69902 90730 91112==
34858 21640 22304 10015 21018 30066 40175 54000 71000 82500 333 10026 69962 90730 91111==
34861 22/60 62606 10001 21022 39915 40161 57003 86030 333 10008 69902 90730 91111==
34866 22960 02404 10004 21018 30177 40168 52006 333 10027 60002 90730 91111==
34880 21540 82303 10016 21002 30188 40162 52007 71062 8472/ 333 10036 69912==
34887 21540 72103 10009 21002 30198 40179 52009 71062 87500 333 10029 69962==
34949 22/70 22307 11004 21042 39638 40196 57004 82030 333 10011 60022 91010 90730 91113==
34954 22970 02004 10013 21022 30014 40191 58004 333 10033 60012 90730 91110==
34958 22970 02403 10008 21029 39991 40194 50001 333 10026 60022==
34975 22570 52704 10010 21011 30192 40188 51012 83530 333 10028 69902==
34984 21460 82204 10011 20001 30211 40180 52005 72162 8562/ 333 10031 69972==
35217 415// 82008 11010 21029 30054 40094 5/000 70272 885// 333 10000==
35302 41/// 82510 10007 21004 30061 40082 53004 72272 8802/ 333 10011 91015 90730 91116==
35315 /25// 71605 11031 21048 30051 40109 57016 87500 333 10004 555 69942=
35344 325// 71610 11061 21076 39948 40245 57020 84570 333 11033 91116=
35358 12/// 81807 11067 21109 30144 40320 57011 60002 8802/ 333 11052==
35368 319// 71608 11075 21115 30093 40373 57015 73632 87070 333 11060=
35386 325// 51803 11136 21171 39893 40453 58005 85500 333 11106=
35394 41/70 62004 11126 21153 39745 40471 58005 70232 82031 333 11107==
35404 325// 82508 10009 21005 30094 40102 53007 885// 333 10018=
35406 415// 82204 10003 21024 30108 40110 53002 70272 885// 333 10012==
35416 125// 81510 11022 21069 30025 40147 57008 60002 885// 333 11003 91016 90730 91117==
35426 115// 61408 11056 21103 39895 40193 56017 60002 73633 86500 333 11021==
35437 315// 71813 11055 21084 39894 40215 57033 73632 87500 333 11022 91018 91118=
35449 319// 21509 11056 21090 30200 40307 57021 73633 82030 333 11050=
35497 429// 01403 11168 21194 39800 40685 58008 333 11111==
35498 329// 01802 11220 21238 39553 40530 57005 333 11138=
35514 /1596 81806 11011 21027 30226 40222 57003 78582 889// 333 10006 555 69932=
35522 316// 81609 11041 21071 39911 40167 57019 73632 885// 333 11017=
35542 329// 81607 11061 21092 30137 40289 57029 8805/ 333 11046=
35563 /1598 61608 11102 21124 39589 40399 57012 73632 86500 333 11094 555 69932=
35576 425// 51605 11111 21145 39970 40448 58008 85500 333 11106==
35582 329// 22504 11165 21201 39831 40484 57018 80003 333 11118=
35594 329// 01503 11173 21205 39587 40500 58008 333 11109=
35605 /1596 81805 10000 21003 30155 40133 53003 77072 8802/ 333 10017 555 69972=
35633 319// 61505 11050 21071 30023 40242 57044 71022 86070 333 11042=
35671 12570 61103 11126 21153 39963 40422 57016 60002 865// 333 11060==
35699 129// 00000 11167 21185 39697 40521 58007 60002 333 11101==
35700 41/05 81907 11002 21014 30159 40135 57011 77576 8802/ 333 10012==
35715 32597 61808 11010 21077 30171 40156 57013 86500 333 10006=
35739 319// 61408 11045 21088 30095 40238 57035 73632 80008 333 11035=
35746 12/// 71507 11049 21077 30236 40305 57019 60002 85072 333 11040==
35777 /29// 41403 11091 21125 30071 40436 52017 80004 333 11060 555 69922=
35796 12960 00403 11185 21199 30039 40519 58012 60002 333 11091==
35849 129// 51405 11044 21114 30221 40310 57023 60002 80001 333 11013==
35895 32997 00505 11100 21122 30020 40493 57017 333 11076=
35907 32598 73108 10021 20005 30202 40171 53028 87500 333 10054=
35925 129// 41604 11035 21056 30087 40201 57023 60002 80004 333 11014==
35927 329// 61405 11026 21057 30174 57020 80002 333 11007=
35953 129// 31603 11058 21106 30216 40350 57020 60002 80001 333 11003==
35969 129// 00901 11074 21133 30211 40392 57030 60002 333 11022==
35997 329// 00703 11097 21143 30014 40476 57020 333 11053=
36259 41584 80000 11178 21201 38332 48611 52009 70282 86902==
36335 329// 01403 11158 21197 39408 40513 52001 333 11135=
36358 329// 01704 11179 21205 39418 40525 58002 333 11078=
36394 329// 01305 11203 21219 30070 40537 52002 333 11070=
36397 429// 02002 11193 21223 39918 40538 52001 333 11078==
36403 /29// 21801 11167 21195 30136 40530 52002 80001 333 11033 555 69902=
36418 329// 22202 11147 21171 39858 40522 52003 82030 333 11056=
36421 /29// 00000 11220 21240 39916 40544 52009 333 11058 555 69952=
36428 427// 33303 11186 21212 39982 40532 52008 82541 333 11035==
36439 /17// 81901 11170 21176 39163 48624 52008 77172 8251/ 333 11051 555 60022=
36498 329// 01001 11212 21236 39678 40555 58002 333 11145=
36501 329// 02002 11158 21207 39700 40514 58006 333 11102=
36535 12/// 20000 11225 21260 39856 40560 58001 60002 82030 333 11068==
36546 329// 03301 11170 21189 39948 40536 52008 333 11053=
36619 329// 02702 11223 21261 333 11059=
36622 329// 00000 11198 21222 39668 40553 52015 333 11094=
36639 129// 00000 11236 21258 39879 40558 58004 60002 333 11063==
36643 329// 01802 11170 21198 39821 40543 58001 333 11052=
36665 /26// 72701 11103 21131 39745 40514 52004 83902 333 11047 555 60012=
36666 /29// 02304 11142 21183 39999 40531 58002 333 11046 555 69922=
36729 /2998 01501 11124 21144 30159 40684 53001 333 11060 555 69902=
36736 329// 53601 11171 21190 39949 40555 58003 82041 333 11060=
36744 329// 00704 11154 21167 30019 40508 57017 333 11068=
36770 /29// 00000 11202 21206 39722 40526 57024 333 11064 93604 555 69922=
36786 /2999 01602 11152 21174 39535 40530 58011 333 11075 555 60022=
36796 /29// 00000 11195 21228 39228 48619 58015 333 11085 555 69982=
36803 /1599 82502 11062 21077 30066 40539 52007 70272 886// 333 11031 555 60052=
36806 /29// 50000 11176 21241 39948 40458 52028 80002 333 11147 555 69982=
36819 319// 00701 11105 21124 39822 40474 58029 71000 333 11050=
36821 119// 00702 11126 21139 39963 40489 57023 60002 71000 333 11040==
36839 /2998 02001 11197 21230 39283 40527 57023 333 11079 555 69932=
36843 /29// 02702 11154 21187 39237 40509 57024 333 11082 555 69952=
36846 /29// 00701 11206 21208 38759 48621 57024 333 11109 93503 555 69932=
36859 425// 60301 11112 21127 39682 40520 58003 82570 333 11042==
36870 429// 00000 11096 21104 39381 40453 57026 333 11052==
36874 /29// 01801 11164 21185 39690 40541 57026 333 11055 555 69902=
36877 /29// 00000 11140 21150 39688 40770 57024 333 11070 555 69902=
36885 /29// 01104 11113 21144 39274 40478 57022 333 11045 555 69932=
36889 329// 01801 11138 21284 37088 47108 57007 333 11125=
36894 /29// 00000 11087 21111 39690 40472 57022 333 11042 555 69932=
36905 /29// 01501 11126 21156 38912 48636 58014 333 11063 555 69972=
36911 129// 00000 11109 21115 39378 40418 57032 6//// 333 11027 555 530//=
36927 12697 62702 11082 21157 38451 48612 58004 6//// 86900 333 11041 555 530//=
36934 12697 20302 11077 21127 38370 48501 58001 6//// 81544 333 1//// 555 530//=
36953 /28// 63101 11172 21186 38344 48508 58005 82042 333 11078 555 60022=
36963 129// 01402 11177 21246 37076 48/// 58003 6//// 333 11097 555 530//=
36974 129// 01401 11148 21161 38086 48644 54000 6//// 333 11063 555 530//=
36982 129// 03603 11228 47180 52008 69902 333 11130 555 530//=
37018 21660 82102 10057 20030 30157 40233 57001 72582 889// 333 10087 60102 90730 91113==
37031 22560 62203 10022 21023 30002 40201 57005 86500 333 10036 60072 90730 91111==
37054 22760 22304 10015 21051 39825 40217 51008 82500 333 10036 69902 90730 91112==
37061 22560 42104 10002 21021 30034 40207 52006 81510 333 10026 69912==
37085 21540 82504 10026 21001 30230 40203 53027 70282 885// 333 10054 69902==
37171 22740 70703 10044 20029 30231 40250 52010 87900 333 10081 60202==
37228 22560 61701 11028 21064 39372 40234 52012 82530 333 10058 60002==
37235 22560 72601 10015 21006 39899 40222 52008 8750/ 333 10029 60002==
37472 22560 82702 10043 20006 30233 40211 52021 8657/ 333 10083 60002 90730 91111==
38149 12970 71307 11020 21116 30174 40253 57021 60002 80002 333 10032==
38178 129// 01207 11062 21116 30012 40314 57032 60002 333 11038==
38262 129// 31205 11028 21099 30181 40265 57027 60002 80002 333 10018==
38264 12970 21208 11026 21091 30159 40256 57028 60002 80003 333 10015==
38345 12998 00000 11170 21196 38897 48561 57032 6//// 333 11036 555 530//=
38353 129// 00000 11091 21111 39464 40425 57028 6//// 333 11025 555 530//=
38388 32998 61505 11002 21054 30166 40239 57023 80004 333 10020=
38392 32997 51307 11024 21092 30157 40263 57023 80002 333 10015=
38396 12960 21106 11031 21085 30148 40278 57019 60002 80001 333 10004==
38403 129// 00904 11043 21133 30191 40319 57031 60002 333 11009==
38413 129// 01206 11067 21123 30028 40341 57042 60002 333 11038==
38457 12960 00501 11062 21102 39733 40357 57023 60002 333 11009==
38462 129// 00000 11088 21197 38841 48557 57011 60002 333 11013==
38507 32996 71707 10050 21006 30072 40176 57002 83031 333 10058=
38545 32998 01206 11036 21072 30110 40294 57024 333 11006=
38565 129// 01102 11122 21135 39687 40265 57027 60002 333 11043==
38579 125// 20000 11077 21083 39911 40358 57028 60002 82500 333 11048==
38583 11920 00201 11076 21089 30012 40356 57023 60002 71000 333 11028==
38599 32997 00609 11010 21065 39807 40343 57023 333 10001=
38611 11940 03302 11058 21080 39785 40393 57020 60002 71000 333 10020==
38613 129// 60701 11094 21119 40398 58024 6//// 80002 333 11014 555 530//=
38616 125// 61801 11082 21114 39317 40400 58035 6//// 86500 333 11020 555 530//=
38618 129// 01301 11047 21067 39647 40376 57022 60002 333 10004==
38647 32997 70904 10008 21057 30134 40177 57013 80006 333 10018=
38656 32998 01406 10008 21061 30123 40235 57009 333 10032=
38683 12960 01102 11051 21080 30026 40319 57024 60002 333 11008==
38687 32997 01604 11026 21061 30073 40319 57019 333 10008=
38696 129// 00902 11084 21092 39429 40343 57020 60002 333 11032==
38713 329// 01102 11066 21107 39128 48560 57010 333 11025=
38750 32997 20901 10060 21003 30208 40179 57016 80001 333 10130=
38763 32997 60904 10012 21023 30091 40199 57022 80001 333 10022=
38774 32995 21202 10004 21029 30014 40216 57024 80004 333 10042=
38799 32997 01406 11034 21042 30060 40305 57025 333 11015=
38806 32997 01801 11026 21042 30027 40300 57036 333 10008=
38812 11940 01301 11029 21056 39843 40318 57019 60002 71000 333 10016==
38836 319// 40000 11040 21042 39321 40303 57006 71000 80002 333 10008=
38880 12997 30602 11004 21028 39950 40214 57011 60002 82031 333 10027=
38886 32997 21605 11010 21036 30022 40260 57019 80001 333 10026=
38895 32996 21103 11034 21051 39984 40289 57028 80001 333 10006=
38911 32997 00000 11010 21053 30012 40320 57024 333 10028=
38915 32997 00000 11001 21032 39990 40329 57013 333 10037=
38927 11957 30702 11022 21045 39934 40329 56008 60002 71000 80001 333 10026==
38933 329// 82301 11018 21063 39831 40371 57016 8805/ 333 11010=
38944 326// 83401 11025 21031 39717 40278 57008 885// 333 11009=
38954 329// 30000 11018 21066 37953 48540 53005 80001 333 10042=
38974 32998 31804 11014 21054 39890 40238 57038 83080 333 10018=
38987 32996 02403 11080 21098 39530 40325 57023 333 11044=
40100 43/82 52102 10177 20029 30221 40238 56008 333 58000=
40180 02960 22802 10175 20086 30171 40220 52002 80001 333 70000==
40199 02/// /0105 10194 21047 30186 40211 52001 333 70000==
40255 46/// /0000 10117 29029 3//// 4//// 5////=
40265 41956 00000 10094 21147 39439 40254 57003 70510=
40270 41940 10000 10114 21059 39325 40243 57003 70500 80002 333 81070=
40272 41950 02705 10124 21088 39390 40235 57015 70500=
40296 46/// /0000 10149 29045 4//// 5////=
40310 46/// /0406 10127 29027 4//// 5////=
40340 41957 23611 10190 21058 40220 52001 70500 80001 333 82068=
40356 42960 00000 10124 21100 39242 48528 333 59041 555 04410 50248=
40357 42960 01405 10103 21200 39597 40259 333 59035=
40360 42960 01106 10115 21130 39622 40234 333 59044=
40361 42960 00903 10134 21220 39449 40257 333 59043=
40362 42960 01205 10108 21210 39727 40265 333 59030=
40373 42960 03604 10111 21140 39830 40259 333 59014=
40375 42960 43004 10156 21070 39315 40205 80002 333 59026 84070=
40394 42960 01806 10154 21040 39082 48544 333 59039 555 04410 50236=
40400 42960 03209 10245 20080 30144 40172 333 59014=
40405 42960 00905 10133 21170 39491 40250 333 59021=
40417 42960 03107 10144 21050 30229 40245 333 59007=
40420 42960 03505 10130 20000 30036 40251 333 59004=
40430 42960 00906 10229 21030 39451 40188 333 59018=
40437 42960 03005 10141 21220 39538 40265 333 59004=
40439 42960 12808 10270 20120 30133 40151 80001 333 59012 81070=
40582 32960 03307 10143 21092 40251 51005 333 55300 00000 10300 20000 30000 40921 51221 60000 55407 40000 90400 91009 91115 91211 91309=
40703 42662 22705 10024 21138 38941 40247 53003 82500 333 10060 21058 70000 82640 555 11022 29029 66666 00034 10032 20020 30040 50092 90132=
40706 42668 60302 11034 21094 38682 40294 57001 81446 333 10022 21076 70000 82358 86267 555 11050 29063 66666 00004 10010 20026 30048 50078 90113=
40712 42660 60000 11040 21122 38708 40290 52003 81502 333 10025 21092 70000 81640 86068 555 11059 29053 66666 01005 11003 20015 30025 50060 90088=
40713 42964 70902 10031 21091 38685 40251 56004 84078 333 10075 21074 70000 84459 87268 555 11010 29040 66666 00013 10024 20049 30072 50103 90139=
40718 42560 61801 10083 20064 30192 40163 54000 83506 222// 0//// 20301 333 10147 20037 70000 83620 86268 555 10074 29088 66666 00078 10084 20080 30092 50124 90152=
40723 42970 63102 11022 21098 38999 40306 54000 84016 333 10040 21106 70000 84462 83266 555 11043 29056 66666 01004 11002 20024 30040 50066 90100=
40726 42660 42804 10052 21143 38688 40259 53003 82501 333 10084 21060 70000 82640 84070 555 11007 29023 66666 00000 10004 20032 30050 50078 90122=
40727 42965 62002 10027 21102 38523 40289 50003 80006 333 10094 21085 70000 86270 555 11015 29038 66666 01008 10000 20018 30038 50065 90112=
40732 42960 72202 10074 20036 30184 40159 55006 80006 333 10134 20028 70000 87268 555 10058 29077 66666 00064 10070 20076 30086 50118 90138=
40736 42960 10000 10068 20032 30194 40168 57010 80008 333 10118 20001 70000 81265 555 10053 29078 66666 00071 10075 20073 30090 50116 90154=
40737 42860 31801 10039 20016 30149 40167 57008 83030 333 10136 21034 70000 83358 555 10030 29085 66666 00090 10092 20099 30101 50118 90148=
40738 42960 50000 10055 20035 30182 40184 55005 80006 333 10122 21048 70000 85269 555 10047 29087 66666 00072 10080 20080 30090 50122 90156=
40739 42965 42502 11026 21081 38755 40340 56006 80006 333 10000 21104 70000 84268 555 11042 29066 66666 01004 11002 20020 30032 50050 90113=
40741 42960 21510 10004 21058 39883 40234 57034 80002 333 10028 21074 70000 82070 555 11016 29063 66666 00020 10036 20059 30080 50111 90150=
40743 42965 31202 11005 21073 39149 40334 56013 80002 333 10028 21087 70000 83070 555 11026 29060 66666 00028 10044 20063 30092 50138 90170=
40745 41940 03502 11064 21088 39085 40323 57012 71000 333 11027 21133 70000 555 11068 29083 66666 01006 10012 20040 30060 50084 90130=
40747 42970 69901 10029 21079 38684 40294 57003 82066 333 10076 21075 70000 82360 86270 555 11008 29045 66666 00039 10051 20048 30064 50089 90134=
40754 41659 72502 10013 21080 38898 40307 55007 70521 81576 333 10032 21030 70000 81640 86269 555 11017 29050=
40762 42965 02802 11058 21084 38605 40354 55007 333 10025 21058 70000 555 11063 29082 66666 00000 10012 20020 30042 50090 90130=
40766 42960 50000 10038 21129 38752 40301 55000 80005 333 10099 21072 70000 85270 555 11013 29028 66666 00058 10052 20054 30064 50106 90143=
40768 42960 50000 11011 21092 38304 40325 55002 80008 333 10051 21119 70000 85268 555 11036 29054 66666 00020 11002 20029 30041 50056 90096=
40769 41956 40000 11015 21052 38343 40318 56006 70522 80001 333 10030 21098 70000 84069 555 11027 29076 66666 00014 10020 20042 30054 50092 90150=
40780 42960 00202 10040 21189 38747 40299 53001 333 10145 21028 70000 555 11020 29017 66666 00060 10060 20070 30070 50100 90140=
40782 42965 20000 10037 21069 38931 40294 53001 80001 333 10115 21046 70000 82070 555 10002 29046 66666 00040 10042 20070 30080 50120 90154=
40785 42960 50000 10009 21045 39180 40335 50001 80002 333 10068 21048 70000 85070 555 11010 29067 66666 00080 10097 20080 30086 50130 90180=
40791 42970 00901 10025 21171 39450 40320 56010 333 10096 21036 70000 555 11025 29022 66666 00090 10100 20114 30124 50150 90200=
40792 42965 30000 11018 21110 38788 40333 57011 80002 333 10044 21085 70000 83070 555 11043 29049 66666 00050 10066 20078 30082 50128 90166=
40798 42960 00000 11018 21067 38018 40357 52004 333 10068 21128 70000 555 11034 29069 66666 00020 10031 20034 30046 50083 90119=
40800 41957 11401 10015 21075 38528 40334 54000 70500 80001 333 10080 21080 70000 81070 555 11016 29051 66666 00004 10074 20084 30086 50122 90164=
40809 42965 00000 11010 21080 38558 40320 55004 333 10069 21076 70000 555 11032 29059 66666 00030 10050 20070 30080 50108 90160=
40811 42960 03103 10156 21006 30208 40235 51009 333 10215 20062 70000 555 10088 29033 66666 00144 10162 20164 30172 50202 90240=
40812 42960 03302 10146 21028 39844 40229 52009 333 10231 20056 70000 555 10076 29030 66666 00170 10174 20184 30188 50194 90230=
40818 42965 00902 10007 21113 38040 40348 53005 333 10089 21119 70000 555 11030 29040 66666 00076 10072 20063 30073 50108 90098=
40821 42960 01302 10064 21096 38858 40302 55007 333 10093 21026 70000 555 10012 29031 66666 00089 10095 20102 30112 50140 90180=
40829 42960 03403 10033 21106 39716 40322 51004 333 10089 21014 70000 555 11009 29035 66666 00060 10092 20114 30114 50158 90206=
40831 41957 03004 10131 21007 30239 40247 50003 70600 333 10190 20024 70000 555 10075 29038 66666 00166 10186 20184 30190 50220 90262=
40833 41930 03403 10138 20013 30206 40239 53002 70600 333 10195 20028 70000 555 10085 29043 66666 00154 10162 20156 30182 50222 90248=
40835 42960 00000 10131 21020 39400 40257 53011 333 10205 20024 70000 555 10069 29035 66666 00146 10154 20152 30146 50174 90202=
40841 42960 00000 10024 21077 38305 40296 55000 333 10088 21032 70000 555 11012 29047 66666 00112 10112 20108 30124 50154 90190=
40845 41957 03408 10183 20098 30229 40234 53005 70600 333 10183 20144 70000 555 10138 29058 66666 00170 10176 20178 30180 50210 90234=
40848 42960 00000 10050 21047 38581 40279 55000 333 10120 21024 70000 555 10014 29049 66666 00100 10104 20106 30106 50125 90158=
40854 42960 00206 10040 21010 39065 40306 51007 333 10090 20030 70000 555 10006 29031 66666 00090 10126 20158 30164 50194 90238=
40856 42960 00103 10019 21145 38716 40302 53011 333 10102 20017 70000 555 11027 29028 66666 00088 10120 20126 30130 50152 90184=
40859 42962 03204 10098 21080 38756 40245 55000 333 10154 20018 70000 555 10034 29028 66666 00120 10152 20144 30148 50160 90191=
40875 41915 00605 10186 21043 30206 40218 53007 70600 333 10229 70000 555 10095 29021 66666 00212 10234 20240 30236 50260 90288=
40879 41956 02503 10134 21083 39558 40254 53010 70500 333 10165 20096 70000 555 10057 29021 66666 00202 10220 20222 30224 50234 90274=
40882 41930 09901 10208 20114 30176 40211 53003 70500 333 10240 20190 70000 555 10156 29055 66666 00220 10240 20238 30242 50246 90280=
40883 41925 00902 10208 20091 30188 40211 53008 70600 333 10230 20189 70000 555 10146 29047 66666 00229 10243 20239 30258 50258 90284=
40893 41950 03205 10235 20054 30189 40195 53005 70500 333 10251 10185 70000 555 10144 29031 66666 00218 10231 20245 30246 50269 90251=
40898 41950 03102 10235 20060 30183 40192 53023 70600 222// 00248 20901 333 10272 20205 70000 555 10146 29032 66666 00236 10282 20274 30272 50280 90300=
41024 41957 02906 10289 20170 30121 40147 70600 333 58009=
41036 41558 20806 10199 21020 38594 48542 70600 82800 333 59001 82830 555 04410 50189=
41055 41940 00807 10173 21030 38399 48549 70630 333 58002 555 04410 50208=
41061 41957 01110 10170 21150 39503 40227 70600 333 59004=
41084 42960 00806 10211 21050 38892 48539 333 59003 555 04410 50178=
41112 42960 02106 10159 20070 37971 48547 333 58002 555 04410 50165=
41114 42960 02208 10175 20040 38009 48551 333 58004 555 04410 50170=
41128 41957 01006 10173 21030 38867 48563 70600 333 59005 555 04410 50229=
41136 41958 00307 10183 21060 39397 40230 70600 333 58006=
41140 42960 02105 10291 20200 30135 40143 333 58003=
41150 42964 03014 10173 20105 40239 333 59005=
41170 41958 43306 10183 20089 30220 40234 70600 82031 333 59003 82362 83072=
41176 44/57 /3108 10168 20079 30228 40234 333 59001=
41184 41958 00804 10210 20082 40211 70600 333 58006=
41194 41958 00306 10237 20106 30199 40205 70600 333 58005=
41196 41958 03505 10220 20104 30169 40210 70600 333 58004=
41216 41958 03107 10214 20127 30209 40213 70600 333 58002=
41217 41958 02907 10215 20127 30179 40208 70600 333 58002=
41244 36/// /3207 10213 20065 39764 40183 333 0E024 55300 25022 5////=
41246 26/// /0506 10235 20146 30202 40204 333 0E025 55300 25022 5//// 70004=
41255 36/// /0803 10224 20098 39652 40161 333 0E016 58002=
41263 36/// /2708 10233 20064 39590 40151 333 0E017 55300 20033 58002=
41265 36/// /3509 10211 20093 39598 40167 333 0E018 55300 20017 58006=
41267 36/// /3116 10240 20168 30182 40195 333 0E023 58011=
41268 36/// /3521 10236 20155 30131 40179 333 0E020 55300 25022 58001=
41275 36/// /3213 10239 20051 30026 40196 333 0E015 55300 20040 58001=
41288 36/// /0616 10255 20179 30165 40187 333 0E022 58001=
41315 36/70 /3520 10191 20054 39359 48390 333 0E012 55300 26025 58002=
41316 32982 03614 10263 20076 30157 40187 333 58007 55012 55407 55408 55507 55508=
41396 41959 00209 10226 20010 39468 40191 70600 333 58012=
41480 4260 10009 10275 20172 30160 40169 81500 333 58006 81618=
41506 12920 00000 10030 21006 38543 48400 60001 333 58002==
41508 12420 50000 10061 21033 38672 48380 60001 82520 333 56880 59015==
41515 12420 50000 10052 21048 38579 48400 60001 83520 333 56880 59009==
41516 12940 50000 10005 21056 38564 48190 60001 85030 333 56080 59036==
41517 11440 10000 11020 21060 37811 48540 60001 70400 81500 333 56800 59051==
41519 12940 30000 10080 21058 38802 48360 60001 83030 333 56080 59051==
41523 12940 20000 10080 21005 39093 48010 60001 80001 333 56008 59027==
41535 12940 00000 10055 21081 38721 48850 60001 333 59024==
41536 12940 00000 10090 21040 39046 48080 60001 333 59033==
41560 12940 22301 10080 21013 38295 48230 60001 82030 333 56080 59021==
41571 11900 00502 10100 20008 39584 40182 60001 70500 333 59030==
41598 11920 00000 10100 20057 39883 40162 60001 70400 333 59039==
41600 11440 60000 10100 20090 30000 40174 60001 70422 83520 333 56880 59023==
41620 11440 43602 10100 21024 38581 48840 60001 70500 84500 333 56800 59007==
41624 11920 00000 10145 20086 30000 40166 60001 70400 333 59016==
41630 11940 00000 10110 20043 30000 40173 60001 70400 333 59024==
41640 11940 00000 10120 20068 39913 40168 60001 70400 333 59029==
41660 11600 03105 10030 21069 38478 48690 60001 70500 333 58012==
41678 11940 00000 10160 20012 30000 40177 60001 70500 333 59016==
41696 12940 00000 10020 21065 38038 48800 60001 333 59003==
41697 12960 00000 10210 21024 30000 40155 60001 333 59027==
41700 11920 00000 10140 20068 30000 40154 60001 70400 333 59025==
41710 12940 03103 10085 21159 30000 40246 60001 333 58051==
41712 41910 30503 10070 21054 39278 48610 70600 83010 333 56080 58051==
41715 11940 00000 10155 20098 30000 40181 60001 70500 333 59003==
41718 11920 00000 10125 20049 30000 40160 60001 70400 333 59023==
41725 11940 00000 10155 20087 30000 40161 60001 70500 333 59027==
41739 11920 03605 10075 21028 39096 48340 60001 70500 333 58034==
41744 11920 03103 10110 21044 38816 48360 60001 70600 333 58004==
41749 12940 03602 10160 20069 30000 40168 60001 333 59010==
41756 11920 03602 10215 20007 30000 40191 60001 70600 333 58017==
41757 11920 03607 10195 21036 30181 40194 60001 70600 333 58012==
41759 11910 03606 10210 20032 30000 40189 60001 70733 333 58005==
41764 11940 00000 10195 20053 30100 40151 60001 70400 333 59021==
41768 12940 00000 10155 20035 30000 40148 60001 333 59025==
41780 11940 00000 10200 20130 30126 40154 60001 70400 333 59019==
41785 12940 00000 10170 20094 30159 40172 60001 333 59003==
41859 01930 00501 10183 20140 30114 40152 70500 333 59014 70000==
41883 01930 00000 10168 20150 30128 40149 70500 333 59010 70000==
41891 01935 01003 10192 20120 30108 40148 70500 333 59010 70000==
41907 01935 00000 10150 20140 30133 40149 70500 333 59011 70000==
41923 01940 00000 10174 20130 30144 40154 70500 333 59008 70000==
41936 01920 00000 10158 20150 30143 40150 70500 333 59010 70000==
41943 01930 00000 10167 20160 30140 40148 70500 333 59009 70000==
41950 01945 00000 10156 20150 30148 40150 70500 333 59010 70000==
41978 01956 00000 10213 20170 30141 40147 70500 333 59009 70000==
41992 01/25 20000 10232 20190 30146 40148 70500 82030 333 59008 70000 82362==
42027 31994 03401 11002 21028 38436 48525 71000 333 59040=
42071 31994 09902 10096 20052 40173 71000 333 59027=
42101 31995 00000 10114 20098 40172 71000 333 59031=
42111 31994 00000 10124 20098 39432 40147 71000 333 59041=
42123 31995 00000 10138 20068 40161 70500 333 59030=
42131 31995 00000 10094 20055 40175 71000 333 59024=
42165 31995 00000 10162 20031 40148 70500 333 59028=
42182 31993 00000 10112 20084 40160 71100 333 59031=
42189 31994 00000 10132 20070 40159 71000 333 59027=
42260 31995 00000 10103 20103 40168 71000 333 59025=
42309 31995 00201 10124 20120 40169 71000 333 59011=
42314 31995 00000 10148 20126 40168 71000 333 59010=
42328 32996 00000 10146 20006 40140 333 59016=
42339 31995 00000 10134 20075 40152 70500 333 59023=
42348 31995 00000 10142 20048 39712 40168 70500 333 59027=
42361 31993 00000 10114 20088 40167 71000 333 59026=
42369 31995 00000 10150 20113 40158 71000 333 59024=
42379 31994 00000 10146 20124 40146 71000 333 58024=
42410 31595 20000 10166 20152 40163 71000 82500 333 59009 82620=
42415 31995 00000 10166 20134 40170 71000 333 59014=
42452 31996 00000 10126 20058 40158 70500 333 59036=
42492 31994 00000 10164 20139 40154 71000 333 59021=
42559 32996 00202 10150 20053 40155 333 59027=
42571 31996 00000 10140 20084 40161 70500 333 59017=
42623 31995 00000 10114 20099 39291 40188 71000 333 59006=
42634 32996 00000 10202 20007 40147 333 59019=
42647 31996 00000 10186 20109 40138 70400 333 59026=
42667 31995 00203 10128 20098 39560 40168 70500 333 59024=
42675 31995 00000 10126 20090 40156 71000 333 59029=
42701 31995 00000 10136 20091 39413 40162 70500 333 59012=
42724 31995 00000 10154 20151 40148 71000 333 59009=
42737 32996 00202 10200 20113 40144 333 59016=
42754 31996 00706 10202 20103 39504 40143 70500 333 58024=
42779 32996 00000 10146 20054 39446 40162 333 59022=
42798 31994 00000 10164 20128 40154 71000 333 59016=
42809 32995 00000 10178 20146 40153 70500 333 59011=
42840 32996 03602 10220 20157 40129 333 59018=
42867 31995 00000 10150 20100 40157 70500 333 59022=
42874 31996 00000 10180 20097 40156 70500 333 59019=
42886 31995 00000 10154 20101 40163 70500 333 59016=
42895 31995 20000 10186 20141 40158 70500 82030 333 59011 82360=
42909 32996 00000 10240 20138 40130 333 59018=
42971 31996 30000 10164 20128 40164 70500 82031 333 59008 82360=
43003 31995 00000 10230 20150 40118 70400 333 59019=
43014 31995 00000 10172 20108 39482 40140 70544 333 59022=
43041 31996 00000 10174 20106 39529 40157 70500 333 59011=
43063 32996 00000 10162 20084 39503 40141 333 59019=
43086 32996 00000 10164 20146 39961 40144 333 59014=
43110 31996 03602 10234 20150 40124 70544 333 59014=
43117 32996 00000 10210 20087 40133 333 59018=
43128 31996 20000 10208 20107 39533 40147 70511 80001 333 59014 82070=
43150 31996 00502 10226 20167 30088 40150 70500 333 59010=
43185 31596 30501 10230 20199 30129 40133 70500 82530 333 59011 82620 83360=
43189 32596 10000 10218 20172 30140 40149 81500 333 59006=
43192 32996 29902 10257 20195 40112 80002 333 59015=
43201 32496 40000 10190 20097 39385 40120 84500 333 59009 84615=
43213 31595 20000 10228 20139 39801 40121 70500 81530 333 59011=
43237 31596 29901 10218 20186 39709 40105 70500 81530 333 59011 81620=
43245 32596 43603 10246 20234 30112 40139 82531 333 59008=
43279 31596 63604 10254 20202 30114 40132 70522 82530 333 59010 82620 83360=
43284 32996 10000 10266 20202 39989 40104 80001 333 59009 81075=
43295 32496 30503 10212 20132 39114 48521 82501 333 59010 82612=
43314 32596 30000 10280 20214 40109 82801 333 59009=
43321 31495 59902 10230 20189 39677 40128 71022 81531 333 81612 83070=
43329 32596 40000 10256 20236 30104 40117 82531 333 59016=
43333 21495 70504 10274 20236 40119 70562 85430 333 56190 58001 6001/ 82618 84820 86360=
43344 31495 60206 10254 20215 30019 40119 71022 82531 333 59018 82616 85360=
43369 32596 50000 10272 20252 40107 83530 333 59004 83620 83358=
43371 32496 50000 10276 20241 30034 40106 81531 333 59007 81618 85358=
43410 22470 80308 10267 20244 30104 40107 5/019 88000 333 60008==
43413 22470 80105 10263 20246 30109 40114 5/020 88270 333 553// 20006 59008 60008 91009==
43415 22470 80000 10244 20236 30005 40113 52016 84000 333 59009 60008 555 60058==
43418 21470 83204 10260 20241 30063 40104 52014 70282 88170 333 59013 69928 555 60488==
43421 22470 83601 10242 30006 40112 52019 88000 333 553// 20000 59009 60008 91003==
43424 22470 83603 10257 20233 30106 40108 52019 88110 333 59004 60008 555 69928==
43436 21470 83201 10256 20249 30099 40102 52023 78088 88/// 333 59008 60038 81920 555 60068==
43441 21470 80201 10250 20235 39972 40105 52016 70362 88120 333 58002 60008 555 60078==
43444 21467 80000 10225 20219 39575 40109 52019 76086 88000 333 59003 60038 555 60058==
43450 21458 60501 10260 20241 30104 40116 52020 70582 86110 333 58004 69908 555 69908==
43466 21462 80401 10255 20233 30105 40113 5/024 76086 87170 333 553// 20000 58004 60008 91002 555 60018==
43467 21456 80202 10259 20243 30105 40111 52024 78082 88200 333 58004 60028 555 60028==
43473 21015 81601 10159 20159 38130 48495 52017 75065 88000 333 553// 20004 59001 60008 91002 555 60178==
43479 21/65 83602 10208 20207 39266 52023 78088 333 59003 60128 88/08 555 60298==
43486 21430 80201 10243 20243 30013 40114 51024 76186 88000 333 553// 20000 58007 60008 91001==
43495 22468 70202 10260 20243 30091 40104 5/230 86000 333 58010 60008 555 69968==
43497 21/68 70202 10258 30090 40107 5/024 70282 86/7/ 333 553// 20006 58003 60008 83/18 91003==
44212 41/// 83401 11188 21221 39288 40538 52010 77172 8802/==
44213 42/// 50000 11251 21284 38918 40465 57002 85010==
44214 41/// 82905 11089 21131 38346 40414 52008 77072 8802/==
44215 42/// 82302 11183 21220 38497 40513 52008 8802/==
44217 415// 80000 11118 21150 37903 40460 52010 77172 8802/ 333 91204=
44218 42/// 71502 11184 21224 38709 40514 51011 87010==
44219 32999 30000 11255 21285 38716 40558 52008 80008 333 91202=
44265 42/// 70602 11153 21185 38988 40518 51013 87010==
44266 329// 70101 11101 21197 37801 40400 52003 85078 333 91204=
44454 42457 21103 10115 20056 38690 48524 82100 333 59013=
48064 333 59016==
48094 42950 00000 10137 20235 30127 333 59002==
51076 14/45 /0702 11109 21131 39540 40498 52008 69971 710// 333 11109 21143 3/104 4/009 58173 70014 90761 91105==
51087 14/19 /0901 11145 21170 39394 40518 52007 69921 710// 333 11127 21169 3/107 4/007 58177 70002 90761 91107==
51156 14/69 /0004 11133 21165 38850 40488 52009 60001 333 11001 21133 3/110 4/001 58165 90761 91121==
51243 14/50 /0501 11149 21179 39917 40528 52008 60001 705// 333 11123 21175 3/111 4/001 58185 70000 90761 91104==
51463 14/13 /3303 11103 21118 39226 40512 52002 60041 722// 333 11044 21176 3/101 4/032 58193 70076 90761 91112==
51573 14/50 /2702 11052 21126 30343 40397 52021 60001 705// 333 11027 21114 3/109 58041 70000 90761 91104==
51644 14/43 /0400 11107 21129 39064 40418 52017 60001 705// 333 11066 21163 3/104 4/006 58050 70000 90761 91104==
51656 14/33 /0401 11130 21148 39276 40424 52014 60001 710// 333 11043 21130 3/111 4/003 58047 90761 91104==
51709 14/56 /1402 11053 21105 38704 40376 52032 60001 705// 333 11028 21115 3/108 58033 70000 90761 91106==
51716 14/56 /0502 11052 21110 39001 40372 52021 60001 705// 333 11001 21078 3/109 58032 70000 90761 91105==
51765 14/58 /3401 11131 21149 39336 40429 52010 60001 333 11060 21169 3/116 58043 90761 91104==
51811 14/62 /0602 11038 21122 38864 40363 52030 60001 333 10020 21099 3/112 58020 70000 90761 91106==
51886 14/68 /1900 11126 21266 37127 40389 52002 60001 333 11057 21187 3/118 59033 70000 90761 91103==
52203 14/57 /0701 11096 21148 39453 40407 52007 60001 333 11051 21165 3/115 58040 70000 90761 91105==
52602 14/65 /0000 11159 21319 37288 40427 52002 60001 333 11024 21198 3/119 59034 70000 90761 91103==
52818 14/70 /1700 11067 21230 37256 40327 52002 60001 333 11008 21141 3/109 59029 70000 90761 91104==
55228 14/80 /2605 11011 21313 36053 40220 52003 60001 333 10049 21116 3/106 59032 70000 90761 91118==
55299 14/60 /1401 11072 21258 35893 40308 52009 60001 333 10073 21176 3/116 59022 70000 90761 91118==
55578 14/33 /1301 11048 21173 36418 40273 52013 60001 705// 333 10105 21138 3/109 59032 70000 90761 91103==
55591 14/71 /0801 10008 21191 36553 40199 52009 60001 333 10117 21057 3/108 59041 70000 90761 91104==
55664 14/70 /0702 10009 21253 36065 40239 52014 60001 333 10116 21139 3/108 59022 70000 90761 91112==
55773 14/80 /2800 11059 21176 36066 40273 52009 60001 333 10114 21133 3/113 59017 70000 90761 91111==
56004 14/80 /2803 11086 21270 35848 40271 52008 60001 333 10050 21201 3/116 59021 70000 90761 91126==
56312 14/76 /1801 11001 21085 37133 40259 52025 60001 333 10122 21051 3/103 59020 70000 90761 91105==
62306 42960 03108 10194 20136 40243 54000==
62309 42960 03005 10188 20104 40228 57012==
62332 42560 43308 10188 20116 40231 57001 82104==
62337 42960 00000 10176 20114 40226 57004==
62366 45960 40107 10192 20099 40220 57003 80004==
62387 42960 23407 10188 20083 40210 57006 80001==
62393 42960 03508 10191 20026 40227 57001==
62405 42960 03603 10229 20076 40183 57003==
62414 42960 03407 10253 20085 40165 57005==
62419 42960 00307 10241 20118 40151 57005==
62420 42960 60102 10203 20039 40216 57002 80008==
62435 42960 53605 10229 20017 40183 57004 80008==
62440 42960 03510 10196 20068 40224 57002==
62455 42960 03506 10210 20059 40223 52004==
62458 42960 03209 10202 20081 40204 57007==
62459 42960 43116 10210 20105 40191 57003 80004==
62465 42960 03508 10217 20134 40171 54000==
41256 31957 00402 10224 20125 30190 40207 70600 91445 333 58017 55000 55407 55408 55507 55508=
