SMPK OPKC 171800=
41504 02995 02702 11020 21128 37872 48551 60003 333 58011 60007 RH44%=
41506 02695 30000 10025 21026 38572 48548 60003 83020 333 56090 58018 60007 83460 69%=
41507 02996 00000 10050 20014 39270 49807 60003 333 59001 60007 78%=
41508 02695 60000 1019 21036 38686 48549 60003 83520 333 56990 58010 60007 83635 83460 RH 48%=
41509 02996 42302 10050 21014 38789 48523 60003 80030 333 56090 58007 60007 84360 RH63%=
41510 02996 00000 11015 21040 37945 48575 60003 333 58013 60007 81%=
41515 02695 50000 10040 21044 38587 48547 60003 82520 333 56990 58000 60007 82650 83460 58%=
41516 02996 00000 11025 21076 38596 48548 60003 333 58025 60007 RH68%=
41517 01696 00000 11050 21080 37840 48590 60003 70400 333 58029 60007 77%=
41518 02996 00000 10022 21036 38/// 48/// 60003 333 5//// 60007 66%=
41519 02996 00000 10055 21040 38785 48518 60003 333 59020 60007 RH50%=
41520 02995 00000 11025 21123 37664 48329 60003 333 58028 60007 41%=
41523 02996 30000 10040 21027 39120 48516 60003 80001 333 56009 58022 60007 83070 62%=
41524 02996 00000 10075 20003 39396 40290 60003 333 58020 60007 60%=
41525 12997 02304 10010 21044 37689 48423 60003 333 59004 67%=
41528 01996 00000 10055 20032 39259 48534 60003 70400 333 59005 60007 85%=
41529 01995 40000 10070 20047 39811 40209 60003 70400 82021 333 56099 58016 60007 82460 82070 85%=
41530 019// 31804 10090 20003 39772 40199 60001 70500 80001 333 56009 59009 60007 83075 54%=
41534 01994 00000 10070 20047 39771 40203 60003 71000 333 58025 60007 85%=
41535 02996 00000 10030 21058 38736 48499 60003 333 58014 60007 RH52%=
41536 02996 00000 10040 21044 39070 48520 60003 333 58020 60007 54%=
41560 02996 00000 10040 20005 38309 48540 60003 333 58009 60007 RH78%=
41562 02996 00000 10090 20003 39710 40188 60003 333 58014 60007 RH54%=
41565 02996 03102 10061 21051 38665 48529 60003 333 59002 60007 45%=
41567 01996 00000 10080 20033 39741 40174 60003 70400 333 58017 60007 72%=
41571 119// 23104 10085 20002 39606 40209 60003 70500 80001 333 56009 58016 RH56%=
41572 01996 02306 10085 21013 39545 40189 60003 70400 333 58017 60007 RH 50%=
41573 02997 03602 10045 21047 37993 48526 60003 333 58013 60007 51%=
41574 02997 00000 10020 21004 38377 48560 60003 333 58003 60007 84%=
41576 01996 00000 10080 20033 40208 60003 70400 333 58013 60007 72%=
41577 01996 00000 10045 20022 39569 40212 60003 70400 333 56000 58014 60007 RH 85%=
41593 01996 00000 10090 20069 39960 40185 60003 70400 333 58013 60007 86%=
41597 01996 00000 10095 20051 40202 60003 70400 333 58011 60007 74%=
41598 01995 00000 10075 20040 39887 40169 60003 70400 333 59001 60007 79%=
41599 01995 00000 10105 20062 39888 40188 60003 70400 333 58011 60007 75%=
41600 01995 30000 10080 20069 39875 40182 60003 71011 83020 333 56090 59007 60007 83460 93%=
41620 32996 02702 10070 21036 38608 48509 60003 70400 333 58012 60007 47%=
41624 01995 00000 10115 20062 39981 40188 60003 70400 333 58012 60007 70%=
41625 01996 00000 10085 20052 39962 40171 60003 70400 333 58009 60007 79%=
41630 01996 00000 10090 20045 40187 60003 70400 333 58007 60007 73%=
41633 01996 00000 10805 20063 4//// 60003 70400 333 5//// 60007 86%=
41634 02996 00000 10070 20024 3//// 4//// 60003 333 5//// 60007 73%=
41635 01996 00000 10080 20058 3//// 4//// 60003 70400 333 5//// 60007 86%=
41636 01996 00000 10095 20063 30001 40193 60003 70400 333 58004 60007 80%=
41638 01996 00000 10110 20068 4//// 60003 70400 333 5//// 60007 75%=
41639 01996 00000 10100 20068 3//// 4//// 60003 70400 333 5//// 60007 81%=
41640 01995 00000 10095 20063 39924 40182 60003 71000 333 58006 60007 80%=
41641 01996 03003 10110 20068 39900 40183 60003 70400 333 58006 60007 75%=
41642 01995 00000 10095 20063 3//// 4//// 60003 71000 333 5//// 60007 80%=
41643 01995 00000 10100 20079 39891 40177 60003 71000 333 59001 60007 87%=
41644 01996 00000 10100 20079 4//// 60003 70400 333 5//// 60007 RH 87%=
41646 01995 00000 10100 20079 39982 40205 60003 71000 333 58011 60007 87%=
41652 01996 03102 10090 20032 30007 40193 60003 70400 333 58010 60007 67%=
41660 229// 01304 10010 20101 38449 48541 60003 333 59036 60007 RH43%=
41661 01995 01302 10060 21079 38398 48528 60003 70540 333 59030 60007 36%=
41669 01996 00000 10095 20074 3//// 4//// 60003 70400 333 5//// 60007 87%=
41670 01996 00000 10100 20057 4//// 60003 70400 333 5//// 60007 74%=
41674 01995 00000 10100 20068 3//// 4//// 60003 71000 333 5//// 60007 80%=
41675 01995 00000 10110 20068 30031 40179 60003 70400 333 58010 60007 75%=
41676 01995 00000 10110 20068 30035 40197 60003 70400 333 58006 60007 75%=
41677 01996 00000 10090 20069 30001 40174 60003 70400 333 58005 60007 86%=
41678 21996 00000 10110 20056 40196 60003 70400 333 58008 60007 69%=
41679 01994 00000 10095 20085 4//// 60003 71000 333 5//// 60007 93%=
41680 01995 00000 10095 20063 39978 40186 60003 71000 333 58005 60007 80%=
41685 02997 02302 10080 21080 38951 48521 60003 333 58009 60007 RH31%=
41696 02996 00000 11020 21083 38043 48582 60003 333 58001 60007 RH 62%=
41697 02996 00000 10130 20043 30031 40192 60003 333 58021 60007 RH55%=
41700 01995 00000 10110 20079 40176 60003 71000 333 58008 60007 81%=
41701 01994 00000 10110 20079 30046 40194 60003 71000 333 59010 60007 81%=
41710 12996 00502 10060 21095 39408 40214 60003 333 59041 R.H32%=
41712 12996 00502 10035 21051 39236 48518 60003 333 59043 RH53%=
41715 01995 00000 10110 20068 30116 40185 60003 70500 333 59003 60007 RH75%=
41716 01995 00000 10115 20074 30081 40189 60003 70400 333 58008 60007 76%=
41718 01995 00000 10100 20057 30077 40185 60003 70400 333 58017 60007 74%=
41724 01995 00000 10120 20079 30123 40205 60003 70500 333 58016 60007 RH76%=
41725 01996 00000 10145 20097 40181 60003 70500 333 58012 RH73%=
41726 01995 03604 10130 20080 30110 40184 60003 70500 333 58000 60007 RH71%=
41738 02996 00505 10140 21177 30035 40223 60003 333 59028 60007 RH10%=
41739 01996 03604 10050 21030 39109 48540 60003 70500 333 59002 60007 RH56%=
41742 12996 20000 10135 20035 40175 60003 82030 333 56090 58001 82360 RH 51%=
41743 01996 00000 10130 20080 60003 70500 333 60007 RH 71%=
41744 02996 03106 10080 21021 38828 48544 60003 333 58002 60007 RH49%=
41745 01996 00000 10140 20056 60003 70400 333 60007 RH 57%=
41746 02996 03602 10140 20080 30129 40184 60003 333 58011 60007 RH67%=
41747 01996 00000 10100 20031 40177 60003 70400 333 58013 60007 RH62%=
41748 01995 00504 10130 20068 40192 60003 70500 333 58009 60007 RH66%=
41749 01995 00000 10140 20102 30154 40188 60003 70400 333 59002 60007 RH78%=
41756 01996 03602 10175 20036 30113 40180 60003 70500 333 59025 60007 RH40%=
41757 12996 00000 10150 21024 30175 40188 60003 333 59025 RH30%=
41764 01996 03612 10180 20058 30112 40163 60002 70400 333 58005 60007 RH45%=
41765 02996 03610 10170 20082 30135 40171 60003 333 58008 60007 RH56%=
41766 01995 00000 10135 20085 30153 40184 60003 70400 333 58006 60007 RH72%=
41767 02996 03606 10140 20080 3//// 4//// 60003 333 60007 RH67%=
41768 02996 00000 10120 20029 30153 40160 60003 333 58002 60007 RH54%=
41780 01996 00206 10195 20005 30140 40168 60003 70500 333 59001 60007 RH28%=
41783 02996 00502 10165 20088 30126 40156 60003 333 58002 60007 RH 60%=
41785 02996 03602 10160 20081 30162 40175 60003 333 59014 60007 RH 60%=
41786 02996 00000 10095 20024 30114 40152 60003 333 59005 60007 RH 61%=
41BKI 01996 00000 10090 20032 39768 40201 60003 70400 333 58018 60007 Rh67%=
41SKP 01995 00000 10085 20074 3//// 4//// 60003 71000 333 5//// 60007 93%=
43532 01696 60000 10060 20013 39369 40204 60003 70400 83520 333 56990 58008 60007 83640 83460 72%=
43533 01997 00000 10040 20003 39243 48485 60003 333 58011 60007 77%=
43563 02997 00000 10078 21005 39481 40195 60003 333 58011 60007 55%=

Data Generated from File : D:/all data handling/Rmc_lhr/2024121718.FSU.txt
17/12/2024   19:06:48
____________________________________________________________________________________________
15020 04570 43103 10087 20004 30001 40200 52016 60002 84500 333 10137 20049 31016 55300 20000 60007 91004 90760 91109==
15090 04570 32703 10090 20017 30106 40199 51016 60002 83500 333 10139 20066 31012 55300 10120 20000 30000 60007 91006 90760 91106==
15108 01/00 92912 11043 21043 38070 48487 53023 60002 74543 89/// 333 11033 21043 49067 55300 20000 60007 91015 90760 91117==
15150 04970 02801 10033 21001 39998 40218 51024 60002 333 10154 20029 30017 55300 20000 60007 91002 90760 91102==
15170 04570 52602 10041 20002 39446 42833 53017 60002 85300 333 10070 20035 31005 55300 20000 60007 91003 90760 91107==
15280 01/00 9//// 11061 21068 37491 47033 58014 60002 74143 89/// 333 11029 21061 49039 55300 20000 60007==
15310 04/70 62002 10087 20035 30119 40206 53017 60002 84078 333 10112 20027 31014 55300 10140 20000 30000 60007 91004 90760 91107==
15335 05570 53202 10097 20039 30196 40203 52014 60002 82570 333 10153 20061 31020 55300 20000 60007 91003 90760 91104==
15350 04570 63208 10126 20029 30100 40220 53015 60002 86500 333 10139 20035 31014 55300 20000 60007 91012 90760 91112==
15360 04/70 52807 10093 20039 30177 40194 51015 60002 85070 333 10130 20047 60007 91009 90760 91109==
15420 04570 72502 10112 20050 30100 40211 51007 60002 83570 333 10156 20041 31016 55300 20000 60007 91003 90760 91105==
15460 04/70 32503 10105 20058 30187 40212 50006 60002 82071 333 10057 20057 31014 55300 20000 60007 91005 90760 91105==
15470 04/70 32606 10095 20048 30099 40226 50004 60002 83040 333 10151 20044 31016 55300 20000 60007 91008 90760 91108==
15480 04970 02804 10110 20063 30184 40202 52002 60002 333 10130 20051 31014 55300 10210 20000 30000 60007 91007 90760 91109==
15549 12570 62705 10115 20029 39803 40216 52004 60002 86500 333 10151 20066 555 556//=
15552 12970 32903 10138 20050 30152 40200 58001 60002 83030 222// 00100 10201 333 10173 20091 555 555// 92026 92428=
15640 12972 42709 10163 20105 39919 40224 53005 60002 82031 333 10190 20022 555 569//=
15655 12568 32705 10120 20047 30188 40221 53005 60002 81501 222// 00108 10201 333 10162 20044 555 561// 92025 92427=
15730 12970 20000 10077 20035 39848 40248 54000 60002 80001 333 10161 21015 555 575//=
16627 12960 00000 10084 20043 30251 40258 51002 60002 333 10136 90730 91108==
16650 12960 00000 10092 20071 30249 40258 54000 60002 333 10152 90730 91104==
16667 12960 02504 10076 20023 30267 40279 53001 60002 333 10138 90730 91107==
16706 12960 00104 10070 20047 30256 40263 56004 60002 333 10140==
16723 12960 00002 10098 20050 30258 40271 54000 60002 333 10144 90730 91105==
16742 12960 00204 10122 20058 30106 40263 50001 60002 333 10172 90730 91113==
16749 12960 00001 10132 20075 30243 40258 51003 60002 333 10166 90730 91104==
16754 12560 30000 10134 20087 30230 40279 54000 60002 83400 333 10150 90730 91111==
16760 12560 20204 10104 20061 40283 50002 60002 82100 333 10126 90730 91112==
16765 12960 03006 10122 20067 40265 51003 60002 333 10171 90730 91112==
17022 12970 01907 10121 20019 30074 40241 58003 60002 333 10127 90760 91115==
17024 12670 12113 10147 20111 30127 40204 58005 60002 81100 333 10167 81835 90760 91124==
17026 12970 01504 10091 20060 30182 40221 57007 60002 333 10141 90760 91112==
17031 12970 01802 10042 20009 30217 40224 57006 60002 333 10163 90760 91108==
17034 12970 01901 10097 20015 30187 40234 57011 60002 333 10130 90760 91105==
17038 12/70 51905 10093 20013 30181 40229 57013 60002 85030 333 10121 85360 90760 91114==
17042 11670 51210 10091 20016 30198 40238 57018 69972 70262 83250 333 10116 83835 85360 90760 91118==
17050 11940 00000 10091 20039 30189 40253 51008 60002 71000 333 10141 90760 91106==
17056 12970 02307 10120 20084 30247 40251 50000 60002 333 10144 90760 91117==
17060 12960 02108 10108 20067 30220 40261 50002 60002 333 10118 90760 91119==
17070 12965 02701 10038 20003 39378 40276 50004 60002 333 10092 90760 91111==
17074 12970 02402 10027 20021 39297 40253 50004 60002 333 10100 90760 91113==
17084 12970 01102 10016 20010 39348 40286 58003 60002 333 10062 90760 91107==
17085 12970 03001 10044 20012 39767 40272 50001 60002 333 10110 90760 91107==
17092 11956 00000 11051 21057 38939 48551 52007 69922 71000 333 10034 90760 91105==
17096 12660 32403 11128 21128 38276 48552 50003 60002 83500 333 11012 83640 90760 91115==
17098 12960 02311 11062 21090 38213 48529 50002 60002 333 10005 90760 91121==
17100 11/24 20000 11013 21054 39239 40281 52007 60002 71000 82030 333 10062 82360 90760 91103==
17112 12970 01807 10120 20097 30256 40258 55000 60002 333 10138 90760 91113==
17115 12960 02001 10046 20028 30218 40271 50002 60002 333 10119 90760 91110==
17116 12965 00901 10052 20023 30151 40277 50003 60002 333 10119 90760 91103==
17124 12960 00901 11003 21015 39353 40316 50002 69902 333 10058 90760 91108==
17128 12960 02603 10003 21025 39160 40301 50000 60002 333 10049 90760 91112==
17135 12970 02203 10033 20028 39381 40286 50002 60002 333 10083 90760 91109==
17140 12965 02502 10004 21023 38768 48546 50000 60002 333 10042 90760 91112==
17150 11956 00000 10024 20022 30149 40279 51005 69922 71000 333 10098 90760 91104==
17160 12970 01001 10012 21034 39099 48552 58002 60002 333 10059 90760 91110==
17170 12560 31404 11031 21047 38374 48546 50004 60002 83500 333 10050 83625 90760 91105==
17175 12965 01601 10078 20010 30260 40264 58001 60002 333 10137 90760 91103==
17184 12960 00301 10046 20029 30164 40280 50002 60002 333 10100 90760 91103==
17190 11958 00000 10010 21010 39071 48552 50001 60002 71000 333 10075 90760 91103==
17195 11960 00504 11006 21024 39051 48555 50000 60002 71011 333 10059 90760 91107==
17200 12960 02406 11021 21040 39276 40311 50003 60002 333 10081 90760 91114==
17202 12970 02005 11026 21026 39219 40312 50004 60002 333 10070 90760 91109==
17203 12970 00000 11016 21062 38949 48586 50006 60002 333 10048 90760 91106==
17210 12570 60000 10012 21001 39214 40287 51004 60002 83520 333 10034 83633 86459 90760 91105==
17219 11959 01901 10053 20029 30131 40281 50006 60002 71000 333 10131 90760 91113==
17234 12970 00000 10086 20053 30204 40274 50005 60002 333 10155 90760 91105==
17237 12970 02302 10064 20003 39772 40291 52005 60002 333 10129 90760 91103==
17240 12970 00000 10035 21003 39115 40296 50007 60002 333 10100 90760 91108==
17244 12970 00000 10018 21010 39077 48558 58001 60002 333 10071 90760 91111==
17248 12970 01101 10011 21007 39058 48552 58005 60002 333 10065 90760 91104==
17250 12970 01101 10001 21012 38878 48559 58005 60002 333 10067 90760 91108==
17260 12960 03003 10014 20002 39404 40251 58001 60002 333 10107 90760 91109==
17270 12970 02702 10058 21007 39612 40279 50004 60002 333 10118 90760 91106==
17275 12970 00112 10030 21041 39048 48551 52009 60002 333 10047 90760 91121==
17280 12960 01002 10022 21041 39465 40283 52009 60002 333 10083 90760 91103==
17290 12970 02801 10127 20054 30237 40269 51006 60002 333 10182 90760 91107==
17292 12970 00000 10056 20017 39504 40282 51010 60002 333 10135 90760 91106==
17300 12960 03608 10096 20054 30192 40265 52008 60002 333 10172 90760 91110==
17310 12970 00601 10139 20070 30239 40246 51006 60002 333 10195 90760 91106==
17330 12970 02601 10119 20026 30243 40261 52007 60002 333 10180 90760 91109==
17350 12960 00505 10063 20025 30170 40251 50003 60002 333 10176==
17370 12970 00000 10121 20011 30254 40258 52003 60002 333 10167 90760 91108==
17375 12970 00101 10102 20070 30249 40251 51006 60002 333 10174 90760 91109==
33088 11997 02705 10046 20021 39952 40144 52025 60032 70181 333 10082 555 1/001=
33135 119// 22806 10017 21002 39924 40073 52025 60022 70281 82030 333 10061 555 1/100=
33177 11597 62803 10063 20041 39945 40183 52024 69992 70282 86500 333 10085 555 1/004=
33317 119// 23007 10051 20033 39821 40159 57027 60042 70281 82030 333 10071 555 1/003=
33393 11360 82906 10070 20056 39812 40203 52017 60022 78082 889// 333 10078 86708=
33415 11497 82906 10068 20050 39786 40183 52023 60022 76162 8872/ 333 10080 86715 91120 555 1/005=
33429 11497 53010 10046 20034 39748 40172 52025 60032 72582 82550 333 10078 91118 555 1/003=
33466 11566 63204 10040 20006 39921 40109 52028 60042 72582 86300 333 10079 85927 555 11002=
33506 11497 62806 10036 20026 39849 40045 52018 60022 70262 86500 333 10040 555 1/001=
33562 11960 53207 10066 20043 39851 40155 52025 60022 70282 85030 333 10091 91119 555 1/004=
33587 119// 02708 10059 20035 39867 40129 52022 60032 70281 333 10089 555 1/003=
33658 11684 72908 10101 20010 39898 40195 52012 69902 70262 87500 333 10119 87644 555 1/006=
33663 32597 73103 10100 20036 30068 40163 52010 87500 333 10108 555 1/007=
33664 32597 82807 10084 20030 39861 40175 52007 885// 333 10098 91114 555 80015=
33678 32898 62809 10073 20029 39972 40179 52011 86030 333 10084 91115 555 80014=
33679 32497 32704 10081 20038 39971 40161 53009 83500 333 10098=
33711 11560 72806 10047 20037 39887 40096 52015 60032 70282 83330 333 10087 83930 91119 555 1/003=
33745 32597 82509 10090 20044 30001 40194 52008 8593/ 333 10115 91115 555 80018=
33748 32997 23004 10073 20014 39896 40181 52006 82030 333 10124 555 80011=
33754 32997 72505 10088 20029 30013 40159 52011 87030 333 10112 91113=
33761 32598 22905 10077 20037 39917 40138 52010 81550 333 10094 555 1/004=
33791 11562 82908 10063 20044 39975 40102 52015 60012 76162 8772/ 333 10084 87724 91118 555 1/005=
33815 32598 22907 10098 21004 39965 40171 52005 82500 333 10130=
33837 12984 22806 10089 20018 30109 40161 52006 69902 82030 333 10137 555 1/004=
33881 32598 32203 10061 20006 30001 40199 52017 83500 333 10134 555 80013=
33883 32997 02804 10084 20012 30028 40189 52018 333 10125 555 80016=
33885 32997 02603 10090 20028 30069 40210 52016 333 10110 91113 555 80011=
33892 32997 52602 10072 20013 39969 40180 52016 85050 333 10122 555 80021=
33902 12597 82606 10090 20040 30074 40133 53007 69932 8655/ 333 10102 555 1/005=
33924 12560 62705 10112 20066 30155 40168 53009 69902 82529 333 10115 91011 90760 91110==
33946 12673 82605 10083 20080 39953 40173 53007 69902 885// 333 10105 88644 90760 91112==
33983 12560 72611 10096 20057 30068 40128 57005 60012 86530 333 10113 91016 90760 91118==
34300 11597 62803 10030 20012 39841 40018 53009 69932 70282 86500 333 10033 555 1/000=
34336 41440 82604 10017 20004 39877 49980 56020 75152 886// 333 91010 90760 91110==
34344 42570 72405 10021 20018 39886 49973 57028 87500 333 91010 90760 91110==
34356 42570 72304 10007 21011 39840 49987 58017 87500==
34357 42570 81907 10013 21013 39824 49978 58018 885// 333 91012 90760 91112==
34398 12/// 52505 10004 21013 39976 49989 52006 60022 85031 333 10011==
34415 11497 82905 10042 20027 39924 40020 53010 69962 76186 8772/ 333 10051 555 1/003=
34438 41560 82604 10019 20016 39808 49998 57022 78082 883//==
34445 42570 82106 10018 20008 39875 49988 58026 8557/==
34461 42/60 62203 10012 21018 39941 49996 58018 86050==
34473 125// 32306 10006 21014 39959 49998 58001 69940 82530 333 10028=
34476 42/70 42206 10002 21018 30000 40007 58001 84030 333 90760 91111==
34504 11482 62906 10041 20024 39894 40068 52007 60022 72582 86300 333 10061=
34535 41570 72405 10048 20031 39937 40007 57022 70282 84930 333 91011 90760 91111==
34545 41570 82204 10024 20020 39895 40005 58029 78082 883//==
34555 42470 82305 10020 20004 39928 40019 57023 886// 333 90760 91112==
34560 42660 62308 10010 21002 39817 40007 57019 84530 333 90760 91115==
34578 41/40 52103 10001 20001 30027 40034 58009 71022 85080==
34579 41910 02003 10001 20001 39987 40030 58004 71000==
34644 41540 82502 10046 20041 39945 40021 57026 71022 8657/==
34646 41470 82304 10035 20030 39938 40018 57030 72582 885// 333 90760 91111==
34655 41460 81905 10028 20017 39970 40030 58025 76062 8872/==
34662 42/70 62102 10018 21002 30017 40028 57015 80030 333 90760 91111==
34691 12/70 3//02 10011 21031 30196 40183 52002 60022 83030 333 10030==
34720 42/// /2505 10038 20032 30012 40051 58006 333 91011 90760 91112==
34727 41560 82511 10061 20043 30046 40076 58007 78088 883// 333 91016 90760 91117==
34743 41440 82303 10037 20027 39947 40035 57028 71062 885//==
34759 41440 82003 10032 20032 39924 40054 57023 78082 889//==
34772 42560 61702 10005 21012 30050 40053 58011 8650/==
34785 42/60 62202 10006 21009 30083 40061 58005 86030==
34798 12/60 52204 10015 21010 30110 40081 54000 60022 85030 333 10048==
34824 41540 82605 10070 20057 30097 40102 57011 71082 884// 333 91011 90760 91111==
34838 41560 82406 10076 20053 39991 40096 58014 78088 889// 333 91013 90760 91114==
34845 41460 82706 10066 20048 39964 40070 57014 78082 883// 333 91012 90760 91113==
34858 41/20 82203 10044 20044 39964 40071 57024 76162 8802/==
34861 41540 82404 10017 20002 39817 40059 57021 78082 889// 333 90760 91113==
34866 41560 82305 10027 20009 30079 40070 57007 78082 889// 333 90760 91113==
34880 41540 72202 10027 20008 30096 40070 57011 71081 87900==
34887 42570 82304 10038 20018 30105 40083 58013 885//==
34949 41/40 82412 10053 20039 39558 40099 57002 76362 8802/ 333 91016 90760 91123==
34954 41460 82506 10074 20054 39920 40091 56011 78082 889// 333 91016 90760 91116==
34958 41560 82605 10064 20051 39896 40093 56012 78082 889// 333 91010 90760 91111==
34975 41440 82502 10032 20021 30100 40096 57004 78082 889// 333 88910 90760 91112==
34984 41460 82206 10038 20016 30128 40098 58007 76162 8672/ 333 90760 91112==
35217 115// 6//06 11018 21036 39940 49980 52012 60012 70172 86500 333 10010==
35302 11/// 6//08 11007 21035 39957 49977 52008 60022 70272 86050 333 10008==
35315 115// 72107 11008 21017 39941 49998 52019 60020 70272 87500 333 10008=
35344 114// 81707 11054 21068 39764 40054 57029 69970 77173 8802/ 333 11048=
35358 12/// 82305 11062 21093 39938 40111 57014 60002 8802/ 333 11044==
35368 319// 71808 11064 21105 39874 40145 57010 73632 83046 333 11065=
35386 319// 31706 11102 21169 39670 40210 57015 73633 83034 333 11088=
35394 11/70 3//05 11079 21175 39526 40222 57029 60002 70231 82031 333 11081==
35404 115// 72705 10001 21008 39996 40004 52014 60020 72272 87500 333 10011=
35406 115// 7//05 10007 21010 30007 40009 52006 60022 70272 87500 333 10011==
35416 115// 8//05 10000 21011 39896 40016 52015 60012 70273 885// 333 10003 90760 91115==
35426 11/// 8//07 11011 21043 39732 40020 57012 69952 77173 8802/ 333 11021==
35437 115// 82007 11023 21052 39738 40050 57012 69920 77173 8802/ 333 11028=
35449 315// 81606 11056 21082 30009 40114 57004 70232 885// 333 11056=
35497 11/// 6//01 11097 21179 39581 40422 57025 60002 70332 86030 333 11095==
35498 329// 21604 11120 21192 39361 40280 57011 80001 333 11110=
35514 12598 42306 10003 21008 30121 40117 52005 60020 82530 333 10012=
35522 114// 82206 11006 21027 39777 40025 53006 69980 72277 8802/ 333 11005=
35542 125// 81805 11060 21075 39942 40092 57017 69980 885// 333 11050=
35563 31598 81607 11108 21130 39377 40171 57012 73633 885// 333 11108=
35576 12/// 71506 11106 21159 39741 40207 57015 60002 87010 333 11072==
35582 329// 61305 11124 21182 39623 40252 53004 80003 333 11080=
35594 319// 81409 11137 21200 39370 40250 57028 73631 80006 333 11118 91015 91117=
35605 12998 52107 10012 21005 30062 40041 52001 60020 85080 333 10022=
35633 315// 81805 11032 21049 39866 40080 57018 72272 885// 333 11039=
35671 11570 7//04 11096 21121 39738 40181 57010 60002 70232 87500 333 11061==
35699 119// 00905 11088 21184 39483 40264 57020 60002 70230 333 11075==
35700 12/70 2//08 10010 21004 30080 40057 52002 60032 82030 333 10020==
35715 12597 22604 10002 21025 30081 40066 52008 60030 82500 333 10017=
35739 314// 81804 11015 21042 39970 40110 58003 77172 8802/ 333 11022=
35746 125// 8//04 11040 21055 30053 40122 58010 60002 885// 333 11042==
35777 329// 00000 11201 21227 39971 40348 57027 333 11097=
35796 12960 0//04 11162 21201 39816 40281 57014 60002 333 11105==
35849 125// 8//03 11040 21081 30049 40136 58002 60002 885// 333 11013==
35895 32997 03603 11155 21166 39793 40265 57024 333 11091=
35907 32998 22609 10029 20013 30137 40107 58006 80001 333 10049=
35925 115// 8//06 10006 20003 39993 40104 58009 69922 75172 8872/ 333 10005==
35927 116// 52304 10024 20019 30097 53001 69900 70262 83502 333 10023=
35953 125// 6//00 11034 21073 30014 40145 54000 60002 85530 333 11020==
35969 125// 6//01 11080 21126 39999 40180 57008 60002 86500 333 11051==
35997 329// 00901 11125 21168 39793 40249 57019 333 11064=
36259 41910 20801 11350 21385 38305 48599 57005 71040 80001==
36335 319// 61609 11043 21182 39209 40242 57020 73631 80003 333 11068=
36358 329// 00000 11218 21258 39252 40358 57008 333 11117=
36394 329// 01602 11200 21212 39879 40337 57028 333 11096=
36397 119// 0//08 11141 21184 39725 40320 57030 60002 73632 333 11106==
36403 329// 03002 11193 21204 39948 40339 57025 333 11144=
36418 329// 20000 11195 21230 39721 40388 57018 80003 333 11133=
36421 329// 00000 11314 21332 39785 40429 57016 333 11194=
36428 129// 0//01 11234 21264 39843 40396 57018 60002 333 11126==
36439 329// 01301 11164 21204 39035 48528 57015 333 11135=
36498 329// 20204 11199 21253 39475 40329 57014 80001 333 11101=
36501 329// 71103 11145 21216 39502 40295 57028 87030 333 11109=
36535 12/// 4//00 11263 21294 39704 40410 57018 60002 84030 333 11183==
36546 329// 02901 11234 21255 39804 40399 57015 333 11153=
36619 329// 00901 11132 21173 333 11070=
36622 329// 00000 11173 21208 39463 40321 57018 333 11120=
36639 129// 0//00 11223 21247 39660 40320 57012 60002 333 11028==
36643 328// 62302 11236 21255 39666 40396 57022 83071 333 11137=
36665 329// 01802 11185 21218 39585 40367 57016 333 11122=
36666 329// 00000 11214 21230 39846 40385 57015 333 11130=
36729 32998 01102 11156 21174 39908 40427 58006 333 11045=
36736 319// 00909 11054 21157 39732 40299 57013 73630 333 11051 91115=
36744 329// 00902 11168 21189 39780 40260 57021 333 11078=
36770 329// 00000 11238 21249 39502 40299 58019 333 11064=
36786 32999 02501 11144 21187 39298 40265 57010 333 11041=
36796 329// 00000 11256 21287 39029 48448 57005 333 11200=
36803 32999 01215 11080 21111 39783 40246 56016 333 11031 91017 91120=
36806 329// 01617 11184 21252 39824 40329 57018 333 11146 91023 91128=
36819 329// 01402 11101 21130 39606 40243 57012 333 11069=
36821 119// 0//01 11141 21146 39742 40260 57019 60002 71000 333 11070==
36839 32998 00000 11144 21213 39087 40278 58009 333 11014=
36843 329// 02502 11110 21146 39046 40269 58011 333 11012=
36846 329// 00206 11052 21154 38594 48480 57005 333 11023=
36859 129// 0//01 11130 21160 39478 40304 57010 60002 333 11020==
36870 129// 0//01 11090 21101 39190 40238 57013 60002 333 11029==
36874 329// 01803 11194 21213 39494 40338 57012 333 11082=
36877 329// 02201 11184 21194 39493 40572 57015 333 11073=
36885 329// 00902 11079 21117 39081 40244 57012 333 11020=
36889 329// 01802 11098 21240 37026 47046 58003 333 11033=
36894 329// 00000 11079 21128 39492 40257 58012 333 11026=
36905 329// 01302 11052 21129 38741 48496 57008 333 11031=
36911 429// 00906 10038 21058 39226 40192 58006 333 10094 91113=
36927 42997 00000 11068 21135 38373 48539 58002 333 10004=
36934 42597 71302 11026 21105 38290 48420 56003 87900=
36953 329// 00000 11210 21225 38207 48508 57012 333 11140=
36963 429// 01103 11154 21247 37023 48/// 58003 333 11100=
36974 429// 00000 11180 21192 38031 48592 58003 333 11080=
36982 429// 10000 11231 21287 36510 47143 58003 81030 333 11089=
37018 41540 82408 10095 20090 30095 40170 57011 78082 889// 333 91014 90760 91117==
37031 41460 82306 10069 20056 39915 40108 57009 78088 889// 333 90760 91118==
37054 42660 80000 10056 20010 39740 40122 50002 885//==
37061 41/60 82307 10065 20043 39937 40104 57011 76162 8802/ 333 90760 91116==
37085 41540 82503 10040 20030 30153 40125 58006 76162 8872/==
37171 41540 80804 10061 20052 30188 40207 57007 78182 889// 333 88923==
37228 42/60 61401 11006 21034 39289 40135 52003 86070==
37235 42560 71003 10046 20008 39807 40123 57017 8357/==
37472 42560 71203 10070 20015 30159 40138 57024 83571==
38149 42570 82003 10000 21048 30083 40161 58001 885// 333 10020==
38178 42/// 82203 11018 21079 39840 40141 53002 8807/ 333 10011==
38262 125// 82302 11014 21051 30079 40163 58002 60002 885// 333 10005==
38264 42/70 62103 11009 21038 30078 40174 52008 86070 333 11003==
38345 42998 80000 11073 21122 38788 48479 57001 8802/ 333 10075=
38353 429// 01801 11038 21110 39300 40226 58007 333 10015=
38388 72998 52301 10010 21043 30111 40183 52010 85030 333 10050 6////=
38392 72997 72404 11006 21027 30073 40179 52020 87030 333 10006 6////=
38396 42660 72504 10014 21024 30054 40181 52014 875// 333 10015 84934==
38403 426// 82302 11003 21063 30072 40195 52009 885// 333 10011==
38413 42/// 81502 11018 21044 39861 40159 53002 8807/ 333 11009==
38457 12560 80401 11012 21075 39591 40194 57003 60002 8654/ 333 10068==
38462 426// 63401 11014 21120 38749 48487 58003 83951 333 10050==
38507 72965 23202 10075 20031 30086 40190 52026 82030 333 10103 6//// 91004=
38545 32598 82502 10016 21019 30013 40192 52019 885// 333 10018=
38565 12/// 81708 10058 20015 39556 40127 52005 60002 8807/ 333 10118==
38579 125// 82802 10050 21033 39765 40184 54000 60002 8297/ 333 10073==
38583 12660 81802 11010 21021 39862 40193 58009 60002 885// 333 11004==
38599 31995 80505 11003 21063 39692 40221 57005 71022 80002 333 10013=
38611 41/20 43101 11060 21083 39652 40251 57012 71000 84040 333 10005==
38613 429// 30601 11073 21103 40254 57012 80002 333 10010=
38616 425// 70901 11079 21130 39202 40274 53003 87500 333 20010=
38618 129// 71201 11045 21051 39511 40229 57013 60002 80001 333 10030==
38647 72697 22209 10111 20011 30133 40175 52011 82500 333 10111 6////=
38656 72998 72002 10020 21011 30093 40205 52020 87080 333 10053 6////=
38683 42/60 81102 10018 21016 39917 40200 52009 8803/ 333 10053==
38687 72997 72301 10019 21005 39969 40209 52009 87030 333 10067 6////=
38696 12/// 71402 10018 21033 39335 40205 52003 60002 87070 333 10090==
38713 329// 81802 11018 21079 39020 48470 54000 86034 333 10056=
38750 72997 02502 10062 20041 30264 40235 52018 333 10125 6////=
38763 72997 42205 10100 20013 30084 40188 52007 80003 333 10110 6////=
38774 72895 51902 10038 21021 30018 40217 52019 85070 333 10064 6////=
38799 32597 83201 10014 21011 39977 40215 52025 885// 333 10065=
38806 32997 61401 10024 20014 39927 40193 52004 80002 333 10072=
38812 41640 71802 10030 21015 39746 40206 52007 71022 83510 333 10105 83647==
38836 319// 30000 10012 21008 39245 40200 52005 71011 80002 333 10086=
38880 02697 71302 10037 21006 39945 40204 51012 60002 84930 333 10097 6////=
38886 72697 60000 10016 21009 39975 40209 52013 86500 333 10110 6////=
38895 32996 80000 10026 21013 39911 40207 52006 80007 333 10092=
38911 32997 61402 10022 21051 39914 40215 52007 85072 333 10096=
38915 72997 40000 10030 20003 39884 40214 58007 84050 333 10095 6////=
38927 11944 70000 11003 21027 39836 40225 58001 60002 71022 87950 333 10076 84966==
38933 329// 83601 11020 21061 39723 40959 57006 8805/ 333 11012=
38944 31/// 93601 11037 21037 39530 40189 53007 74444 333 11039=
38954 329// 60000 11046 21112 37986 48580 52007 85901 333 11031=
38974 72998 82002 10052 21004 39849 40187 53022 80008 333 10124 6////=
38987 32996 72402 10064 21020 39465 40212 52009 87070 333 10100=
40180 12960 00802 10159 20117 30189 40238 52009 60002 333 10212 20127 70000==
40199 12/// /0105 10163 20047 30194 40219 52010 60002 333 10228 20125 70000==
40255 36/// /0000 10111 29029 3//// 4//// 5////=
40265 31958 00000 10068 21022 39463 40280 52012 70500 333 10172=
40270 31957 02302 10100 21021 39345 40260 52007 70500 333 10160=
40272 31950 00505 10086 21045 39412 40268 52010 70500 333 10185=
40296 36/// /0000 10125 29067 4//// 5////=
40340 32960 33607 10148 20033 40227 52010 80001 333 10216 83068=
40356 42960 00606 10065 21140 39264 48550 333 10150 58018 55/// 555 04410 50269=
40357 42960 00000 10085 21150 39601 40259 333 10164 58006 55///=
40360 42960 00000 10094 21100 39647 40258 333 10183 58013 55///=
40361 42960 01107 10093 21120 39463 40284 333 10171 58010 55///=
40362 42960 00707 10103 21190 39726 40256 333 10169 59005 55///=
40373 42960 30000 10086 21060 39817 40248 83030 333 10156 59021 55/// 83360=
40375 42960 40000 10124 21100 39333 40230 80002 333 10184 58007 55/// 84070=
40394 42960 00308 10116 21060 39094 48562 333 10202 58001==
40400 42960 33505 10232 20110 30145 40173 80001 333 10266 59015 55/// 83070=
40405 42960 03403 10115 21040 39469 40230 333 10212 59026 55///=
40417 42960 53205 10143 21050 30209 40225 80004 333 10206 59028 55/// 85070=
40420 42960 03604 10124 20000 30013 40228 333 10206 59031 55///=
40430 41958 00000 10218 21010 39448 40188 70600 333 10267 59013 55///=
40437 41958 01003 10142 21160 39516 40229 70600 333 10206 59028 55///=
40439 42960 02705 10246 20110 30131 40149 333 10320 59010 55///=
40582 32960 02903 10085 21092 40234 58001 333 55300 00000 10182 20000 30000 40842 51023 60000 55407 40000 90400 91003 91113 91211 91305=
40703 12960 00000 11012 21073 38956 40262 51008 60001 333 55074 70000 555 11031 29063=
40706 12962 11102 11016 21069 38684 40274 50008 60001 80002 333 55071 21930 70000 81067 555 11032 29067=
40712 12962 02602 11025 21089 38705 40254 51010 60001 333 55090 21022 70000 555 11042 29061=
40713 12965 01102 11002 21066 38684 40232 52012 60001 333 55080 70000 555 11023 29062=
40718 12960 01801 10083 20059 30236 40207 50001 60001 333 55075 20920 70000 555 10072 29085=
40723 12660 79901 11009 21052 38976 40255 53018 60001 86570 333 55022 20684 70000 86640 87357 555 11023 29072=
40726 12960 02006 10046 21143 38687 40256 58001 60001 333 55036 70000 555 11011 29024=
40727 12960 01602 11028 21099 38517 40256 52014 60001 333 55080 21158 70000 555 11048 29058=
40732 12960 02301 10076 20053 30231 40206 52009 60001 333 55035 70000 555 10066 29086=
40736 12560 10000 10082 20069 30246 40220 51024 60001 81600 333 55002 70000 81720 555 10076 29092=
40737 12960 31702 10067 20048 30203 40221 52013 60001 83070 333 55011 20583 70000 83360 555 10059 29088=
40738 12960 02102 10066 20049 30235 40237 51013 60001 333 55012 20441 70000 555 10059 29089=
40739 12965 00301 11052 21073 38719 40290 50003 60001 333 55006 70000 555 11056 29085=
40741 12960 43011 10059 21001 39853 40192 52013 60001 80002 333 55050 70000 84070 555 10036 29065=
40743 12965 30000 11006 21066 39101 40265 51006 60001 82032 333 55038 20846 70000 82360 555 11025 29064=
40745 12960 21902 11007 21039 39046 40228 53002 60001 80001 333 55056 21045 70000 82070 555 11013 29075=
40747 12960 00000 11006 21105 38676 40279 52014 60001 333 55073 21466 70000 555 11035 29047=
40754 11950 02104 10007 21060 38858 40252 51011 60001 70510 333 55025 70000 555 11016 29061=
40762 12962 40000 11047 21078 38567 40259 53005 60001 80002 333 55042 70000 84069 555 11054 29079=
40766 12960 00000 11003 21161 38738 40273 52006 60001 333 55070 21837 70000 555 11043 29029=
40768 12965 01402 11015 21157 38284 40260 52008 60001 333 55042 20883 70000 555 11051 29033=
40769 12962 01502 10014 21107 38319 40239 52009 60001 333 55020 20809 70000 555 11024 29040=
40780 12960 01001 10009 21100 38737 40278 52010 60001 333 55074 2//// 70000 555 11025 29044=
40782 12962 01303 11001 21061 38916 40277 51007 60001 333 55055 70000 555 11021 29064=
40785 12960 00000 11016 21039 39139 40281 51015 60001 333 55015 25169 70000 555 11023 29084=
40791 12965 10301 10039 21164 39399 40252 51006 60001 81070 333 55081 21143 70000 81361 555 11015 29021=
40792 12962 40702 10011 21140 38745 40240 52011 60001 80001 333 55075 70000 84070 555 11031 29031=
40798 12960 00201 11032 21140 37994 40295 52012 60001 333 55078 21493 70000 555 11060 29043=
40800 11950 03001 11011 21110 38495 40270 52012 60001 70500 333 55047 20891 70000 555 11040 29047=
40809 12965 61202 11007 21059 38523 40250 52013 60001 80006 333 55082 21338 70000 86270 555 11024 29068=
40811 12960 03002 10116 21041 30195 40221 50004 60001 333 55088 70000 555 10058 29033=
40812 12960 03401 10090 20010 39826 40210 50000 60001 333 55073 70000 555 10057 29057=
40818 12965 03001 11004 21225 38014 40278 52005 60001 333 55086 24505 70000 555 11054 29017=
40821 12960 22501 10036 21111 38823 40251 52007 60001 82030 333 55079 21347 70000 82360 555 11011 29033=
40829 12960 03602 11002 21124 39669 40272 51010 60001 333 55092 70000 555 11034 29039=
40831 12960 03002 10077 21010 30225 40233 51007 60001 333 55089 70000 555 10044 29054=
40833 12960 00000 10091 21028 30199 40232 51009 60001 333 55091 70000 555 10047 29043=
40835 12960 00000 10075 21035 39377 40227 50000 60001 333 55092 70000 555 10034 29046=
40841 12970 01902 10037 21171 38265 40217 52024 60001 333 55098 21509 70000 555 11022 29020=
40848 12960 03002 10068 21056 38546 40210 50005 60001 333 55084 21496 70000 555 10022 29041=
40854 12960 00000 10025 21133 38980 40211 52023 60001 333 55085 70000 555 11021 29030=
40856 12960 00202 10000 21173 38667 40241 53009 60001 333 55095 22688 70000 555 11043 29026=
40859 12960 23402 10030 21056 38732 40226 51011 60001 80001 333 55094 70000 82070 555 10000 29053=
40875 11925 30503 10139 20043 30172 40184 53010 60001 70520 80001 333 55052 21178 70000 83070 555 10095 29052=
40879 12960 30000 10064 21190 39515 40216 53001 60001 80006 333 55093 70000 83270 555 11003 29014=
40882 11558 33103 10212 20104 30149 40184 51005 60001 70511 83100 333 55040 70001 83830 555 10153 29050=
40883 11930 03002 10200 20092 30160 40183 53010 60001 70500 333 55000 70000 555 10143 29050=
40893 11956 03406 10214 21019 30162 40168 50002 60001 70500 333 55079 23379 70000 555 10114 29021=
40898 11956 03602 10198 20047 30170 40179 53014 60001 70500 333 55086 70000 555 10125 29037=
41024 41/58 23407 10273 20140 30129 40154 70600 82030 333 10337 55085 59002 82360==
41036 42960 00706 10182 20030 38603 48553 333 10250 58000==
41055 42960 00807 10167 21040 38405 48553 333 10234 59006==
41061 42960 01307 10154 21040 39492 40207 333 10240 59022==
41084 42960 00803 10174 21050 38901 48550 333 10241 59003==
41112 42960 00305 10148 21040 37980 48551 333 10222 55100 59002==
41114 42960 00412 10150 21040 38018 48555 333 10214 59003==
41128 42960 00904 10150 21030 38868 48566 333 10230 55090 59012==
41136 42960 00405 10170 21140 39390 40215 333 10240 59017==
41140 42960 00604 10273 20190 30145 40153 333 10319 59006==
41150 42970 43212 10176 20091 40218 80001 333 10193 59029 84075=
41176 44/65 /3406 10159 20069 30210 40216 333 10219 59028=
41184 42960 29901 10165 20040 40194 80001 333 10247 59023 82070=
41194 11658 51903 10226 20092 30181 40187 60001 70611 85500 333 10256 59025 85645=
41196 12960 50803 10186 20068 30151 40193 60001 85030 333 10247 59025 85368=
41216 42960 03110 10223 20143 30185 40189 333 10251 59031=
41217 42660 32403 10220 20129 30156 40187 83500 333 10256 59029 83640=
41262 36/// /2708 10190 20065 39985 40184 333 0E019 10269 55300 20000 59013=
41265 36/// /1103 10187 20066 39585 40158 333 0E020 10255 55300 20000 59021=
41396 42960 00503 10164 21083 39469 40209 333 10253 59015=
41480 42460 10708 10261 20152 30170 40179 81500 333 10297 59011 81618=
41506 12620 30000 10025 21026 38572 48480 60001 83020 333 56080 58018==
41508 12420 60000 10019 21036 38686 48490 60001 83520 333 56880 58010==
41515 12420 50000 10040 21044 38587 48470 60001 83520 333 56880 58000==
41516 12940 00000 11025 21076 38596 48480 60001 333 58025==
41517 11640 00000 11050 21080 37840 48900 60001 70400 333 58029==
41518 12940 00000 10022 21036 30001 48010 60001 333 58000==
41519 12940 00000 10055 21040 38785 48180 60001 333 59020==
41523 12940 30000 10040 21027 39120 48160 60001 80001 333 56008 58022==
41535 12940 00000 10030 21058 38736 48990 60001 333 58014==
41536 12940 00000 10040 21044 39070 48200 60001 333 58020==
41560 12940 00000 10040 20005 38309 48400 60001 333 58009==
41571 41900 23102 10085 20002 39606 40209 70500 80001 333 56008 58016==
41598 11920 00000 10075 20040 39887 40169 60001 70400 333 59001==
41600 11920 30000 10080 20069 39875 40182 60001 71011 83020 333 56080 59007==
41620 11940 02701 10070 21036 38608 48090 60001 70400 333 58012==
41624 11920 00000 10115 20062 39981 40188 60001 70400 333 58012==
41630 11940 00000 10090 20045 30000 40187 60001 70400 333 58007==
41640 11920 00000 10095 20063 39924 40182 60001 71000 333 58006==
41660 229// 01304 10010 20101 38449 48541 60003 333 59036 60007=
41678 11940 00000 10110 20056 30000 40196 60001 70400 333 58008==
41696 12940 00000 11020 21083 38043 48820 60001 333 58001==
41697 12940 00000 10130 20043 30031 40192 60001 333 58021==
41700 11920 00000 10110 20079 30000 40176 60001 71000 333 58008==
41710 42940 00501 10060 21095 39408 40214 333 59041==
41712 42940 00501 10035 21051 39236 48180 333 59043==
41715 11920 00000 10110 20068 30116 40185 60001 70500 333 59003==
41718 11920 00000 10100 20057 30077 40185 60001 70400 333 58017==
41725 41940 00000 10145 20097 30000 40181 70500 333 58012==
41739 11940 03602 10050 21030 39109 48400 60001 70500 333 59002==
41744 12940 03103 10080 21021 38828 48440 60001 333 58002==
41749 11920 00000 10140 20102 30154 40188 60001 70400 333 59002==
41756 11940 03601 10175 20036 30113 40180 60001 70500 333 59025==
41757 42940 00000 10150 21024 30175 40188 333 59025==
41764 11940 03606 10180 20058 30112 40163 60001 70400 333 58005==
41768 12940 00000 10120 20029 30153 40160 60001 333 58002==
41780 11940 00203 10195 20005 30140 40168 60001 70500 333 59001==
41785 12940 03601 10160 20081 30162 40175 60001 333 59014==
41859 01920 00000 10160 20150 30104 40143 70500 333 59012 70000==
41883 02930 00000 10159 20140 30119 40140 333 59012 70000==
41891 01430 50000 10188 20170 30098 40138 70520 82340 333 59016 70000 82616 83365==
41907 01935 00000 10150 20140 30128 40144 70500 333 59008 70000==
41923 01/40 30000 10198 20140 30136 40146 70510 83030 333 59009 70000 83365==
41936 01/12 10000 10162 20150 30135 40142 70511 81030 333 59006 70000 81362==
41943 01930 30000 10190 20180 30133 40140 70520 81530 333 59009 70000 81618==
41950 01440 60000 10196 20170 30141 40143 70522 83530 333 59009 70000 83617 84362==
41978 41440 30000 10239 20180 30130 40136 70511 82530 333 59009==
41992 01/25 33602 10234 20190 30135 40137 70511 83030 333 59007 70000 83362==
42027 31993 00000 11028 21033 38464 48551 71100 333 58024=
42071 31994 09901 10076 20057 40185 71000 333 58006=
42101 31994 00000 10104 20096 40187 71000 333 58006=
42111 31994 02701 10100 20092 39445 40169 71000 333 58012=
42123 31994 00000 10098 20064 40184 70500 333 58019=
42131 31994 00000 10072 20054 40186 71000 333 58001=
42165 32996 00000 10120 20029 40172 333 58018=
42182 31994 00000 10092 20088 40173 71000 333 58007=
42189 31993 00000 10120 20112 40163 74640 333 58000=
42314 31995 00000 10132 20117 40155 71000 333 59014=
42328 31995 00502 10144 20003 40155 70500 333 58016=
42339 31995 00204 10158 20022 40168 70500 333 58022=
42348 31995 09902 10140 20071 40169 70500 333 58004=
42361 31993 00000 10096 20084 40164 74640 333 59002=
42369 31995 00000 10134 20111 40160 71000 333 59004=
42379 31994 00000 10128 20109 40149 71000 333 59009=
42410 31595 20000 10150 20139 40154 71000 82500 333 59012 82620=
42415 31995 00000 10172 20129 40157 71000 333 59014=
42452 31994 00000 10104 20056 40158 70500 333 59001=
42492 31994 00000 10156 20131 40155 71000 333 59004=
42559 32996 00000 10134 20063 40151 333 59007=
42571 31996 00000 10120 20079 40156 70500 333 59012=
42623 31495 00000 10092 20083 39297 40205 71000 333 59006=
42634 32996 00000 10170 21002 40153 333 59002=
42647 31996 00000 10186 20096 40143 70400 333 58006=
42667 31996 00705 10104 20066 39551 40164 70500 333 59008=
42675 31995 00502 10102 20073 40162 70500 333 58007=
42701 31994 00000 10128 20098 39408 40155 71000 333 59007=
42724 31495 50000 10196 20177 40141 71022 82530 333 59011 82618 84360=
42737 32996 00205 10154 20048 40152 333 58002=
42754 31995 00704 10172 20112 39499 40145 70500 333 59002=
42779 32996 00000 10134 20076 39444 40162 333 59007=
42798 31994 00000 10158 20139 40152 71000 333 59007=
42809 31595 40000 10184 20150 40146 70510 81530 333 59007 81620 83360=
42840 32996 03602 10194 20131 40132 333 58002=
42867 31995 00000 10136 20097 40150 70500 333 59016=
42874 31996 00000 10164 20108 40150 70500 333 59007=
42886 31995 00000 10130 20111 40177 70500 333 59013=
42895 31595 60000 10204 20171 40150 70522 83530 333 59006 83620 85360=
42909 32996 09902 10194 20082 40137 333 58001=
42971 31595 40000 10210 20167 40150 71000 81530 333 59011 81620 83360=
43003 31995 00000 10200 20156 40122 70500 333 59004=
43014 31995 00000 10150 20103 39477 40142 70544 333 59009=
43041 31996 20000 10160 20129 39513 40146 70500 80001 333 59013 82075=
43063 32996 20000 10134 20109 39503 40148 80001 333 59007 82070=
43086 32996 00000 10162 20144 39946 40129 333 59014=
43110 31995 00901 10196 20156 40124 70544 333 59007=
43117 32996 23602 10192 20095 40132 80001 333 59007=
43128 31996 00000 10174 20102 39515 40134 70510 333 59015=
43150 21495 83606 10210 20204 30074 40135 75065 8482/ 333 59010 6012/ 82712 83618 88458=
43185 21596 70702 10228 20218 30113 40117 72052 84570 333 59011 6994/ 84620 85360=
43189 21596 70000 10230 20214 30121 40130 72065 83570 333 59011 6008/=
43192 32996 00502 10234 20197 40116 333 59002=
43201 32496 20000 10160 20102 39384 40127 82500 333 59001 82612=
43213 31596 20000 10228 20158 39797 40117 70510 82500 333 59008=
43237 31996 20000 10202 20176 39705 40102 70500 81032 333 59003 81360=
43245 31595 62903 10234 20206 30095 40122 70521 8457/ 333 59010=
43279 21595 83603 10234 20200 30098 40116 70352 8492/ 333 57932 59009 6990/ 83620 81925 86460=
43284 31195 10000 10244 20207 39999 40115 71000 80001 333 58004 81075=
43295 31496 30502 10208 20183 39108 48513 71022 82501 333 59003 82612=
43314 32996 10000 10254 20224 40114 80001 333 58001=
43321 31495 52303 10242 20208 39664 40111 71022 82501 333 59012 82612 84070=
43329 22596 80502 10246 20216 30095 40108 8457/ 333 59009 6990/=
43333 21495 70909 10274 20233 40112 70522 85430 333 56990 59005 6003/ 83618 84820=
43344 21495 60503 10256 20242 30009 40109 71022 83531 333 59011 6990/ 83616 85360=
43353 31495 20704 10270 20238 40114 71021 81530 333 56590 58001 81616=
43369 21596 60000 10256 20253 40104 72162 83530 333 59003 6013/ 83620 86358=
43371 21596 80000 10262 20245 30040 40113 70262 8267/ 333 58006 6993/ 81720 88458=
43413 11470 73501 10260 20257 30101 40106 5/007 60008 70122 83270 333 553// 20006 59009 83218 87760 91002=
43418 01470 83202 10246 20229 30056 40097 57004 60008 70222 82170 333 59006 69908 82118 88760=
43421 11970 22700 10232 39998 40105 57007 60008 70100 333 553// 20000 59007 82080 91001=
43424 03970 20000 10246 20234 30103 40105 58001 60008 333 59007 60008 82180=
43436 01470 43201 10256 20239 30091 40094 52002 60008 70111 82000 333 55000 59010 60008 82818 83080=
43441 01470 40000 10242 20235 39970 40104 52002 60008 70222 83120 333 59007 69998 84118 86260=
43444 01470 53201 10230 20221 39576 40106 54002 69918 70262 83000 333 59003 60018=
43450 01457 80401 10255 20241 30098 40110 58001 60008 70512 81110 333 59006 69928 81117 88160=
43466 11468 80302 10260 20218 30100 40108 5/001 60008 70522 83050 333 55000 553// 20000 59004 83818 88560 91003=
43467 01430 83601 10261 20238 30101 40107 57001 60008 70522 81000 333 59004 60008 81816 88458=
43473 01270 72905 10155 20155 38127 48493 57002 60008 76062 85000 333 553// 20006 59004 69908 85805 87280 91008=
43486 11430 73101 10250 20250 30001 40101 54003 60008 71022 83070 333 55001 553// 20000 59009 83816 87756 91003=
43495 01970 23602 10266 20243 30086 40099 57001 60008 70200 333 59001 60008 82280=
43497 11468 53602 10263 20000 30078 40095 5/001 60008 70121 84000 333 553// 20006 59008 84818 91003=
44212 41/// 71601 11281 21320 39244 40538 57007 70272 87010==
44213 416// 60000 11226 21257 38877 40498 57012 77872 86500==
44214 41/70 20000 11244 21270 38332 40540 57007 70177 82040==
44215 41/// 22002 11275 21304 38469 40562 57010 70270 82040==
44217 32998 20000 11236 21265 37881 40569 56005 80004 333 91202=
44218 429// 02101 11257 21282 38683 40538 58009==
44219 419// 60000 11200 21221 38700 40495 57008 70272 84078 333 91201=
44265 429// 00602 11261 21290 38937 40531 58005==
44266 416// 53404 11222 21247 37791 40531 57006 70272 82880 333 91204=
44454 42457 20902 10088 20060 38683 48517 82100 333 59013=
51076 14/70 /0001 11207 21234 39462 40430 57012 60001 333 11120 21209 3/104 4/009 59068 70000 90761 91103==
51087 14/60 /0901 11206 21229 39311 40436 57014 60001 333 11132 21217 3/106 4/008 59075 70010 90761 91104==
51156 14/80 /0402 11194 21238 38751 40413 57011 60001 333 11112 21200 3/115 4/001 59091 70000 90761 91105==
51243 14/57 /2801 11161 21185 39814 40412 57013 60001 333 11099 21174 3/111 4/001 59093 70000 90761 91105==
51334 14/58 /1502 11162 21184 39969 40411 57007 60001 72200 333 11067 21177 3/108 4/008 59089 90761 91104==
51379 14/80 /1602 11211 21245 39372 40403 57016 60001 333 11077 21211 3/105 4/014 59112 70003 90761 91104==
51463 14/58 /2901 11155 21180 39107 40385 57010 60001 333 11070 21155 3/101 4/028 59108 70003 90761 91104==
51573 14/63 /0402 11077 21147 30339 40392 57005 60001 333 11002 21085 3/114 59002 70000 90761 91103==
51644 14/50 /0101 11148 21170 39061 40416 57006 60001 70500 333 11032 21169 3/105 4/006 59006 70000 90761 91103==
51656 14/01 /1201 11144 21162 39283 40432 57002 60001 74600 333 11070 21184 3/114 4/003 58003 70000 90761 91104==
51709 14/57 /1600 11048 21094 38717 40379 57007 60001 70500 333 11034 21078 3/104 58000 70000 90761 91103==
51711 14/56 /2703 11126 21155 38067 40331 57008 60001 70500 333 11044 21146 3/119 58000 70000 90761 91106==
51716 14/59 /1602 11081 21119 39020 40389 57004 60001 333 11025 21084 3/111 59002 70000 90761 91103==
51765 14/57 /2501 11132 21146 39345 40420 57002 60001 70500 333 11031 21170 3/116 58007 70000 90761 91104==
51811 14/13 /0000 11104 21132 38891 40404 57007 60001 70500 333 11027 21114 3/117 58006 70000 90761 91103==
51818 14/31 /0801 11105 21136 38731 40396 57007 60001 70500 333 11026 21126 3/117 58013 70000 90761 91104==
51886 14/50 /1501 11093 21249 37103 40284 57007 60001 333 11042 21155 3/113 59021 70000 90761 91104==
52203 14/50 /0101 11139 21171 39456 40410 57008 60001 70500 333 11041 21140 3/119 59005 70000 90761 91104==
52602 14/80 /3202 11126 21231 37254 40282 57007 60001 333 11008 21177 3/117 59026 70000 90761 91106==
52818 14/62 /2500 11090 21204 37223 40250 57015 60001 333 11016 21108 3/114 59025 70000 90761 91109==
52908 14/80 /2301 11120 21276 35731 40102 57016 60001 333 10006 21151 3/118 59047 70000 90761 91123==
55228 14/80 /2803 11095 21329 36038 40196 52008 60001 333 10006 21115 3/117 59008 70000 90761 91118==
55299 14/80 /0201 11110 21281 35832 40075 57009 60001 333 10067 21166 3/118 59057 70000 90761 91117==
55578 14/73 /1501 11049 21174 36375 40126 57002 60001 333 10132 21131 3/111 59045 70000 90761 91107==
55591 14/71 /0801 11015 21157 36504 40068 57003 60001 333 10149 21048 3/110 59052 70000 90761 91103==
55664 14/80 /2604 11008 21228 36029 40079 57005 60001 333 10092 21121 3/107 59039 70000 90761 91116==
55773 14/80 /0600 11069 21216 36039 40115 57005 60001 333 10094 21133 3/114 59024 70000 90761 91117==
56004 14/80 /1601 11116 21247 35792 40078 57011 60001 333 10036 21185 3/117 59048 70000 90761 91123==
56018 14/74 /0801 11064 21219 36154 40064 57016 60001 333 10097 21127 3/112 59043 70000 90761 91115==
56312 14/80 /2501 11011 21083 37102 40168 52002 60001 333 10126 21054 3/103 59034 70000 90761 91107==
62306 41560 43211 10169 20059 40265 52002 74500 333 10190==
62309 42560 33304 10160 20086 40245 52003 83500 333 10205==
62325 42960 03205 10172 20121 40246 52003 333 10210==
62332 42960 03608 10187 20127 40242 52008 333 10213==
62337 42960 03003 10149 20118 40234 52005 333 10232==
62366 45560 62512 10173 20111 40235 52011 83230 333 10208==
62387 42960 23306 10158 20110 40221 52010 80001 333 10218==
62393 42960 03314 10155 20109 40237 52013 333 10222==
62405 42960 01405 10176 20009 40188 52010 333 10260==
62414 42960 03405 10198 21017 40180 52013 333 10263==
62419 42960 00000 10207 20062 40172 52020 333 10263==
62420 42960 03603 10170 20073 40238 52012 333 10221==
62435 42960 23406 10186 20061 40198 52015 80001 333 10253==
62455 42960 03507 10173 20096 40225 52010 333 10216==
62458 42960 03505 10202 20016 40204 52007 333 10256==
62459 42960 00000 10174 20112 40192 52009 333 10228==
62465 42960 03108 10204 20099 40172 52007 333 10240==
40100 43/60 00904 10159 20089 30246 40262 50007 6///1 333 58000=
