SMPK OPKC 170600=
41504 02997 02702 11010 21120 37876 48544 60001 333 59029 60007 39%=
41505 22696 40000 10030 21035 38/// 48/// 60002 82530 333 56990 58/// 82640 83460 62%=
41506 02997 00000 10080 21013 38549 48546 60001 333 59020 60007 52%=
41507 02997 01802 10080 20023 39293 49826 60001 333 59008 60007 67%=
41508 02697 20000 10103 21053 38676 48544 60001 82200 333 56900 59022 60007 82835 32%=
41516 01996 30000 10070 21076 38581 48537 60001 70500 80001 333 56009 59036 60007 83070 35%=
41517 02696 10000 10015 21072 37820 48553 60001 81500 333 56900 59037 60007 81640 52%=
41518 02697 42702 10050 21030 38/// 48/// 60001 82230 333 56990 5//// 60007 82840 82362 56%=
41519 02997 00000 10075 21090 38785 48520 60001 333 59058 60007 30%=
41520 02697 00000 10045 21046 37634 48272 60001 333 59024 60007 45%=
41523 02997 60000 10105 21016 39118 48529 60001 80030 333 56090 59013 60007 86360 43%=
41524 02997 00000 10110 21025 39395 40276 60001 333 59025 60007 39%=
41525 12697 40000 10050 21024 37704 48428 60001 84400 333 56900 59010 84840 59%=
41528 02997 00000 10100 21007 39265 48538 60001 333 59012 60007 47%=
41529 01995 23102 10120 20043 39821 40212 60001 71000 80001 333 56009 59017 60007 82080 59%=
41530 01995 10000 10130 21013 39782 40204 60001 70500 80001 333 56009 59016 60007 81075 40%=
41534 01994 20000 10115 20062 39781 40206 60001 71000 82030 333 56090 59015 60007 82360 70%=
41535 02997 00000 10140 21098 38733 48503 60001 333 59024 60007 18%=
41536 02997 00000 10100 21042 39071 48532 60001 333 59015 60007 36%=
41560 02997 01302 10105 21058 38316 48543 60001 333 59013 60007 31%=
41562 02997 03102 10170 21005 39713 40180 60001 333 59025 60007 30%=
41565 02997 00000 10100 21063 38686 48552 60001 333 59012 60007 31%=
41567 01996 00000 10110 20043 39738 40166 60001 70400 333 59022 60007 63%=
41571 11996 02304 10155 21019 39614 40205 60001 70500 333 59013 30%=
41572 01996 03106 10150 21010 39553 40185 60001 70500 333 59015 60007 33%=
41573 02997 01304 10130 21014 37990 48509 60001 333 59023 60007 37%=
41574 02997 01306 10145 21021 38371 48548 60001 333 59022 60007 32%=
41576 01995 00000 10135 20021 40212 60001 70500 333 59012 60007 46%=
41577 01996 00000 10135 20028 39574 40199 60001 70400 333 56000 59024 60007 48%=
41593 01996 00000 10150 20056 39973 40197 60001 70400 333 59016 60007 53%=
41597 01996 00000 10125 20062 40204 60001 70400 333 59024 60007 65%=
41598 01995 00000 10125 20049 39913 40191 60001 70400 333 59028 60007 60%=
41599 01996 00000 10120 20056 39890 40188 60001 70400 333 59032 60007 65%=
41600 01996 00502 10150 20043 39886 40186 60001 70400 333 59018 60007 49%=
41620 31996 02704 10100 21115 38611 48513 60001 70500 333 59010 60007 21%=
41624 01995 00000 10170 20043 39984 40187 60001 70500 333 59018 60007 43%=
41625 01996 00504 10160 20069 39973 40176 60001 70400 333 59021 60007 55%=
41630 01994 00000 10160 20057 40200 60001 70400 333 59011 60007 50%=
41633 02996 00000 10145 20049 3//// 4//// 60001 333 5//// 60007 53%=
41634 02997 30000 10160 20007 3//// 4//// 60001 83030 333 56090 5//// 60007 83360 35%=
41635 01996 00902 10150 20081 3//// 4//// 60001 70400 333 5//// 60007 63%=
41636 01996 00000 10165 20088 30015 40202 60001 70400 333 59008 60007 60%=
41638 01995 02302 10180 20095 4//// 60001 70400 333 5//// 60007 58%=
41639 01996 00000 10115 20007 3//// 4//// 60001 70500 333 5//// 60007 47%=
41640 01996 00000 10160 20043 39936 40190 60001 70500 333 59022 60007 46%=
41641 01995 03504 10140 20056 39915 40195 60001 70400 333 59017 60007 57%=
41642 01996 00000 10115 20074 3//// 4//// 60001 70400 333 5//// 60007 76%=
41643 01995 03602 10120 20079 39900 40184 60001 70400 333 59020 60007 76%=
41644 01996 00000 10130 20043 4//// 60001 70400 333 5//// 60007 55%=
41646 01996 00000 10145 20074 39988 40207 60001 70400 333 59018 60007 63%=
41652 01996 01302 10185 20078 30016 40196 60001 70400 333 59022 60007 50%=
41660 01996 02306 10015 20115 38482 48572 60001 70500 333 59019 37%=
41661 01996 03602 10030 21112 38433 48562 60001 70540 333 59016 60007 34%=
41669 02997 02302 10170 20057 3//// 4//// 60001 333 5//// 60007 47%=
41670 01996 00000 10145 20062 4//// 60001 70400 333 5//// 60007 58%=
41674 01994 00000 10150 20081 3//// 4//// 60001 70400 333 5//// 60007 63%=
41675 01994 00000 10160 20093 30047 40193 60001 70400 333 59016 60007 64%=
41676 01995 00000 10155 20087 30046 40206 60001 70400 333 59018 60007 64%=
41677 01996 00000 10160 20104 30008 40179 60001 70400 333 59017 60007 69%=
41678 01996 00000 10150 20069 40199 60001 70400 333 58018 60007 58%=
41679 01996 00000 10135 20074 4//// 60001 70400 333 5//// 60007 67%=
41680 01995 00000 10160 20081 39988 40190 60001 70400 333 59022 60007 60%=
41685 02997 03104 10130 21096 38952 48530 60001 333 59011 60007 20%=
41697 02997 00000 10200 21004 40194 60001 333 59015 60007 25%=
41700 01995 00000 10155 20075 40185 60001 70400 333 59015 60007 59%=
41701 01994 00000 10160 20069 30057 40203 60001 70400 333 59010 60007 55%=
41710 12997 03102 10060 21123 39459 40270 60001 333 59008 25%=
41712 12996 00506 10050 21027 39291 48541 60001 333 59027 42%=
41715 01996 03104 10175 20036 30124 40189 60001 70500 333 59012 60007 40%=
41716 01994 00502 10150 20056 30101 40207 60001 70400 333 59019 60007 53%=
41718 01995 00000 10160 20081 30081 40187 60001 70400 333 59025 60007 60%=
41724 01995 00000 10185 20078 30128 40207 60001 70400 333 59014 60007 50%=
41725 02996 00902 10170 20082 30107 40186 60001 333 59015 56%=
41726 01995 00000 10170 20082 30114 40186 60001 70500 333 59023 60007 56%=
41738 02996 00508 10155 21222 30058 40246 60001 333 59006 60007 06%=
41739 01996 03610 10060 21051 39117 48549 60001 70500 333 58020 60007 45%=
41742 12997 02704 10210 21047 40194 60001 333 59007 17%=
41743 01996 00502 10170 20115 60001 70400 333 60007 70%=
41744 02996 03104 10140 21007 38827 48549 60001 333 59009 60007 40%=
41745 01996 03602 10175 20064 60001 70400 333 60007 48%=
41746 02996 03602 10170 20082 30144 40198 60001 333 59054 60007 56%=
41747 01995 03604 10185 20078 40182 60001 70400 333 59008 60007 50%=
41748 01996 00504 10175 20077 40200 60001 70500 333 59012 60007 52%=
41749 01995 03602 10190 20072 30167 40200 60001 70400 333 59004 60007 46%=
41756 01995 03616 10180 21048 30141 40208 60001 70700 333 59010 60007 21%=
41757 11995 03610 10190 21075 30205 40218 60001 70600 333 59010 60007 16%=
41759 01994 03618 10175 21124 30196 40202 60001 70733 333 59008 60007 12%=
41760 01995 00216 10210 21047 30168 40181 60001 70600 333 59008 60007 17%=
41764 01995 03606 10200 20031 30130 40181 60001 70400 333 59016 60007 33%=
41765 02996 03604 10210 20075 30143 40178 60001 333 58009 60007 42%=
41766 01995 03602 10185 20090 40189 60002 70400 333 59012 60007 54%=
41767 02996 00000 10180 20044 3//// 4//// 60001 333 60007 41%=
41768 02996 03602 10210 20048 30166 40173 60001 333 59010 60007 34%=
41780 01995 03604 10225 20009 30147 40175 60001 70500 333 59021 60007 24%=
41783 02996 00000 10195 20038 30137 40167 60001 333 59018 60007 35%=
41785 02996 00502 10195 20067 30171 40184 60001 333 59003 60007 43%=
41786 02996 03604 10220 20034 30125 40161 60001 333 59013 60007 29%=
41BAG 02697 50502 10010 21125 60001 82510 333 56990 60007 82640 85460 36%=
41BAG 02697 50502 10010 21125 60001 84510 333 56990 60007 82640 85460 36%=
41BKI 02996 20000 10130 20028 39774 40201 60001 70400 82030 333 56090 59004 60007 82360 50%=
41SKP 01994 00000 10130 20068 3//// 4//// 60001 70440 333 5//// 60007 66%=
43532 02997 00000 10080 20010 39375 40205 60001 333 59012 60007 61%=
43533 02997 00000 10110 21008 39250 48510 60001 333 59022 60007 44%=
43563 02997 00000 10094 21015 39486 40198 60001 333 59012 60007 46%=
41696 02996 00000 10030 21051 38048 48579 60001 333 59002 60007 55%=
41767 02996 00000 10180 20044 3//// 4//// 60001 333 60007 41%= 
41744 02996 03104 10140 21007 38827 48549 60001 333 59009 60007 40%= 


UPPK OPKC 170600=
PPAA 6705/ 41780 MISDA NO ASCENT DUE TO PAF FLIGHT=
PPAA 6706/ 41506 MISDATA DUE TO TECHNICAL FAULT 
PPAA 6706/ 41516 MISDA DUE TO AIR MOVEMENT=
PPAA 6706/ 41517 MISDA DUE TO AIR MOVEMENT=
PPAA 6706/ 41598 MISDA DUE TO TECNICAL PROBLEM=
PPAA 6706/ 41600 MISDA DUE TO TECHNICAL PROBLEMS=
PPAA 6706/ 41624 MISDA DUE TO TECHNICAL FAULT=
PPAA 6706/ 41640 MISDA DUE TO TECNICAL PROBLEM=
PPAA 6706/ 41646 MISDA DUE TO TECHNICAL PROBLEM=
PPAA 6706/ 41678 MISDA DUE TO TECHNICAL PROBLEM=
PPAA 6706/ 41715 NO ASENT DUE TO BALLOONS OUT OF STOCK=
PPAA 6706/ 41718 MISDA DUE TO TECHNICAL PROBLEM=
PPAA 6706/ 41739 NO ASCENT DUE TO security risk=








Data Generated from File : D:/all data handling/Rmc_lhr/2024121706.FSU.txt
17/12/2024   07:07:04
____________________________________________________________________________________________
15020 04/70 63103 10078 20010 39979 40178 55006 60002 83076 333 10101 20065 31005 55300 20000 60007 91005 90760 91105==
15090 04/70 62602 10076 20021 30092 40185 57010 60002 83046 333 10090 20069 31001 55300 10150 20000 30000 60007 70006 91004 90760 91104==
15108 01/00 92817 11037 21037 38045 48461 55001 60002 74543 89/// 333 11035 21058 49067 55300 20000 60007 70061 91022 90760 91122==
15150 04/70 72103 10087 20022 39981 40196 56010 60002 82046 333 10094 20031 31000 55300 20000 60007 91006 90760 91107==
15170 01570 82505 10035 20018 39452 42838 57003 69902 70282 883// 333 10036 20004 3/101 41998 55300 20000 69907 91008 90760 91110==
15280 01005 6//// 11036 21040 37514 47063 56007 60002 74143 82540 333 11026 21044 49040 55300 20000 60007 70000==
15310 04/69 72104 10028 20016 30127 40216 57009 60002 85076 333 10060 20028 31002 55300 10160 20000 30000 60007 70000 91008 90760 91110==
15335 04/70 32404 10063 20018 30207 40214 57009 60002 83040 333 10077 20038 31002 55300 20002 60007 70000 91008 90760 91108==
15350 04570 52003 10035 20016 30102 40226 58009 60002 85500 333 10108 20035 31003 55300 20001 60007 70000 91005 90760 91107==
15360 04/70 22206 10047 20025 30192 40209 58006 60002 82030 333 10069 20044 60007 70000 91008 90760 91108==
15420 04/70 62204 10041 20021 30121 40235 57016 60002 81045 333 10071 20037 31101 55300 20000 60007 70000 91007 90760 91107==
15460 04/70 42403 10057 20020 30211 40236 57015 60002 82078 333 10075 20052 31002 55300 20001 60007 70000 91005 90760 91107==
15470 04/70 32506 10047 20028 30122 40252 55013 60002 83040 333 10063 20034 31002 55300 20000 60007 70000 91008 90760 91112==
15480 04/70 32503 10063 20018 30212 40230 58008 60002 82031 333 10073 20057 31004 55300 10170 20000 30000 60007 70000 91006 90760 91108==
15549 12970 42505 10067 20024 39826 40247 57008 60002 80001 333 10070 20041 70000 555 31001 574//=
15552 12980 02904 10091 20027 30189 40238 58010 60002 222// 00097 10201 333 10091 20066 55072 70000 555 31005 564// 92026 92428=
15640 12674 21103 10023 20018 39954 40277 57006 60002 82501 333 10099 20021 55083 70000 555 31001 596// 92600=
15655 12570 12502 10045 20005 30235 40269 53003 60002 81100 222// 00105 10201 333 10066 20044 70000 555 30/// 576// 92023 92428=
15730 12970 10000 11014 21026 39890 40306 53003 60002 80001 333 10040 21015 55041 70000 555 31/// 591// 92600=
16627 12560 10000 10014 20003 30289 40295 51009 60002 81100 333 20010 30/// 55070 70000 90730 91104==
16650 12960 00000 10052 20033 30289 40298 58001 60002 333 20034 31/// 55059 70000 90730 91104==
16667 12960 02505 10058 20029 30293 40305 54000 60002 333 20058 30/// 55061 70000 90730 91108==
16706 12960 00003 10084 20038 30282 40289 55006 60002 333 20084 30/// 55057 70000==
16723 12960 00107 10090 20045 30280 40295 57005 60002 333 20090 30/// 70000 90730 91120==
16742 12960 00115 10100 20047 30115 40274 50006 60002 333 20100 30/// 70000 90730 91128==
16749 12960 00002 10112 20070 30249 40263 52009 60002 333 20112 30/// 55063 70000 90730 91112==
16754 12460 43411 10130 20068 30252 40300 52004 60002 84800 333 20130 30/// 55000 70033 82818 84625 90730 91119==
16757 12560 33316 10128 20093 30149 40284 52004 60002 83500 333 20122 30/// 55002 70000 90730 91127==
16760 12460 50207 10094 20042 40302 57010 60002 85800 333 20088 30/// 55001 70033 82818 85630 90730 91113==
16765 12560 13015 10132 20037 40272 52008 60002 81100 333 20127 30/// 70000 90730 91118==
17022 12970 11710 10068 21013 30116 40286 58003 60002 80001 333 20057 32004 55000 20268 70007 81070 90760 91114==
17024 12670 42016 10122 20097 30175 40253 50002 60002 82430 333 20045 32001 55007 70012 82635 84360 90760 91120==
17026 12570 52603 10098 20040 30225 40265 52008 60002 83540 333 20059 31002 55000 20209 70010 83632 85359 90760 91118==
17031 12670 52206 10076 20013 30266 40273 52015 60002 82140 333 20011 31000 70036 82836 85360 90760 91111==
17034 12670 50000 10090 20031 30234 40281 52017 60002 83230 333 20076 32006 55000 70036 83835 85360 90760 91104==
17038 12/70 70000 10093 20024 30222 40271 53013 60002 87030 333 20074 30/// 70012 87358 90760 91112==
17042 11670 61105 10076 20036 30234 40275 53005 60082 70262 83250 333 20051 32005 55000 70340 83835 86360 90760 91115==
17050 12970 00301 10009 21018 30233 40298 53003 60002 333 20008 30102 55056 90760 91103==
17056 12970 01803 10080 20036 30291 40296 53002 60002 333 20049 31002 55083 20888 90760 91109==
17060 12960 02112 10082 20047 30258 40299 53003 60002 333 20064 30001 90760 91118==
17070 12965 00000 11013 21030 39406 40310 52008 60002 333 21018 34106 55/// 20281 70001 90760 91103==
17074 12562 62103 10023 20012 39332 40298 52010 60002 84550 333 21012 31107 55001 20276 70001 84630 86360 90760 91107==
17084 11640 61801 11002 21007 39375 40314 52015 60002 71011 83550 333 21007 31105 55007 21436 83635 85360 90760 91104==
17085 11670 41702 10030 20014 39798 40304 52016 69912 70261 82550 333 20023 31001 55006 70010 82640 84360 90760 91106==
17092 11420 60000 11042 21045 38948 48558 52011 60002 71022 84530 333 21068 3/107 47003 55000 20318 70014 81710 83645 86358 90760 91104==
17096 11660 32401 11109 21109 38273 48548 52010 60002 70141 83500 333 21135 3/114 43014 55053 20222 70004 83635 90760 91112==
17098 12660 42506 11061 21095 38208 48524 52011 60002 82530 333 21093 34110 82635 84357 90760 91115==
17100 11650 50000 11034 21078 39239 40278 53008 60002 71011 82530 333 21051 30108 55005 20461 82636 85357 90760 91104==
17112 12970 00903 10033 20008 30298 40301 52001 60002 333 20026 31002 55053 20682 90760 91106==
17115 11950 00000 11005 21005 30262 40316 52005 60002 71000 333 21014 34102 55062 20783 90760 91105==
17116 11940 00201 10006 20006 30190 40317 50003 60002 71000 333 21005 34101 55013 20444 70006 90760 91102==
17124 11207 80000 11042 21045 39377 40342 52009 69902 74800 886// 333 20272 34105 88705 90760 91105==
17128 12460 62501 11004 21024 39182 40322 52015 60002 86600 333 21026 34104 55015 20226 86713 90760 91107==
17135 12/70 22101 10009 20004 39406 40311 52014 60002 82030 333 20004 34103 55009 22855 82360 90760 91104==
17140 11456 32601 11015 21015 38781 48558 52013 60002 71011 83700 333 21018 3/103 45998 70008 83710 90760 91108==
17150 11920 00000 11022 21022 30192 40322 52005 60002 71000 333 21028 34104 55042 20745 90760 91104==
17160 11958 02201 11006 21039 39116 48567 52013 60002 71000 333 21020 34106 55000 20281 70018 90760 91104==
17170 11459 60504 11002 21023 38366 48538 52014 60012 70272 85550 333 21013 47003 70020 81710 84625 86357 90760 91121==
17175 12965 01601 10040 21021 30295 40299 51001 60002 333 20034 31000 55046 20716 90760 91104==
17184 12961 03501 10000 21007 30201 40318 52007 60002 333 21002 32101 55080 21005 90760 91103==
17190 11958 00000 11024 21024 39092 48572 52007 60002 71000 333 21033 34106 55000 70011 90760 91102==
17195 11423 41702 11003 21005 39062 48567 53007 60002 71011 84500 333 21013 32103 55000 20134 70050 81717 84635 90760 91105==
17200 11040 53203 11032 21035 39288 40324 53004 60002 74111 83550 333 21046 43002 70026 81701 83635 85359 90760 91110==
17202 12670 52505 11018 21028 39222 40310 51004 60002 83540 333 21026 44003 70024 83635 85360 90760 91106==
17203 12670 20401 11015 21054 38952 48589 52012 69962 82500 333 21029 3/105 47001 55027 20477 70010 82640 90760 91105==
17210 11507 80201 10006 21004 39214 40282 52011 60002 74642 84520 333 20003 30000 55033 84633 85459 90760 91104==
17219 12965 03102 10022 20005 30158 40308 53006 60002 333 20018 30000 55073 20980 90760 91114==
17234 12670 10901 10046 20042 30227 40297 52009 60002 81100 333 20039 32002 55060 20909 81840 90760 91102==
17237 12970 00000 10042 20032 39795 40314 52006 60002 333 20036 32000 55000 70010 90760 91103==
17240 12970 02803 10009 21008 39129 40309 52007 60002 333 20000 34105 55005 20394 70019 90760 91106==
17244 12570 22003 10002 21018 39092 48573 52006 60002 82500 333 21016 34/// 70004 82630 90760 91113==
17248 12670 31001 10005 21001 39072 48566 53001 60002 83100 333 20001 32101 55000 70062 83840 90760 91110==
17250 12670 72602 10008 20003 38891 48572 52006 60002 84550 333 20007 32101 55000 20176 70040 84640 87360 90760 91108==
17260 11957 03402 10014 21003 39413 40261 51007 69922 71011 333 20003 34101 70016 90760 91114==
17270 12970 02902 10037 21003 39620 40290 52009 60002 333 20012 30102 90760 91107==
17275 12670 20115 11007 21014 39047 48549 51010 60002 82500 333 21013 30101 55011 82640 90760 91119==
17280 12660 52806 10012 21018 39473 40294 52006 60012 82530 333 20002 31000 55000 70016 82640 85360 90760 91108==
17290 12970 23607 10100 20021 30247 40280 51001 60002 80001 333 20087 30005 55078 82070 90760 91113==
17292 12970 03002 10031 20000 39507 40285 53009 60002 333 20031 31000 55002 20356 90760 91112==
17300 12960 03408 10083 20019 30208 40281 52015 60002 333 20074 30008 90760 91115==
17310 12970 00704 10136 20024 30245 40252 52014 60002 333 20119 32007 55000 70004 90760 91108==
17330 12970 03004 10116 20029 30255 40273 52015 60002 333 20095 32006 70058 90760 91115==
17350 12960 03104 10060 20041 30177 40257 52006 60002 333 20022 30/// 70003==
17370 12970 01201 10104 20000 30262 40266 51009 69962 333 20085 31005 55002 70018 90760 91107==
17375 12970 03603 10118 20043 30254 40256 52016 60002 333 20090 32006 55043 20795 70070 90760 91108==
33088 11597 82707 10075 20067 39888 40077 57001 60022 78082 889// 333 20043 555 11006=
33135 11496 82506 10026 20018 39899 40047 57005 60022 76186 8872/ 333 20026 41997 88712 555 1/002=
33177 11597 82709 10074 20065 39892 40127 53002 60102 72582 889// 333 20066 555 12006=
33317 11497 82807 10064 20057 39773 40107 54000 60052 72582 889// 333 20047 88917 555 12005=
33393 11231 82706 10062 20058 39778 40169 57002 60052 78082 889// 333 20062 86704=
33415 11597 72710 10075 20038 39749 40144 57001 69932 75185 87730 333 20072 87722 91119 555 11005=
33429 11498 72712 10071 20042 39712 40131 57005 60082 70282 86931 333 20056 84616 91119 555 11004=
33466 11540 82304 10032 20027 39897 40085 57015 60012 78081 889// 333 20030 41001 87921 555 11002=
33506 12497 82204 10024 20005 39876 40073 51007 69902 886// 333 20015 42001 555 12000=
33562 11560 82807 10080 20046 39820 40121 56008 60042 72582 8695/ 333 20050 555 12005=
33587 11496 82802 10060 20044 39851 40113 58017 60022 78082 889// 333 20046 88919 555 11002 31001=
33658 32784 52804 10084 20015 39875 40173 57005 85500 333 20074 85650 555 11004=
33663 32597 62804 10100 20040 30055 40150 57003 84930 333 20097 555 11006=
33664 32597 62705 10077 20034 39842 40157 57009 84530 333 20075 91112 555 80014=
33678 11598 72807 10072 20030 39964 40173 57001 69922 70182 86530 333 20066 91114 555 80012=
33679 32497 82604 10078 20038 39971 40161 57006 889// 333 20057 88918=
33711 11560 82504 10046 20024 39899 40109 58007 69932 78081 883// 333 20030 88924 555 11001=
33745 32597 72403 10054 20019 39997 40185 54000 87900 333 20033 555 80015=
33748 32597 62603 10056 20019 39894 40180 57007 83330 333 20050 555 80012=
33754 11598 72505 10091 20032 30013 40159 58004 69902 70282 85330 333 20074 91112=
33761 11470 72806 10074 20050 39915 40136 57014 69902 70262 83370 333 20051 555 11005=
33791 32989 52606 10050 20025 39998 40126 56002 85030 333 20038 555 11002=
33815 32598 72505 10067 20004 39967 40175 57005 86540 333 20062=
33837 11584 82802 10094 20023 30121 40172 57007 69902 78082 8635/ 333 20054 555 11005=
33881 32598 52505 10075 20016 39994 40191 57011 83532 333 20045 555 80011=
33883 32998 62302 10067 20019 30028 40191 57010 80002 333 20043 555 80016=
33885 31596 61905 10017 20012 30077 40141 57015 71011 82540 333 10017 555 80012=
33892 32998 62804 10068 20014 39969 40184 57012 86030 333 20038 555 80020=
33902 32597 72604 10072 20029 30097 40156 58006 87500 333 20047 555 11004=
33924 12570 82407 10105 20069 30174 40187 52001 69902 885// 333 20079 91010 90760 91112==
33946 12681 82507 10086 20077 39976 40196 52003 60042 885// 333 20058 88639 91010 90760 91110==
33983 12560 72607 10061 20038 30107 40168 52011 60032 87500 333 20052 91012 90760 91114==
34300 12997 52604 10015 21011 39875 40053 52014 69932 85030 333 20015 43004 555 13101=
34336 42570 52604 10014 21016 39909 40012 51025 85500 333 90760 91111==
34344 42670 52604 10021 21001 39916 40004 51025 85500 333 90760 91111==
34356 41560 72605 10014 21022 39833 49979 53033 70252 87500 333 90760 91112==
34357 41570 32404 10019 21025 39833 49987 52028 70281 81530 333 91011 90760 91114==
34398 11/40 82108 10001 21002 39935 49948 57019 69932 77373 8802/ 333 21032 91015 90760 91118==
34415 12670 52704 10022 20003 39966 40063 52015 69942 82530 333 20016 41997 555 1/100=
34438 42560 52605 10014 21002 39850 40041 52026 85400 333 91010 90760 91111==
34445 41/70 42309 10012 21002 39904 40018 52030 70181 84040 333 91013 90760 91114==
34461 41460 72603 10020 21020 39935 49990 53034 70382 85330 333 90760 91112==
34473 11597 82509 10012 20001 39917 49955 53014 69990 70272 8802/ 333 21013 91117=
34476 41440 82410 10020 20004 39958 49965 53014 76086 8872/ 333 91013 90760 91114==
34504 12980 82606 10023 20010 39929 40104 52002 69912 8805/ 333 20017 42001=
34535 42570 32605 10030 21007 39989 40061 52027 82930 333 91010 90760 91112==
34545 42/70 22608 10021 20000 39932 40044 51029 80030 333 91012 90760 91113==
34555 41/70 12608 10020 21006 39945 40036 53034 70161 81030 333 91013 90760 91115==
34560 41760 72710 10015 21007 39808 49997 52029 70187 87300 333 91011 90760 91118==
34578 41/40 82507 10021 20016 39998 40004 53019 71082 8808/ 333 91011 90760 91115==
34579 41510 82206 10018 20018 39953 49997 52016 71076 885// 333 91012 90760 91114==
34644 41/60 32504 10026 20007 39992 40069 52025 70262 83030 333 90760 91111==
34646 41570 62606 10032 20008 39984 40065 52035 70282 82531 333 91010 90760 91115==
34655 42560 12508 10032 20005 39994 40054 53033 81500 333 91013 90760 91116==
34662 41570 22505 10028 20000 30014 40025 53030 70181 82500 333 91012 90760 91112==
34691 11/40 82304 10006 21002 30170 40157 57023 69982 77172 8802/ 333 21013==
34720 42970 22602 10025 20006 30068 40107 51023 80001 333 90760 91110==
34727 42/60 22709 10037 20014 30098 40128 51020 81031 333 91012 90760 91114==
34743 41/60 52605 10033 20012 39984 40073 52032 70262 82031 333 91010 90760 91114==
34759 41460 72506 10040 20028 39947 40077 53029 70282 87900 333 91011 90760 91120==
34772 41470 82409 10031 20013 30031 40034 53011 72162 885// 333 91013 90760 91118==
34785 41440 82308 10009 21001 30063 40041 57003 77172 8672/ 333 91016 90760 91119==
34798 11440 82011 10010 21001 30097 40068 57008 69902 77177 8872/ 333 21038==
34824 41940 62603 10044 20025 30143 40148 52018 71011 80004 333 90760 91114==
34838 41460 82505 10051 20019 30039 40136 52024 70262 886// 333 90760 91112==
34845 41570 82306 10050 20028 30003 40110 53038 70282 883// 333 91012 90760 91118==
34858 41540 82706 10053 20025 39984 40091 52019 71062 8553/ 333 91014 90760 91120==
34861 41560 82908 10031 20010 39833 40074 52024 78088 889// 333 91012 90760 91121==
34866 41570 82608 10042 20023 30077 40068 53008 72582 889// 333 91015 90760 91119==
34880 41420 82108 10021 20005 30091 40065 52002 76876 8672/ 333 91015 90760 91115==
34887 41440 82506 10010 20005 30109 40086 53005 78587 889// 333 91012 90760 91112==
34949 41470 82612 10033 20017 39581 40127 52015 70276 866// 333 91017 90760 91126==
34954 41570 82506 10057 20022 39940 40113 52010 70282 884// 333 91012 90760 91117==
34958 41570 82504 10046 20009 39914 40113 52004 70282 885// 333 91010 90760 91116==
34975 41470 82506 10032 20003 30104 40100 57001 72582 889// 333 88910 91016 90760 91116==
34984 41440 82108 10018 21006 30138 40107 53006 76162 8672/ 333 91013 90760 91113==
35217 11/20 81808 11020 21026 39953 49993 57026 60002 77373 8802/ 333 21024==
35302 11/60 82115 11001 21022 39942 49962 57028 60002 77172 8802/ 333 21031 91015 90760 91119==
35315 12598 81507 11024 21036 39965 40022 57026 69970 885// 333 21031=
35344 31497 81707 11075 21101 39826 40121 57012 77173 8802/ 333 21075=
35358 12/60 81805 11064 21100 30038 40213 57033 60002 8804/ 333 21094==
35368 31996 71804 11077 21117 39940 40216 57024 73632 87030 333 21097 91118=
35386 31998 21505 11118 21169 39771 40320 57025 73631 82040 333 21162=
35394 11/70 71707 11099 21176 39623 40331 57024 69902 73631 82031 333 21172==
35404 11496 82210 10003 21005 39962 49970 57027 69900 77173 8802/ 333 21012 91115=
35406 11/60 81806 11006 21018 30004 40006 57024 60002 77172 8802/ 333 21025==
35416 11570 81607 11024 21046 39937 40058 57019 60032 73632 885// 333 21033==
35426 11410 81505 11041 21074 39797 40091 56008 60022 71073 886// 333 21059==
35437 11598 81907 11056 21086 39798 40117 57007 69950 73673 8802/ 333 21066=
35449 31998 81610 11074 21113 30066 40172 57007 73733 80003 333 21083 91115=
35497 11970 21410 11120 21169 39660 40515 57023 60002 73733 80001 333 21168 91018 90760 91119==
35498 32998 21304 11140 21175 39430 40363 57022 80001 333 21220=
35514 11596 71809 11013 21021 30136 40132 57023 60030 78584 87900 333 21043=
35522 11698 71904 11027 21053 39831 40083 57011 60050 70244 85530 333 21050=
35542 31497 81804 11076 21098 30006 40157 57005 77172 8802/ 333 21079=
35563 31596 81804 11146 21160 39460 40274 57026 71032 885// 333 21160=
35576 12/70 41607 11110 21172 39830 40301 53026 60002 84070 333 21152==
35582 32998 40202 11119 21202 39689 40321 57038 80003 333 21195=
35594 11999 31408 11139 21174 39459 40348 57024 69900 73633 80001 333 21206=
35605 11596 81708 10003 21005 30056 40035 57029 69900 77072 8802/ 333 21032=
35633 31596 81807 11064 21083 39919 40137 57006 71032 8657/ 333 21070=
35671 12/70 71203 11136 21157 39824 40278 57029 60002 85041 333 21165==
35699 11960 20507 11147 21181 39567 40373 57028 60002 73631 80004 333 21178==
35700 11/20 82208 10004 21009 30085 40062 57037 60022 77371 8802/ 333 21022==
35715 11996 82105 11010 21019 30115 40100 57016 60020 71022 8802/ 333 21022=
35739 32599 81806 11048 21080 39996 40137 56002 70233 8802/ 333 21062=
35746 11/70 81606 11065 21097 30099 40168 57010 60002 70232 86052 333 21079==
35777 32997 81105 11110 21154 30051 40418 53020 8802/ 333 21145=
35796 11960 40505 11151 21178 39899 40366 57026 69902 73630 80001 333 21209==
35849 12570 71304 11062 21126 30089 40177 57013 60002 87500 333 21079==
35895 31998 20605 11114 21133 39875 40343 57033 73631 80002 333 21155=
35907 32598 82207 10023 20004 30139 40108 57020 885// 333 21007=
35925 11520 82504 11006 21009 30026 40137 53007 69932 71072 887// 333 21035==
35927 11596 82302 11001 21019 30136 52006 69900 71022 886// 333 21026=
35953 12584 71103 11075 21114 30072 40205 57025 60002 85532 333 21104==
35969 12584 71105 11094 21151 30072 40253 57024 60002 82550 333 21125==
35997 32998 20904 11112 21156 39865 40323 57031 81031 333 21137=
36259 42584 30000 11211 21246 38322 48604 57012 82901==
36335 32999 21505 11086 21210 39291 40351 57026 80001 333 21193=
36358 32999 02004 11126 21180 39317 40389 57028 333 21230=
36394 32997 01201 11142 21185 39973 40425 58030 333 21231=
36397 12984 01804 11122 21182 39816 40413 57028 60002 333 21227==
36403 31996 02802 11183 21202 30044 40437 57027 71000 333 21243=
36418 32999 23301 11185 21221 39793 40463 57012 80003 333 21187=
36421 32999 00000 11228 21254 39849 40474 57027 333 21299=
36428 12984 01801 11160 21194 39906 40446 57025 60002 333 21246==
36439 11998 01104 11163 21203 39096 48577 57021 69900 70231 333 21224=
36498 32998 03603 11177 21202 39550 40402 57035 333 21265=
36501 32999 00000 11158 21230 39595 40400 57027 333 21180=
36535 12/84 50000 11205 21249 39772 40465 57025 60002 83031 333 21300==
36546 32999 00601 11166 21197 39878 40461 57012 333 21280=
36619 32999 00501 11134 21182 333 21255=
36622 32998 00402 11151 21197 39547 40405 57033 333 21285=
36639 12984 00000 11059 21154 39731 40354 57048 60002 333 21266==
36643 32999 00601 11154 21196 39734 40445 57021 333 21251=
36665 32999 00000 11127 21193 39663 40433 57025 333 21164=
36666 32999 00703 11154 21185 39917 40447 57026 333 21238=
36729 31996 00911 11052 21093 30003 40506 57019 73830 333 21175 91020 91121=
36736 32999 01001 11089 21167 39802 40380 57045 333 21226=
36744 32998 00504 11113 21138 39856 40329 58042 333 21191=
36770 32999 01101 11116 21155 39554 40317 57039 333 21280=
36786 32999 02901 11066 21134 39353 40297 57043 333 21192=
36796 31998 00000 11243 21272 39079 48491 58039 70241 333 21299=
36803 31999 01013 11060 21087 39871 40334 57062 70230 333 21155 91017 91120=
36806 32998 01613 11162 21247 39903 40408 57027 333 21232 91018 91122=
36819 32998 20000 11140 21170 39677 40328 57023 80001 333 21154=
36821 12984 00302 11110 21141 39809 40324 57029 60002 333 21159==
36839 32999 01901 11059 21143 39129 40286 57034 333 21211=
36843 32998 00000 11015 21124 39087 40270 57029 333 21168=
36846 32999 00906 11089 21185 38626 48515 57029 333 21208=
36859 12984 00000 11053 21136 39550 40358 57030 60002 333 21157==
36870 12960 00501 11079 21105 39235 40284 57030 60002 333 21143==
36874 32999 01802 11138 21164 39544 40374 57030 333 21210=
36877 32999 03402 11090 21138 39537 40581 57032 333 21226=
36885 32999 02902 11073 21123 39122 40288 57031 333 21152=
36889 32999 01801 11050 21224 37031 47046 57012 333 21142=
36894 31999 00510 11037 21136 39538 40294 57038 73630 333 21090 91020=
36905 32999 00000 11048 21133 38795 48556 57028 333 21164=
36911 42999 00908 10065 21049 39233 40189 57019 333 21132 91117=
36927 42699 20502 11012 21096 38398 48563 57008 82100 333 21105=
36934 42598 60703 11012 21127 38316 48449 58009 82932 333 21096=
36953 32999 00000 11174 21195 38253 48508 57025 333 21221=
36963 42999 21404 11133 21255 37028 48/// 57006 80001 333 21208=
36974 42998 70901 11102 21165 38043 48590 58011 80006 333 21187=
36982 42999 61401 11143 21306 36519 47101 58007 80006 333 21304=
37018 41540 62603 10086 20078 30122 40197 53012 70182 86900 333 90760 91118==
37031 41460 82609 10061 20035 39952 40147 52017 70382 889// 333 91014 90760 91121==
37054 42/70 80000 10005 21023 39757 40147 52020 8005/ 333 21006==
37061 41560 82508 10039 20011 39957 40126 53003 72582 8631/ 333 91013 90760 91111==
37085 42570 81705 10039 21022 30144 40117 58004 885// 333 90760 91111==
37171 41540 81107 10051 20039 30209 40228 57016 78198 889// 333 88930 91011 90760 91111==
37228 42/70 72001 10054 21082 39277 40104 57012 87070==
37235 42/70 23102 10025 21039 39805 40124 57010 8004/==
37472 42560 81103 10062 20006 30161 40138 57003 8357/==
38149 42570 71703 11031 21066 30095 40175 57003 87500 333 21068==
38178 42970 31605 11056 21122 39892 40189 57014 80003 333 21118==
38262 12570 71103 11031 21062 30081 40165 57006 60002 88500 333 21058==
38264 42/70 61705 11025 21058 30067 40163 57007 86030 333 21042==
38345 42999 00000 10025 21057 38809 48506 58018 333 21175=
38353 42998 03201 11031 21103 39319 40244 57015 333 21122=
38388 72998 72303 11002 21047 30091 40163 57015 87500 333 21040 6////=
38392 72997 61804 11026 21045 30065 40169 57002 86030 333 21052 6////=
38396 42960 61704 11027 21050 30052 40181 57003 80007 333 21063==
38403 42960 00901 11048 21120 30095 40221 57025 333 21091==
38413 42970 00906 11091 21125 39913 40222 52016 333 21087==
38457 12984 10000 10026 21077 39626 40222 57011 60002 80001 333 21094==
38462 42984 00501 10014 21159 38779 48514 57002 333 21102==
38507 72996 30000 10065 20044 30069 40172 54000 80001 333 20050 6//// 91004 555 50044=
38545 72998 61504 11016 21046 30008 40189 57003 83083 333 21057 6////=
38565 12870 60802 10005 21026 39585 40157 57011 60002 80004 333 21148==
38579 12970 51701 11004 21039 39792 40222 57011 60002 80008 333 21112==
38583 11960 23602 11070 21075 39902 40243 57015 60002 70344 80001 333 21179==
38599 31996 00810 11028 21066 39735 40271 58010 71000 333 21049 91116=
38611 41940 02101 11018 21083 39714 40308 57010 71000 333 21091==
38613 42999 00901 11013 21089 40284 58017 333 21112=
38616 43/// ///// 5//// 333 21125=
38618 12960 00701 11008 21027 39575 40288 57011 60002 333 21087==
38647 72998 72405 10094 21007 30117 40159 52002 87070 333 21037 6////=
38656 72998 70000 11024 21053 30072 40186 57003 87500 333 21051 6////=
38683 42960 61805 11020 21055 39926 40213 57008 80001 333 21069==
38687 72997 71807 10024 21050 39963 40203 57011 80001 333 21045 6////=
38696 12984 61402 10071 21098 39345 40199 57009 60002 80005 333 21098==
38713 32999 40201 10028 21101 39041 48500 57011 80004 333 21094=
38750 32597 82501 10089 20065 30238 40210 54000 885// 333 20011=
38763 72598 72105 10101 20011 30062 40166 53007 83505 333 21012 6////=
38774 72898 82001 10054 21027 39985 40182 58007 8807/ 333 21026 6////=
38799 32997 41805 10020 21011 39954 40190 54000 80001 333 21042=
38806 32997 31805 10014 21005 39935 40202 57008 80002 333 21036=
38812 42960 41102 10000 21042 39741 40208 57010 80001 333 21064==
38836 31996 30000 10012 21023 39278 40237 58010 71000 80002 333 21088=
38880 02697 60000 10056 21014 39921 40178 53007 60002 84930 333 21037 6////=
38886 72997 71701 11007 21045 39958 40194 52009 85039 333 21059 6////=
38895 32996 22104 10036 21014 39902 40197 53010 80008 333 21036=
38911 32998 31606 10017 21047 39921 40224 57012 80002 333 21038=
38915 32997 40909 10012 21017 39917 40250 53006 84050 333 21032=
38927 12960 61301 10005 21042 39874 40263 56007 60002 80001 333 21069==
38933 31595 83601 11030 21069 39760 40301 57022 71022 886// 333 21042=
38944 31692 83402 11048 21048 39674 40237 57007 74442 885// 333 21053=
38954 32899 10000 11009 21099 37992 48580 52011 81200 333 21057=
38974 72998 82003 10054 21014 39856 40194 53029 80008 333 21014 6////=
38987 32996 62104 10066 21039 39480 40228 57002 80002 333 21098=
40100 43/80 40905 10154 20016 30246 40262 53015 6///1 333 58000=
40180 12860 41202 10125 20081 30197 40248 52013 60002 84030 333 10147 20091 70000==
40199 12/// /0304 10120 20024 30219 40245 52012 60002 333 10153 20096 70000==
40255 36/// /0000 10073 29072 3//// 4//// 5////=
40265 31950 00000 10048 21051 39463 40283 52015 70500 333 20003 30104=
40270 31935 10000 10072 20050 39345 40263 52014 70400 80010 333 20046 30101 81070=
40272 31940 00000 10048 21043 39412 40271 52018 70500 333 21010 30102=
40296 31957 10000 10112 20022 30728 40246 5//// 70500 81001 333 20075 30003 81070=
40310 32960 02404 10040 21068 39020 48478 5//// 333 20022 3////=
40340 31950 33604 10105 20000 40251 52013 70500 80001 333 20083 30007 83068=
40356 42960 00000 10050 21120 39255 48542 333 20022 59025 555 04410 50259=
40357 42960 00000 10054 21140 39592 40251 333 20036 59036=
40360 42960 03006 10024 21120 39652 40265 333 20001 59022=
40361 42960 00000 10070 21160 39456 40284 333 20037 59035=
40362 42960 31203 10068 21140 39723 40255 80001 333 20024 59045 83070==
40373 42960 00000 10094 21100 39830 40265 333 20030 59041=
40375 42960 32403 10073 21080 39348 40243 80002 333 20026 59006 84070=
40394 42960 01904 10092 21100 39088 48551 333 20052 59038 555 04410 50240=
40400 42960 40105 10190 20030 30159 40187 80002 333 20168 59014 84070==
40405 42960 01202 10093 21110 39486 40254 333 20038 59051=
40417 42960 33012 10130 21150 30232 40248 80001 333 20065 59028 83070=
40420 42960 22910 10124 21150 30038 40254 80001 333 20070 59030 82070=
40430 41958 00406 10162 21040 39473 40230 70600 333 20129 59035=
40437 42960 00000 10119 21150 39537 40262 333 20041 59033=
40439 42660 40502 10214 20090 30152 40170 81531 333 20178 59009 81640=
40582 32960 53005 10085 21094 40255 52015 83031 333 55300 00205 10000 20761 30245 40843 51065 61007 55407 40516 83360 85070 90401 91007 91107 91205 91303=
40703 12660 30000 10005 21082 38944 40246 52011 60001 83500 333 30108 5//// 70000 83640 555 11023 29052=
40706 12665 50000 11018 21085 38668 40260 52006 60001 81470 333 34108 70000 81635 85358 555 11038 29060=
40712 12665 11902 10004 21091 38690 40248 50006 60001 81500 333 34113 5//// 70000 81635 555 11024 29049=
40713 12665 40802 10039 21082 38675 40217 52014 60001 81130 333 34105 70000 81835 83359 555 11003 29041=
40718 12560 32801 10106 20051 30222 40193 53005 60001 81542 222// 0//// 20301 333 31001 50041 7000 0 81620 555 10081 29069=
40723 12570 89901 11022 21074 38974 40255 51002 60001 81677 333 3/112 42001 70000 84360 88266 90768 93100 555 11037 29068=
40726 12660 30000 10050 21109 38678 40217 53009 60001 83500 333 31101 5//// 70000 83635 555 10000 29031=
40727 12965 42704 10053 21132 38503 40233 52005 60001 80002 333 34104 70000 84070 555 11006 29025=
40732 12560 72701 10102 20053 30205 40180 57010 60001 83520 333 30002 50091 70000 83627 87460 555 10080 29072=
40736 12960 70000 10078 20034 30213 40187 57010 60001 80006 333 31101 50041 70000 87267 555 10060 29074=
40737 12670 62001 10097 20034 30166 40184 57019 60001 82570 333 32102 50211 70000 82635 86360 555 10070 29065=
40738 12660 71602 10102 20068 30203 40205 58012 60001 82506 333 31105 5//// 70000 82635 87268 555 10086 29079=
40739 12665 80602 11044 21078 38728 40302 50001 60001 84510 333 30108 5//// 70000 84640 87460 555 11053 29077=
40741 12960 61407 10050 21023 39853 40196 51016 60001 80006 333 3/102 42003 70000 86269 90768 9310 0 555 10023 29058=
40743 12965 40804 11016 21095 39119 40289 50005 60001 80002 333 35108 5//// 70000 84070 555 11038 29055=
40745 12962 70902 10018 21051 39054 40255 53004 60001 80006 333 3/116 47008 70000 87269 90768 9310 0 555 11007 29060=
40747 12660 41902 11022 21057 38680 40285 52007 60001 82501 333 34109 70000 82640 83070 555 11032 29077=
40754 11950 81702 10004 21060 38865 40262 51007 60001 70522 85077 333 30105 5//// 70000 85461 88268 555 11018 29062=
40762 12965 40000 11023 21113 38589 40301 50001 60001 80002 333 31115 70000 84069 555 11046 29050=
40766 12965 61804 10010 21083 38746 40283 50013 60001 81072 333 30110 70000 81460 86067 555 11020 29050=
40768 12965 70403 11012 21113 38279 40261 52002 60001 87070 333 30110 70000 87459 555 11041 29046=
40769 11657 70000 10002 21054 38319 40250 51002 60001 70522 82506 333 35106 5//// 70000 82635 8726 9 555 11018 29066=
40780 12970 21302 10054 21152 38730 40270 52015 60001 80002 333 34103 5//// 70000 82069 555 11007 29021=
40782 12965 63102 11002 21032 38924 40288 52007 60001 82036 333 30109 5///1 70000 82360 86268 555 11013 29080=
40785 12660 70702 10015 21013 39146 40285 57003 60001 82536 333 30104 5//// 70000 82640 85360 8727 0 555 10005 29082=
40791 12975 22001 10034 21173 39433 40294 53003 60001 80002 333 30106 5//// 70000 82070 555 11019 29020=
40792 12965 31504 10028 21153 38768 40282 51009 60001 80001 333 30108 5//// 70000 83070 555 11022 29025=
40798 12960 22101 11027 21077 37995 40301 53004 60001 82030 333 30115 5//// 70000 82360 555 11042 29068=
40800 11950 43101 10018 21083 38514 40301 52004 60001 70510 80009 333 30112 5//// 70000 84170 555 11016 29047=
40809 12970 41303 10001 21110 38543 40288 56001 60001 80002 333 30111 5//// 70000 84070 555 11032 29043=
40811 12960 43004 10096 21033 30210 40237 52013 60001 80001 333 30001 50251 70000 84070 555 10049 29040=
40812 12960 50201 10117 20002 39842 40225 53018 60001 85050 333 30002 50501 70000 85360 555 10069 29045=
40818 12960 22002 11025 21115 38020 40298 54000 60001 333 30110 5//// 70000 555 11040 29038=
40821 12965 41403 10046 21124 38829 40255 50001 60001 80005 333 30102 5//// 70000 84270 555 11007 29028=
40829 12960 13503 10024 21094 39716 40323 53005 60001 80002 333 30112 5///1 70000 81069 555 11012 29042=
40831 11957 32904 10080 21032 30243 40252 53012 60001 70500 80001 333 30101 50131 70000 83070 555 10040 29045=
40833 11956 22001 10093 20008 30210 40243 51019 60001 70500 80001 333 30001 50171 70000 82070 555 10059 29055=
40835 12960 31402 10115 21004 39401 40251 52012 60001 80006 333 30101 50241 70000 83270 555 10065 29044=
40841 12970 21202 10036 21117 38282 40265 56004 60001 80001 333 30112 5//// 70000 82070 555 11014 29032=
40845 12960 43303 10181 20105 30232 40237 52013 60003 80002 333 30015 50451 70000 84070 555 10140 29061=
40848 11957 40000 10054 21022 38580 40266 52009 60001 70500 80001 333 30007 5//// 70000 84070 555 10024 29058=
40854 12960 00000 10105 21159 39006 40241 58002 60001 333 30102 5//// 70000 555 10027 29014=
40856 12962 02202 10045 21204 38701 40291 56003 60001 333 30107 5///1 70000 555 11019 29014=
40859 12960 30000 10068 21076 38762 40253 51009 60001 80001 333 30107 50231 70000 83070 555 10018 29035=
40875 11925 00202 10178 21039 30218 40230 52014 60001 70600 333 30009 50701 70000 555 10092 29022=
40879 12960 00000 10103 21137 39565 40268 51008 60001 333 30000 50501 70000 555 10031 29017=
40882 11530 40702 10222 20121 30183 40218 51009 60001 70521 82170 333 30017 50361 70001 82830 83359 555 10165 29053=
40883 11930 00902 10197 20081 30200 40223 52010 60001 70500 333 30013 50501 70000 555 10137 29047=
40893 11950 00402 10214 21027 30208 40214 51010 60001 70500 222// 00185 20300 333 30016 50571 70000 555 10112 29020=
40898 11956 00703 10207 21061 30198 40207 56005 60001 70500 222// 00248 20900 333 30012 50531 70000 555 10102 29016=
41024 41958 00000 10278 20020 30143 40169 70600 333 20225 58001==
41036 42660 40000 10183 20060 38608 48557 84500 333 20120 59008 84640==
41055 41950 01204 10138 21030 38410 48559 70630 333 20096 59013==
41061 42960 01406 10138 21200 39522 40246 333 20084 59027==
41084 42960 00000 10122 21110 38913 48558 333 20076 59019==
41112 42960 03605 10138 21040 37988 48563 333 20055 59008==
41114 42960 00000 10145 21030 38026 48566 333 20052 59008==
41128 42960 01206 10128 21080 38882 48577 333 20060 59030==
41136 41957 01010 10153 21100 39407 40240 70600 333 20080 59030==
41140 42560 11310 10271 20180 30165 40173 81100 333 20220 59005 81830==
41150 42970 62809 10146 20022 40245 80001 333 20137 30013 59019 86075=
41176 44/66 /3208 10168 20063 30234 40240 333 20098 59026=
41194 11956 10608 10225 20073 30213 40219 60001 70611 80001 333 20184 59016 81075=
41196 41958 30504 10225 20072 30183 40224 70600 80001 333 20122 59017 83075==
41216 41958 32003 10196 20138 30218 40222 70500 80001 333 20167 59022 83075=
41217 41957 22004 10205 20128 30190 40219 70600 80001 333 20166 30014 59021 82075=
41246 31558 33502 10243 20098 30210 41183 70600 83800 333 20210 30021 59018 83625=
41254 36/// /1703 10124 20011 38077 49868 333 0E101 20005 55300 25022 59018=
41255 36/// /2203 10210 20110 39676 40188 333 0E016 20143 59012=
41263 36/// /2102 10202 20101 39618 40185 333 0E016 20145 55300 20910 59012=
41267 36/// /3216 10243 20138 30191 40204 333 0E022 20223 59009=
41268 36/// /3518 10245 20106 30144 40192 333 0E021 20217 55300 25022 59010=
41275 36/// /3309 10198 20109 30051 40223 333 0E015 20143 55300 20976 59010=
41288 31940 00416 10251 20149 30183 40205 70700 333 20236 3/023 59012=
41315 36/62 /3329 10135 21001 39370 48470 333 0E015 20102 55300 27865 59009=
41316 31959 03423 10212 20006 30181 40211 70700 333 20185 59008 55407 55408 55507 55508=
41396 41957 02402 10165 21065 39498 40240 70600 333 20092 3//// 59014=
41480 41458 10410 10272 20182 30182 40191 70500 81500 333 20218 30/// 59010 81618=
41506 12960 00000 10080 21013 38549 48460 60001 333 59020==
41508 12460 20000 10103 21053 38676 48440 60001 82200 333 56800 59022==
41516 11940 30000 10070 21076 38581 48370 60001 70500 80001 333 56008 59036==
41517 12440 10000 10015 21072 37820 48530 60001 81500 333 56800 59037==
41518 12460 42701 10050 21030 30001 48010 60001 82230 333 56880 58000==
41519 12960 00000 10075 21090 38785 48200 60001 333 59058==
41523 12960 60000 10105 21016 39118 48290 60001 86030 333 56080 59013==
41535 12960 00000 10140 21098 38733 48030 60001 333 59024==
41536 12960 00000 10100 21042 39071 48320 60001 333 59015==
41560 12960 01301 10105 21058 38316 48430 60001 333 59013==
41571 11940 02302 10155 21019 39614 40205 60001 70500 333 59013==
41598 11920 00000 10125 20049 39913 40191 60001 70400 333 59028==
41600 11940 00501 10150 20043 39886 40186 60001 70400 333 59018==
41620 11940 02702 10100 21115 38611 48130 60001 70500 333 59010==
41624 11920 00000 10170 20043 39984 40187 60001 70500 333 59018==
41630 11910 00000 10160 20057 30000 40200 60001 70400 333 59011==
41640 11940 00000 10160 20043 39936 40190 60001 70500 333 59022==
41660 01996 02306 10015 20115 38482 48572 60001 70500 333 59019=
41678 11940 00000 10150 20069 30000 40199 60001 70400 333 58018==
41696 12940 00000 10030 21051 38048 48790 60001 333 59002==
41697 12960 00000 10200 21004 30000 40194 60001 333 59015==
41700 11920 00000 10155 20075 30000 40185 60001 70400 333 59015==
41710 12960 03101 10060 21123 39459 40270 60001 333 59008==
41712 12940 00503 10050 21027 39291 48410 60001 333 59027==
41715 11940 03102 10175 20036 30124 40189 60001 70500 333 59012==
41718 11920 00000 10160 20081 30081 40187 60001 70400 333 59025==
41725 12940 00901 10170 20082 30107 40186 60001 333 59015==
41739 11940 03605 10060 21051 39117 48490 60001 70500 333 58020==
41744 12940 03102 10140 21007 38827 48490 60001 333 59009==
41749 11920 03601 10190 20072 30167 40200 60001 70400 333 59004==
41756 11920 03608 10180 21048 30141 40208 60001 70700 333 59010==
41757 11920 03605 10190 21075 30205 40218 60001 70600 333 59010==
41759 11910 03609 10175 21124 30196 40202 60001 70733 333 59008==
41764 11920 03603 10200 20031 30130 40181 60001 70400 333 59016==
41768 12940 03601 10210 20048 30166 40173 60001 333 59010==
41780 11920 03602 10225 20009 30147 40175 60001 70500 333 59021==
41785 12940 00501 10195 20067 30171 40184 60001 333 59003==
41859 31950 00502 10254 20140 30115 40152 70500 333 59009 70000=
41883 32950 00000 10254 20110 30132 40153 333 59010 70000=
41891 32956 01004 10262 20130 30108 40147 333 59010 70000=
41907 31940 00000 10250 20130 30132 40147 70540 333 59014 70000=
41923 31940 00000 10268 20110 30140 40149 70500 333 59007 70000=
41936 31920 00603 10258 20160 30139 40146 70540 333 59006 70000=
41943 31435 60000 10265 20150 30137 40144 70522 83520 333 56990 59008 70000 83617 84458=
41950 31440 60000 10255 20140 30145 40147 70521 84530 333 56590 59007 70000 84617 85362=
41978 01557 40307 10304 20150 30131 40138 70511 82831 333 59012 70000 82620 83365==
41992 31935 33304 10310 20190 30134 40136 70510 83030 333 56090 59011 70000 83362=
42027 31993 03201 10030 21051 38453 48540 71100 333 59037=
42071 31995 09902 10148 20061 40191 70440 333 59021=
42101 31995 00901 10182 20121 40192 70500 333 59017=
42111 31995 21403 10206 20095 39468 40165 70510 82030 333 59010 82360=
42123 31995 00000 10148 20066 40187 70500 333 59018=
42131 31995 00000 10166 20102 40183 70500 333 59024=
42165 31995 00000 10190 20077 40171 70500 333 59020=
42182 31993 01403 10200 20095 40175 70440 333 59022=
42189 31995 00000 10210 20117 40176 70540 333 59015=
42309 32996 03201 10238 20123 40163 333 59009=
42314 32996 00203 10244 20113 40161 333 59006=
42328 31995 00502 10196 20024 40152 70500 333 59016=
42339 31995 03202 10220 20068 40164 70500 333 59018=
42348 31995 00706 10190 20056 40168 70500 333 59030=
42361 31994 00000 10188 20093 40173 70540 333 59025=
42369 31995 00000 10224 20109 40173 70500 333 59016=
42379 31995 00000 10228 20123 40172 70500 333 59008=
42410 31995 00000 10244 20162 40161 70500 333 59003=
42415 32996 00000 10248 20123 40167 333 59013=
42452 31996 00000 10198 20073 40158 70500 333 59031=
42492 31995 03202 10220 20129 40169 70540 333 59013=
42559 31996 00901 10228 20064 40145 70200 333 59024=
42571 31996 00000 10206 20079 40167 70540 333 59018=
42591 31994 03404 10226 20116 40172 70500 333 59016=
42623 31495 20901 10194 20118 39287 40158 70500 82500 333 59014 82618=
42634 32996 00502 10232 21009 40167 333 59016=
42647 31995 00503 10248 20105 40149 70400 333 59024=
42667 31996 01107 10235 20083 39562 40148 70500 333 59024=
42675 31996 03602 10198 20062 40166 70500 333 59015=
42701 31995 00000 10208 20094 39419 40149 70500 333 59012=
42724 31995 30000 10260 20151 40143 70500 83030 333 59008 83360=
42737 32996 03604 10250 20066 40156 333 59015=
42754 32996 02307 10272 20047 39505 40129 333 59025=
42779 32996 00000 10228 20074 39456 40153 333 59016=
42798 31994 02502 10232 20110 40154 70400 333 59015=
42809 31996 33602 10252 20132 40151 70500 80001 333 59011 83075=
42840 31996 03602 10260 20121 40147 70400 333 59013=
42867 31996 03602 10250 20082 40152 70500 333 59023=
42874 31996 01402 10252 20105 40155 70500 333 59017=
42886 31996 02703 10244 20099 40157 70500 333 59021=
42895 32596 40502 10260 20143 40149 82530 333 59017 82620 83360=
42909 32996 00203 10268 20089 40145 222// 20000 333 59013=
42971 31595 43402 10254 20118 40151 70521 84530 333 59020 82620 84360=
43003 31995 00000 10296 20131 40128 70400 333 59017=
43014 31995 00904 10260 20148 39488 40128 70544 333 59021=
43041 32996 50000 10226 20125 39524 40141 80001 333 59010 85075=
43063 32997 00905 10248 20074 39511 40133 333 59021=
43086 32597 30501 10244 20146 39962 40140 82530 333 59019=
43110 31995 00902 10306 20064 40128 70544 333 59014=
43117 32997 01402 10272 20181 40129 333 59014=
43128 32997 20000 10264 20056 39531 40132 80001 333 59015 82070=
43150 31596 70208 10258 20144 30077 40138 70521 84552 333 59012 84620 85360=
43185 31596 80201 10242 20185 30118 40122 70522 8643/ 333 59017 84620 86360=
43189 32597 50502 10270 20151 30123 40132 81532 333 59018=
43192 32996 00502 10290 20157 40118 333 59015=
43198 31996 20908 10254 20078 39301 40116 70500 80001 333 59012 82075=
43201 32997 10903 10256 20131 39384 40102 80001 333 59015 81075=
43213 31596 59901 10260 20112 39802 40119 70522 81532 333 59014=
43233 32997 31406 10244 20144 39314 40127 80002 333 59016=
43237 31596 30702 10250 20150 39711 40104 70511 82530 333 59012 82620=
43245 32597 63406 10264 20189 30100 40126 84502 333 59015=
43279 31596 80210 10264 20196 30097 40114 70522 8325/ 333 57820 57830 59022 83620 81825 86360=
43284 31996 00904 10296 20184 39985 40099 70500 333 59018=
43295 32997 20902 10240 20161 39105 48516 80001 333 59017 82075=
43314 32997 12302 10318 20211 40105 80001 333 59010=
43321 31496 40904 10286 20176 39661 40101 70500 81501 333 59022 81615 83070=
43329 32597 70000 10260 20234 30096 40109 83530 333 59021=
43333 31496 60904 10286 20249 40107 70522 84420 333 56990 59005 82618 84820 86458=
43344 21495 72905 10260 20215 30007 40107 71052 83531 333 59027 6990/ 83616 86360=
43353 31496 21804 10310 20208 40104 70521 81530 333 56890 59001 81616=
43369 32597 20502 10318 20240 40105 82500 333 59008 82620=
43371 32896 50000 10304 20238 30029 40101 84031 333 59010 84358=
43404 22470 83404 10273 20244 30088 40091 56009 87000 333 553// 20220 59025 60008 91008 555 60008==
43410 21470 83103 10276 20253 30088 40091 57005 70282 88000 333 59021 60008 70054==
43413 22470 83404 10280 20250 30097 40102 5/005 88270 333 553// 20289 59019 60008 91008==
43415 22470 82902 10264 20244 39996 40104 54000 84000 333 59017 60008 555 69978==
43418 21465 83201 10276 20253 30049 40090 57012 78082 88170 333 59026 69908 70436 555 69908==
43421 22470 83401 10277 20276 39994 40099 57005 88000 333 553// 20149 59015 60008 91003==
43422 22470 82702 10257 20240 39965 40099 57006 88110 333 59014 60008 555 60008==
43424 22470 83403 10276 20239 30100 40102 58002 88170 333 59011 60008 70001 555 60008==
43436 21470 82301 10274 20248 30088 40091 57004 70262 88/// 333 59013 60008 70177 81820 555 60008==
43441 21470 8//00 10257 20240 39966 40099 52003 70382 88120 333 59009 69908 555 69908==
43444 21470 83201 10236 20227 39569 40101 54001 72162 84000 333 58001 69958 555 69958==
43450 21458 70203 10281 20251 30095 40107 58007 70522 85100 333 59009 60008 555 60008==
43466 21968 80602 10283 20223 30095 40103 5/009 70522 88050 333 553// 20211 59009 60008 91003==
43467 21440 73603 10285 20237 30096 40102 57009 70522 87220 333 59009 60008 70046 555 60008==
43473 22270 73002 10205 20197 38120 48478 55007 86000 333 553// 20455 59008 60008 91004 555 60008==
43475 22470 72702 10301 20233 30088 40092 57006 87000 333 553// 20183 59014 60008 70310 91004 555 60008==
43476 22466 72703 10232 20193 38766 48514 56008 87000 333 59012 60008 70290 555 60008==
43479 22/70 73101 10250 20221 39250 57004 333 59013 60008 84/16 555 60008==
43486 21460 60102 10295 20233 39996 40095 56012 70522 86000 333 553// 20345 59010 60008 91003==
43495 22470 52302 10285 20242 30081 40095 5/110 83000 333 59060 60008 70006 555 60008==
43497 22470 42105 10311 20000 30075 40092 5/009 84000 333 553// 20542 59009 60008 91006==
44212 41/70 70201 11177 21217 39273 40516 57015 70277 87010==
44213 41/70 80000 11170 21212 38905 40493 57020 72272 8802/==
44214 41660 73602 11160 21204 38346 40477 58010 70277 87500==
44215 41560 71305 11128 21163 38489 40456 57013 71072 87600==
44217 41998 20000 11156 21204 37887 40480 57007 70171 80004 333 91200=
44218 41/40 83201 11122 21158 38702 40458 57011 77177 8802/==
44219 41996 81002 11188 21223 38725 40515 57013 77172 8802/ 333 91203=
44265 42/84 71502 11139 21174 38958 40473 58015 87010==
44266 32699 72401 11136 21173 37805 40445 58011 85588 333 91203=
44404 42458 20904 10148 20039 38163 48502 82200 333 59016=
44416 42760 21803 10195 20105 39401 40183 80050 333 59016=
44424 42460 61201 10122 21030 37695 47105 83230 333 59010=
44434 41559 11405 10180 20110 39268 48543 70340 81100 333 59012=
44438 42956 02405 10246 20122 30050 40178 80000 333 59006=
44449 42960 02101 10250 20198 30008 40166 80000 333 59007=
44454 41456 22002 10164 20078 38695 48529 70044 82100 333 59010=
44462 42965 02702 10180 20075 38282 48498 80000 333 59003=
44474 42956 00302 10177 20063 38274 48510 80000 333 59010=
44477 42958 01902 10232 20111 38844 48550 80000 333 59010=
44478 42958 00904 10254 20186 30071 40153 80000 333 59010=
48010 42957 01801 10230 20143 30008 40162 59011==
48020 42458 13601 10205 20143 81100==
48025 42440 20402 10227 20163 30027 40168 59022 82500==
48048 42958 00403 10272 20191 30078 40134 333 59028==
48052 32957 01802 10296 20176 333=
48062 42558 31303 10300 20266 30129 40136 83800 333 58000==
48064 42958 11401 10278 20203 30071 40128 80001 333 59010==
48094 42959 10402 10310 20215 30126 40136 80001 333 59005==
48109 42460 40902 10312 20254 30123 40126 84900 333 59005==
51076 14/72 /1401 11125 21159 39500 40456 57014 60001 333 11107 21195 3/103 4/009 58007 70015 90761 91104==
51087 14/56 /1602 11137 21173 39351 40467 57015 60001 70500 333 11127 21172 3/105 4/009 58002 70014 90761 91103==
51156 14/68 /1102 11134 21164 38796 40451 57014 60001 333 11085 21187 3/113 4/001 59001 90761 91107==
51243 14/57 /0702 11109 21151 39856 40458 57018 60001 70500 333 11109 21174 3/114 4/001 59014 70000 90761 91103==
51334 14/50 /2602 11110 21141 30002 40438 57015 60001 77000 333 11041 21124 3/106 4/007 59039 70013 90761 91103==
51379 14/63 /1201 11087 21134 39422 40434 57026 60001 333 11064 21195 3/105 4/014 59023 70006 90761 91104==
51463 14/72 /1802 11078 21134 39149 40419 57026 60001 333 11068 21113 3/101 4/030 59045 70076 90761 91105==
51573 14/64 /1501 11014 21136 30346 40399 57015 60001 333 11014 21085 3/114 58049 70000 90761 91104==
51644 14/57 /3202 11060 21129 39069 40425 57013 60001 70500 333 11060 21169 3/105 4/005 58050 70000 90761 91103==
51656 14/36 /2201 11086 21104 39286 40437 57010 69901 71074 333 11043 21184 3/116 4/003 58051 90761 91102==
51709 14/50 /1401 11057 21098 38736 40412 57003 69901 77070 333 11028 21080 3/108 58081 90761 91104==
51711 14/67 /3001 11054 21147 38073 40333 57013 69901 70070 333 10052 21146 3/119 58069 90761 91105==
51716 14/58 /0901 11029 21096 39037 40405 57007 60001 333 11001 21084 3/111 58074 70000 90761 91105==
51765 14/63 /2802 11059 21105 39346 40424 57013 60001 333 11059 21170 3/119 58046 70000 90761 91103==
51811 14056 02801 11056 21106 38910 40415 57003 60001 333 10020 21114 3/117 58079 70000 90761 91103==
51818 14/62 /3102 11047 21117 38745 40402 57004 60001 333 10016 21126 3/119 58065 70000 90761 91106==
51886 14/80 /2202 11080 21250 37117 40342 57011 60001 333 11057 21155 3/121 59012 70000 90761 91103==
52203 14/59 /0902 11058 21143 39461 40410 57010 60001 333 11051 21124 3/116 58050 70000 90761 91103==
52602 14/80 /3001 11042 21263 37259 40300 57015 60001 333 11024 21177 3/123 59029 70000 90761 91104==
52818 14/80 /2903 11033 21243 37228 40257 57012 60001 333 11008 21108 3/115 59022 70000 90761 91107==
52908 14/70 /2812 11010 21278 35761 40137 57018 60001 333 10015 21151 3/119 59010 70000 90761 91119==
55228 14/80 /2508 10002 21317 36024 40126 57008 60001 333 10049 21115 3/120 59046 70000 90761 91116==
55299 14/80 /2606 10059 21310 35871 40141 57027 60001 333 10073 21166 3/122 59028 70000 90761 91114==
55578 14/80 /3402 10072 21213 36406 40209 57027 60001 333 10105 21131 3/115 59046 70000 90761 91104==
55591 14/76 /3001 10080 21218 36545 40129 57033 60001 333 10117 21048 3/113 59045 70000 90761 91104==
55664 14/80 /2705 10080 21258 36042 40153 57025 60001 333 10116 21121 3/115 59037 70000 90761 91109==
55773 14/68 /2209 10088 21224 36049 40157 57018 60001 333 10114 21133 3/119 59023 70000 90761 91114==
56004 14/80 /2614 10023 21317 35820 40155 57024 60001 333 10050 21185 3/126 59019 70000 90761 91123==
56018 14/76 /1301 10053 21251 36174 40073 57041 60001 333 10089 21127 3/117 59030 70000 90761 91105==
56312 14/80 /1702 10094 21101 37109 40188 57044 60001 333 10122 21054 3/107 59031 70000 90761 91103==
62306 42560 42510 10172 20099 40275 52004 84500 333 20166==
62309 42560 63607 10178 20120 40252 86800 333 20148==
62332 42560 32506 10160 20133 40250 52012 83800 333 20144==
62337 42560 31705 10112 20086 40246 52011 83500 333 20080==
62366 44556 60000 10135 20097 40247 52010 70520 83250 333 20123==
62387 41930 03208 10110 20095 40241 52014 71000 333 20088==
62393 42960 03507 10102 20076 40249 52010 333 20067==
62405 42960 01102 10139 20002 40214 52016 333 20110==
62414 42960 03607 10164 20077 40196 52013 333 20139==
62419 42960 00510 10201 20126 40187 52015 333 20161==
62420 41957 03402 10109 20095 40253 52009 71000 333 20097==
62435 42960 53504 10139 20034 40216 52014 80008 333 20104==
62440 41556 30000 10112 20083 40250 52007 71000 83200 333 20088==
62455 42960 03504 10130 20091 40242 333 20102==
62458 42960 03406 10162 20042 40227 52010 333 20112==
62459 42560 40103 10151 21033 40214 57006 82504 333 20106==
62465 42960 03010 10192 20050 40188 333 20168==
63210 32980 00615 10266 20190 40170 333 20251 58011=
63227 32980 00311 10232 20120 40202 333 20218 59003=
63330 33980 20902 10170 20103 37820 40297 80001 333 20070 59001 82070=
63331 31970 0//// 10206 20093 38123 40254 705// 333 20120 58000=
63332 32980 11302 10166 20108 38230 40146 80001 333 20074 58000 81070=
63333 32580 20000 10134 20076 38210 40233 81101 333 20062 59003 81827=
63334 32980 00000 10142 20060 37647 333 20062 58001=
63340 32980 02102 10157 20107 37967 40195 333 20120 59001=
63402 31970 00000 10140 20124 7100/ 333 20084=
63403 31057 13202 10182 20169 7100/ 81600 333 20150 81700=
63450 32980 01403 10139 20051 37774 40298 333 20075 58003=
63451 32980 00502 10158 20086 38184 40180 333 20020 59001=
63453 31970 00000 10168 20122 7050/ 333 20100=
63460 32980 03602 10176 20117 333 20120=
63474 32980 00000 10158 20018 37621 333 20050 58010=
63478 32980 00508 10278 20165 39829 40149 333 59003=
63500 32980 00000 10216 20128 333 20142=
63533 32980 10204 10207 20071 38541 4//// 80001 333 20154 58001 81070=
41265 32960 03403 10208 20071 39612 41170 333 20145 5////=
41256 31658 19904 10239 20093 30196 40213 70600 81500 90545 333 20175 59018 55407 55408 55507 55508 81635=
