SMPK OPKC 160600=
41785 02996 03602 10190 20059 30174 40187 60001 333 59014 60007 RH42%= 
41757 11994 03614 10220 21046 30215 40228 60001 70600 333 58016 60007 RH16%=
41765 02996 03104 10195 20067 30171 40206 60001 333 59002 60007 RH43%=
41518 02696 70000 10044 21044 38/// 48/// 60001 82230 333 56990 5//// 60007 82840 83362 54%= 
41710 11996 01304 10085 21094 39467 40273 60001 70600 333 58075 RH27%=
41519 02697 10000 10080 21058 38843 48574 60001 81100 333 56900 59050 60007 81840 RH37%=
41620 31996 02304 10120 21068 38621 48523 60001 70500 333 59001 60007 26%=
41BAG 02697 20502 10010 21125 60001 82500 333 56900 60007 82640 36%=
41505 22697 30000 10035 21022 38/// 48/// 60002 80030 333 56090 58/// 83460 63%=
41739 01995 03610 10075 21028 39097 48535 60001 70500 333 58011 60007 RH48%=
41759 01994 03616 10215 20007 30204 40210 60001  70733 333 58001 60007 RH25%=
41745 01996 03102 10180 20071  60001 70400 333 60007 RH 49%=   
41724 01995 00000 10190 20059 30142 40221 60001 70400 333 59013 60007 RH42%= 
41517 01696 40000 10020 21065 37857 48592 60001 70422 81530 333 56990 59058 60007 81645 83362 53%= 
41743 01996 00502 10160 20081  0001 70400 333 60007 RH60%= 
41780 01995 00000 10220 20017 30168 40196 60001 70500 333 59015 60007 RH26%=
41712 11994 60508 10080 21005 39318 48597 60001 70600 86010 333 56090 58089 86460 RH55%=
41715 01995 00000 10170 20028 30136 40202 60001 70400 333 59012 60007 RH39%=
41767 02996 00504 10195 20067 3//// 4//// 60001 333 60007 RH43%=
41786 02996 03604 10215 20007 30138 40175 60001 333 59002 60007 RH25%=
41766 01995 00508 10180 20058 40202 60002 70400 333 59009 60007 RH45%=
41783 02996 00504 10205 20054 30155 40185 60001 333 59004 60007 RH37%=
41520 02697 31802 10050 21076 37658 48297 60001 83300 333 56900 59047 60007 83362 40%= 
41516 02996 20000 10080 21047 38616 48570 60001 82030 333 56090 59047 60007 82360 RH37%=
41738 01994 00520 10195 21061 30064 40247 60001 70700 333 58034 60007 RH17%=
41749 01995 03104 10185 20078 30171 40204 60001 70400 333 59011 60007 RH50%=
41660 01696 52312 10070 21027 38498 48588 60001 70522 81530 333 56990 58026 60007 81640 7000 81650 83358 RH50%=
41746 02996 03602 10180 20083 30153 40209 60001 333 59001 60007 RH53%=
41504 02697 32302 11015 21096 37905 48572 60001 83200 333 56900 59044 60007 83845 RH54%= 
41724 01995 00000 10190 20059 30142 40221 60001 70400 333 59013 60007 RH42%=
41530 01995 30000 10145 21005 39798 40219 60001 70511 80001 333 56009 59002 60007 82075 35%=
41697 02997 00000 10190 20045 40209 60001 333 59008 60007 RH38%=      
41661 01995 03104 10080 21013 38449 48577 60001 70600 333 58024 60007 52%=
41742 12997 60000 10225 20084 40201 60001 80008 333 56009 59012 86270 RH41%=
41759 01994 03616 10215 20007 30204 40210 60001 70733 333 58001 60007 RH25%=
41726 01995 00000 10175 20089 30137 40209 60001 70500 333 58000 60007 RH57%=
41768 02996 03602 10200 20061 30176 40183 60001 333 59016 60007 RH40%=
41744 01996 03106 10150 21010 38836 48560 60001 70600 333 58004 60007 RH33%=
41760 01994 03618 10220 21046 30176 40189 60001 70700 333 59024 60007 RH16%=
41748 02996 03602 10175 20089 40147 60001 333 59013 60007 RH57%=
41571 11996 10000 10145 20014 39627 40219 60001 70500 80001 333 56009 59006 RH41%=
41725 01996 01302 10180 20058 40202 60001 333 59011 RH45%=
41764 01996 03610 10190 20030 30146 40197 60001 70400 333 59010 60007 Rh34%=
41747 01996 03606 10190 20072 40190 60001 70400 333 59005 60007 RH46%=
41696 02997 00000 10070 21027 38050 48575 60001 333 58006 60007 Rh50%=
41756 01996 00916 10230 21021 30151 40217 60001 70700 333 58010 60007 RH19%=
41685 02997 03102 10190 21102 38963 48549 60001 333 59001 60007 RH13%=

41574 22997 01304 10135 21022 38393 48571 60001 333 58015 60007 34%=
41636 21995 00000 10045 20033 30013 40208 60001 71000 333 20042 58004 60007 92%=
41572 01996 02708 10150 21010 39568 40200 60001 70500 333 59008 60007 R/H 33%=
41726 01995 00000 10175 20089 30137 40209 60001 70500 333 58000 60007 RH57%=
41528 02997 00000 10100 20022 39277 48548 60001 333 58004 60007 58%=
41567 01996 00000 10120 20029 39760 40188 60001 70400 333 59001 60007 54%=
41573 02997 01302 10145 21005 38013 48531 60001 333 58009 60007 36%=
41576 01994 00000 10135 20021 40224 60001 70500 333 59002 60007 46%=
41593 01996 00000 10160 20043 39989 40208 60001 70500 333 58002 60007 46%=
41597 01996 00000 10130 20056 40231 60001 70400 333 58001 60007 61%=
41598 01996 03102 10120 20068 39941 40220 60001 70400 333 59002 60007 70%=
41600 01996 00000 10140 20080 39904 40206 60001 70400 333 59005 60007 67%=
41624 01996 00000 10160 20081 30002 40206 60001 70500 333 59003 60007 60%=
41625 01996 00000 10160 20057 39994 40197 60001 70400 333 58006 60007 50% =
41633 02996 00000 10155 20063 3//// 4//// 60001 333 5//// 60007 54%=
41634 02996 00000 10155 20015 3//// 4//// 60001 333 5//// 60007 39%=
41635 01996 02702 10155 20087 3//// 4//// 60001 70400 333 5//// 60007 64%=
41636 21995 00000 10045 20033 30013 40208 71000 333 20042 58004 60007 92%=
41638 01996 00000 10180 20083 4//// 60001 70400 333 5//// 60007 53%=
41639 01996 00000 10120 20104 3//// 4//// 60001 70500 333 5//// 60007 48%=
41640 01996 00000 10170 21004 39958 40211 60001 70500 333 59007 60007 37%=
41642 01996 00000 10135 20062 3//// 4//// 60001 70400 333 5//// 60007 61%=
41643 01994 00502 10100 20079 39920 40206 60001 71040 333 59010 60007 87%=
41644 01996 30000 10135 20049 3//// 4//// 60001 70400 83020 333 56090 5//// 60007 83460 56%=
41646 01996 00000 10155 20075 30006 40225 60001 70400 333 59009 60007 59%=
41652 01996 00504 10155 20063 30038 40221 60001 70400 333 59002 60007 54%=
41669 02997 00000 10140 20068 3//// 4//// 60001 333 5//// 60007 62%=
41670 01996 00000 10135 20035 4//// 60001 70400 333 5//// 60007 51%=
41674 01995 01304 10180 20058 3//// 4//// 60001 70500 333 5//// 60007 45%=
41676 01995 03102 10150 20081 30064 40224 60001 70400 333 59003 60007 63%=
41677 01995 00000 10170 20070 30025 40195 60001 70400 333 59008 60007 52%=
41678 01996 00000 10180 20044 40215 60001 70500 333 58012 60007 41%=
41679 01996 00000 10150 20056 4//// 60001 70400 333 5//// 60007 53%=
41680 01995 00000 10180 20071 30010 40212 60001 70500 333 59009 60007 49%=
41700 01995 01302 10180 20083 40199 60001 70400 333 59005 60007 53%=
41701 01995 00000 10180 20058 30069 40212 60001 70500 333 59008 60007 45%=
41716 01995 00505 10165 20036 30120 40226 60001 70500 333 59011 60007 42%=
41718 01995 00000 10180 20058 30106 40211 60001 70500 333 58000 60007 45%=
41SKP 01996 00000 10145 20074 3//// 4//// 60001 70440 333 5//// 60007 63%=
43532 02997 00000 10100 20035 39382 40206 60001 333 59012 60007 64%=
43533 02997 00000 10155 21001 39272 48538 60001 333 58000 60007 34%=
43563 02997 00000 10083 20002 39498 40214 60001 333 59007 60007 56%=
41504 02697 32302 11015 21096 37905 48572 60001 83200 333 56900 59044 60007 83845 RH54%=
41530 01995 30000 10145 21005 39798 40219 60001 70511 80001 333 56009 59002 60007 82075 35%=
41577 01996 00000 10135 20014 39598 40224 60001 70500 333 56000 58001 60007 RH 44%=
41599 01994 00000 10115 20022 39922 40221 60001 70400 333 58000 60007 53%=
41630 01996 02302 10170 20043 40210 60001 70500 333 59013 60007 43%=
41507 02997 00000 10090 20009 39301 49832 60001 333 59004 60007 57%=
41508 02697 60000 10100 21087 38698 48566 60001 83220 333 56990 59007 60007 83835 83460 RH 26%=
41509 02697 50000 10060 21033 388816 48549 60001 82570 333 56990 59033 60007 82640 83460 RH51%=
41510 02997 30000 10040 21054 37956 48573 60001 83030 333 56090 59007 60007 83360 50%=
41515 02697 60000 10062 21072 38612 48571 60001 82520 333 56990 58003 60007 82650 84460 38%=
41523 02997 32702 10115 21017 39131 48543 60001 80001 333 56009 59006 60007 83070 40%=
41529 02996 42302 10120 20029 39838 40230 60001 82031 333 56099 59006 60007 82360 RH 54%=
41535 02997 00000 10130 21096 38756 48525 60001 333 58000 60007 RH20%=
41536 02997 30000 10130 21047 39086 48552 60001 83010 333 56090 59014 60007 83360 29% =
41560 02997 00000 10095 21057 38329 48557 60001 333 58000 60007 RH34%=
41562 02997 00502 10160 21025 39738 40207 60001 333 58008 60007 RH 28%=
41505 22697 30000 10035 21022 38/// 48/// 60002 80030 333 56090 58/// 83460 63%=
41516 02996 20000 10080 21047 38616 48570 60001 82030 333 56090 59047 60007 82360 RH37%=
41517 01696 40000 10020 21065 37857 48592 60001 70422 81530 333 56990 59058 60007 81645 83362 53%=
41518 02696 70000 10044 21044 38/// 48/// 60001 82230 333 56990 5//// 60007 82840 83362 54%=
41519 02697 10000 10080 21058 38843 48574 60001 81100 333 56900 59050 60007 81840 RH37%=
41520 02697 31802 10050 21076 37658 48297 60001 83300 333 56900 59047 60007 83362 40%=
41506 02697 70000 10070 21043 38569 48565 60001 83520 333 56990 59020 60007 83640 85460 44%=
41675 01994 01804 10170 20070 30063 40209 60001 70440 333 59006 60007 52%=
41641 01995 03003 10160 20043 39932 40210 60001 70500 333 59008 60007 46%=
41524 02997 00000 10135 21037 39420 40297 60001 333 59027 60007 30%=
41534 22697 40000 10115 20062 39796 40221 60001 83530 333 56990 59003 60007 82640 82360 RH70%=
41BKI 02996 33604 10150 21005 39778 40202 60001 70400 83030 333 56090 59013 60007 83360 RH35%=
41565 02997 03102 10100 21087 38698 48563 60001 333 59004 60007 26%=
41525 12997 01804 10060 21041 37714 48435 60001 333 59012 48%=

PPAA 6606/ 41598 MISDA DUE TO TECHNICAL PROBLEM=
PPAA 6606/ 41600 MISDA DUE TO TECHNICAL PROBLEM=
PPAA 6606/ 41624 MISDA DUE TO TEChNICAL PROBLEM=
PPAA 6606/ 41640 MISDA DUE TO TECHNICAL PROBLEM=
PPAA 6606/ 41646 MISDA DUE TO TECHNICAL PROBLEM=
PPAA 6606/ 41678 MISDA DUE TO TECHNICAL PROBLEM=
PPAA 6606/ 41718 MISDA DUE TO TECHNICAL PROBLEM=
PPAA 66051 41780 MISDA NO ASCENT DUE TO RAD BALLOON SHORTAGE=
PPAA 6606/ 41517 MISDA DUE TO SMOKE HAZE=
PAPA 6606/ 41516 misda due to air movement=
PPAA 6606/ 41715 NO ASENT DUE TO BALLOONS OUT OF STOCK=  
PPAA 6606/ 41764 No Ascent due to PAF flying=
PPAA 6606/ 41739 no acent due to security risk= 


Data Generated from File : D:/all data handling/Rmc_lhr/2024121606.FSU.txt
16/12/2024   07:03:24
____________________________________________________________________________________________
15020 04570 82406 10032 21036 39990 40193 57017 60002 8257/ 333 10034 20007 30000 55300 20000 60007 70000 91009 90760 91110==
15090 04/70 72302 10025 21046 30118 40213 58014 69902 82048 333 10042 20012 34102 55300 10150 20000 30000 60007 91004 90760 91104==
15108 01/00 9//// 11089 21096 38050 48475 53008 60062 77174 89/// 333 11088 21104 49063 55300 20000 60037 70058==
15150 04/70 42202 10029 21030 30008 40228 57014 60002 82041 333 10029 21052 34107 55300 20000 60007 70000 91004 90760 91105==
15170 04570 72503 10000 21044 39454 42837 57003 60002 85370 333 10009 21006 3/102 41998 55300 20000 60007 70000 91006 90760 91109==
15280 01/00 93011 11136 21152 37483 47010 53010 60002 73843 89/// 333 11132 21143 49042 55300 20000 60007 70000 91026 90760 91128==
15310 04969 22102 11005 21035 30163 40254 52003 60002 80001 333 10043 21009 34102 55300 10230 20000 30000 60007 70000 91004 90760 91106==
15335 04970 02403 10022 21036 30245 40252 50004 60002 333 10043 21023 31105 55300 20002 60007 70000 91006 90760 91106==
15350 04/70 22403 10012 21044 30140 40265 52003 60002 82040 333 10056 21007 31102 55300 20001 60007 70000 91005 90760 91108==
15360 04970 02307 10023 21017 30232 40250 50006 60002 333 10047 20013 60007 70000 91008 90760 91108==
15420 04967 02202 11018 21030 30158 40276 52003 60002 333 10032 21025 34106 55300 20000 60007 70000 91004 90760 91104==
15460 04964 12304 10009 21011 30251 40276 50006 60002 80001 333 10052 20007 34102 55300 20001 60007 70000 91005 90760 91107==
15470 04970 02705 11004 21014 30157 40290 52007 60002 333 10024 21016 34103 55300 20000 60007 70000 91007 90760 91107==
15480 04968 02603 10016 21016 30254 40272 52012 60002 333 10051 20015 31000 55300 10240 20000 30000 60007 70000 91006 90760 91106==
15549 12970 02302 11015 21021 39856 40291 52009 60002 333 10026 21017 70000 555 34107 596// 92602=
15552 12970 02903 10019 21003 30233 40284 52014 60002 222// 00098 10200 333 10063 20014 55023 70000 555 31100 585// 92600 92024 92428=
15640 12672 63404 10036 20016 39980 40302 52016 60002 86500 333 10067 20035 55020 70000 555 31001 587//=
15655 12468 22301 10030 21003 30258 40292 52015 60002 82600 222// 00107 10201 333 10082 20030 70000 555 31/// 579// 92024 92427=
15730 12970 13608 10043 21054 39896 40304 52017 60002 81050 333 10091 20042 55002 70003 91119 555 31/// 550//=
16627 12560 30000 10030 20009 30290 40296 52023 60002 81150 333 20026 31/// 55004 70024 81825 83357 90730 91108==
16650 12560 60611 10090 20012 30279 40289 52024 60002 81150 333 20090 30/// 55005 70009 81820 86358 90730 91122==
16667 12560 53610 10110 20054 30253 40263 52058 60002 85840 333 20108 30/// 55000 70120 82820 84625 90730 91124==
16706 12560 40208 10132 20089 30242 40249 51012 69902 84500 333 20124 30/// 55065 70124==
16723 41460 70405 10126 20115 30233 40246 52026 70162 85870 333 20110 31/// 83818 85625 87358 90730 91116==
16742 12460 63610 10142 20116 30073 40229 52019 60032 83141 333 20128 32/// 70038 83818 84357 90730 91116==
16749 12560 63211 10160 20124 30195 40210 52012 60002 83556 333 20134 30/// 55041 70000 83620 85358 86068 90730 91115==
16754 11459 70312 10154 20129 30191 40239 52019 60042 76261 86850 333 20144 32/// 55033 70044 82818 85625 85358 90730 91120==
16757 11460 71905 10140 20136 30095 40229 52017 60042 72162 86820 333 20138 31/// 55037 70036 82818 85625 87458 90730 91110==
16760 11360 60204 10114 20102 40244 52014 69962 76161 86650 333 20114 31/// 55054 70006 81708 86625 86358 90730 91110==
16765 12560 72808 10168 20125 40217 52009 60002 84560 333 20166 30/// 70000 84620 85358 90730 91122==
17022 11565 71603 10058 20058 30103 40272 52025 60192 78082 85270 333 20058 32004 55000 20163 70222 85830 87358 90760 91119==
17024 11556 72815 10061 20050 30179 40257 52035 60082 76362 85570 333 20060 32004 55000 70078 85626 87359 90760 91132==
17026 11560 83112 10080 20059 30210 40250 52032 60092 76166 8552/ 333 20073 32004 55000 20268 70089 85628 88458 90760 91124==
17031 11456 82607 10083 20067 30238 40244 52038 60122 78088 8622/ 333 20065 32005 70120 83712 86828 88458 90760 91118==
17034 11470 72104 10086 20055 30198 40245 52035 60022 72582 87200 333 20080 32006 55000 70015 83714 87835 90760 91110==
17038 12470 72605 10107 20066 30175 40223 52031 60002 87200 333 20078 30/// 83716 87835 90760 91113==
17042 12670 81108 10090 21042 30187 40227 53030 60002 8552/ 333 20082 30008 55000 85635 88460 90760 91125==
17050 12/70 20201 10031 21010 30243 40307 52015 60002 82030 333 20031 30101 55003 82360 90760 91105==
17056 12970 03105 10038 20003 30296 40301 52020 60002 333 20037 32003 55000 20142 70021 90760 91111==
17060 12460 73308 10064 20026 30247 40288 52019 69942 85260 333 20057 32004 70174 82713 85830 87359 90760 91119==
17070 11560 72102 10021 20012 39372 40267 52020 60052 76066 84520 333 20096 32000 70146 84630 87459 90760 91109==
17074 11570 71702 10021 20015 39294 40257 52020 60022 70262 85550 333 21008 34104 55000 20167 70018 85627 87358 90760 91104==
17084 11558 82102 10027 20021 39323 40252 52024 60052 76062 8552/ 333 20017 32000 55018 21277 70054 85632 88459 90760 91108==
17085 11550 81601 10034 20030 39745 40248 52024 60112 76066 8552/ 333 20027 32002 55035 70106 85630 88457 90760 91106==
17092 12670 70000 11057 21089 38926 48537 53003 60002 83520 333 21076 34108 55046 21105 83640 87457 90760 91105==
17096 11656 30000 11142 21155 38275 48554 52004 60002 71011 82540 333 21196 3/120 44013 55076 20381 82640 83358 90760 91106==
17098 12660 31501 11105 21131 38224 48545 55001 60002 81530 333 21148 34116 81640 83358 90760 91105==
17100 11/26 50000 11047 21090 39274 40331 56003 60002 71022 83038 333 21059 30109 55015 20502 83358 85268==
17112 12670 30503 10061 20008 30294 40296 52026 60002 81130 333 20060 32004 55000 20130 70084 81835 83360 90760 91117==
17115 12660 43508 10065 20012 30240 40292 52020 60012 83230 333 20063 32005 55000 20167 70126 83835 84360 90760 91118==
17116 11558 70102 10065 20065 30162 40287 52016 60172 78082 85250 333 20061 32006 55000 20096 70333 85830 87358 90760 91104==
17124 11560 73108 10026 20005 39333 40278 52023 60062 70372 87500 333 20105 32000 70082 87625 90760 91112==
17128 11443 71903 10021 20012 39130 40259 52020 60082 76072 87500 333 20007 32000 55001 20142 70108 83712 87633 90760 91106==
17135 11520 80801 10035 20030 39349 40244 52020 60062 72166 8552/ 333 20020 32001 55021 22977 70070 82720 85633 88457 90760 91103==
17140 11606 82302 10009 20009 38731 48514 52015 60172 74676 8552/ 333 20005 3/000 47001 70172 85635 88457 90760 91109==
17150 12560 63405 10069 20037 30156 40282 52021 60022 86200 333 20063 32006 55000 20080 70246 82720 85835 90760 91119==
17160 11665 82402 10030 20005 39061 48525 52015 60092 76066 8552/ 333 20030 32001 55053 20821 70092 85636 88458 90760 91112==
17170 12560 41103 11024 21116 38376 48550 58003 60002 81508 333 21101 42007 81630 84268 90760 91108==
17175 12665 50706 10087 20018 30262 40266 52024 60002 83250 333 20085 32006 55000 20147 70259 83840 85360 90760 91115==
17184 12/70 33505 10066 20023 30151 40265 52025 60042 83040 333 20066 32005 55000 20247 70187 83360 90760 91115==
17190 11560 83205 10028 20023 39041 48537 52022 60092 76166 8552/ 333 20028 32002 55003 70088 85630 88458 90760 91108==
17195 11334 80000 10011 20006 39013 48523 52015 60032 77172 8652/ 333 21008 32102 55037 20770 70028 83707 85625 88458 90760 91107==
17200 12660 73503 11016 21059 39277 40312 52005 60002 84530 333 21076 30/// 84635 87359 90760 91107==
17202 12670 52402 11020 21060 39217 40311 50005 60002 81531 333 21074 30/// 81635 83360 85070 90760 91108==
17203 12670 40000 11029 21106 38959 48594 52006 60002 82240 333 21046 34106 55070 20909 82840 84360 90760 91102==
17210 12670 52101 10023 21077 39228 40296 52005 60002 82101 333 21003 34103 55077 82840 85070==
17219 11565 63410 10089 20061 30105 40252 52022 60022 70182 83230 333 20081 32007 55000 20117 70144 83830 84360 90760 91114==
17234 12670 70000 10099 20098 30171 40240 52019 60112 84270 333 20092 32007 55000 20310 70203 84840 87360 90760 91104==
17237 11605 82801 10092 20091 39735 40241 52018 60092 71262 8352/ 333 20088 32006 55029 70091 83636 88458 90760 91104==
17240 11570 71901 10067 20051 39076 40228 52010 60022 70282 85250 333 20064 32003 55013 20603 70021 85830 87360 90760 91110==
17244 11670 73506 10038 20032 39038 48532 52013 69962 72162 85550 333 20036 32/// 70006 85635 87359 90760 91111==
17248 11540 81201 10030 20023 39027 48528 51011 60052 76122 8452/ 333 20017 32000 55000 70046 84630 88459 90760 91106==
17250 11670 82206 10017 20009 38851 48537 52019 60052 76062 8552/ 333 20011 32101 55057 20925 70052 85636 88459 90760 91111==
17260 12660 50204 10033 21069 39411 40253 51005 60002 81230 333 20014 30000 81840 85362 90760 91106==
17270 12670 60000 10054 21081 39625 40291 53005 60002 84250 333 20045 30000 84840 86360 90760 91103==
17275 12670 50000 10031 21157 39067 48571 52007 60002 81550 333 20015 30105 55089 81640 85360 90760 91104==
17280 12660 72303 11011 21056 39485 40312 52008 60002 84530 333 21044 30107 55072 20976 84640 87360 90760 91105==
17290 11670 63505 10137 20106 30200 40232 52016 60142 72992 84250 333 20124 32009 55006 70159 84835 86358 90760 91112==
17292 11570 73601 10070 20060 39464 40227 52017 60112 70282 84270 333 20069 32005 55000 20193 70116 84830 87359 90760 91107==
17300 11560 72905 10108 20108 30158 40230 53004 60062 70282 84250 333 20106 32011 70056 84830 87360 90760 91113==
17310 11557 70903 10129 20107 30208 40215 57001 60702 79598 85970 333 20126 32010 55000 70719 84830 87359 81920 90760 91110==
17330 12670 70000 10117 20080 30229 40247 53004 60002 85270 333 20107 30008 85838 87358 90760 91103==
17350 12660 60209 10112 21052 30164 40243 52007 60002 84130 333 20050 30/// 84835 86358==
17370 12670 61106 10116 21091 30246 40250 51001 60002 82230 333 20110 30009 55061 82835 86360 90760 91115==
17375 11670 50000 10112 20105 30209 40211 53010 61822 70292 82250 333 20107 33010 55049 20942 71837 82835 85360 90760 91106==
33088 11596 82406 10010 20006 39880 40073 57038 60022 78382 889// 333 20007 41997 555 11100=
33135 12597 82205 10011 21012 39923 40072 58020 69972 885// 333 20000 43003 88625 555 13000=
33177 11596 82606 10033 20027 39878 40117 57019 60042 78082 889// 333 20014 555 11001=
33317 11496 82504 10001 21002 39778 40121 57023 60012 78588 889// 333 20001 43008 88915 555 13000=
33393 11357 82605 10023 20014 39769 40166 57011 60022 78082 889// 333 20011 43004 86708=
33415 11497 82508 10016 20003 39746 40149 57021 69962 78082 889// 333 20013 43007 86710 555 13000=
33429 11497 82408 10010 21002 39721 40150 57017 69942 78082 8635/ 333 20002 43007 85711 555 13101=
33466 12570 82306 10014 21034 39934 40124 58009 69902 8355/ 333 20004 47006 555 1/101=
33506 11597 82605 10003 21022 39912 40111 52008 69992 70282 889// 333 21005 47003 555 17101=
33562 32560 83003 10024 21000 39848 40156 57016 8655/ 333 20016 43003 555 13000=
33587 32597 82603 10013 21025 39892 40160 58003 885// 333 20005 43006 88624 555 13101=
33658 32784 82502 10036 21030 39872 40175 57019 8255/ 333 20023 42997 82650 555 12000=
33663 32597 83102 10025 21038 30083 40181 58015 8255/ 333 20025 555 14000=
33664 32598 82002 10008 21031 39854 40177 57016 885// 333 20000 46997 555 80012=
33678 32898 62807 10007 21053 39981 40200 57018 86070 333 20005 41997 555 80012=
33679 32497 72504 10009 21014 39996 40192 58011 87500 333 20006 42997 87619=
33711 32660 82605 10014 21011 39938 40151 52007 885// 333 21001 43001 88640 555 13100=
33745 32997 52003 10007 21024 30013 40212 58012 85030 333 20001 555 80017=
33748 12997 52403 10011 21048 39917 40209 58005 69902 85030 333 21002 45997 555 80012=
33754 32598 62202 10018 21040 30042 40191 58006 82330 333 20017 91113=
33761 32570 62304 10004 21027 39959 40188 52003 82444 333 20003 555 14101=
33791 12689 82605 10016 21012 30036 40166 52012 69902 8555/ 333 20005 85640 555 14000=
33815 12598 72403 10008 21056 39996 40209 58003 69902 82541 333 20007=
33837 32584 32604 10009 21036 30168 40221 53014 82530 333 20005 555 14102=
33881 32598 32104 10001 21045 30026 40229 58006 82532 333 21009 555 80010=
33883 32998 52102 11016 21045 30064 40232 54000 80001 333 21016 555 80016=
33885 32997 41904 11010 21058 30117 40254 52003 82041 333 21010 555 80011=
33892 32998 62602 11003 21054 30007 40226 52001 83031 333 21009 555 80021=
33902 32597 72704 10020 21017 30140 40201 52013 87500 333 20002 555 14100=
33924 12570 73009 10065 21015 30210 40223 52016 60002 86470 333 20052 91014 90760 91115==
33946 12683 72602 10016 21011 30005 40232 52018 60002 87500 333 21013 87648==
33983 12960 02706 10010 21004 30139 40201 52015 60002 333 21006 91011 90760 91112==
34300 11497 82705 10006 21020 39914 40093 53006 69992 70262 885// 333 21006 43006 555 13101=
34336 41560 82502 11004 21020 39983 40088 52011 70282 8532/==
34344 41570 82503 10001 21010 39996 40085 52013 70272 885//==
34356 41440 82404 11003 21015 39927 40076 52009 77177 8872/ 333 90760 91110==
34357 41570 82404 11002 21021 39920 40076 52008 78582 889// 333 91011 90760 91111==
34398 11/70 82208 10000 21011 30083 40096 57019 60002 73672 8802/ 333 21056==
34415 11669 82502 10008 21006 30009 40107 52003 60012 70272 885// 333 20002 43001 555 13000=
34438 41560 72402 11008 21012 39914 40109 52014 70182 85440==
34445 41570 72205 11004 21013 39982 40097 52015 70282 82970 333 90760 91110==
34461 42460 82503 10010 21023 30030 40085 52008 885//==
34473 11597 82209 10009 21011 30041 40080 57005 69990 70272 8802/ 333 21038 91116=
34476 41/70 82108 10012 21023 30084 40091 56005 70282 8805/ 333 91010 90760 91113==
34504 12470 82606 10005 21009 39966 40143 52012 60012 880// 333 21004 43001=
34535 41570 72503 10008 21016 30051 40123 52017 70282 87900==
34545 41570 72406 10003 21011 30002 40115 52013 72682 83331 333 90760 91111==
34555 42570 82408 10008 21012 30023 40115 51007 885// 333 91012 90760 91112==
34560 41360 82410 10006 21009 39905 40097 52008 72272 885// 333 85707 91013 90760 91114==
34578 41/40 82105 10000 21002 30110 40117 57002 71072 8803/==
34579 41520 51804 11005 21011 30070 40113 57004 71072 82501 333 90760 91111==
34644 41540 82504 10007 21007 30057 40135 52017 71022 8657/==
34646 41470 82505 10009 21011 30046 40129 52010 70252 886// 333 90760 91110==
34655 42560 82307 10012 21009 30069 40130 52007 885// 333 91010 90760 91112==
34662 41/70 72404 10016 21015 30108 40119 52006 70272 80070==
34691 12/70 61802 11013 21028 30291 40278 57005 60002 86030 333 21050==
34720 42470 72503 10005 21008 30115 40155 52018 87600 333 20002==
34727 42560 82706 10011 21006 30143 40173 52019 885// 333 20007 90760 91110==
34743 42460 82303 10011 21008 30052 40143 52010 885// 333 90760 91110==
34759 41440 82304 10012 20003 30020 40153 53012 71082 889//==
34772 41570 62204 10002 21018 30134 40137 53002 70262 8553/==
34785 42/70 82101 11006 21019 30165 40142 56001 8807/==
34798 12/60 81503 10008 21012 30183 40154 58011 60002 8805/ 333 21051==
34824 41/40 62702 10017 20003 30183 40188 52017 71022 82031 333 20008==
34838 41560 82503 10020 21012 30085 40183 52022 70282 8697/==
34845 41570 82603 10018 21003 30057 40166 53017 72582 883//==
34858 41/40 82603 10020 20009 30055 40164 52015 76062 8802/==
34861 41440 82805 10003 21011 39905 40151 52011 71022 885//==
34866 41570 72203 10001 21025 30162 40153 53008 70282 86950==
34880 41/40 81801 10005 21007 30172 40146 54000 71022 8807/==
34887 41/40 71501 11004 21015 30174 40155 53005 71022 86031==
34949 41/40 82706 10001 21004 39627 40182 52018 77372 8802/ 333 90760 91112==
34954 41460 82402 10022 20013 30004 40180 53018 78082 889//==
34958 42570 82601 10024 21002 39975 40177 53016 885//==
34975 41/05 /2502 11014 21014 30167 40163 51015 74542==
34984 42560 72201 11001 21011 30185 40155 52007 85531==
35217 11560 81908 11008 21050 30101 40141 57013 60002 73632 885// 333 21070==
35302 12/70 82115 11002 21017 30093 40114 57018 60002 8802/ 333 21056 91015 90760 91119==
35315 32598 81608 10001 21020 30114 40171 57012 885// 333 21068=
35344 11598 81808 11076 21090 30005 40305 56002 69900 73632 885// 333 21159=
35358 12/60 81803 11074 21108 30174 40352 52022 60002 8802/ 333 21137==
35368 31999 81807 11086 21124 30122 40403 52006 73631 8807/ 333 21156=
35386 32998 01902 11138 21181 39899 40460 52020 333 21170=
35394 11660 82205 11134 21166 39742 40469 52020 69952 77173 8352/ 333 21167==
35404 32598 81908 11007 21028 30118 40126 57009 885// 333 21064=
35406 12560 81806 10009 21011 30144 40146 57015 60002 885// 333 21067==
35416 12570 81510 11008 21043 30084 40206 57010 60002 885// 333 21081 91016 90760 91117==
35426 11560 81307 11030 21072 39964 40261 56003 60002 73632 885// 333 21099==
35437 12598 82307 11035 21071 39976 40297 53005 69920 885// 333 21162=
35449 31998 51609 11086 21115 30254 40363 52001 73633 85050 333 21183=
35497 11/60 82303 11133 21159 39809 40682 52025 60012 77177 8801/ 333 21155==
35498 32998 41301 11168 21193 39550 40505 52026 80001 333 21174=
35514 32598 71811 10001 21028 30272 40268 57013 87500 333 21070 91116=
35522 12698 81512 11025 21058 39983 40239 57010 69920 885// 333 21133 91015 91116=
35542 32998 71805 11091 21116 30195 40350 58001 87050 333 21192=
35563 31596 81809 11115 21143 39608 40424 52008 73873 885// 333 21142=
35576 11570 71906 11119 21150 39928 40406 58047 60002 70272 87500 333 21174==
35582 31998 22008 11133 21173 39848 40494 52031 73630 80003 333 21159=
35594 12999 02103 11135 21178 39594 40494 52019 69900 333 21164=
35605 31598 81409 10013 21029 30183 40161 57011 70272 885// 333 21062=
35633 31596 81704 11050 21067 30112 40333 53005 71022 885// 333 21174=
35671 11540 71704 11102 21121 30000 40457 52015 60002 71022 87500 333 21160==
35699 12960 00000 11109 21162 39706 40512 52024 60002 333 21178==
35700 11570 81709 10010 21043 30203 40179 57005 69902 70262 885// 333 21040==
35715 32999 61709 11016 21068 30240 40225 57012 86050 333 21063 91116=
35739 32999 61403 11078 21114 30189 40335 53005 80008 333 21124=
35746 12/70 31603 11086 21101 30310 40381 52007 69902 81031 333 21146==
35777 11997 51603 11097 21128 30011 40375 58002 69980 70272 85030 333 21139=
35796 12960 02301 11112 21148 30056 40523 52021 60002 333 21117==
35849 12970 21604 11060 21104 30305 40394 52005 69922 80001 333 21108==
35895 32998 01901 11110 21138 30050 40526 52010 333 21162=
35907 32598 71505 10033 20009 30190 40160 53010 87500 333 21026=
35925 12670 61608 11028 21049 30165 40279 58010 60002 86500 333 21127==
35927 32998 61407 11031 21066 30257 57004 80002 333 21062=
35953 12984 21503 11057 21087 30290 40426 52004 60002 80001 333 21094==
35969 12984 00000 11094 21145 30293 40477 52010 60002 333 21144==
35997 32998 23201 11066 21127 30060 40518 52013 82040 333 21136=
36259 41505 82001 11192 21219 38289 48573 52017 78682 889//==
36335 11599 22207 11149 21193 39388 40486 52018 69960 73631 82510 333 21159=
36358 12999 02006 11134 21177 39399 40484 52026 69920 333 21151=
36394 12697 62901 11081 21150 30041 40485 52033 60040 82532 333 21083=
36397 11684 72302 11084 21112 39889 40481 52034 60042 70282 85370 333 21082==
36403 11698 82904 11065 21102 30098 40475 52035 60070 70282 889// 333 21072=
36418 11999 81103 11063 21143 39821 40461 52031 60050 70273 8802/ 333 21065=
36421 11999 82702 11058 21105 39868 40453 52042 60050 70273 8802/ 333 21178=
36428 11570 80000 11056 21078 39945 40465 52046 60032 71582 8695/ 333 21108==
36439 11496 82908 11094 21106 39131 48616 52048 60020 78583 889// 333 21073=
36498 12998 12101 11163 21203 39663 40521 52023 60010 81030 333 21165=
36501 11999 00000 11110 21194 39683 40480 52021 60040 70132 333 21124=
36535 11684 72801 11070 21108 39819 40478 52027 60022 70273 87500 333 21072==
36546 11999 82202 11058 21101 39906 40466 52031 60020 70273 8807/ 333 21064=
36619 12999 52702 11069 21120 60030 85050 333 21076=
36622 11998 32401 11114 21158 39555 40401 52099 60040 70131 83040 333 21105=
36639 11584 82702 11069 21116 39866 40500 52028 60072 70273 8557/ 333 21078==
36643 11599 73206 11065 21135 39785 40475 52020 60060 70272 82570 333 21068=
36665 11597 82801 11060 21075 39716 40470 52043 60030 70282 889// 333 21093=
36666 11498 82504 11046 21085 39965 40475 52030 60010 72273 8802/ 333 21077=
36729 11598 82605 11060 21091 30166 40679 52037 60050 70273 83537 333 21062=
36736 11599 82804 11065 21120 39933 40514 52028 60040 70272 8802/ 333 21067=
36744 12998 02702 11075 21115 30054 40529 52025 69940 333 21120=
36770 11998 62503 11066 21090 39757 40520 52011 60090 70272 86010 333 21070=
36786 11597 83601 11078 21092 39549 40516 52036 60150 77172 8802/ 333 21080=
36796 11496 82701 11086 21097 39244 48653 52018 60100 77177 8672/ 333 21101=
36803 32599 83209 11048 21058 30022 40490 51016 8262/ 333 21046 91118=
36806 31498 83003 11170 21193 39853 40357 52016 78588 889// 333 21235=
36819 11598 50201 11075 21105 39817 40461 52036 60020 70132 81521 333 21076=
36821 12/84 50000 11045 21116 30006 40518 52008 69982 82032 333 21091==
36839 11999 32801 11085 21121 39324 40517 52041 60040 70271 81041 333 21099=
36843 11998 60701 11084 21103 39271 40511 52004 60140 70272 83032 333 21100=
36846 11999 70501 11123 21135 38789 48637 52008 60080 70272 87070 333 21133=
36859 11/40 81801 11048 21051 39669 40484 52024 69942 77172 8802/ 333 21054==
36870 11560 80000 11058 21084 39435 40497 54000 60112 70274 8665/ 333 21078==
36874 11998 23601 11069 21093 39743 40567 52002 60020 70181 80001 333 21073=
36877 11998 80000 11072 21101 39745 40804 52010 60060 70282 8802/ 333 21081=
36885 11598 70000 11055 21087 39324 40506 52006 60090 70282 82930 333 21095=
36889 12599 61801 11182 21194 37095 47118 52006 60030 83601 333 21227=
36894 11598 80000 11058 21076 39734 40511 52011 60060 70282 8697/ 333 21065=
36905 11597 80000 11089 21100 38933 48666 52015 60020 78582 883// 333 21103=
36911 42999 00701 11062 21097 39461 40491 52001 333 21076=
36927 42699 42724 11086 21164 38445 48612 52014 84900 333 21114 91128=
36934 11496 80805 11037 21081 38354 48477 52025 60052 70282 86932 333 21044=
36953 11597 80804 11104 21126 38327 48508 52023 60040 78582 889// 333 21084=
36963 42799 61603 11103 21187 37076 48/// 52013 82501 333 21144=
36974 41798 21202 11066 21098 38095 48642 52011 70272 82500 333 21100=
36982 41496 82104 11145 21174 36536 47126 52007 77172 8561/ 333 21190=
37018 41560 80301 10044 20030 30133 40209 52037 78082 889// 333 20044 90760 91119==
37031 41440 82402 10003 21001 39997 40197 52025 78582 889//==
37054 42660 80000 10004 21043 39796 40188 51024 885//==
37061 42460 82003 11019 21047 30009 40183 53018 8461/==
37085 41/02 92803 11014 21017 30197 40169 53012 74742 89/// 333 21021==
37171 41560 80904 10075 20053 30190 40209 53014 78082 889// 333 88930 90760 91116==
37228 42/70 40000 10017 21053 39319 40161 52006 82031==
37235 42/70 22502 11037 21070 39850 40178 52005 80041==
37472 42/70 62701 10014 21065 30191 40168 52019 83081==
38149 42970 01305 11031 21055 30263 40344 57019 333 21078==
38178 42970 01607 11065 21116 30111 40416 53012 333 21124==
38262 12970 21305 11016 21057 30272 40357 57004 60002 80002 333 21070==
38264 42970 01308 11027 21064 30256 40354 57003 333 21063==
38345 42999 00801 11073 21137 38968 48635 58007 333 21136=
38353 42597 61301 11035 21071 39542 40489 54000 86500 333 21072=
38388 32998 51606 11020 21066 30257 40331 57035 80003 333 21070=
38392 32997 21410 11015 21059 30238 40346 57020 82030 333 21047=
38396 42960 21309 11013 21088 30240 40371 57012 80001 333 21058==
38403 42960 01102 11059 21132 30256 40385 57004 333 21087==
38413 42970 01205 11058 21114 30121 40433 52002 333 21065==
38457 12984 03102 11052 21102 39826 40453 57003 69902 333 21087==
38462 12984 00000 11051 21154 38907 48631 57006 69942 333 21141==
38507 32998 61407 10033 21094 30128 40233 57003 83031 333 20017=
38545 32998 01305 11042 21088 30215 40402 57007 333 21076=
38565 12970 00000 11087 21111 39770 40351 57016 60002 333 21208==
38579 11520 61002 11053 21074 39995 40442 57004 60002 71022 86500 333 21086==
38583 11/02 90501 11096 21108 30106 40456 58007 69962 74544 89/// 333 21135==
38599 94497 60812 11024 21055 39894 40438 57017 69900 86600 333 21095 86717 91116=
38611 12960 03503 11019 21068 39864 40467 57003 60052 333 21056==
38613 42999 00101 11030 21072 40455 58007 333 21063=
38616 41597 20000 11034 21052 39393 40464 58004 70271 82500 333 21071=
38618 12670 80202 11024 21068 39727 40456 58002 60012 8253/ 333 21037==
38647 32998 51006 11031 21081 30198 40242 57001 80006 333 21042=
38656 31995 51409 11008 21072 30195 40311 57018 73131 80002 333 21028=
38683 41940 00702 11041 21071 30115 40409 57016 71000 333 21107==
38687 32997 01403 11032 21063 30162 40412 57014 333 21100=
38696 12984 00703 11060 21080 39500 40412 57013 60002 333 21099==
38713 12999 01601 11048 21115 39188 48610 58004 60020 333 21130=
38750 32998 00702 10013 21025 30263 40233 57009 333 21025=
38763 32998 51006 11024 21033 30147 40256 57005 80001 333 21030=
38774 32998 31306 11016 21021 30078 40283 57011 80001 333 21038=
38799 32997 01603 11062 21077 30165 40415 57003 333 21102=
38806 32997 00901 11048 21076 30122 40401 57009 333 21094=
38812 41960 00902 11048 21084 39915 40397 57014 71000 333 21096==
38836 31596 70000 11032 21049 39384 40370 57014 71022 86932 333 21060=
38880 22997 61206 11018 21083 30019 40287 55019 82031 333 21052 60002=
38886 32997 01607 11010 21039 30112 40351 57003 333 21057=
38895 32996 01604 11040 21074 30093 40402 57011 333 21084=
38911 32998 71406 11012 21052 30092 40403 57001 85072 333 21074=
38915 32997 01102 10005 21014 30029 40368 57043 333 21052=
38927 12960 40306 11014 21046 30006 40403 57014 69962 84900 333 21050 84966==
38933 11796 81802 11014 21054 39892 40435 56001 60080 71072 8655/ 333 21053=
38944 11597 73401 11018 21024 39775 40337 57008 60050 70272 87020 333 21030=
38954 32999 50000 11010 21064 37978 48580 52011 80001 333 21068=
38974 32998 01403 11055 21066 30017 40374 57008 333 21083=
38987 32496 81601 11054 21072 39614 40408 53005 885// 333 21068=
40100 43/70 01005 10144 21020 30241 40257 53006 6///1 333 58000=
40180 12960 11001 10099 21008 30188 40238 52009 60002 80001 333 10130 20064 70000==
40199 12/// /0006 10128 21018 30212 40238 52011 60002 333 10176 20112 70000==
40255 36/// /1204 10066 29032 3//// 4//// 5////=
40265 31950 00000 10032 21106 39475 40298 52011 70500 333 21005 30102=
40270 31940 00804 10032 21084 39353 40279 52007 70400 333 20015 30105=
40272 31950 00510 10040 21090 39415 40272 52007 70500 333 21005 30102=
40296 31957 00000 10108 20032 30723 40241 5//// 70500 333 20075 30007=
40310 32960 01704 10050 21030 39022 48480 5//// 333 20000 30102=
40340 31950 10305 10104 21030 40246 52013 70500 80001 333 20086 30007 81070=
40356 42960 01204 10008 21220 39280 48555 333 21040 59025 555 04410 50298=
40357 42960 01904 10022 21140 39628 40290 333 21020 59026=
40360 42960 00904 10006 21140 39674 40293 333 21034 59028=
40361 42960 01008 10043 21170 39491 40330 333 20003 59030=
40362 42960 00000 10034 21140 39768 40310 333 21030 59007=
40373 42960 03108 10048 21110 39871 40309 333 20005 58009=
40375 42960 00804 10056 21110 39354 40256 333 20037 59031=
40394 42960 02106 10064 21080 39126 48578 333 21010 59022 555 04410 50297=
40400 42960 00205 10190 21030 30173 40201 333 20160 59014=
40405 42960 00000 10059 21120 39537 40317 333 20012 59005=
40417 42960 03013 10105 21110 30260 40276 333 20062 58003=
40420 42960 03308 10088 21110 30067 40286 333 20046 58004=
40430 42960 00406 10129 21100 39508 40278 333 20099 59008==
40437 42960 03309 10075 21130 39570 40302 333 20044 59005=
40439 42960 00902 10220 20040 30161 40179 333 20180 59005=
40582 32960 03107 10092 20089 40290 51017 333 55310 00335 10000 21121 30381 40848 51175 61502 55407 40740 90400 91009 91111 91209 91305=
40703 12660 32203 11002 21135 38982 40296 58001 60001 83006 333 30109 5//// 70000 83268 555 11038 29036=
40706 12580 70202 11044 21126 38722 40343 52002 60001 81476 333 34108 70000 81630 86268 555 11064 29053=
40712 12662 52802 11048 21130 38747 40338 52004 60001 81502 333 34117 5//// 70000 81635 85068 555 11066 29052=
40713 12967 62802 11058 21119 38720 40323 53001 60001 83078 333 34108 70000 83460 85268 555 11072 29062=
40718 12560 72402 10064 20032 30250 40220 57002 60001 83510 222// 0//// 20301 333 31105 50081 7000 0 83625 87457 555 10051 29080=
40723 12470 50000 11047 21130 39051 40365 54000 60001 81606 333 3/116 42002 70000 85268 90768 93100 555 11066 29052=
40726 12960 50000 11044 21100 38726 40332 53002 60001 80002 333 34112 5//// 70000 85069 555 11058 29065=
40727 12965 20000 10022 21006 38530 40262 52010 60001 80001 333 34107 70000 82070 555 10011 29082=
40732 12570 52701 10088 21012 30239 40214 55002 60001 82202 333 31104 5///1 70000 82827 84069 555 10050 29050=
40736 12960 00000 10048 20002 30246 40220 57006 60001 333 34103 5///1 70000 555 10031 29072=
40737 12960 02502 10040 20014 30201 40219 58008 60001 333 31105 50051 70000 555 10030 29083=
40738 11958 10000 10032 20006 30246 40248 55002 60001 71000 80001 333 31108 5///1 70000 81070 555 10022 29083=
40739 12665 70000 11060 21104 38803 40399 50008 60001 81570 333 30112 5//// 70000 81635 86461 555 11070 29071=
40741 12960 01710 11014 21052 30008 40366 57013 60001 333 3/107 47005 70000 90768 93100 555 11025 29076=
40743 12970 10905 11051 21112 39204 40397 53009 60001 80001 333 35110 5//// 70000 81070 555 11065 29062=
40745 12960 01602 11066 21108 39154 40405 58009 60001 333 3/120 47010 70006 90768 93100 555 11075 29072=
40747 12970 50000 11046 21085 38738 40364 51004 60001 80006 333 34109 5//// 70000 85270 555 11056 29074=
40754 11959 30000 10004 21074 38950 40361 51007 60001 70500 81071 333 30107 5//// 70000 81361 83069 555 11021 29056=
40762 12965 00000 11059 21131 38647 40379 53004 60001 333 34119 70000 555 11074 29057=
40766 12960 30000 11023 21108 38791 40350 50007 60001 80001 333 30112 5//// 70000 83064 555 11046 29052=
40768 12962 70000 11076 21105 38345 40383 53006 60001 81076 333 34117 5//// 70000 81459 87268 555 11081 29080=
40769 11957 70000 11058 21102 38385 40374 51008 60001 70520 80006 333 3/112 41001 5//// 70000 8726 8 90768 93100 555 11068 29071=
40780 12960 11303 10033 21123 38769 40323 52013 60001 81070 333 30107 5//// 70000 81460 555 11015 29031=
40782 12965 40000 10023 21049 38966 40324 53007 60001 80006 333 30109 5//// 70000 84270 555 11003 29059=
40785 12960 00202 10008 21042 39235 40388 52003 60001 333 35108 5//// 70000 555 11010 29069=
40791 12970 02201 10028 21153 39510 40377 50010 60001 333 30108 5//// 70000 555 11020 29025=
40792 12968 21101 11025 21100 38835 40374 52018 60001 80001 333 30115 70000 82070 555 11045 29057=
40798 12960 01501 11035 21080 38049 40371 51009 60003 333 30114 5//// 70000 555 11048 29071=
40800 12960 00000 10037 21071 38580 40369 52012 60001 333 30112 5//// 70000 555 10000 29045=
40809 12960 01402 11019 21107 38593 40345 52009 60001 333 31111 70004 555 11044 29051=
40811 12960 03201 10112 21006 30236 40263 51008 60001 333 30001 50151 70000 555 10065 29044=
40812 11940 03401 10118 20013 39869 40255 52013 60001 70600 333 30001 50141 70000 555 10073 29048=
40818 12965 03002 11035 21115 38080 40380 52010 60001 333 30115 5//// 70000 555 11057 29054=
40821 11957 01105 10015 21050 38919 40380 53008 60001 70500 333 30107 5//// 70000 555 11008 29062=
40829 12960 13309 10041 21090 39756 40360 51006 60001 80002 333 30104 50001 70000 81069 555 11001 29038=
40831 11958 03005 10077 21025 30274 40282 52014 60001 70500 333 30000 50401 70000 555 10040 29049=
40833 11908 00000 10090 20000 30241 40274 50010 60001 70600 333 30001 50061 70000 555 10055 29053=
40835 12960 00000 10135 20010 39423 40275 52017 60001 333 30003 50181 70000 555 10080 29043=
40841 12660 70000 10007 21061 38346 40346 52011 60001 82450 333 30104 50001 70000 82640 87359 555 11017 29060=
40845 11940 03306 10156 20087 30262 40267 52015 60003 70600 333 30013 50501 70000 555 10121 29064=
40848 12960 00000 10076 21051 38620 40304 52018 60001 333 30105 5//// 70000 555 10028 29040=
40854 12960 51603 10066 21106 39082 40326 50012 60001 85070 333 30000 50441 70000 85460 555 10012 29028=
40856 12960 20204 10066 21127 38739 40315 51006 60001 80002 333 30103 5///1 70000 82070 555 10007 29024=
40859 12965 03302 10090 21069 38795 40280 52020 60001 333 30102 50451 70000 555 10032 29032=
40875 11905 00912 10198 21030 30239 40251 51020 60001 70720 333 30015 50251 70000 555 10104 29021=
40879 11930 02202 10120 21070 39604 40299 51018 60001 70500 333 30005 50761 70000 555 10052 29026=
40882 11920 01105 10220 20103 30205 40241 52020 60001 70600 333 30014 50521 70000 555 10156 29047=
40883 11950 00905 10360 20297 39966 49987 52009 60001 70500 333 30030 50691 70000 555 10312 29070=
40893 11940 00403 10217 21051 30226 40232 52021 60001 70500 222// 00190 20300 333 30017 50621 70000 555 10109 29016=
40898 11930 00607 10227 20005 30210 40219 51020 60001 70700 222// 00248 20801 333 30013 50571 70000 555 10126 29023=
41024 41957 00707 10269 20000 30142 40168 70600 333 20254 58008==
41036 41957 01407 10117 21040 38617 48563 70600 333 20080 58001==
41055 41940 01005 10096 21050 38423 48573 70643 333 20069 58002==
41061 42960 01212 10124 21140 39549 40276 333 20081 58016==
41084 41957 01105 10124 21050 38932 48575 70600 333 20078 58011==
41112 42960 00000 10116 21030 37996 48574 333 20061 58013==
41114 41958 02302 10125 21020 38034 48577 70500 333 20062 58013==
41128 41940 01304 10120 21050 38912 48606 70640 333 20070 58020==
41136 41950 00406 10140 21090 39437 40272 70600 333 20094 58033==
41140 42960 01208 10275 20200 30170 40183 333 20222 58013==
41150 42962 03014 10148 20057 40264 333 20128 30012 58006=
41176 44/56 /3509 10153 20072 30260 40266 333 20098 58018=
41184 42960 01706 10224 20106 40242 333 20118 58024=
41194 11657 11806 10227 20116 30229 40235 60001 70600 81500 333 20181 58020 81636=
41196 12960 11503 10227 20115 30200 40241 60001 81030 333 20161 58020 81360=
41216 41957 03211 10224 20097 30240 40244 70600 333 20196 58020=
41217 41657 13010 10225 20094 30210 40240 70600 81500 333 20198 30016 58021 81645=
41246 36/// /3306 10241 20112 30228 40231 333 0E020 20204 55300 25022 58024=
41254 36/// /3209 10125 20048 38095 49889 333 0E002 20051 55300 25022 58007=
41255 36/// /1602 10226 20120 39688 40198 333 0E016 20145 58003=
41256 32560 60109 10236 20127 30215 40232 86530 333 20182 58022 55407 55408 55507 55508 84630 86360=
41263 36/// /2302 10214 20124 39630 40195 333 0E017 20153 55300 21056 58004=
41265 36/// /3506 10227 20106 39622 40189 333 0E018 20153 55300 21149 58005=
41267 36/// /3320 10253 20181 30200 40213 333 0E021 20225 58007=
41268 36/// /3518 10260 20155 30155 40202 333 0E020 20193 55300 25022 58002=
41275 36/// /3319 10213 20124 30060 40232 333 0E015 20152 55300 21114 58002=
41288 31560 23407 10242 20177 30195 40217 70044 82400 333 20213 3/022 58006 82820=
41315 36/68 /0027 1//// 2//// 39379 48273 333 0E017 20220 55300 20712 58001=
41316 32970 10119 10247 20104 30190 40220 80001 333 20231 58022 55407 55408 55507 55508 81075=
41396 41950 00507 10178 20047 39512 40250 70600 333 20145 30/// 58032=
41480 42560 50716 10278 20205 30193 40201 85800 333 20252 30/// 58011 85818=
41506 02697 70000 10070 21043 38569 48565 60001 83520 333 56990 59020 60007 83640 85460=
41508 02697 60000 10100 21087 38698 48566 60001 83220 333 56990 59007 60007 83835 83460=
41515 02697 60000 10062 21072 38612 48571 60001 82520 333 56990 58003 60007 82650 84460=
41516 02996 20000 10080 21047 38616 48570 60001 82030 333 56090 59047 60007 82360=
41517 01696 40000 10020 21065 37857 48592 60001 70422 81530 333 56990 59058 60007 81645 83362=
41518 02696 70000 10044 21044 38/// 48/// 60001 82230 333 56990 5//// 60007 82840 83362=
41519 02697 10000 10080 21058 38843 48574 60001 81100 333 56900 59050 60007 81840=
41523 02997 32702 10115 21017 39131 48543 60001 80001 333 56009 59006 60007 83070=
41535 02997 00000 10130 21096 38756 48525 60001 333 58000 60007=
41536 02997 30000 10130 21047 39086 48552 60001 83010 333 56090 59014 60007 83360=
41560 02997 00000 10095 21057 38329 48557 60001 333 58000 60007=
41571 11996 10000 10145 20014 39627 40219 60001 70500 80001 333 56009 59006=
41598 01996 03102 10120 20068 39941 40220 60001 70400 333 59002 60007=
41600 01996 00000 10140 20080 39904 40206 60001 70400 333 59005 60007=
41620 31996 02304 10120 21068 38621 48523 60001 70500 333 59001 60007=
41624 01996 00000 10160 20081 30002 40206 60001 70500 333 59003 60007=
41630 01996 02302 10170 20043 40210 60001 70500 333 59013 60007=
41640 01996 00000 10170 21004 39958 40211 60001 70500 333 59007 60007=
41660 01696 52312 10070 21027 38498 48588 60001 70522 81530 333 56990 58026 60007 81640 70000 81650 83358=
41678 01996 00000 10180 20044 40215 60001 70500 333 58012 60007=
41696 02997 00000 10070 21027 38050 48575 60001 333 58006 60007=
41697 02997 00000 10190 20045 40209 60001 333 59008 60007=
41700 01995 01302 10180 20083 40199 60001 70400 333 59005 60007=
41710 11996 01304 10085 21094 39467 40273 60001 70600 333 58075=
41712 11994 60508 10080 21005 39318 48597 60001 70600 86010 333 56090 58089 86460=
41715 01995 00000 10170 20028 30136 40202 60001 70400 333 59012 60007=
41718 01995 00000 10180 20058 30106 40211 60001 70500 333 58000 60007=
41725 01996 01302 10180 20058 40202 60001 333 59011=
41739 01995 03610 10075 21028 39097 48535 60001 70500 333 58011 60007=
41744 01996 03106 10150 21010 38836 48560 60001 70600 333 58004 60007=
41749 01995 03104 10185 20078 30171 40204 60001 70400 333 59011 60007=
41757 11994 03614 10220 21046 30215 40228 60001 70600 333 58016 60007=
41759 01994 03616 10215 20007 30204 40210 60001 70733 333 58001 60007=
41764 01996 03610 10190 20030 30146 40197 60001 70400 333 59010 60007=
41768 02996 03602 10200 20061 30176 40183 60001 333 59016 60007=
41780 01995 00000 10220 20017 30168 40196 60001 70500 333 59015 60007=
41785 02996 03602 10190 20059 30174 40187 60001 333 59014 60007=
41859 01950 00502 10259 20140 30124 40161 70500 333 59018 70000==
41883 01950 00000 10250 20130 30142 40163 70500 333 59011 70000==
41891 02956 01004 10260 20100 30118 40157 333 59006 70000==
41907 01940 00000 10240 20140 30146 40161 70500 333 59009 70000==
41923 01950 00000 10264 20080 30147 40156 70500 333 59014 70000==
41936 41914 00000 10250 20160 30145 40152 70540 333 59016==
41943 01945 00302 10265 20150 30145 40152 70500 333 59008 70000==
41950 01945 00000 10248 20110 30152 40154 70500 333 59010 70000==
41978 01950 02904 10264 20140 30143 40149 70500 333 59010 70000==
41992 01935 03303 10284 20180 30145 40147 70500 333 59008 70000==
42027 31594 23401 10029 21048 38490 48575 70522 82030 333 59030=
42071 31995 03405 10160 20034 40212 70440 333 58006=
42101 31995 03201 10184 20111 40209 70500 333 59018=
42111 31994 02702 10198 20094 39478 40179 70500 333 59017=
42123 32996 02301 10176 20063 40203 333 59013=
42131 32996 00701 10190 20061 40206 333 59008=
42165 32996 00502 10192 20053 40191 333 59022=
42182 31995 00000 10190 20072 40199 70500 333 59019=
42189 31995 00000 10204 20100 40191 70540 333 59020=
42260 31994 03204 10200 20121 40200 70540 333 59015=
42309 32996 00902 10244 20104 40171 333 59009=
42314 32996 00203 10246 20129 40167 333 59010=
42328 31995 00503 10198 21001 40168 70500 333 59018=
42339 31995 00502 10214 20048 40183 70500 333 59016=
42348 31995 09903 10204 20031 40196 70500 333 59020=
42361 31995 03201 10184 20074 40198 70500 333 59018=
42369 31995 09902 10214 20105 40184 70540 333 59024=
42379 31995 00000 10220 20121 40180 70500 333 59014=
42410 31595 30703 10244 20159 40163 70510 82530 333 58001 82620 83360=
42415 32996 01102 10236 20137 40181 333 59015=
42452 31996 00901 10194 20056 40189 70500 333 59018=
42492 31994 03202 10206 20103 40180 71140 333 59018=
42559 32996 00901 10172 20077 40181 333 59022=
42571 31996 00000 10210 20047 40186 70500 333 59012=
42591 31995 02702 10224 20090 40188 70500 333 59015=
42623 31495 21403 10180 20109 39301 40180 70500 82500 333 59005 82618=
42634 32996 00000 10224 20020 40183 333 59008=
42647 31996 00706 10254 20061 40174 70400 333 59016=
42667 31996 00907 10208 20042 39586 40179 70500 333 59019=
42675 31996 00502 10220 20051 40179 70500 333 59018=
42701 31995 01402 10204 20064 39431 40157 70500 333 59012=
42724 31995 02701 10258 20160 40151 70500 333 58011=
42737 32996 03606 10246 20102 40171 333 59013=
42754 32996 01108 10234 20073 39530 40165 333 59015=
42779 32996 00502 10208 20065 39472 40176 333 59009=
42798 31995 03203 10216 20073 40170 70500 333 59014=
42809 31995 03401 10238 20140 40162 70500 333 59014=
42840 32996 00000 10272 20101 40160 333 59013=
42867 31996 00502 10242 20081 40177 70500 333 58000=
42874 31996 03602 10232 20081 40175 70500 333 59012=
42886 31996 00705 10234 20079 40178 70500 333 59018=
42895 32996 03604 10250 20107 40166 333 59016=
42909 32996 02003 10286 20144 40158 222// 20000 333 59011=
42971 31995 03602 10250 20086 40171 70500 333 59015=
43003 31995 00000 10310 20083 40145 70400 333 59014=
43014 31996 00503 10260 20128 39509 40151 70544 333 59014=
43041 31996 10203 10242 20075 39534 40148 70500 80001 333 59018 81075=
43063 32997 00904 10254 20051 39532 40153 333 59011=
43086 32997 00000 10232 20110 39981 40161 333 59014=
43110 31995 00901 10312 20056 40142 70544 333 59012=
43117 32997 10502 10270 20141 40146 80001 333 59016=
43128 32997 30903 10260 20082 39546 40149 80001 333 59015 83070=
43150 31996 20206 10270 20139 30089 40150 70500 80001 333 59021 82075=
43185 31596 20705 10284 20198 30135 40138 70500 82500 333 59019 82620=
43189 32597 20000 10270 20134 30141 40150 82500 333 59022=
43192 32996 00000 10294 20174 40134 333 59011=
43198 31496 30908 10252 20126 39313 40130 70500 82501 333 56209 59015 82612=
43201 32997 20502 10248 20156 39399 40121 82001 333 59014 82075=
43213 31596 40000 10270 20117 39816 40132 70521 82501 333 59022=
43233 31896 61108 10230 20142 39330 40144 70521 82032 333 59013=
43237 31596 30702 10264 20163 39723 40113 70511 82530 333 59021 82620=
43245 32597 43604 10278 20211 30115 40142 82532 333 59017=
43279 31596 63605 10282 20203 30119 40137 70522 84431 333 59017 84620 84360=
43284 31996 51106 10296 20188 30003 40117 70521 80004 333 59010 85075=
43295 32497 20502 10230 20114 39122 48530 80001 333 59011 82075=
43314 32997 12303 10322 20205 40115 80001 333 59010=
43321 31496 40511 10266 20151 39683 40128 70521 81505 333 59012 81612 84070=
43329 32597 40205 10276 20247 30117 40130 82531 333 59010=
43333 21495 80904 10272 20243 40113 70565 8641/ 333 56299 58010 6995/ 83618 86820 88458=
43344 31496 60212 10274 20204 30034 40133 71022 83531 333 59011 83616 83360=
43353 31496 23204 10306 20206 40105 70521 81530 333 56390 59019 82616=
43369 32597 21402 10316 20263 40113 82500 333 59007 82620=
43371 32897 40000 10324 20222 30039 40110 81031 333 59007 81356 83071=
43404 22470 83602 10258 20247 30113 40116 54003 88000 333 553// 20042 59010 60008 91005 555 60008==
43410 21470 80307 10265 20253 30109 40112 57006 78082 88000 333 59015 60018 70056==
43413 21470 83605 10260 20248 30116 40121 5/005 70282 88270 333 553// 20153 59009 60008 91010==
43415 21470 83601 10256 20247 30013 40121 56003 78082 84000 333 59004 60048 70070 555 60048==
43418 21465 83205 10255 20246 30066 40107 57008 78082 88170 333 59016 60058 70399 555 60058==
43421 21470 83502 10249 20248 30009 40115 57007 70266 88000 333 553// 20085 59009 60008 91005==
43422 21470 83602 10246 20243 39979 40114 57007 76086 84110 333 59008 60058 555 60058==
43424 21470 80203 10270 20244 30111 40113 58007 72165 88170 333 59007 69928 70002 555 69928==
43436 21470 73604 10270 20251 30101 40104 57006 70182 87/// 333 59015 60008 70070 81920 555 60008==
43441 21460 80501 10250 20243 39975 40108 56005 76086 88120 333 59001 60048 70200 555 60048==
43444 21470 83202 10234 20228 39568 40100 54014 76086 84000 333 59015 60018 70043 555 60018==
43450 21/59 80104 10265 20243 30104 40116 58004 78022 88/7/ 333 58000 69908 85/14 555 69908==
43466 22465 70404 10282 20217 30104 40112 5/006 84970 333 553// 20296 58001 60008 91009==
43467 22562 70205 10295 20233 30105 40111 57006 85100 333 58000 60008 555 60008==
43473 21240 80402 10185 20185 38128 48490 57005 76066 88020 333 553// 20227 59005 60008 91004 555 69928==
43475 21568 83202 10260 20243 30102 40107 57003 78082 88000 333 553// 20071 59008 60028 70015 91003 555 60028==
43476 21410 80000 10206 20200 38778 48523 56007 75065 88000 333 59009 69928 70078 555 69928==
43479 21/65 83600 10219 20216 39263 57006 78086 88/1/ 333 59013 60028 85/08 555 60028==
43486 21462 80301 10276 20228 30006 40105 56008 75082 88070 333 553// 20074 59002 60008 91004==
43495 22468 63102 10305 20241 30087 40100 5/060 85000 333 59090 60008 70000 555 60008==
43497 22/70 71801 10314 30084 40101 5/003 333 553// 20423 59004 60008 82/18 91002==
44212 42/84 72902 11195 21242 39249 40497 52005 87070==
44213 42984 70000 11202 21239 38879 40484 52001 80008==
44214 42670 81402 11122 21202 38308 40395 52007 84870==
44215 42/70 73302 11215 21262 38460 40496 52006 87010==
44217 32998 70000 11123 21194 37868 40419 52007 84044 333 91202=
44218 41/60 73502 11200 21239 38666 40474 50001 70422 87010==
44219 32999 01902 11220 21265 38682 40490 57008 333 91203=
44265 42984 71401 11120 21195 38930 40429 51018 80008==
44266 32999 20000 11123 21192 37786 40406 58006 80008 333 91202=
44404 42958 01804 10155 20039 38179 48512 80000 333 58001=
44416 42960 01803 10187 20103 39417 40202 80000 333 59004=
44424 42960 02802 10160 21043 37705 47127 80000 333 58000=
44434 42/60 /1503 10182 20109 39280 48559 80000 333 59021=
44438 41930 01903 10234 20131 30056 40185 70544 80000 333 59014=
44449 42962 02502 10254 20193 30015 40173 80000 333 59021=
44454 41456 22702 10166 20084 38705 48539 70044 82100 333 59018=
44462 42965 02702 10188 20065 38285 48500 80000 333 59018=
44474 42956 00302 10184 20066 38284 48520 80000 333 59011=
44477 42958 01901 10246 20129 38854 48560 80000 333 59004=
44478 41956 00908 10258 20177 30081 40163 70044 80000 333 59015=
48010 42957 01801 10245 20155 30021 40173 333 59013==
48020 42958 00401 10227 20163==
48025 42440 30401 10228 20163 30049 40190 59006 83800==
48048 42958 00401 10270 20211 30106 40162 333 59006==
48052 32957 01803 10290 20179 333=
48062 42558 30903 10290 20259 30130 40136 82230 333 58003==
48064 333 59003==
48094 42459 20402 10310 20200 30131 40141 82100 333 58006==
48109 42460 50405 10310 20254 30128 40131 85900 333 58015==
51076 14/57 /1401 11118 21157 39493 40447 52026 60001 333 11054 21143 3/104 4/007 58086 70000 90761 91104==
51087 14/64 /1003 11129 21179 39349 40465 52028 60001 333 11055 21169 3/107 4/006 58091 70000 90761 91107==
51156 14/58 /2713 11090 21148 38797 40411 52018 60001 77000 333 11001 21126 3/109 4/001 58086 90761 91123==
51243 14/56 /1501 11143 21179 39870 40476 52031 60001 70500 333 11127 21177 3/112 4/001 58105 70000 90761 91109==
51334 14/17 /1302 11044 21070 30041 40479 52039 69961 77000 333 11034 21183 3/111 4/006 58125 70006 90761 91113==
51379 14/17 /2301 11094 21125 39445 40480 52025 60001 77000 333 11068 21196 3/106 4/014 58121 70000 90761 91107==
51463 14/15 /0106 11068 21086 39194 40486 52022 69951 77000 333 11044 21176 3/101 4/021 58129 70005 90761 91114==
51573 14/56 /1901 11054 21137 30297 40350 57001 60001 70500 333 11029 21114 3/117 59056 70000 90761 91104==
51644 14/35 /0702 11079 21111 39019 40374 52019 60001 70500 333 11054 21163 3/105 4/006 59031 70000 90761 91104==
51656 14/56 /2201 11051 21106 39235 40357 52015 69901 70570 333 11051 21102 3/106 4/003 59032 90761 91106==
51709 14/58 /1202 11045 21111 38655 40320 52007 60001 333 11045 21115 3/112 59053 70000 90761 91105==
51711 14/59 /2303 10028 21148 38004 40196 57002 60001 333 10029 21123 3/114 59043 70000 90761 91109==
51716 14057 02402 11027 21110 38963 40314 52008 60001 333 11024 21078 3/111 59047 70000 90761 91105==
51765 14/59 /0103 11085 21113 39300 40374 52010 60001 72200 333 11048 21169 3/119 59037 90761 91104==
51811 14/60 /1603 11022 21115 38831 40308 54000 60001 333 11022 21099 3/115 59048 70000 90761 91106==
51818 14/62 /2401 11028 21115 38680 40315 52004 60001 333 11028 21123 3/118 59038 70000 90761 91102==
51886 14/76 /2301 11097 21265 37129 40371 57015 60001 333 11043 21187 3/125 59047 70000 90761 91103==
52203 14/57 /2002 11065 21143 39411 40363 52004 60001 333 11053 21165 3/121 59040 70000 90761 91104==
52602 14/80 /0501 11047 21267 37288 40377 57014 60001 333 11026 21198 3/125 59053 70000 90761 91103==
52818 14/80 /3501 11039 21220 37250 40309 57015 60001 333 11003 21141 3/120 59054 70000 90761 91105==
52908 14/40 /2716 10002 21303 35771 40203 57019 60001 70500 333 10002 21183 3/124 59041 70000 90761 91124==
55228 04980 /2608 10040 21304 36070 40190 57005 60002 70000 333 10057 21116 3/118 54407 59037 60001 70000 90720 91118=
55299 14/80 /2605 10056 21276 35899 40226 57023 60001 333 10056 21176 3/124 59030 70000 90761 91110==
55578 04980 /0202 10054 21250 36452 40301 57020 60002 70000 333 10093 21138 3/115 54405 59016 60001 70000 90720 91103=
55591 14/78 /0501 10061 21245 36590 40225 57028 60001 333 10097 21057 3/114 59019 70000 90761 91105==
55664 04980 /1401 10055 21262 36079 40261 57020 60002 70000 333 10087 21139 3/116 54405 59018 60001 70000 90720 91103=
55773 04980 /1501 10089 21251 36072 40193 57020 60002 70000 333 10101 21133 3/119 54405 59002 60001 70000 90720 91104=
56004 14/79 /2613 10031 21311 35839 40199 57022 60001 333 10034 21201 3/126 59042 70000 90761 91121==
56018 14/68 /1201 11020 21268 36204 40291 57039 60001 333 10020 21184 3/121 59044 70000 90761 91104==
56312 04980 /2002 10088 21136 37140 40242 57041 60002 70000 333 10131 21051 3/107 54405 59011 60001 70000 90720 91103=
62306 42960 02007 10123 20074 40253 52011 333 20118==
62309 42960 02004 10108 20077 40242 333 20099==
62332 42960 01902 10156 20133 40239 52003 333 20139==
62366 45960 01002 10119 20078 40238 52007 333 20105==
62387 41930 03103 10073 20056 40236 52012 71000 333 20060==
62393 42960 00000 10080 20041 40248 52012 333 20049==
62405 42960 00802 10137 20027 40215 52011 333 20090==
62414 42960 03506 10136 20053 40203 52012 333 20121==
62419 42960 00309 10186 20114 40190 52019 333 20159==
62420 42960 30101 10099 20071 40243 52011 80002 333 20085==
62435 42960 00102 10124 20037 40218 52015 333 20085==
62440 41530 30000 10092 20052 40242 52006 71000 83200 333 20060==
62455 42960 03103 10128 20084 40230 333 20108==
62458 42960 00000 10121 21033 40228 52010 333 20063==
62459 42960 00106 10133 21015 40223 52015 333 20102==
62465 42960 02708 10198 20075 40190 333 20166==
63210 32980 00813 10272 20200 40159 333 20253 59010=
63227 32980 00513 10239 20120 40205 333 20226 59001=
63330 33980 00906 10150 20094 38721 40298 333 20085 58005=
63331 32980 0//// 10194 20080 38123 40264 333 20130 58012=
63332 32980 01702 10168 20125 38230 40142 333 20088 58006=
63333 32580 20902 10154 20094 38213 40237 82500 333 20074 58014 82626=
63334 32980 00000 10144 20020 37646 4//// 333 20070 58006=
63340 32980 01202 10155 20094 37968 40196 333 20117 58011=
63402 31950 10000 10140 20107 7100/ 80001 333 20060 81070=
63403 31060 20000 10176 20151 7102/ 81630 333 20145 81700 82358=
63450 32980 00807 10129 20068 37777 40301 333 20070 58011=
63451 32580 20702 10155 20087 38185 40180 82800 333 20025 58011 82826=
63453 31565 50602 10194 20144 3//// 4//// 7052/ 82130 333 20125 5//// 82820 84356=
63460 32980 13602 10176 20117 80001 333 20122 81070=
63471 32980 00702 10200 20080 38891 40169 333 20110 59002=
63474 32980 00000 10140 20107 37631 4//// 333 20052 58021=
63478 32980 00605 10270 20144 39832 40152 333 2//// 58029=
63500 32980 02301 10225 20125 333 20135=
63533 32980 10503 10206 20071 38540 4//// 80001 333 20156 58005 81070=
