SIPK OPKC 180900=
41504 22697 60000 10070 21106 37852 48491 83530 333 56990 59001 60007 83640 83360 RH27%=
41505 22696 80000 10040 21022 38/// 48/// 83570 333 56990 58/// 83640 87760 64%=
41506 02697 80000 10110 21030 38518 48516 8452/ 333 5699/ 59010 60007 84640 84460 37%=
41507 22697 81802 10115 20041 39266 49792 8352/ 333 5699/ 59007 60007 83640 85460 60%=
41507 22697 81802 10115 20041 39266 49792 8352/ 333 5699/ 59007 60007 83640 85460 60%=
41508 22696 83102 10119 21046 38673 48542 84520 333 56990 59001 60007 84630 84460 RH 31%=
41508 22696 83102 10119 21046 38673 48542 84520 333 56990 59001 60007 84630 84460 RH 31%=
41509 22997 72302 10120 21026 38766 48507 80010 333 56090 59004 60007 87460 RH36%=
41510 22697 80000 10060 21041 37917 48528 84520 333 56990 58001 60007 84640 84460 48%=
41515 22997 70000 10100 21087 38561 48523 83520 333 56990 59022 60007 83650 84460 26%=
41515 22997 70000 10100 21087 38561 48523 83520 333 56990 59022 60007 83650 84460 26%=
41516 22696 70000 10090 21061 38562 48519 82510 333 56990 59003 60007 82640 87460 RH34%=
41517 21696 70000 10035 21081 37816 48547 70422 83570 333 56990 58019 60007 83640 87460 42%=
41518 22696 81802 10089 21083 38/// 48/// 8352/ 333 5699/ 5//// 60007 83640 88461 28%=
41519 22697 70000 10095 21073 38796 48532 83520 333 56990 58023 60007 83640 85462 RH30%=
41520 22697 71802 10040 21118 37638 48280 83570 333 56990 58010 60007 83640 86762 31%=
41523 22696 62702 10120 21009 39093 48509 82520 333 56990 59009 60007 82640 84460 41%=
41523 22696 62702 10120 21009 39093 48509 82520 333 56990 59009 60007 82640 84460 41%=
41524 22697 82304 10160 21073 39378 40242 8252/ 333 5699/ 58001 60007 83640 85460 19%=
41525 22697 60000 10080 21013 37702 48417 83420 333 56990 58005 60007 83840 83460 52%=
41528 22697 80000 10095 20001 39235 48512 8552/ 333 5699/ 59004 60007 85640 88460 52%=
41529 21695 83102 10150 20043 39788 40173 70420 8357/ 333 5699/ 59014 60007 83640 85460 49%=
41529 21695 83102 10150 20043 39788 40173 70420 8357/ 333 5699/ 59014 60007 83640 85460 49%=
41530 21993 70000 10155 20012 39750 40168 70522 82031 333 56099 59014 60007 82362 86070 37%=
41534 21695 50000 10130 20068 39758 40180 71000 82520 333 56990 59008 60007 82640 83460 RH 66%=
41535 22697 70000 10130 21069 38720 48490 83520 333 56990 59011 60007 83635 85460 RH24%=
41535 22697 70000 10130 21069 38720 48490 83520 333 56990 59011 60007 83635 85460 RH24%=
41536 22997 70000 10130 21027 39050 48518 87020 333 56090 59004 60007 87460 33% =
41536 22997 70000 10130 21027 39050 48518 87020 333 56090 59004 60007 87460 33% =
41560 22997 01304 10125 21059 38295 48520 333 59007 60007 RH27%=
41560 22997 01304 10125 21059 38295 48520 333 59007 60007 RH27%=
41562 22997 61302 10190 21025 39690 40151 86030 333 56090 59019 60007 86362 RH23%=
41562 22997 61302 10190 21025 39690 40151 86030 333 56090 59019 60007 86362 RH23%=
41565 22996 72302 10139 21010 38688 48556 87020 333 56090 59007 60007 87460 36%=
41567 21696 60000 10140 20056 39734 40158 70402 82530 333 56990 59011 60007 82640 84360 57%=
41571 21995 50000 10160 21009 39580 40167 70522 80001 333 56009 59018 60007 RH31%=
41572 21696 53104 10150 20049 39521 40152 70500 82510 333 56990 59017 60007 82640 85460 RH 25%=
41573 22697 81302 10090 20001 37976 48501 84520 333 56990 59011 60007 84640 84460 54%=
41574 22697 81302 10125 21022 38347 48524 8252/ 333 5699/ 59014 60007 82640 88460 36%=
41576 21995 60504 10190 20013 40172 70502 82031 333 56099 59019 60007 82360 85070 31%=
41577 21696 60000 10165 20015 39547 40163 70510 83570 333 56990 59019 60007 83640 84460 RH 36%=
41593 21996 40000 10200 20061 39934 40149 70521 84070 333 56090 59020 60007 84460 40%=
41597 21996 50000 10180 20058 40159 70522 333 56090 59027 60007 85362 45%=
41598 21996 40902 10170 20057 39874 40147 70520 84070 333 56090 59021 60007 84460 47%=
41599 21696 60000 10190 20059 39865 40154 70522 83470 333 56990 59020 60007 83640 83460 42%=
41599 21696 60000 10190 20059 39865 40154 70522 83470 333 56990 59020 60007 83640 83460 42%=
41600 21696 60000 10185 20078 40150 70422 83570 333 56990 59019 60007 83645 83363 50%=
41620 31696 42304 10110 21156 38579 48483 70500 84500 333 56900 59012 60007 84640 14%=
41624 21696 50502 10190 20072 40153 70420 82520 333 56990 59016 60007 82637 83460 46%=
41625 21696 61802 10195 20053 39941 40140 70500 83520 333 56990 59017 60007 83640 83460 39%=
41630 21995 43102 10205 20039 40161 70511 84030 333 56090 59016 60007 84360 34%=
41630 21995 43102 10205 20039 40161 70511 84030 333 56090 59016 60007 84360 34%=
41633 22997 30000 10200 20046 4//// 83030 333 56090 5//// 60007 83360 36%=
41634 22997 53102 10165 20015 3//// 4//// 85030 333 56090 5//// 60007 36%=
41635 22697 70000 10200 20046 3//// 4//// 82530 333 56990 5//// 60007 82640 86362 36%=
41636 21996 60000 10210 20075 39982 40167 70500 80001 333 56009 59018 60007 86072 42%=
41638 21996 31802 10220 20064 4//// 70510 80001 333 56009 5//// 60007 83070 36%=
41639 21696 50000 10160 20012 4//// 70520 82530 333 56990 5//// 60007 82640 83460 37%=
41640 21996 50000 1019520053 39902 40152 70520 85070 333 56090 59019 60007 85460 39%=
41641 21695 63307 10195 20067 39879 40154 70510 83470 333 56990 59019 60007 83640 84460 43%=
41642 21996 53102 10195 20091 4//// 70400 85070 333 56090 5//// 60007 85461 51%=
41643 21996 30000 10195 20091 39876 40152 70411 83070 333 56090 59009 60007 83460 51%=
41644 21996 40000 10210 20075 4//// 70400 84020 333 56090 5//// 60007 84460 RH42%=
41646 21696 30000 10190 20096 40176 70400 83500 333 56900 59013 60007 83640 55%=
41652 21996 01306 10215 20095 40153 70500 333 59024 60007 46%=
41660 22997 32312 10105 21133 38430 48523 81031 333 56099 59028 60007 81362 18%=
41661 21996 03102 10110 21119 38387 48515 70540 333 59016 60007 19%=
41669 22697 50000 10210 20088 3//// 4//// 82530 333 56990 5//// 60007 82640 83360 45%=
41670 21696 60000 10215 20070 4//// 70500 82530 333 56990 5//// 60007 82640 83360 39%=
41674 21995 22304 10220 20034 3//// 4//// 70500 82030 333 56090 5//// 60007 82360 29%=
41675 21995 30000 10215 20041 30006 40149 70500 80001 333 56009 59024 60007 83070 32%=
41675 21995 30000 10215 20041 30006 40149 70500 80001 333 56009 59024 60007 83070 32%=
41676 21996 33102 10215 20056 30022 40179 70500 83020 333 56090 59018 60007 83461 35%=
41677 21996 33102 10210 20088 39980 40146 70500 83030 333 56090 59020 60007 83362 45%=
41678 21996 00000 10210 20100 40158 70500 333 59017 60007 49%=
41679 21696 62302 20091 4///// 70411 83570 333 56990 5//// 60007 83640 83460 51%=
41680 21995 30000 10210 20100 40159 70510 83030 333 56090 59013 60007 83362 49%=
41685 22997 00000 10170 21102 38923 48510 333 59013 60007 15%=
41696 22997 03102 10100 21014 38042 48561 333 58002 60007 45%=
41697 22997 00000 10240 20038 40152 333 59018 60007 RH27%=
41700 21995 20000 10215 20056 40147 70500 82030 333 56090 59020 56090 60007 82360 35%=
41701 21995 20000 10235 20059 40156 70500 82030 333 56090 59023 60007 82360 32%=
41710 22997 00000 10120 21123 40187 333 59022 60007 17%=
41712 22997 01304 10100 21063 39231 48529 333 59026 60007 RH31%=
41715 21996 00000 10220 20064 40155 70500 333 59018 60007 RH36%=
41716 21995 00000 10225 20043 30063 40167 70500 333 59011 60007 30%=
41718 21996 00000 10235 20073 40143 70500 333 59022 60007 35%=
41724 21995 03604 10230 20079 40171 70500 333 59014 60007 RH38%=
41725 22996 00502 10215 20070 40150 333 59018 60007 RH39%=
41726 21995 00902 10220 20113 30105 40176 70500 333 59002 60007 RH51%=
41738 22996 00505 10235 20044 39988 40167 333 59022 60007 RH29%=
41739 21996 03604 10150 21072 39091 48544 70500 333 59012 60007 RH21%=
41742 22997 20502 10255 20033 40147 333 59019 60007 RH 24%=
41743 21996 00502 10220 20113 70400 333 60007 RH 51%=
41744 02996 03106 10200 20012 38809 48538 333 59005 60007 RH28%=
41744 02996 03106 10200 20012 38809 48538 333 59005 60007 RH28%=
41745 21996 03106 10215 20056 70400 333 60007 RH 35%=
41746 22996 03102 10225 20071 40156 333 59017 60007 RH37%=
41747 21996 03604 10225 20084 40146 70400 333 59015 60007 RH41%=
41748 22996 03102 10220 20077 40162 333 59012 60007 40%=
41749 21995 33606 10230 20104 40157 70400 80001 333 56009 59020 60007 83070 RH45%=
41756 21996 03108 10240 21072 40149 70800 84030 333 56090 59028 60007 84358 RH12%=
41757 22996 00000 10235 21058 30149 40162 333 59032 60007 RH14%=
41759 21996 03602 10250 20055 40154 70500 82030 333 56090 59008 60007 82360 RH29%=
41760 21996 41108 10260 20111 40149 70500 80001 333 56009 59001 60007 84080 RH 39%=
41764 21995 33610 10220 20034 30093 40144 70400 80001 333 56009 59012 60007 83070=
41765 21996 03108 10235 20059 30158 40194 80001 333 56009 58038 60007 83070 RH32%=
41766 01996 23602 10225 20058 40155 82500 60002 70500 333 56900 59017 60007 82720 RH34%=
41767 22996 13606 10225 20058 3//// 4//// 80001 333 56009 60007 RH34%=
41768 22996 03602 10260 20042 40134 333 58017 60007 RH26%=
41780 21996 40508 10260 21067 30113 40140 70500 80001 333 56009 59002 60007 84070 RH11%=
41783 22996 00508 10240 20038 30109 40138 333 59017 60007 RH 27%=
41785 22996 33602 10220 20049 30143 40156 80001 333 56009 59002 60007 83070 RH 33%=
41786 22996 43606 10240 20020 30098 40135 84030 333 56090 59011 60007 84362 RH 24%=
41BAG 22697 62302 10035 21081 60002 84510 333 56990 60007 84640 86460 42%=
41BKI 21994 71304 10150 20043 39746 40169 70522 82034 333 56099 59008 60007 82360 85070 49%=
41SKP 21996 30000 10180 20071 4//// 70500 83030 333 56090 5//// 60007 83360 49%=
43532 22697 60000 10100 20008 39351 40172 83520 333 56990 59002 60007 83640 83460 53%=
43533 21996 70000 10110 20022 39236 48502 70422 87010 333 56090 58008 60007 87460 54%=
43563 22697 80000 10144 20014 40162 82530 333 56990 59016 60007 82640 85360 41%=

Data Generated from File : D:/all data handling/Rmc_lhr/2024121809.FSU.txt
18/12/2024   10:08:28
____________________________________________________________________________________________
15020 24570 63003 10102 20015 30038 40237 52007 84870 333 55302 20362 60007 91006 90730 91106==
15090 24570 72803 10092 20021 30151 40245 52011 85541 333 55301 00190 20384 30330 60007 91004 90730 91106==
15108 21/00 92908 11040 21040 38105 48521 53015 74543 89/// 333 55300 20091 60007 91011 90730 91112==
15150 24/65 40501 10079 20020 30033 40249 51004 82041 333 55310 20831 60007 91002 90730 91102==
15170 24570 72802 10066 20015 39472 42857 52003 86301 333 55309 20863 60007 91003 90730 91104==
15280 21/84 6//// 11050 21075 37538 47084 52010 70331 85076 333 55310 20730 60007==
15310 24/70 32103 10063 20013 30168 40255 51007 81041 333 55310 00340 20885 30150 60007 91008 90730 91108==
15335 24/70 22802 10121 20022 30246 40253 51009 81031 333 55310 21045 60007 91004 90730 91104==
15350 24/70 32303 10117 20026 30135 40256 50002 81042 333 55309 20585 60007 91004 90730 91104==
15360 24970 02806 10090 20025 30230 40248 51009 333 55310 20875 60007 91009 90730 91109==
15420 24/68 11901 10097 20032 30151 40264 51005 81030 333 55310 20851 60007 91001 90730 91102==
15460 24970 22402 10081 20042 30242 40267 52004 80001 333 55310 21000 60007 91004 90730 91105==
15470 24966 32604 10063 20045 30140 40269 51008 80001 333 55310 20840 60007 91005 90730 91105==
15480 24970 22602 10087 20038 30245 40262 51008 80002 333 55310 00420 21068 30964 60007 91004 90730 91106==
15552 42970 02903 10103 20050 30210 40259 52006 333 10105 20067 555 569// 92023 92428=
15730 41958 00000 10074 20032 39871 40273 53011 71000 333 10075 20008 555 575//=
16627 42975 00000 10124 20080 30260 40266 51001 333 90730 91104==
16650 42560 20000 10156 20119 30255 40265 50001 81160 333 90730 91102==
16667 42960 03504 10134 20073 30260 40271 53002 333 90730 91107==
16706 42960 00403 10130 20091 30247 40254 57002==
16723 42960 00307 10134 20087 30239 40253 56006 333 90730 91110==
16742 42960 03512 10144 20066 30089 40245 54000 333 90730 91120==
16749 42960 02805 10164 20095 30223 40238 55000 333 90730 91108==
16754 42565 10000 10158 20114 30209 40256 54000 81100 333 90730 91109==
16760 42560 13605 10136 20082 40255 58002 81100 333 90730 91107==
16765 42460 13210 10180 20100 40243 58003 81100 333 90730 91115==
17022 42670 32704 10118 20071 30101 40267 50007 83200 333 83834 90730 91108==
17024 42670 52825 10152 20135 30168 40245 52013 83450 333 83635 85360 90730 91132==
17026 42570 43009 10127 20093 30205 40244 51008 82530 333 82630 84359 90730 91115==
17031 42670 53211 10134 20058 30232 40238 52004 83150 333 83836 85358 90730 91117==
17034 42670 72405 10128 20070 30196 40242 52010 83250 333 83835 87360 90730 91111==
17038 41670 72910 10118 20084 30178 40226 52007 78022 87200 333 87835 90730 91122==
17042 41560 82706 10116 20057 30185 40225 50001 76066 8552/ 333 85630 88458 90730 91116==
17050 42970 00000 10076 20040 30218 40282 50008 333 90730 91103==
17056 42965 01102 10114 20087 30264 40268 58004 333 90730 91105==
17060 42360 32408 10123 20086 30235 40275 51003 83600 333 83708 90730 91111==
17070 42565 72604 10082 20024 39386 40272 50003 84520 333 84630 87460 90730 91106==
17074 42570 72409 10083 20076 39309 40254 50005 84550 333 84628 86360 90730 91114==
17084 42670 62501 10056 20032 39349 40280 58001 83550 333 83635 85360 90730 91105==
17085 42670 61601 10068 20014 39769 40271 58002 84550 333 84635 86359 90730 91107==
17092 42660 71902 11008 21036 38921 48537 57009 87500 333 87640 90730 91106==
17096 42660 62518 11006 21038 38245 48520 58003 84550 333 84635 86358 90730 91124==
17098 42660 42518 10033 21056 38158 48471 57014 82530 333 82640 84358 90730 91126==
17100 42/70 20000 10047 21041 39180 40201 57021 82030 333 82358 90730 91104==
17112 42670 13402 10111 20104 30262 40264 58001 81100 333 81835 90730 91104==
17115 42960 01404 10089 20041 30229 40282 50002 333 90730 91107==
17116 42965 01101 10097 20043 30156 40281 58004 333 90730 91103==
17124 41956 00000 10040 20011 39356 40308 50001 71000 333 90730 91104==
17128 41940 00002 10030 21005 39165 40302 50005 71000 333 90730 91109==
17135 42/70 22304 10069 20045 39386 40282 58002 82030 333 82360 90730 91108==
17140 42665 52402 10027 21008 38769 48548 50001 85200 333 85840 90730 91106==
17150 41416 20000 10046 20042 30155 40283 58003 72844 82600 333 82710 90730 91103==
17160 42970 01902 10046 21015 39100 48556 58003 333 90730 91104==
17170 42560 12303 10044 21045 38344 48516 58011 81500 333 81630 90730 91106==
17175 42965 00201 10135 20059 30256 40260 50001 333 90730 91105==
17184 41958 01701 10075 20035 30159 40274 58007 71000 333 90730 91102==
17190 42962 00000 10059 21007 39073 48561 58007 333 90730 91104==
17195 41658 30503 10035 21014 39051 48556 58005 71011 83500 333 83635 90730 91106==
17200 42660 60002 10041 21019 39268 40293 58002 83530 333 83640 86360 90730 91108==
17202 41456 43502 10027 21008 39204 40287 58007 71022 84600 333 84711 90730 91107==
17203 42970 01202 10023 21052 38926 48567 57012 333 90730 91104==
17210 41509 72801 10009 20003 39196 40268 58006 74444 87600 333 87730 90730 91104==
17219 42965 01901 10118 20038 30115 40263 58006 333 90730 91107==
17234 42970 00902 10107 20042 30193 40262 58003 333 90730 91107==
17237 42970 00000 10103 20033 39761 40274 58008 333 90730 91102==
17240 42970 03603 10084 20030 39110 40277 58006 333 90730 91108==
17244 41957 01303 10057 20002 39080 48563 50000 71000 333 90730 91106==
17248 42970 02801 10044 21002 39062 48558 58001 333 90730 91105==
17250 42970 02303 10045 21012 38879 48561 58002 333 90730 91106==
17260 42960 02402 10096 20013 39388 40223 58004 333 90730 91106==
17270 42970 01201 10093 20006 39592 40251 58008 333 90730 91104==
17275 42970 00000 10067 21049 39034 48545 58006==
17280 41102 90603 11004 21004 39452 40273 50000 74544 333 90730 91106==
17290 42970 03602 10173 20034 30214 40246 58005 333 90730 91105==
17292 42970 00000 10091 20022 39482 40254 58005 333 90730 91102==
17300 42960 00202 10151 20028 30175 40247 58005 333 90730 91109==
17310 42970 02101 10191 20075 30222 40229 58002 333 90730 91104==
17330 42670 12801 10164 20028 30225 40243 58008 81100 333 81840 90730 91106==
17350 42960 02703 10156 20013 30154 40233 58003==
17370 42970 03501 10161 20051 30237 40241 58007 333 90730 91104==
17375 42970 01101 10172 20041 30233 40235 58002 333 90730 91104==
33088 42/60 23005 10044 20019 30004 40197 52008 81074==
33135 42660 62804 10032 21032 39998 40147 52015 86500 333 86640==
33177 41540 82605 10066 20058 39973 40211 52002 71082 889//==
33317 42570 63204 10049 20028 39866 40206 52010 83535==
33393 42460 82705 10069 20035 39837 40230 52005 885// 333 88619==
33415 41460 82705 10062 20041 39821 40220 52006 70262 886// 333 88714==
33429 41440 82906 10050 20035 39789 40214 52009 78082 8695/ 333 85915==
33466 42570 73204 10029 21022 39984 40174 52014 87500 333 31/// 87629==
33506 42560 62707 10022 21027 39924 40122 52012 86500==
33562 42560 73204 10053 20015 39908 40215 52011 85530==
33587 42560 52903 10040 20000 39929 40195 52011 85500==
33658 42684 62905 10095 20014 39935 40233 52006 86500 333 86644==
33663 42570 62703 10078 20053 30120 40216 52006 86300==
33664 41598 82704 10074 20044 39906 40223 52006 70262 885//=
33678 41598 62807 10058 20041 30022 40235 52006 70182 83930 333 91112=
33679 41497 52804 10068 20040 30023 40215 52009 70282 82901=
33711 42560 83108 10028 21011 39959 40172 52011 885// 333 88627==
33745 42597 72505 10083 20056 30050 40244 52009 85930=
33748 42597 72803 10076 20031 39946 40231 52012 87500=
33754 41598 52603 10077 20045 30067 40214 51009 70182 82330=
33761 41459 23004 10056 20035 39980 40204 52010 71000 82600==
33791 42588 83006 10040 21009 30045 40174 52013 885// 333 88626==
33815 42598 63008 10100 20016 30016 40223 52009 85530 333 91112=
33837 42582 62902 10093 20045 30162 40214 51002 85530 333 85632==
33881 42998 53006 10110 20023 30042 40237 52003 83031=
33883 42998 52703 10097 20020 30075 40235 52007 80002=
33885 42998 62803 10096 20017 30119 40258 52006 80009=
33892 42998 63005 10084 20024 30016 40229 52006 86030=
33902 42560 22705 10064 20014 30136 40196 52004 82501==
33924 42570 33009 10093 20038 30202 40215 52008 81109 333 91013 90730 91115==
33946 42585 62908 10078 20042 39991 40212 52005 86500 333 86629 91010 90730 91111==
33983 42560 22811 10066 20017 30115 40176 52006 81130 333 91015 90730 91116==
34300 42560 62808 10026 21027 39906 40084 52012 86500==
34336 42470 72804 10017 21017 39916 40020 52010 86330 333 90730 91113==
34344 42570 63007 10028 21011 39920 40007 53007 83930 333 91013 90730 91115==
34356 41560 72705 10015 21016 39829 49976 58005 70272 87500 333 90730 91111==
34357 41570 62303 10023 21022 39829 49983 57003 70282 85330 333 91012 90730 91117==
34398 41570 63108 11004 21019 39923 49936 53018 70172 86500==
34415 41670 52907 10037 21033 39990 40087 52014 70282 85200==
34438 41560 72706 10018 21005 39849 40040 52003 70182 87300 333 91012 90730 91114==
34445 41570 72409 10016 20002 39898 40011 57002 70172 86970 333 91014 90730 91114==
34461 41460 82706 10026 21019 39929 49984 57004 70372 887// 333 91014 90730 91114==
34473 42597 72608 10011 21021 39920 49959 58003 82531 333 91015 91116=
34476 42570 82409 10014 21017 39964 49971 52002 8393/ 333 91012 90730 91112==
34504 42585 73107 10028 21024 39966 40142 52008 87500==
34535 42570 72706 10032 21012 39989 40060 52004 87900 333 91013 90730 91115==
34545 41570 82610 10024 20005 39925 40036 50001 72582 8635/ 333 91015 90730 91115==
34555 41570 72609 10019 21005 39937 40028 50001 77072 87900 333 91016 90730 91116==
34560 41460 62610 10017 21009 39805 49994 54000 70182 86500 333 86617 91013 90730 91114==
34578 42560 82609 10026 20002 39999 40006 51005 885// 333 91013 90730 91114==
34579 41540 62306 10023 20008 39952 49995 52002 71022 82502 333 91011 90730 91111==
34644 42560 82706 10025 21006 39992 40069 51010==
34646 42570 82708 10027 21003 39976 40057 52003 83531 333 91013 90730 91115==
34655 42560 82510 10032 21003 39984 40044 50000 885// 333 91016 90730 91116==
34662 41560 72506 10026 21004 30011 40022 50002 78081 82970 333 91012==
34691 42/70 52506 10021 21013 30148 40136 53024 85030==
34720 42570 22803 10052 21008 30069 40109 52002 82600 333 91011 90730 91111==
34727 42560 22710 10038 20011 30108 40138 52006 82230 333 91013 90730 91113==
34743 42460 82605 10030 20004 39976 40065 54000 8655/ 333 91011 90730 91116==
34759 42460 82508 10028 20005 39938 40069 54000 889// 333 91013 90730 91115==
34772 42470 72610 10035 21015 30028 40031 52004 86630 333 91014 90730 91114==
34785 42470 62707 10039 21019 30043 40021 52010 86600 333 91012 90730 91114==
34798 42660 62709 10035 21032 30056 40027 53017 86200==
34824 42960 22805 10052 20018 30151 40156 52005 80001 333 91010 90730 91111==
34838 42460 72505 10049 20004 30035 40132 50002 87400 333 91011 90730 91113==
34845 42570 72806 10043 20004 39994 40101 51002 86530 333 91011 90730 91113==
34858 42560 62707 10040 21003 39981 40088 50004 86500 333 91014 90730 91114==
34861 41470 82912 10020 21020 39821 40064 57001 70282 8793/ 333 91016 90730 91118==
34866 42570 62809 10042 20003 30065 40056 54000 85901 333 91015 90730 91117==
34880 42560 62606 10040 21010 30064 40038 52013 86900 333 91011 90730 91112==
34887 42570 72906 10049 20005 30080 40058 52012 87500 333 91012 90730 91112==
34949 42570 62515 10032 21022 39575 40122 52005 86500 333 91021 90730 91120==
34954 42570 62606 10052 21010 39938 40111 50004 86500 333 91014 90730 91116==
34958 42570 52707 10053 21019 39906 40105 51008 85500 333 91015 90730 91117==
34975 42/70 53007 10061 20003 30074 40070 54000 85080 333 91013 90730 91115==
34984 42570 52709 10057 20003 30090 40060 52005 85400 333 91014 90730 91115==
35217 41/60 81406 11016 21015 39878 49918 57029 77172 8802/==
35302 41/60 82006 11002 21011 39889 49909 57018 77177 8802/==
35315 41495 81006 11015 21023 39863 49919 57044 77274 8802/=
35344 42599 71905 11003 21047 39749 40033 58011 85530=
35358 41/60 61803 11010 21046 39908 40077 52005 72272 86040==
35368 41599 81810 11034 21081 39841 40103 53005 73683 889//=
35386 41597 81904 11066 21098 39627 40157 57002 77172 885//=
35394 42670 81805 11058 21109 39481 40167 57001 8655/==
35404 41998 23209 10006 21017 39919 49927 57004 70172 82030=
35406 41/60 82705 10002 21012 39915 49917 57022 70272 8802/==
35416 41/40 81305 11009 21019 39821 49940 57051 77374 8802/==
35426 41560 81505 11009 21040 39704 49991 58036 77172 885//==
35437 42598 81804 11010 21048 39713 40023 58030 885//=
35449 42998 01805 11009 21034 39979 40081 52004=
35497 42570 81406 11073 21115 39542 40371 58004 885//==
35498 42998 81803 11082 21127 39300 40198 57005 8801/=
35514 41498 82510 10006 20001 30022 40018 57027 70277 8872/=
35522 41596 81605 11008 21018 39759 40008 58013 77372 8802/=
35542 42998 81706 11009 21038 39930 40076 58001 8807/=
35563 41495 82009 11046 21069 39354 40127 53007 73883 889//=
35576 41570 82108 11060 21095 39714 40171 52004 70272 885//==
35582 41597 82108 11064 21099 39568 40179 58004 77173 8872/=
35594 42999 81706 11073 21115 39339 40193 53004 8807/=
35605 41598 82511 10018 21001 39984 49963 53016 70272 8802/=
35633 42598 81606 11004 21041 39841 40053 58024 8557/=
35671 41540 82004 11032 21049 39725 40157 52005 77172 885//==
35699 42/60 70202 11113 21135 39450 40235 58001 84043==
35700 41370 82808 10026 20008 30003 49980 53016 70262 887//==
35715 41396 82710 10023 21004 39984 49970 57029 76877 8802/=
35739 41497 81808 11002 21036 39918 40055 56029 77172 8802/=
35746 42570 81806 10007 21019 30035 40102 58013 8435/==
35777 41597 62007 11054 21092 39859 40211 57025 73673 86500=
35796 42/60 81002 11073 21107 39783 40230 53002 8807/==
35849 42570 81604 10016 21035 30033 40118 58021 883//==
35895 42998 70000 11084 21103 39773 40231 52001 87050=
35907 41598 72815 10030 20020 30084 40054 53021 70262 87500 333 91015 91117=
35925 41560 82008 10022 20017 39930 40039 57026 75162 8872/==
35927 41598 82307 10042 20040 30024 57023 70262 8802/=
35953 41584 61603 10018 21029 30020 40148 58012 70172 82502==
35969 42584 52305 10008 21090 30025 40199 52001 85500==
35997 42698 61401 11046 21112 39778 40219 52003 84570=
36259 42984 22801 11293 21325 38291 48582 54000 80001==
36335 42999 61402 11053 21146 39159 40190 57003 86050=
36358 42999 72009 11112 21134 39193 40244 57003 86032=
36394 41697 71614 11080 21153 39810 40245 57021 73733 82543 333 91017 91120=
36397 41970 61618 11102 21152 39663 40245 57006 73633 80002 333 91024 90730 91128==
36403 42798 60906 11038 21160 39881 40246 57006 82541=
36418 42999 20000 11143 21212 39673 40323 57002 80003=
36421 42999 01301 11198 21234 39732 40342 57009=
36428 42584 11801 11132 21197 39792 40320 57009 81600==
36439 41998 01106 11084 21172 38983 48491 56003 73630=
36498 41998 71503 11096 21136 39446 40262 53008 70331 83031=
36501 42999 71404 11080 21163 39455 40224 57003 80002=
36535 42/84 30000 11121 21170 39663 40326 57003 82031==
36546 42999 02302 11117 21170 39749 40313 57005=
36619 41999 41407 11050 21127 73630 80001=
36622 42998 62701 11118 21171 39437 40273 53003 82044=
36639 42984 00000 11024 21161 39651 40261 52005==
36643 42999 03402 11156 21181 39624 40327 56002=
36665 42999 02802 11125 21174 39540 40300 57006=
36666 42999 01405 11110 21156 39789 40303 57009=
36729 42998 02001 11040 21117 39893 40388 58020=
36736 42999 21108 11024 21162 39712 40271 53005 80001=
36744 42998 70000 11012 21074 39765 40216 53006 87030=
36770 42999 80000 11022 21079 39495 40225 58002 80002=
36786 42999 52302 10022 21122 39305 40212 52008 80002=
36796 42998 00000 11167 21238 39034 48464 52006=
36803 42999 01302 11023 21112 39795 40248 52014=
36806 42999 01713 11142 21233 39820 40317 58004 333 91018 91122=
36819 42598 81102 10023 21078 39609 40216 52012 82524=
36821 42/84 71703 10021 21088 39735 40221 52009 82035==
36839 42999 63001 10016 21119 39094 40214 52005 83041=
36843 42998 32502 10026 21121 39047 40207 52002 80002=
36846 42699 70000 11009 21149 38605 48501 52006 82579=
36859 42584 70000 11007 21074 39459 40244 57003 83505==
36870 42/60 80401 10022 21052 39206 40210 53010 8807/==
36874 42699 82701 11043 21130 39505 40301 53011 885//=
36877 42699 80301 10017 21069 39497 40494 53002 8657/=
36885 42999 30000 10049 21114 39094 40202 52003 80001=
36889 42999 80000 11090 21222 37029 47046 52004 8801/=
36894 42999 50000 10007 21114 39488 40228 58006 82072=
36905 42999 71701 10043 21085 38733 48486 58005 86052=
36911 42999 70000 10070 21033 39234 40188 53010 86040=
36927 42699 10902 10013 21134 38350 48515 57010 83952=
36934 42598 80901 11003 21069 38292 48420 58004 85932=
36953 42899 70000 11024 21116 38191 48508 57003 87040=
36963 42799 71103 11088 21205 37003 48/// 57004 84550=
36974 42998 80901 11087 21147 38003 48547 57009 8802/=
36982 42999 80403 11102 21275 36499 47067 57008 80007=
37018 41670 52704 10101 20007 30106 40180 52012 70182 81131==
37031 42460 42610 10060 20002 39947 40141 52002 84100 333 91015 90730 91115==
37054 42560 82706 10069 21001 39740 40120 51007 884// 333 91014 90730 91117==
37061 42560 42812 10060 21002 39936 40103 52007 84500 333 91017 90730 91120==
37085 42570 72705 10069 20012 30121 40094 52004 87500 333 90730 91111==
37171 41760 62907 10106 20000 30160 40178 52010 70182 84901 333 91010 90730 91111==
37228 41560 80802 10032 20004 39281 40114 57011 78082 883//==
37235 41/40 82203 10028 20019 39804 40122 57012 76166 8802/==
37472 41560 82506 10073 20018 30129 40107 58012 72162 8872/ 333 91013 90730 91113==
38149 42570 81606 10037 20022 30035 40111 57034 885//==
38178 41960 22007 10025 21057 39866 40154 58012 71001 80002==
38262 42570 81706 10047 20035 30054 40135 57029 885//==
38264 42470 71706 10051 20029 30035 40127 58031 875// 333 87615==
38345 42999 82401 10025 21074 38802 48497 53023 8802/=
38353 42998 80000 10046 21059 39317 40214 53016 8803/=
38388 42998 71805 10080 20004 30065 40135 58022 80005=
38392 42697 71906 10084 20027 30037 40138 57027 87500 333 87646=
38396 42/60 71806 10075 20017 30031 40155 57027 8707/==
38403 42/60 81806 10044 21034 30086 40208 58020 8807/==
38413 42970 00802 10052 20022 39888 40179 57010==
38457 42560 80801 10050 21052 39645 40237 57006 83541==
38462 42684 80501 10017 21074 38777 48514 52014 8792/==
38507 41295 81908 10092 20032 30008 40109 57021 71022 8567/ 333 85716=
38545 42998 61704 10066 20019 30020 40195 57011 80083=
38565 12970 01704 10094 20015 39589 40162 58025 60002==
38579 12984 02203 10080 21041 39804 40220 57011 60002==
38583 12/60 50902 10029 21016 39912 40240 58010 60002 82041==
38599 41995 80802 10038 21030 39727 40249 55005 71022 82031=
38611 41/40 80501 10017 21073 39684 40268 52004 71022 8807/==
38613 42998 83501 10024 21050 40255 58009 8802/=
38616 41596 70901 10006 21045 39225 40261 51007 710// 87500=
38618 42660 80401 10029 21026 39547 40247 52011 8257/==
38647 42998 63101 10139 20046 30066 40107 57032 80006=
38656 42998 01606 10108 20006 30043 40151 57037=
38683 42960 31805 10094 21007 39938 40213 58027 80001==
38687 42997 01805 10097 21036 39996 40231 58014=
38696 12970 01101 10086 21041 39357 40207 58022 60002==
38713 42997 21601 10068 21032 39056 48530 58003 80001=
38750 42997 00903 10162 20019 30147 40119 58031=
38763 42999 20503 10130 20048 30032 40134 57021 80001=
38774 42998 22503 10184 21060 39943 40131 57040 80001=
38799 42997 01802 10092 20009 39987 40218 57025=
38806 42997 01604 10096 21019 39948 40207 58019=
38812 42960 01703 10115 21030 39760 40208 58026==
38836 41598 72502 10070 21009 39271 40208 58004 71022 86932=
38880 42997 40302 10132 21011 39885 40134 57041 80001=
38886 42997 21205 10126 21044 39951 40175 57043 80001=
38895 42996 21702 10098 21009 39928 40217 58023 80002=
38911 42998 01804 10086 21012 39939 40234 58005=
38915 42997 00000 10108 21044 39891 40213 57023=
38927 11958 01002 10068 21011 39867 40247 57013 60002 70510==
38933 41596 83601 10004 20039 39744 40260 54000 71042 886//=
38944 41993 53602 11002 21005 39662 40216 52007 74444 80001=
38954 42899 80000 11006 21112 37954 48540 58006 86910=
38974 42998 01405 10108 21050 39855 40187 57042=
38987 42996 01301 10106 21002 39480 40216 58029=
40180 02960 03302 10215 21020 30155 40203 57016 333 70000==
40199 02/// /0206 10196 20036 30173 40198 57015 333 70000==
40265 41956 31608 10136 21105 39445 40250 57010 70500 80004 333 83070=
40270 41950 10705 10120 21108 39330 40238 57008 70500 80001 333 81070=
40272 41950 01010 10144 21071 39390 40231 57005 70500=
40340 41957 43607 10185 20012 40207 57012 70500 80001 333 84068=
40356 42960 01809 10130 21140 39250 48544 333 59010 555 04410 50243=
40357 42960 22304 10120 21180 39594 40246 82030 333 58002 82360=
40360 42960 01207 10100 21140 39642 40249 333 59010=
40361 42960 40905 10128 21180 39457 40268 84010 333 58002 84460=
40362 42960 30203 10121 21150 39719 40249 80002 333 58008 83070=
40373 42960 03308 10134 21120 39813 40241 333 59002=
40375 42960 41007 10160 21120 39322 40208 80002 333 59021 84070=
40394 42960 00604 10138 21090 39084 48551 333 58006 555 04410 50227=
40400 42960 42605 10268 20030 30138 40166 80002 333 59020 84070=
40405 42960 00707 10147 21140 39472 40226 333 58000=
40417 42960 43213 10191 21030 30194 40210 80004 333 59013 84070=
40420 42960 23313 10180 21120 30001 40212 80002 333 59013 82070=
40430 42960 00907 10224 21090 39461 40202 333 59002=
40437 42960 00903 10193 21210 39509 40220 333 59006=
40439 41958 31008 10312 20050 30124 40142 70641 80001 333 59021 83070=
40582 32960 33514 10160 21069 40221 58021 80001 333 55307 00942 10000 22205 30697 40955 51412 62903 55407 41508 83070 90401 91019 91119 91215 91311=
40703 42660 10000 10072 21055 38902 40188 58017 81500 333 70000 81640 555 10026 29040 66666 00022 10012 20018 30046 50082 90128=
40706 41958 12603 10035 21079 38648 40218 57016 70500 80001 333 70000 81068 555 11005 29043 66666 01005 11006 20025 30047 50072 90108=
40712 42960 00302 10068 21069 38670 40196 57020 333 70000 555 10019 29037 66666 01010 11007 20013 30022 50055 90084=
40713 42968 02302 10088 21071 38655 40186 58015 333 70000 555 10030 29032 66666 00011 10034 20055 30071 50096 90136=
40718 42960 13402 10127 20089 30139 40110 57025 80002 333 70000 81068 555 10108 29078 66666 00100 10082 20080 30094 50120 90140=
40723 42960 12107 10076 21064 38930 40181 58041 80009 333 70000 81172 555 10026 29036 66666 01008 11004 20018 30012 50060 90096=
40726 42960 02209 10104 21075 38650 40181 58019 333 70000 555 10038 29028 66666 00008 10014 20036 30054 50074 90120=
40727 42970 02907 10097 21079 38486 40210 57013 333 70000 555 10033 29028 66666 01013 10000 20017 30033 50059 90109=
40732 42970 03306 10142 20073 30126 40101 58017 333 70000 555 10108 29063 66666 00084 10082 20082 30092 50114 90144=
40736 42960 00000 10150 20042 30140 40114 57020 333 70000 555 10100 29048 66666 00060 10060 20082 30092 50110 90150=
40737 42980 10000 10160 20039 30082 40100 57024 81030 333 70000 81360 555 10104 29044 66666 00094 10084 20092 30096 50128 90150 77777 00030 10013 20028 30039 50062 70/// 99072=
40738 42960 00000 10162 20064 30111 40113 57034 333 70000 555 10114 29052 66666 00096 10078 20072 30090 50116 90154=
40739 42962 01903 10006 21061 38702 40258 57019 333 70000 555 11017 29061 66666 00008 10010 21004 30018 50042 90107=
40741 42960 01712 10121 20014 39849 40186 57038 333 70000 555 10075 29048 66666 00078 10062 20060 30076 50103 90146=
40743 42965 00000 10053 21072 39084 40238 57026 333 70000 555 10011 29040 66666 00047 10026 20042 30080 50125 90168=
40745 42970 11102 10070 21012 39038 40209 57032 80001 333 70000 81070 555 10037 29056 66666 00000 10000 20028 30048 50072 90130=
40747 42960 09901 10073 21114 38653 40232 57022 333 70000 555 10013 29025 66666 00012 10011 20037 30062 50083 90131=
40754 41912 11602 10060 21047 38841 40220 58021 70500 81030 333 70000 81361 555 10021 29046=
40762 42965 01302 10057 21086 38562 40233 58022 333 70000 555 10009 29035 66666 00000 11002 20002 30030 50075 90126=
40766 42960 02702 10084 21168 38715 40235 57017 333 70000 555 10012 29015 66666 00054 10032 20058 30084 50144 90142=
40768 42968 00502 10062 21134 38262 40215 57018 333 70000 555 11002 29023 66666 00025 10000 20014 30038 50050 90090=
40769 42960 00000 10101 21039 38295 40183 57025 333 70000 555 10044 29037 66666 01004 10006 20034 30046 50082 90144=
40780 42960 02903 10123 21066 38715 40235 58011 333 70000 555 10051 29026 66666 00046 10036 20056 30060 50090 90136=
40782 42970 02902 10095 21096 38897 40233 57021 333 70000 555 10030 29025 66666 00040 10030 20058 30064 50108 90150=
40785 42960 03202 10066 21021 39110 40238 57025 333 70000 555 10032=
40791 42965 02702 10097 21136 39389 40235 57030 333 70000 555 10027 29018 66666 00098 10092 20088 30110 50137 90192=
40792 42962 01503 10090 21132 38744 40229 57018 333 70000 555 10020 29019 66666 00096 10088 20068 30080 50128 90166=
40798 42960 01902 10061 21125 37971 40236 56027 333 70000 555 11002 29025 66666 01004 11014 20005 30036 50074 90114=
40800 41950 01102 10095 21130 38486 40243 57024 70500 333 70000 555 10022 29019 66666 00108 10044 20046 30068 50112 90158=
40809 42965 02904 10105 21168 38512 40211 57021 333 70000 555 10023 29013 66666 00070 10044 20044 30064 50096 90154=
40811 42960 03102 10165 20010 30177 40203 58016 333 70000 555 10097 29035 66666 00124 10118 20142 30160 50196 90238=
40812 42960 03402 10183 20001 39806 40186 57018 333 70000 555 10102 29029 66666 00142 10126 20128 30148 50176 90224=
40818 42965 00000 10106 21257 37997 40203 57026 333 70000 555 10013 29006 66666 00044 10025 20042 30065 50074 90080=
40821 42962 01205 10133 21188 38804 40211 57030 333 70000 555 10038 29009 66666 00112 10081 20084 30103 50130 90174=
40829 42960 00402 10110 21094 39659 40254 58028 333 70000 555 10042 29023 66666 00098 10068 20086 30088 50148 90204=
40831 41958 03007 10150 21023 30214 40223 58010 70500 333 70000 555 10081 29030 66666 00156 10121 20162 30180 50210 90260=
40833 42965 03503 10167 21001 30180 40213 57015 333 70000 555 10095 29032 66666 00170 10134 20154 30170 50220 90246=
40835 42960 03202 10177 21036 39358 40199 57019 333 70000 555 10088 29023 66666 00142 10124 20118 30137 50163 90198=
40841 42970 02802 10107 21162 38258 40206 57029 333 70000 555 10024 29013 66666 00068 10054 20080 30116 50150 90190=
40845 42960 03308 10180 20062 30197 40202 57015 333 70000 555 10122 29046 77777 00019 10018 20016 30016 50020 70023 99///=
40848 42960 00000 10142 21074 38543 40195 57021 333 70000 555 10058 29022 66666 00082 10074 20072 30098 50120 90155=
40854 42960 00502 10132 21178 38980 40206 57026 333 70000 555 10040 29010 66666 00180 10148 20112 30144 50186 90242=
40856 42965 00205 10113 21215 38661 40231 57023 333 70000 555 10024 29008 66666 00120 10084 20158 30106 50142 90182=
40859 42965 02503 10170 21185 38718 40187 58016 333 70000 555 10058 29007 66666 00178 10114 20104 30136 50156 90189=
40875 41950 00707 10231 21069 30160 40172 57025 70500 333 70000 555 10112 29013 66666 00238 10212 20220 30222 50256 90282=
40879 42970 02202 10158 21151 39506 40202 57030 333 70000 555 10060 29011 66666 00196 10174 20180 30200 50224 90270=
40882 41958 21802 10244 20058 30132 40167 58018 70500 80001 333 70000 82070 555 10149 29030 66666 00260 10236 20234 30244 50246 90278=
40883 41940 01108 10232 20128 30158 40181 58006 70500 80000 333 70000 555 10172 29052 66666 00156 10188 20225 30260 50262 90288=
40893 41956 31303 10232 20006 30153 40159 57023 70500 83010 333 70000 83459 555 10128 29023 66666 00221 10220 20234 30236 50259 90241=
40898 41958 30303 10250 21016 30131 40140 57041 70500 80002 222// 00244 20901 333 70000 83069 555 10131 29017 66666 00324 10270 20250 30270 50280 90300=
41024 41958 01404 10320 20110 30118 40143 70600 333 59015=
41036 42960 01107 10222 20010 38590 48540 333 59010 555 04410 50159=
41055 42960 01404 10205 21040 38393 48541 333 59009 555 04410 50167=
41061 42960 01304 10213 21110 39480 40191 333 59020=
41084 42960 00205 10217 21040 38883 48534 333 59017 555 04410 50157=
41112 42960 00000 10202 21130 37966 48537 333 59012 555 04410 50128=
41114 42960 00000 10200 21090 38002 48539 333 59013 555 04410 50134=
41128 42960 01204 10200 21060 38850 48550 333 59015 555 04410 50195=
41136 42960 00508 10224 21140 39375 40197 333 59017=
41140 42960 01608 10311 20120 30139 40142 333 59014=
41150 43962 43015 10191 20083 40202 80001 333 59019 84075=
41170 42967 63109 10218 20092 30180 40193 80001 333 59021 86072=
41176 44/65 /3313 10219 20089 30190 40196 333 59022=
41184 42660 71909 10242 20131 40164 82530 333 59032 82640 85360=
41194 41658 42913 10246 20117 30158 40165 70611 84500 333 59028 84640=
41196 42660 63010 10236 20138 30126 40167 865// 333 59030 86640=
41216 42660 73215 10234 20131 30172 40176 875// 333 59019 85640 83656=
41217 42660 63114 10227 20133 30143 40172 865// 333 59019 86640=
41246 36/// /0107 10249 20120 30156 40158 333 0E019 55300 25022 59025=
41255 36/// /2903 10234 20052 39622 40129 333 0E014 59018=
41256 31557 53312 10251 20096 30141 40158 70600 81501 333 59021 55407 55408 55507 55508 81620 85075=
41262 36/// /3220 10244 20096 39959 40154 333 0E015 55300 22598 59018=
41263 36/// /2305 10230 20042 39564 40123 333 0E014 55300 22678 59019=
41265 36/// /0802 10227 20062 39558 40122 333 0E016 55300 22575 59019=
41267 36/// /3410 10250 20154 30138 40151 333 0E020 59021=
41268 32560 20111 10258 20124 30097 41127 82530 333 5//// 82625 82359=
41275 36/// /3416 10248 20097 30001 40170 333 0E014 55300 22581 59018=
41288 31950 43209 10252 20111 30139 40161 70711 84070 333 59014 84460=
41315 36/70 /3420 10184 21081 39338 48200 333 0E014 55300 27865 59015=
41316 32970 23514 10258 20007 30140 40170 80001 333 59013 55407 55408 55507 55508 82075=
41396 42965 10903 10222 21136 39454 40178 80001 333 59016 81070=
41480 41560 30811 10276 20184 30157 40166 83500 333 59008 83620=
41506 12460 80000 10110 21030 38518 48160 60001 8452/ 333 5688/ 59010==
41508 12440 83101 10119 21046 38673 48420 60001 84520 333 56880 59001==
41515 12460 70000 10100 21087 38561 48230 60001 84520 333 56880 59022==
41516 12440 70000 10090 21061 38562 48190 60001 87510 333 56880 59003==
41517 11440 70000 10035 21081 37816 48470 60001 70422 87570 333 56880 58019==
41518 12440 81801 10089 21083 30001 48010 60001 8852/ 333 5688/ 58000==
41519 12460 70000 10095 21073 38796 48320 60001 85520 333 56880 58023==
41523 12440 62701 10120 21009 39093 48090 60001 84520 333 56880 59009==
41535 12460 70000 10130 21069 38720 48900 60001 85520 333 56880 59011==
41536 12960 70000 10130 21027 39050 48180 60001 87020 333 56080 59004==
41560 12960 01302 10125 21059 38295 48200 60001 333 59007==
41571 11920 50000 10160 21009 39580 40167 60001 70522 80001 333 56008 59018==
41598 11940 40901 10170 20057 39874 40147 60001 70520 84070 333 56080 59021==
41600 11440 60000 10185 20078 30000 40150 60001 70422 83570 333 56880 59019==
41620 11440 42302 10110 21156 38579 48830 60001 70500 84500 333 56800 59012==
41624 11440 50501 10190 20072 30000 40153 60001 70420 83520 333 56880 59016==
41630 11920 43101 10205 20039 30000 40161 60001 70511 84030 333 56080 59016==
41640 11940 50000 10195 20053 39902 40152 60001 70520 85070 333 56080 59019==
41660 12960 32306 10105 21133 38430 48230 60001 81031 333 56088 59028==
41678 11940 00000 10210 20100 30000 40158 60001 70500 333 59017==
41696 12960 03101 10100 21014 38042 48610 60001 333 58002==
41697 12960 00000 10240 20038 30000 40152 60001 333 59018==
41700 11920 20000 10215 20056 30000 40147 60001 70500 82030 333 56080 59020==
41710 12960 00000 10120 21123 30000 40187 60001 333 59022==
41712 12960 01302 10100 21063 39231 48290 60001 333 59026==
41715 11940 00000 10220 20064 30000 40155 60001 70500 333 59018==
41718 11940 00000 10235 20073 30000 40143 60001 70500 333 59022==
41725 12940 00501 10215 20070 30000 40150 60001 333 59018==
41739 11940 03602 10150 21072 39091 48440 60001 70500 333 59012==
41744 12940 03103 10200 20012 38809 48380 60001 333 59005==
41749 11920 33603 10230 20104 30000 40157 60001 70400 80001 333 56008 59020==
41756 11940 03104 10240 21072 30000 40149 60001 70800 84030 333 56080 59028==
41757 12940 00000 10235 21058 30149 40162 60001 333 59032==
41759 11940 03601 10250 20055 30000 40154 60001 70500 82030 333 56080 59008==
41764 11920 33605 10220 20034 30093 40144 60001 70400 80001 333 56008 59012==
41768 12940 03601 10260 20042 30000 40134 60001 333 58017==
41780 11940 40504 10260 21067 30113 40140 60001 70500 80001 333 56008 59002==
41785 12940 33601 10220 20049 30143 40156 60001 80001 333 56008 59002==
41859 01940 00502 10253 20150 30074 40111 70500 333 59006 70000==
41883 02950 00000 10263 20130 30090 40110 333 59009 70000==
41891 01450 42002 10272 20170 30068 40106 70521 83501 333 59011 70000 83618 83074==
41907 01/40 52702 10263 20120 30096 40110 70522 82032 333 59008 70000 82362 84080==
41923 02450 40000 10276 20110 30101 40111 81530 333 59009 70000 81616 84360==
41936 01/40 33304 10268 20140 30100 40107 70500 83030 333 59009 70000 83362==
41943 01935 43102 10280 20120 30103 40110 70522 81530 333 59011 70000 81618 83362==
41950 02/50 20000 10278 20140 30111 40113 82030 333 59009 70000 82362==
41978 01456 43005 10283 20150 30100 40106 70511 83501 333 59009 70000 83618 82080==
41992 01930 42703 10310 20180 30101 40103 70521 84001 333 59009 70000 84080==
42027 31594 73401 10050 21028 38439 48527 70522 84520 333 58003=
42071 31695 53205 10192 20070 40150 70410 82520 333 59017 82640 84460=
42101 31995 00902 10218 20135 40145 70500 333 59021=
42111 31995 02301 10240 20143 39422 40109 70500 333 59017=
42123 32996 03201 10204 20071 40147 333 59016=
42131 31995 00000 10210 20099 40147 70500 333 59012=
42165 32996 00502 10210 20047 40136 333 59009=
42182 31994 09902 10220 20108 40135 70400 333 59011=
42189 31995 01801 10226 20093 40130 70500 333 59016=
42309 32496 60901 10230 20146 40123 84850 333 59010=
42314 32596 59902 10242 20132 40120 83530 333 59012 83620 85360=
42328 31995 20508 10216 21011 40120 70500 80001 333 59012 82070=
42339 31995 09901 10240 20049 40126 70500 333 59010=
42348 31995 01804 10226 20097 40147 70500 333 58005=
42361 31994 00000 10226 20083 40134 74244 333 59008=
42369 31996 00000 10248 20100 40131 70500 333 59011=
42379 31995 00000 10254 20108 40123 70500 333 59011=
42410 31996 02302 10254 20167 40112 70500 333 59013=
42415 32996 20902 10246 20097 40126 82030 333 59010 82360=
42452 31995 00502 10230 20062 40125 70500 333 59002=
42492 31996 03202 10246 20129 40125 70500 333 59007=
42559 32996 01403 10246 20087 40108 333 59004=
42571 31996 00000 10250 20066 40118 70500 333 59011=
42591 31995 02904 10248 20123 40130 70500 333 59009=
42623 32596 40902 10244 20162 39237 40089 82130 333 59020 82830 84360=
42634 32996 40203 10252 20018 40123 80001 333 59013 84075=
42647 31996 00703 10288 20115 40105 70400 333 59015=
42667 31996 00504 10254 21002 39533 40113 70500 333 59003=
42675 31996 00503 10250 20060 40118 70500 333 59009=
42701 31996 00000 10252 20109 39383 40098 70500 333 59007=
42724 31596 62902 10282 20138 40108 70522 83531 333 59008 83620 83360=
42737 32996 00502 10302 20080 40110 333 59020=
42754 32996 0000/ 10272 20110 39471 40093 333 59009=
42779 32996 03602 10256 20143 39420 40107 333 59003=
42798 31995 00000 10266 20111 40111 70500 333 59008=
42809 31595 53602 10266 20129 40114 70522 82530 333 59009 82620 85360=
42840 31995 02903 10324 20149 40098 70400 333 59015=
42867 31996 20902 10280 20065 40107 70500 82031 333 59005 82360=
42874 31996 00000 10282 20106 39777 40109 70500 333 59027=
42886 32996 00000 10284 20212 40112 333 59010=
42895 32596 50000 10278 20162 40112 83530 333 59013 83620 84360=
42909 32996 02904 10296 20136 40103 222// 20000 333 59011=
42971 31596 50702 10280 20140 40115 70522 82530 333 59011 82620 83360=
43003 31995 03204 10324 20154 40088 70400 333 59011=
43014 31996 00904 10292 20169 39451 40081 70544 333 59008=
43041 31996 40000 10292 20180 39483 40083 70500 82031 333 59015 82360 84075=
43063 32997 20903 10284 20045 39474 40084 80001 333 59007 82070=
43086 32997 00000 10280 20117 39918 40094 333 59013=
43110 31995 52303 10312 20154 40092 70544 80001 333 59002 85078=
43117 32997 50502 10316 20146 40076 80001 333 59013=
43128 32997 09902 10298 20120 39490 40081 333 59012=
43150 21596 80503 10246 20206 30040 40101 75052 8457/ 333 59015 6990/ 84618 88458=
43185 31596 70204 10286 20227 30076 40079 70522 84530 333 59020 84620 86360=
43189 22596 80000 10268 20217 30085 40094 8487/ 333 59014 6996/=
43192 32596 71402 10302 20188 40087 84432 333 58002=
43198 32496 31405 10300 20079 39263 40077 82501 333 56309 59005 82612=
43201 32997 22002 10302 20143 39348 40053 80001 333 59008 82075=
43213 32597 60502 10314 20176 39755 40064 85830 333 59016=
43237 31596 79901 10272 20215 39670 40056 70522 82571 333 59009 82620 83360=
43245 21597 83403 10254 20233 30057 40083 72022 8487/ 333 59016 6994/=
43279 21496 83203 10246 20237 30063 40081 76065 8447/ 333 59011 6005/ 84618 85458 87360=
43284 31995 22505 10316 20232 39958 40071 70500 80001 333 59001 82075=
43295 21497 70502 10250 20196 39077 48492 75122 84831 333 59001 6990/ 83612 83818 85358=
43314 32997 02304 10328 20230 40080 333 59001=
43321 31496 59902 10320 20181 39628 40062 70522 82401 333 59009 82615 84070=
43329 32597 83402 10284 20247 30054 40067 8447/ 333 59010=
43333 31495 50503 10292 20231 40079 70522 84401 333 59006 82618 83820=
43344 31496 69902 10300 20233 39973 40072 70522 83531 333 59010 83616 85360=
43353 31496 22904 10308 20223 40078 70521 81530 333 56790 59001 81616=
43369 32597 53202 10302 20269 40078 83532 333 59009 83620=
43371 31496 53206 10318 20250 30009 40081 70521 83241 333 56699 57823 59003 83619 83820=
44212 42984 01602 11249 21296 39220 40493 57001==
44213 42984 00000 11213 21258 38855 40463 57004==
44214 41970 02508 11182 21246 38305 40447 57002 73633==
44215 42970 02101 11228 21256 38442 40485 57004==
44217 32998 00000 11237 21282 37860 40542 56002 333 91202=
44218 42984 03001 11199 21239 38658 40464 55002==
44219 32999 03201 11226 21258 38676 40487 57005 333 91202=
44265 42984 01001 11178 21216 38903 40434 55006==
44266 32999 00000 11197 21240 37764 40463 57002 333 91201=
44404 42958 01804 10182 21006 38128 48515 80000 333 59010=
44416 42960 12605 10216 20113 39356 40138 80001 333 59018=
44424 42960 02703 10204 21077 37649 47070 80000 333 59008=
44434 42060 91706 10204 20135 39219 48501 89000 333 59014=
44438 42960 12705 10256 20098 30001 40129 80001 333 59015=
44449 42960 02804 10254 20205 39958 40116 80000 333 59010=
44454 41458 22908 10183 20089 38653 48487 70044 82100 333 59009=
44462 42460 13602 10180 20097 38212 48428 81100 333 59047=
44474 42956 01805 10170 20063 38234 48471 80000 333 59018=
44477 42358 12803 10176 20088 38805 48511 81100 333 59013=
44478 42957 02602 10268 20192 30026 40108 80000 333 59011=
48020 42958 20401 10254 20167 80002==
48025 42456 43602 10260 20160 39988 40127 83840 333 59014==
48048 42560 20402 10296 20207 30049 40109 82800 333 59016==
48052 32457 30000 10330 20172 83400 333 56900=
48062 42558 43205 10310 20282 30088 40094 83801 333 59011==
48064 42458 32201 10284 20233 30021 40077 81131 333 59012==
48094 42959 00902 10330 20210 30080 40090 333 59013==
48109 42460 30401 10306 20267 30085 40088 83500 333 59009==
51076 14/76 /1902 11098 21163 39426 40384 57003 60001 333 11067 21209 3/104 4/008 59060 70000 90761 91103==
51087 14/65 /2101 11114 21174 39274 40392 57005 60001 333 11107 21229 3/106 4/008 59060 70000 90761 91102==
51156 14/80 /0902 11104 21184 38727 40375 57001 60001 333 11090 21200 3/115 4/001 59049 70000 90761 91105==
51243 14/61 /2202 11116 21150 39779 40375 57005 60001 333 11093 21177 3/112 4/002 59059 70000 90761 91104==
51334 14/60 /2001 11095 21158 39935 40375 57006 69901 333 11091 21209 3/109 4/008 59050 90761 91103==
51379 14/35 /2901 11139 21174 39348 40388 52004 60001 70500 333 11084 21244 3/106 4/014 59058 70000 90761 91106==
51463 14/25 /0201 11143 21164 39083 40380 57004 60001 70500 333 11096 21187 3/101 4/027 59052 70000 90761 91102==
51573 14/61 /1501 11025 21146 30320 40373 57010 60001 333 11004 21100 3/116 59011 70000 90761 91104==
51644 14/50 /2702 11055 21118 39024 40375 57014 60001 70500 333 11036 21162 3/106 4/005 59030 70000 90761 91103==
51656 14/56 /1302 11098 21120 39247 40402 57011 69901 70500 333 11071 21182 3/115 4/003 59027 90761 91103==
51709 14/57 /1601 11042 21110 38678 40329 57020 60001 333 11035 21054 3/105 59039 70000 90761 91103==
51711 14/71 /0803 11072 21163 38028 40294 57008 60001 333 11056 21158 3/121 59031 70000 90761 91107==
51716 14060 03200 11027 21112 38982 40348 57019 60001 333 11020 21095 3/111 59037 70000 90761 91104==
51765 14/60 /3401 11065 21114 39313 40387 57007 60001 333 11031 21178 3/119 59027 70000 90761 91103==
51811 14/62 /0601 11034 21121 38855 40359 57015 60001 333 11027 21126 3/119 59037 70000 90761 91103==
51818 14/63 /0202 11023 21123 38694 40352 57013 60001 333 11022 21140 3/121 59038 70000 90761 91103==
51886 14/80 /1802 11022 21233 37111 40270 57002 60001 333 11019 21129 3/118 58010 70000 90761 91106==
52203 14/61 /0902 11045 21141 39429 40379 57013 60001 333 11040 21164 3/121 59025 70000 90761 91105==
52602 14/80 /3103 11008 21235 37270 40288 52007 60001 333 11002 21162 3/119 58020 70000 90761 91107==
52818 14/80 /2502 11017 21087 37252 40268 52005 69921 333 11017 21095 3/111 58026 70002 90761 91107==
52908 14/80 /3108 11087 21175 35765 40216 52026 60001 333 11004 21128 3/112 58019 70000 90761 91122==
55228 14/80 /3003 10005 21349 36032 40227 57029 60001 333 10005 21171 3/125 58030 70000 90761 91106==
55299 14/80 /2809 11011 21342 35877 40257 52005 60001 333 10065 21146 3/122 58028 70000 90761 91123==
55578 14/80 /2404 10099 21334 36388 40148 57012 60001 333 10132 21104 3/114 58016 70000 90761 91112==
55591 14/80 /3004 10125 21358 36521 40072 52001 60001 333 10149 21056 3/114 58014 70000 90761 91114==
55664 14/80 /2605 10067 21356 36026 40089 57020 60001 333 10083 21071 3/112 58000 70000 90761 91111==
55773 14/80 /3509 10075 21391 36016 40112 57011 60001 333 10088 21120 3/118 59018 70000 90761 91122==
56004 14/67 /3006 11054 21233 35827 40235 52015 60001 333 10026 21144 3/119 58018 70000 90761 91127==
56018 14/68 /2707 10005 21300 36173 40162 52016 60001 333 10091 21125 3/117 58014 70000 90761 91121==
56312 14/80 /1503 10106 21102 37067 40125 57014 60001 333 10125 21056 3/106 59007 70000 90761 91107==
62306 42560 63412 10186 20140 40234 57005 86800==
62309 42560 61003 10178 20081 40220 54000 82230==
62325 42560 33304 10208 20133 40222 57005 83200==
62332 42560 20604 10218 20152 40218 57005 82200==
62337 42560 41805 10169 20098 40228 52007 84204==
62366 44556 63606 10183 20127 40207 57013 71021 86800==
62387 41950 03511 10167 20113 40205 57009 71000==
62393 41956 03508 10153 20111 40223 57004 71000==
62405 41956 31602 10202 20067 40186 57010 70500 80002==
62414 42960 03508 10207 20028 40177 57006==
62419 42960 00412 10222 20083 40161 57006==
62420 42960 40303 10159 20063 40221 57009 80002==
62435 42/60 50210 10174 20093 40198 57003 85050==
62440 42960 00000 10200 20135 40215 57008==
62455 42960 03507 10182 20115 40201 57013==
62458 42960 02703 10202 20075 40193 57008==
62459 42560 43005 10206 20087 40187 57006 82504==
62465 42960 43012 10222 20130 40165 57005 80001==
15549 42970 22503 10077 20040 39842 40262 52007 80002 333 10078 20029 555 578//=
15640 42976 02303 10121 20062 39949 40260 51002 333 10123 20083 555 567//=
15655 42968 00000 10112 20045 30231 40264 52007 333 10112 20064 555 563// 92023 92427=
40100 43/60 09902 10196 20096 30228 40244 58006 333 58///=
42260 31994 02303 10229 20123 40138 70500 333 59010=
