SIPK OPKC 181500=
41504 22695 60902 10010 21125 37866 48535 83510 333 56990 59001 60007 83640 83460 36%=
41506 22695 50000 10050 20004 38522 48520 83520 333 56690 59006 60007 83460 83460 72%=
41507 22996 00502 10060 20038 39258 49793 333 59006 60007 86%=
41508 22996 30000 10033 21034 38659 48527 83020 333 56090 59020 60007 83460 61%=
41509 22996 03102 10060 21016 38767 48503 333 59013 60007 58%=
41510 22996 00000 10015 21023 37923 48537 333 59014 60007 76%=
41515 22995 00000 10058 21051 38557 48519 333 59020 60007 45%=
41516 22996 00000 11005 21051 38569 48524 333 59011 60007 71%=
41517 21696 70000 11020 21060 37822 48565 70422 83570 333 56990 58001 60007 83640 87460 76%=
41518 22696 71802 10039 21085 38/// 48/// 83520 333 56990 5//// 60007 83640 87461 40%=
41519 22696 30000 10080 21058 38772 48507 83500 333 56900 59001 60007 83640 37%=
41520 22695 53602 10000 21083 37644 48299 83530 333 56990 58010 60007 83640 82362 50%=
41523 22996 00000 10050 21030 39087 48490 333 59029 60007 56%=
41524 22696 60000 10125 21001 39369 40243 82520 333 56990 59018 60007 82640 84460 42%=
41524 22696 60000 10125 21001 39369 40243 82520 333 56990 59018 60007 82640 84460 42%=
41525 22996 02302 10030 21006 37692 48421 333 59001 60007 77%=
41528 21696 60000 10080 20010 39222 48516 70422 82550 333 56990 59025 60007 82640 85460 61%=
41529 21995 20000 10070 20047 39786 40182 71000 80001 333 56009 59019 60007 82070 85%=
41529 21995 20000 10070 20047 39786 40182 71000 80001 333 56009 59019 60007 82070 85%=
41530 219// 30000 10080 20033 39740 40168 70500 80001 333 56009 59029 60007 83075 72%=
41534 21995 20000 10080 20058 39749 40178 71000 82030 333 56090 59019 60007 82360 86%=
41535 22696 50000 10060 21051 38709 48475 82520 333 56990 59027 60007 82635 83460 45%=
41536 22996 50000 10070 21003 39031 48491 85010 333 56090 59031 60007 85360 60%=
41560 22996 00000 10075 21005 38286 48515 333 59019 60007 57%=
41562 22996 00000 10100 20031 39685 40160 333 59020 60007 62%=
41565 22996 03104 10072 21019 38655 48520 333 59013 60007 53%=
41567 21996 00000 10100 20031 39714 40143 70401 333 59023 60007 62%=
41572 21696 223004 10090 20009 39512 40150 70400 82500 333 56900 59032 60007 82640 57%=
41573 22697 50504 10060 21059 37966 48497 83520 333 56990 59020 60007 83640 82460 42%=
41574 22697 40000 10060 21010 38335 48536 82530 333 56990 59033 60007 82640 83360 61%=
41576 21996 30000 10110 20030 40176 70400 80001 333 56009 59024 60007 82070 58%=
41577 21696 40000 10080 20059 39551 40186 70410 82530 333 56990 59016 60007 82560 82360 87%=
41593 21996 20000 10120 20068 39928 40150 70422 82030 333 56090 59027 60007 82360 70%=
41597 21996 30000 10120 20079 40168 70400 83030 333 56090 59021 60007 83362 76%=
41598 21996 30000 10100 20057 39874 40153 70400 83030 333 56090 59015 60007 83360 74%=
41599 21696 70000 10140 20068 39852 40147 70422 83470 333 56990 59029 60007 83640 84460 62%=
41600 21695 60000 10100 20079 40164 71022 83570 333 56990 59010 60007 83645 83462 87%=
41620 31996 02702 10080 21058 38577 48480 70500 333 59016 60007 37%=
41624 21995 00000 10130 20068 40155 70400 333 59017 60007 66%=
41625 21996 00000 10100 20057 39937 40143 70400 333 59024 60007 74%=
41630 21995 00000 10130 20080 40155 70400 333 59026 60007 71%=
41633 21996 00000 10125 20068 4//// 70400 333 5//// 60007 70%=
41634 21996 30000 10070 20011 3//// 4//// 70500 80001 333 56009 5//// 60007 83070 66%=
41635 21996 20000 10110 20068 3//// 4//// 70400 82030 333 56090 5//// 60007 82362 75%=
41636 21996 00000 10120 20068 39971 40162 70400 333 59020 60007 70%=
41638 21996 20000 10130 20080 4//// 70400 82030 333 56090 5//// 60007 82360 71%=
41639 21996 30000 10120 20068 4//// 70410 83030 333 5//// 60007 83460 70%=
41640 21996 00000 10130 20091 39896 40150 70400 333 59027 60007 77%=
41641 21696 40000 10135 20074 39875 40155 70410 82470 333 56990 59023 60007 82640 83460 67%=
41642 21996 33102 10125 20074 4//// 70400 83070 333 56090 5//// 60007 84461 70%=
41643 21996 30000 10130 20091 39869 40151 70411 83070 333 56090 59013 60007 83460 77%=
41644 21996 40000 10140 20102 4//// 70412 84020 333 56090 5//// 60007 84460 78%=
41646 21994 00000 10150 20123 40174 71000 333 59014 60007 84%=
41652 21996 03104 10115 20036 40158 70400 333 59028 60007 58%=
41660 229// 02306 10035 20129 38434 48526 333 59014 60007 26%=
41661 21995 03102 10050 21098 38381 48511 70540 333 59015 60007 33%=
41669 21996 00000 10130 20091 3//// 4/// 70400 333 5//// 60007 77%=
41670 21996 00000 10130 20080 4//// 70400 333 5//// 60007 71%=
41674 21995 00000 10130 20056 3//// 4//// 70400 333 5//// 60007 61%=
41675 21996 00000 10130 20056 30011 40158 70400 333 59012 60007 61%=
41676 21995 00000 10135 20074 30012 40173 70400 333 59019 60007 68%=
41677 21996 00000 10110 20079 39970 40142 70400 333 59023 60007 81%=
41678 21996 00000 10180 20083 40160 70400 333 59017 60007 53%=
41679 21696 50000 10120 20079 4//// 70422 82570 333 56990 5//// 60007 82640 83460 76%=
41680 21995 00000 10140 20102 40147 70400 333 59024 60007 78%=
41685 22997 03102 10095 21051 38918 48495 333 59027 60007 38%=
41696 22996 03102 10040 21037 38043 48574 333 58005 60007 57%=
41697 22997 00000 10160 20057 40150 333 59019 60007 50%=
41700 21995 00000 10140 20080 40143 70400 333 59022 60007 67%=
41701 21995 00000 10135 20096 40163 70400 333 59017 60007 77%=
41710 22996 01302 10100 21115 40184 333 59010 60007 21%=
41712 22996 01302 10065 21063 39223 48514 333 59008 60007 39%=
41715 21995 00000 10160 20081 40150 70500 333 59014 60007 60%=
41716 21996 00000 10130 20068 30064 40171 70400 333 59013 60007 66%=
41718 21995 00000 10135 20074 40141 70400 333 59029 60007 67%=
41724 21995 00000 10150 20069 40165 70500 333 59025 60007 58%=
41725 21996 00000 10160 20093 40143 70500 333 59027 60007 64%=
41726 21995 00000 10155 20098 30094 40166 70500 333 59011 60007 69%=
41738 22996 02308 10190 20072 39993 40175 333 59014 60007 46%=
41739 21996 03606 10100 21042 39085 48528 70500 333 59016 60007 36%=
41742 22996 02302 10185 20037 40146 333 59006 60007 37%=
41743 21996 00000 10165 20076 70400 333 60007 56%=
41744 22996 03106 10110 21044 38799 48517 333 59003 60007 34%=
41745 21996 00000 10165 20063 70400 333 60007 51%=
41746 22996 03102 10165 20076 40153 333 59010 60007 56%=
41747 21996 00000 10120 20056 40139 70400 333 59018 60007 65%=
41748 21995 00000 10180 20083 40157 70500 333 59025 60007 53%=
41749 21995 00000 10150 20092 40153 70400 333 59017 60007 68%=
41756 21996 03102 10200 20031 40150 70500 333 59020 60007 33%=
41757 22996 00504 10180 21048 30143 40156 333 59022 60007 21%=
41759 21996 01802 10220 21002 40148 70500 82030 333 56090 59027 60007 82360 23%=
41764 21995 03610 10195 20067 30090 40141 70400 333 59016 60007 43%=
41765 21996 00000 10180 20083 30104 40140 70400 333 59026 60007 53%=
41766 21995 23602 10175 20082 40155 70400 82500 333 56900 57017 60007 56%=
41767 22996 36004 10170 20082 3//// 4//// 333 60007 56%=
41768 22996 00000 10145 20035 40124 333 59024 60007 48%=
41780 21996 00502 10190 20013 30113 40140 70500 333 59009 60007 31%=
41783 22996 00000 10185 20078 30103 40133 333 59015 60007 50%=
41785 22996 03102 10170 20094 30126 40139 333 59023 60007 61%=
41786 22996 00000 10170 20070 30085 40122 333 59016 60007 52%=
41BKI 21994 30000 10080 20020 39742 40175 70421 80001 333 56009 59011 60007 83070 66%=
41SKP 21996 20000 10120 20079 4//// 70400 82030 333 56090 5//// 60007 82360 76%=
43532 22696 60000 10080 20055 39331 40156 83520 333 56990 59024 60007 83640 83460 67%=
43533 21996 60000 10070 20024 39222 48474 70422 86070 333 56090 59007 60007 86460 73%=
43563 22997 40000 10100 20008 40165 84030 333 56090 59020 60007 84360 53%=




Data Generated from File : D:/all data handling/Rmc_lhr/2024121815.FSU.txt
18/12/2024   16:05:37
____________________________________________________________________________________________
15020 24/63 21101 10088 20022 30024 40223 55002 82040 333 55300 20047 60007 91001 90730 91103==
15090 24970 13401 10065 20023 30136 40230 55002 80002 333 55300 10140 20060 30036 60007 91001 90730 91103==
15108 21/02 92908 11043 21043 38087 48504 56010 74544 89/// 333 55300 20052 60007 91010 90730 91111==
15150 24/70 21601 10086 20014 30011 40226 56004 82030 333 55300 20099 60007 91002 90730 91104==
15170 24570 62504 10040 20005 39448 42834 57009 82308 333 55300 20094 60007 91007 90730 91108==
15280 22584 5//// 11048 21086 37521 47068 56005 84471 333 55300 20134 60007==
15310 24/64 22002 10089 20045 30147 40234 56006 81041 333 55300 10150 20053 30081 60007 91004 90730 91104==
15335 24/70 22402 10101 20019 30229 40236 57003 81031 333 55300 20047 60007 91003 90730 91104==
15350 24/70 32203 10089 20040 30115 40236 55003 81042 333 55300 20118 60007 91004 90730 91109==
15360 24970 02803 10115 20020 30220 40237 54001 333 55300 20158 60007 91003 90730 91104==
15420 24/67 32302 10065 20033 30126 40240 57006 83030 333 55300 20076 60007 91002 90730 91103==
15460 24/63 42802 10096 20052 30216 40241 56007 82071 333 55300 20102 60007 91003 90730 91103==
15470 24/70 62701 10079 20054 30115 40243 56006 86070 333 55300 20162 60007 91002 90730 91102==
15480 44970 30000 10097 20053 30223 40240 80002 333 55300 10140 20080 30108 91001 90730 91102==
15549 42970 62502 10084 20036 39818 40236 57005 80002 333 10116 20029 555 572//=
15552 42970 12701 10117 20056 30187 40236 57011 80001 333 10149 20067 555 566// 92023 92428=
15640 42976 20000 10115 20103 39929 40240 57005 81031 333 10148 20083 555 593//=
15655 42570 30505 10112 20081 30204 40237 57008 81501 333 10135 20064 555 581// 92023 92428=
15730 42970 30000 10147 20037 39843 40233 57007 80002 333 10170 20008 555 548//=
16627 42975 00000 10130 20103 30235 40240 58008 333 90730 91104==
16650 42960 00402 10138 20108 30233 40242 57007 333 90730 91108==
16667 42960 02605 10120 20061 30231 40242 57008 333 90730 91110==
16706 42960 10206 10158 20079 30219 40226 57011 80009==
16723 42960 03606 10148 20081 30215 40229 57001 333 90730 91114==
16742 42960 03609 10142 20091 30066 40222 57004 333 90730 91116==
16749 42960 00002 10146 20104 30202 40216 56005 333 90730 91107==
16754 42560 13304 10156 20123 30187 40234 57003 81100 333 90730 91108==
16760 42560 10105 10130 20088 40237 53002 81100 333 90730 91107==
16765 42460 13109 10166 20108 40221 57005 81100 333 90730 91117==
17022 42965 02202 10099 20094 30090 40257 57002 333 90730 91107==
17024 42670 32509 10144 20142 30170 40247 52006 83400 333 83635 90730 91119==
17026 42570 23005 10107 20077 30216 40255 52011 82200 333 82830 90730 91118==
17031 42670 53213 10117 20077 30245 40251 52013 83150 333 83836 85358 90730 91119==
17034 42670 62805 10122 20082 30213 40259 52011 83250 333 83835 86360 90730 91111==
17038 41470 72002 10109 20070 30193 40241 52010 78088 87200 333 82716 87835 90730 91110==
17042 41670 72905 10111 20064 30201 40241 52013 72166 84550 333 84635 87360 90730 91126==
17050 42970 01501 10124 20069 30184 40247 57008 333 90730 91105==
17056 42970 01502 10109 20083 30245 40249 57009 333 90730 91104==
17060 42960 02003 10106 20087 30214 40255 57006 333 90730 91110==
17070 42965 00000 10075 20033 39371 40256 55004 333 90730 91106==
17074 41570 72602 10073 20066 39307 40249 50002 70262 84550 333 84628 86360 90730 91111==
17084 42670 72904 10078 20049 39340 40267 54000 84570 333 84635 87360 90730 91107==
17085 42670 60000 10082 20026 39761 40262 51003 83550 333 83635 86360 90730 91106==
17092 42670 71902 10004 21023 38916 48535 53002 87500 333 87640 90730 91106==
17096 42660 42414 11008 21046 38245 48515 52010 84500 333 84635 90730 91124==
17098 42660 12506 11011 21055 38169 48483 52011 81500 333 81640 90730 91130==
17100 42670 43105 10094 21054 39166 40178 52010 82530 333 82635 84357 90730 91119==
17112 42970 00602 10129 20104 30235 40237 57007 333 90730 91108==
17115 42960 03202 10097 20072 30200 40252 57008 333 90730 91105==
17116 42965 00000 10096 20061 30130 40255 57006==
17124 42960 00604 10066 20031 39332 40280 57005 333 90730 91105==
17128 42560 22205 10050 20006 39148 40281 56002 82500 333 82630 90730 91110==
17135 42970 03602 10075 20062 39368 40263 58001 333 90730 91107==
17140 42665 72001 10040 20009 38764 48543 51003 84250 333 84840 87360 90730 91108==
17150 42960 00000 10084 20060 30119 40247 57009 333 90730 91104==
17160 42/70 21702 10057 21001 39086 48544 54000 82030 333 82360 90730 91106==
17170 42560 42816 10040 21021 38345 48518 52004 83550 333 83630 84357 90730 91121==
17175 42965 01801 10120 20090 30227 40231 57006 333 90730 91104==
17184 41956 00000 10103 20055 30124 40239 57005 71000 333 90730 91102==
17190 42970 00000 10071 20018 39055 48544 53001 333 90730 91102==
17195 41558 50603 10046 20004 39038 48545 54000 71000 85400 333 85630 90730 91109==
17200 42660 50002 10068 21015 39256 40277 52004 83530 333 83640 85360 90730 91114==
17202 42/65 11002 10024 21006 39189 40276 52002 81030 333 81360 90730 91106==
17203 42970 00000 10027 21044 38916 48557 52007 333 90730 91104==
17210 41102 90000 10007 20004 39188 40265 53003 74744==
17219 42965 00209 10123 20045 30092 40240 57001 333 90730 91116==
17234 42970 00000 10126 20060 30164 40233 57005 333 90730 91105==
17237 42970 00000 10109 20050 39734 40247 53001 333 90730 91105==
17240 42970 03001 10109 20027 39086 40248 55002 333 90730 91110==
17244 42970 01604 10065 20021 39063 48548 56002 333 90730 91105==
17248 42970 00000 10042 20013 39045 48541 57002 333 90730 91105==
17250 42970 01601 10034 21004 38867 48549 56002 333 90730 91108==
17260 42960 01303 10080 20016 39376 40212 53004 333 90730 91108==
17270 42970 03001 10094 20001 39581 40241 52006 333 90730 91108==
17275 42970 00108 10046 21038 39025 48535 53001 333 90730 91116==
17280 41957 02603 10011 20002 39438 40260 51001 71000 333 90730 91106==
17290 42970 03401 10170 20090 30194 40226 55000 333 90730 91106==
17292 42970 00000 10115 20027 39464 40234 53002 333 90730 91105==
17300 42960 01803 10150 20096 30151 40223 56001 333 90730 91108==
17310 42970 00000 10163 20078 30204 40211 53001 333 90730 91105==
17330 42970 00000 10135 20089 30206 40224 52003 333 90730 91103==
17350 42960 00704 10143 20022 30133 40213 52003==
17370 42970 00000 10133 20032 30221 40225 55000 333 90730 91103==
17375 42970 00000 10130 20087 30213 40215 55003 333 90730 91105==
33088 42560 80000 10043 20025 39995 40188 57006 885//==
33135 42/// 22904 10013 21029 30028 40179 52019 82030==
33177 42560 72001 10064 20048 39950 40188 57015 87500==
33317 41440 80000 10042 20039 39862 40202 58004 78082 8597/ 333 85919==
33393 42/60 32102 10054 20017 39811 40205 57009 83030==
33415 42660 60000 10059 20035 39808 40207 57005 83530==
33429 41560 72704 10057 20042 39784 40208 54000 70262 85530 333 85633==
33466 42/62 22704 10008 21018 30003 40195 52010 81031 333 31///==
33506 42560 42805 10016 21038 39957 40156 52026 84500==
33562 41560 82702 10053 20031 39909 40216 53002 70282 8455/==
33587 429// 82701 10033 20001 39939 40206 52007 80001==
33658 42/81 20000 10076 20019 39919 40219 57001 82030==
33663 42560 53101 10078 20046 30117 40213 54000 82530==
33664 42997 03502 10062 20034 39899 40217 57002=
33678 42898 22805 10055 20034 30022 40234 52003 82030=
33679 42497 42801 10070 20043 30020 40212 58004 82930=
33711 42560 43105 10026 21013 39980 40193 52014 84500 333 84631==
33745 42997 63101 10041 20024 30045 40236 52007 83031=
33748 42997 10202 10084 20027 39934 40218 57001 81030=
33754 42597 62202 10078 20043 30069 40216 53003 82330=
33761 42470 83002 10056 20031 39985 40210 52004 886//==
33791 42/88 22903 10021 21010 30065 40195 52015 82030==
33815 42598 43502 10084 20018 30012 40220 53004 82530=
33837 42/84 52802 10078 20033 30168 40220 53011 82031==
33881 42598 20202 10081 20013 30033 40230 53001 82500=
33883 42897 20301 10079 20020 30064 40226 52002 82040=
33885 42997 21804 10074 20026 30108 40243 54000 82040=
33892 42997 33002 10063 20016 30015 40227 52006 83030=
33902 42960 33103 10043 21003 30148 40208 53014 80001==
33924 22560 33005 10090 20061 30207 40220 52009 82405 333 60002 90730 91113==
33946 22585 73105 10068 20043 39998 40220 53010 87500 333 60002 87622 90730 91114==
33983 22560 43205 10036 20013 30132 40194 53020 84500 333 60002 90730 91114==
34300 41560 53303 11006 21060 39960 40141 52039 70281 85500==
34336 22960 03303 11034 21103 39982 40088 52042 333 10028 69902==
34344 22970 03204 11034 21088 39984 40074 52039 333 10029 69932 90730 91113==
34356 22970 03004 11079 21123 39897 40049 52035 333 10020 69992 90730 91112==
34357 22/70 23105 11054 21104 39895 40054 52036 82030 333 10023 69952 91012 90730 91117==
34398 415// 62808 11010 21017 39934 49947 52001 70182 86900 333 10002==
34415 41560 73206 10014 21027 30029 40127 53030 78782 87900==
34438 21560 42805 11013 21017 39892 40086 52028 70182 84300 333 10021 69972 90730 91111==
34445 22570 72907 11021 21058 39952 40068 53039 86570 333 10021 69902 91010 90730 91114==
34461 22960 03104 11051 21116 39991 40048 52041 333 10031 69932 90730 91116==
34473 /25// 82912 11044 21079 39954 49993 52031 886// 333 10016 91118 555 69932=
34476 21/70 22812 11044 21100 39993 40001 53034 70281 82030 333 10021 69972 91016 90730 91121==
34504 42684 63107 10020 21030 39992 40169 52021 86500==
34535 21570 22905 10002 21001 30023 40096 53029 72681 82900 333 10044 60012 90730 91115==
34545 21570 82806 10000 21019 39961 40073 52022 70382 8455/ 333 10029 60032 90730 91112==
34555 22/70 12706 11003 21026 39968 40060 52025 81060 333 10026 69982 91010 90730 91112==
34560 41560 63211 11042 21091 39850 40044 52038 70282 86500 333 10021 86633 91014 90730 91115==
34578 21540 83205 11006 21006 30019 40026 53025 72282 883// 333 10029 69902 90730 91115==
34579 21510 52804 11014 21014 39973 40016 53025 72282 85300 333 10027 69992 90730 91112==
34644 21560 62707 10022 21018 30012 40089 53017 70273 85530 333 60012 91012 90730 91116==
34646 21570 62804 10002 21009 39997 40079 52022 72682 84530 333 10035 60022 90730 91116==
34655 21560 82604 11003 21008 30010 40071 51023 72287 885// 333 10041 60012 90730 91118==
34662 21470 72803 10008 21023 30032 40043 53024 70288 87500 333 10038 69972 87618 90730 91114==
34691 22/70 62702 10015 21023 30153 40141 54000 86030 333 10028 60002==
34720 22970 02703 10025 21026 30094 40134 52017 333 10054 60002 90730 91112==
34727 22560 82909 10033 21012 30129 40160 52019 883// 333 10039 60002 91012 90730 91114==
34743 22/60 82806 10010 21012 30000 40090 52021 8805/ 333 10041 69902 91014 90730 91115==
34759 21440 32606 10012 21002 39954 40086 53018 72688 83400 333 10042 69962 91011 90730 91116==
34772 21460 82610 10009 21008 30038 40041 53010 72582 889// 333 10040 69972 91014 90730 91116==
34785 21540 62604 10005 21003 30053 40031 52006 72682 86500 333 10042 60012 90730 91114==
34798 42560 82406 10020 21011 30073 40044 53010 885// 333 10040==
34824 22560 82905 10042 20000 30170 40175 52020 885// 333 10055 60002 91010 90730 91112==
34838 22460 82605 10034 21028 30059 40156 52021 886// 333 10057 60002 91011 90730 91113==
34845 22970 02804 10020 21022 30016 40124 53023 333 10055 60002 90730 91115==
34858 21560 22706 10028 21027 39996 40104 53017 70261 82500 333 10051 69992 91014 90730 91116==
34861 21/05 93112 11004 21023 39839 40085 52019 78638 89/// 333 10028 69982 91017 90730 91119==
34866 21560 72809 10018 21004 30081 40073 52012 72783 87900 333 10052 69972 91015 90730 91119==
34880 21560 62406 10027 21005 30071 40045 52008 70282 86900 333 10056 69902 91011 90730 91110==
34887 21570 32704 10030 21008 30086 40064 53006 70181 83500 333 10055 60012 91010 90730 91112==
34949 22570 72611 10020 21019 39589 40139 52015 87500 333 10039 60002 91016 90730 91120==
34954 21560 72606 10039 21023 39953 40127 53017 72582 87400 333 10061 69902 91016 90730 91116==
34958 22570 62707 10044 21023 39916 40115 52011 86500 333 10064 60002 91014 90730 91114==
34975 21/70 83007 10046 21005 30086 40082 52005 70282 88050 333 10065 69942 91013 90730 91116==
34984 22570 42607 10033 21018 30103 40073 52006 84400 333 10062 69962 91012 90730 91115==
35217 41/// 82808 11025 21031 39884 49924 53017 73672 8802/ 333 11015==
35302 425// 83008 11024 21050 39913 49934 52011 885// 333 11001==
35315 /15// 82510 11014 21028 39866 49922 52025 73732 885// 333 11005 91116 555 60032=
35344 /14// 81310 11022 21028 39681 49965 57056 73873 8802/ 333 10001 555 60012=
35358 42/// 81805 11024 21053 39917 40086 52003 8802/ 333 10005==
35368 /15// 81807 11024 21064 39854 40121 54000 73632 885// 333 11023 555 69932=
35386 /25// 82007 11054 21068 39654 40183 52010 73683 889// 333 11054 555 69932=
35394 41660 81904 11060 21075 39513 40203 52013 77072 885// 333 11049==
35404 /25// 82807 10004 21013 39946 49954 52003 885// 333 10006 555 60032=
35406 425// 72605 11005 21029 39945 49947 52014 87500 333 10005==
35416 41/// 82407 11019 21030 39819 49938 53027 70272 8802/ 333 10004==
35426 41/// 81807 11008 21033 39654 49939 53011 77173 8802/ 333 10001==
35437 /15// 82206 11003 21030 39659 49966 53004 77173 8802/ 333 11001 91116 555 60032=
35449 /14// 81510 11004 21022 39930 40032 57045 77173 8802/ 333 11002 555 69922=
35497 125// 81403 11067 21087 39581 40411 52012 60002 885// 333 11067==
35498 326// 81803 11102 21122 39335 40245 52015 885// 333 11082=
35514 /2598 72508 10005 21023 30067 40063 52018 87500 333 10010 91116 555 60082=
35522 /15// 82408 11019 21040 39729 49978 57015 72272 8802/ 333 11004 555 60062=
35542 /14// 81610 11005 21020 39861 40006 57044 77173 8802/ 333 11004 91115 555 69982=
35563 /1496 82109 11045 21064 39370 40144 52004 73883 889// 333 11043 555 69982=
35576 425// 81907 11038 21070 39736 40190 52008 885// 333 11038==
35582 /16// 81809 11053 21081 39596 40206 52027 73632 885// 333 11053 555 69952=
35594 329// 81203 11082 21113 39375 40235 52013 8807/ 333 11073=
35605 /2598 82205 10006 21037 30014 49993 52012 885// 333 10020 555 60042=
35633 /14// 81809 10007 21001 39783 49992 57019 71072 8802/ 333 10009 91116 555 60042=
35671 41540 61804 11025 21044 39743 40174 52008 71022 86500 333 11018==
35699 12/// 20000 11103 21118 39480 40265 52010 60002 82030 333 11090==
35700 42570 32806 10009 21020 30037 40014 52015 83200 333 10033==
35715 /2997 02604 10004 21026 30030 40016 52028 333 10032 555 60042=
35739 /14// 81807 10018 21019 39897 40017 58008 76176 8802/ 333 10020 555 60032=
35746 41/// 81811 10013 20008 39982 40049 57034 76176 8802/ 333 10013 91015 90730 91116==
35777 /14// 80000 11091 21121 39853 40210 53007 70232 886// 333 11051 555 60012=
35796 12960 60000 11087 21120 39815 40266 52011 60002 80001 333 11071==
35849 125// 81605 10028 21024 39991 40075 57026 60002 883// 333 10028==
35895 32997 30000 11106 21121 39814 40278 52011 80002 333 11081=
35907 /2598 62712 10025 20004 30097 40067 52010 86500 333 10037 555 60012=
35925 415// 82705 10020 20009 39937 40046 53017 71052 887// 333 10028==
35927 /25// 82704 10025 20017 30049 52024 885// 333 10050 555 60052=
35953 425// 81505 10026 21010 39995 40123 57020 885// 333 10026==
35969 125// 61806 10006 21045 30019 40193 57003 60002 86500 333 10016==
35997 326// 42301 11035 21087 39820 40262 52013 83550 333 11007=
36259 42984 20901 11390 21427 38299 48596 57001 80001==
36335 329// 51504 11082 21120 39194 40241 52023 85020 333 11042=
36358 326// 82007 11116 21141 39210 40265 52010 885// 333 11106=
36394 316// 61612 11084 21159 39826 40262 54000 73733 83502 333 11073 91017 91120=
36397 11/// 61618 11108 21165 39682 40266 52011 60002 73633 83071 333 11100 91024 90730 91124==
36403 329// 60808 11053 21150 39887 40255 52002 83041 333 11034=
36418 329// 02602 11177 21222 39682 40342 53009 333 11138=
36421 329// 00000 11294 21315 39747 40383 52011 333 11193=
36428 129// 03302 11222 21254 39807 40355 52010 60002 333 11121==
36439 319// 20903 11091 21178 38995 48507 52008 70230 80001 333 11070=
36498 326// 61206 11106 21139 39469 40291 52015 83530 333 11096=
36501 316// 71603 11045 21144 39472 40232 53018 70332 87500 333 11043=
36535 129// 22802 11216 21253 39670 40360 52005 60002 80001 333 11121==
36546 329// 02901 11194 21213 39757 40339 52007 333 11114=
36619 329// 31404 11077 21126 83030 333 11047=
36622 329// 50000 11155 21191 39462 40313 52013 82041 333 11114=
36639 12/// 20000 11149 21183 39682 40324 52012 60002 82030 333 11022==
36643 328// 52402 11213 21230 39637 40358 53014 85070 333 11150=
36665 329// 01602 11149 21188 39551 40319 52005 333 11120=
36666 329// 22302 11211 21228 39807 40343 52006 80001 333 11102=
36729 32998 80000 11106 21131 39929 40438 52033 80007 333 11032=
36736 329// 40907 11063 21126 39744 40313 52012 80001 333 11007=
36744 329// 72202 11033 21076 39799 40255 52012 87040 333 11009=
36770 329// 80000 11094 21110 39541 40296 52017 8802/ 333 11022=
36786 32999 81801 10009 21076 39339 40253 52013 8807/ 333 10024=
36796 329// 60000 11180 21217 39073 48495 51016 80005 333 11165=
36803 32999 02401 11081 21108 39829 40294 52019 333 11018=
36806 329// 01611 11167 21243 39847 40350 52016 333 11138 91016 91120=
36819 315// 80701 11018 21039 39638 40256 52010 71022 8652/ 333 10030=
36821 12/// 81802 11025 21063 39775 40271 52017 60002 8807/ 333 10025==
36839 32998 82901 11055 21112 39138 40294 52027 80001 333 10017=
36843 329// 62502 11002 21063 39088 40265 52009 80002 333 10029=
36846 326// 80803 11026 21157 38639 48527 52016 82502 333 10016=
36859 125// 70000 11090 21110 39487 40301 52017 60002 82505 333 10034==
36870 12/// 60000 10010 21036 39242 40255 52017 60002 86030 333 10055==
36874 325// 81802 11075 21100 39539 40348 52012 889// 333 11039=
36877 329// 61101 11059 21082 39545 40577 52019 85071 333 10019=
36885 326// 70702 11007 21095 39130 40266 52014 83530 333 10055=
36889 329// 60000 11120 21218 37040 47057 54000 85012 333 11045=
36894 329// 60000 11035 21102 39523 40277 52017 83052 333 10010=
36905 329// 52301 10015 21134 38768 48526 52019 83072 333 10054=
36911 129// 30000 10004 21047 39283 40267 52020 6//// 82031 333 10076 555 530//=
36927 12697 70502 11041 21124 38364 48525 52007 6//// 87900 333 10015 555 530//=
36934 12597 83501 11028 21085 38299 48429 53009 6//// 84932 333 1//// 555 530//=
36953 329// 52401 11118 21146 38209 48508 52011 80004 333 11016=
36963 127// 61103 11140 21201 37023 48/// 52007 6//// 84550 333 11085 555 530//=
36974 127// 80904 11110 21146 38023 48571 51001 6//// 885// 333 11070 555 530//=
36982 129// 82302 11144 21263 36502 47078 58003 6//// 8801/ 333 11074 555 530//=
37018 22660 72503 10080 20016 30124 40199 52015 85931 333 10114 60002 90730 91113==
37031 22460 62709 10043 21008 39963 40159 52019 86200 333 10065 60002 91014 90730 91115==
37054 22960 02503 10030 21032 39750 40136 52013 333 10075 69942 90730 91113==
37061 22/60 22810 10040 21012 39945 40114 53010 82010 333 10065 69912 91014 90730 91117==
37085 22540 72403 10042 21011 30137 40110 52009 87500 333 10077 60022 90730 91116==
37171 21740 83502 10068 20030 30194 40213 52021 78082 889// 333 10108 60062 88950 90730 91114==
37228 21440 81601 10013 20001 39297 40138 52003 71062 886// 333 10039 60032==
37235 22560 72302 10038 20009 39821 40138 52008 8750/ 333 10039 60112==
37472 22570 62902 10069 21018 30148 40125 52011 82481 333 10077 60022 90730 91112==
38149 12570 81709 10066 20008 30024 40100 57005 60002 885// 333 10069==
38178 12/// 81804 10020 21060 39860 40149 58008 60002 8807/ 333 10029==
38262 125// 81607 10064 20025 30023 40104 57016 60002 885// 333 10070==
38264 12770 71602 10051 20010 30018 40110 57011 60002 875// 333 10072==
38345 12998 60902 11020 21066 38816 48510 58004 6//// 85032 333 10047 555 530//=
38353 129// 61702 10007 21075 39358 40273 52017 6//// 86030 333 10087 555 530//=
38392 12997 71404 10055 20018 30010 40113 57015 6//// 87030 333 10085 555 530//=
38396 12/60 71506 10054 20011 39998 40123 57020 60002 8707/ 333 10077==
38403 426// 81403 10043 21039 30051 40172 57014 885// 333 10055==
38413 12/// 51303 10041 20010 39883 40175 53006 60002 87030 333 10062==
38457 12960 03602 10018 21036 39623 40220 57015 60002 333 10065==
38462 12/// 20000 11019 21119 38785 48523 58003 60002 82050 333 10034==
38507 12996 33106 10076 20045 30023 40125 53028 6//// 83030 333 10128 555 530//=
38545 12998 71203 10040 20035 39967 40143 57028 6//// 87070 333 10076 555 530//=
38565 129// 01002 10024 21029 39573 40145 58018 60002 333 10104==
38579 129// 00000 10014 21021 39781 40207 57016 60002 333 10080==
38583 12960 01402 10005 21031 39890 40219 57012 60002 333 10041==
38599 31995 80609 10000 21054 39722 40252 58010 71022 80001 333 10041=
38611 12/60 33502 11019 21072 39692 40285 57003 60002 83040 333 10025==
38613 129// 60101 11020 21070 40280 58003 6//// 80001 333 10026 555 530//=
38616 125// 11801 11028 21069 39238 40290 51006 6//// 81500 333 10010 555 530//=
38618 129// 20000 11025 21031 39559 40275 52007 60002 80001 333 10042==
38647 12997 02603 10118 20015 30048 40089 57004 6//// 333 10147 555 530//=
38656 12998 01402 10065 21009 30003 40112 57017 6//// 333 10122 555 530//=
38683 12960 41104 10053 21005 39899 40177 57015 60002 80001 333 10105==
38687 12997 21607 10052 21007 39941 40178 57020 6//// 80001 333 10105 555 530//=
38696 129// 03201 10006 21020 39335 40209 57013 60002 333 10090==
38713 329// 01602 11012 21092 39044 48490 58011 333 10086=
38750 12997 02903 10112 20061 30162 40134 53015 6//// 333 10196 555 530//=
38763 12997 42404 10128 21002 39997 40100 57007 6//// 82036 333 10150 555 530//=
38774 12995 02202 10134 21030 39917 40107 57002 6//// 333 10186 555 530//=
38799 32997 01606 10068 21005 39928 40160 57030 333 10112=
38806 32997 01403 10040 21003 39914 40178 57013 333 10100=
38812 12960 0//01 10040 21036 39736 40196 57009 60002 333 10117==
38836 316// 60000 10033 21034 39280 40232 52008 71000 85502 333 10084=
38880 12997 22301 10080 20011 39852 40105 57007 60002 82030 333 10140 555 530//=
38886 12997 01802 10084 21009 39891 40117 57020 6//// 333 10138 555 530//=
38895 32996 00403 10066 21014 39859 40150 57034 333 10114=
38911 32997 01504 10050 21026 39934 40232 58005 333 10090=
38915 32997 01405 10064 20020 39882 40209 58027 333 10116=
38927 11957 00303 10032 21012 39847 40231 56010 60002 71000 333 10085==
38933 329// 02301 11001 21049 39734 40266 58019 333 10034=
38944 319// 00000 11003 21012 39638 40190 57019 70241 333 10028=
38954 328// 60000 11021 21102 37970 48560 52010 85901 333 10002=
38974 12998 01405 10092 21047 39806 40137 57012 6//// 333 10125 555 530//=
38987 32996 02301 10064 21038 39442 40187 57015 333 10109=
40100 43/70 00207 10181 20090 30203 40219 57004 333 58///=
40180 02960 00103 10203 21026 30132 40181 52001 333 70000==
40199 02/// /0105 10197 21036 30148 40173 52001 333 70000==
40265 41957 21304 10120 21105 39425 40239 54000 70500 80004 333 82070=
40270 41957 01004 10124 21066 39310 40221 54000 70500=
40272 41950 00612 10130 21073 39370 40216 57025 70500=
40340 41956 33609 10191 21049 40181 52002 70500 80001 333 83068=
40356 42960 00906 10122 21130 39234 48526 333 59018 555 04410 50232=
40357 42960 01403 10117 21160 39579 40234 333 59009=
40360 42960 00704 10126 21130 39615 40221 333 59022=
40361 42960 30604 10129 21120 39437 40245 80002 333 59015 83070=
40362 42960 40105 10112 21150 39709 40243 80002 333 59004 84070=
40373 42960 33606 10128 21120 39802 40233 82034 333 59008 82360=
40375 42960 40405 10183 21090 39293 40177 80002 333 59031 84070=
40394 42960 00606 10136 21070 39071 48534 333 59009 555 04410 50224=
40400 42960 53111 10250 20120 30115 40143 80002 333 58022 85070=
40405 42660 40408 10152 21160 39461 40212 84500 333 58004 84640=
40417 42960 53307 10161 21100 30186 40202 80002 333 59014 85070=
40420 42960 53306 10151 21180 39995 40208 80002 333 59010 85070=
40430 42960 00405 10257 20010 39423 40151 333 59015=
40437 42960 00504 10167 21106 39497 40213 333 59007=
40439 42960 32810 10294 20120 30109 40127 82031 333 59017 82360=
40582 32960 13308 10151 21052 40216 53007 80001 333 55300 00000 10271 20000 30000 40976 51252 60000 55407 40000 81070 90400 91011 91117 91213 91311=
40703 42960 00000 10064 21053 38896 40189 52019 333 10112 21065 70000 555 10022 29043 66666 00070 10066 20036 30044 50082 90128=
40706 42570 12402 10025 21077 38632 40208 53003 81402 333 10067 21055 70000 81068 555 11010 29047 66666 00026 10033 20032 30046 50071 90107=
40712 42960 02502 11016 21081 38659 40221 51008 333 10086 21082 70000 555 11036 29061 66666 01004 11003 20013 30021 50054 90083=
40713 42964 03402 10049 21068 38636 40178 53001 333 10121 21027 70000 555 10008 29042 66666 00053 10045 20055 30071 50096 90135=
40718 41958 01401 10102 20086 30169 40140 52028 71000 222// 0//// 20300 333 10157 20046 70000 555 10094 29090 66666 00108 10102 20094 30096 50122 90148=
40723 42970 22304 10066 21097 38914 40178 53004 82050 333 10084 21070 70000 82361 555 10013 29030 66666 01004 11004 20018 30032 50060 90096=
40726 42960 01805 10068 21102 38642 40187 54000 333 10120 21016 70000 555 10012 29029 66666 00024 10028 20042 30052 50074 90120=
40727 42965 00000 10030 21093 38476 40236 52002 333 10108 21089 70000 555 11011 29040 66666 01008 10001 20016 30033 50058 90108=
40732 42960 00000 10104 20079 30147 40122 52020 333 10154 20050 70000 555 10092 29085 66666 00096 10100 20090 30092 50112 90144=
40736 42960 10000 10118 20079 30151 40125 52020 80001 333 10180 20033 70000 81070 555 10099 29077 66666 00076 10080 20082 30090 50110 90150=
40737 42970 30000 10100 20066 30103 40121 52023 80001 333 10192 20001 70000 83070 555 10084 29079 66666 00102 10110 20094 30100 50128 90150=
40738 42560 30000 10107 20076 30135 40137 52020 81502 333 10202 20023 70000 81630 83068 555 10092 29081 66666 00104 10106 20096 30094 50116 90156=
40739 42965 03001 11028 21066 38684 40248 56002 333 10020 21068 70000 555 11039 29075 66666 01004 10000 20018 30022 50041 90106=
40741 42960 01806 10085 21021 39798 40138 57022 333 10129 21001 70000 555 10045 29047 66666 00057 10067 20073 30081 50103 90145=
40743 42965 00000 10034 21066 39063 40218 56004 333 10079 21035 70000 555 11001 29048 66666 00049 10060 20063 30080 50124 90166=
40745 42962 02203 10017 21021 39009 40192 56008 333 10084 21051 70000 555 10003 29076 66666 00000 10002 20026 30044 50071 90130=
40747 42965 01502 10066 21120 38638 40225 53001 333 10120 21077 70000 555 10008 29025 66666 00048 10060 20060 30051 50081 90130=
40754 41925 01402 10040 21047 38824 40211 57001 70500 333 10077 21025 70000 555 10009 29053=
40762 42965 00000 11003 21053 38547 40238 58003 333 10074 21081 70000 555 11019 29069 66666 00010 10026 20030 30036 50075 90126=
40766 42960 00000 10072 21193 38700 40230 58001 333 10123 70000 555 11002 29013 66666 00096 10082 20086 30084 50144 90140=
40768 42968 00802 10014 21165 38253 40232 52002 333 10117 21068 70000 555 11035 29025 66666 00052 10038 20045 30043 50048 90088=
40769 42962 02703 10081 21112 38291 40201 52004 333 10109 21059 70000 555 10016 29024 66666 00026 10032 20040 30046 50080 90042=
40780 42960 03601 10044 21090 38709 40252 53002 333 10134 21007 70000 555 11002 29037 66666 00060 10066 20066 30060 50090 90126=
40782 42970 00902 10056 21066 38888 40241 53005 333 10132 21051 70000 555 10014 29041 66666 00056 10066 20064 30068 50110 90152=
40785 42960 00000 10023 21032 39105 40248 50013 333 10082 21067 70000 555 10003 29067 66666 00074 10096 20078 30078 50120 90180=
40791 42965 00601 10069 21130 39363 40214 55004 333 10146 21013 70000 555 10011 29023 66666 00104 10112 20114 30118 50138 90192=
40792 42965 00801 10055 21128 38723 40222 55003 333 10128 21046 70000 555 11003 29025 66666 00076 10080 20082 30084 50126 90164=
40798 42960 01103 10021 21150 37957 40252 53001 333 10113 21124 555 11029 29027 66666 00022 10033 20029 30036 50073 90113=
40800 41950 03301 10011 21141 38463 40257 55002 70500 333 10130 21077 70000 555 11032 29031 66666 00014 10074 20090 30086 50112 90156=
40809 42962 03303 10040 21164 38503 40232 55002 333 10116 21058 70000 555 11018 29021 66666 00062 10076 20070 30068 50094 90154=
40811 42960 02902 10146 21011 30168 40195 53008 333 10198 20034 70000 555 10082 29034 66666 00136 10154 20154 30164 50192 90236=
40812 42960 03401 10138 21019 39803 40188 52008 333 10194 20048 70000 555 10074 29034 66666 00150 10154 20160 30158 50174 90224=
40818 42965 01202 10045 21199 37988 40250 52008 333 10127 21096 70000 555 11022 29015 66666 00082 10074 20060 30065 50074 90080=
40821 42960 01402 10106 21152 38784 40192 53001 333 10159 21006 70000 555 10027 29015 66666 00107 10108 20102 30106 50130 90176=
40829 42960 01502 10047 21118 39645 40250 53001 333 10134 21056 70000 555 11003 29029 66666 00086 10104 20098 30098 50148 90204=
40831 42960 02902 10130 21016 30200 40208 53005 333 10187 20004 70000 555 10072 29036 66666 00162 10176 20172 30174 50210 90260=
40833 42960 03102 10139 21007 30167 40200 53005 333 10198 20021 70000 555 10079 29037 66666 00150 10130 20148 30168 50220 90246=
40835 42960 02702 10116 21002 39356 40213 53010 333 10190 20012 70000 555 10066 29044 66666 00138 10148 20148 30140 50160 90196=
40841 42970 00000 10049 21216 38247 40238 52004 333 10130 21092 70000 555 11020 29013 66666 00098 10104 20094 30114 50148 90188=
40845 42960 03007 10176 20055 30189 40194 53004 333 10220 20155 70000 555 10118 29045 66666 00166 10176 20176 30178 50200 90230=
40848 42960 00000 10054 21080 38529 40222 53002 333 10156 21040 70000 555 10008 29037 66666 00066 10070 20068 30098 50120 90154=
40854 42960 00000 10070 21133 38971 40213 54000 333 10141 20008 70000 555 10010 29022 66666 00106 10138 20140 30146 50182 90240=
40856 42965 02202 10030 21161 38664 40267 53008 333 10126 21081 70000 555 11023 29023 66666 00084 10108 20104 30110 50138 90180=
40859 42965 00000 10106 21092 38710 40203 53005 333 10182 21024 70000 555 10036 29024 66666 00106 10142 20130 30136 50154 90189=
40875 41956 13502 10166 21050 30149 40161 53004 70500 80001 333 10250 20133 70000 81070 555 10083 29022 66666 00219 10228 20228 30224 50254 90286=
40879 42962 00000 10122 21127 39504 40208 53012 333 10185 20015 70000 555 10043 29016 66666 00204 10230 20208 30210 50224 90272=
40882 41958 02802 10204 20068 30129 40164 53007 70500 333 10250 20184 70000 555 10135 29041 66666 00234 10246 20240 30246 50246 90280=
40883 41940 00803 10194 20096 30143 40166 53008 70500 80000 333 10232 20166 70000 555 10142 29053 66666 00227 10247 20237 30246 50253 90281=
40893 41958 03107 10227 20087 30143 40149 53005 70500 333 10241 20186 70000 555 10152 29041 66666 00233 10233 20241 30241 50258 90244=
40898 41956 50000 10202 21042 30146 40155 52026 70500 80006 222// 00240 20801 333 10257 20174 70000 85269 555 10103 29019 66666 00258 10280 20270 30266 50280 90300=
41024 41958 02706 10286 20180 30100 40126 70600 333 59016=
41036 42960 00706 10211 21010 38578 48527 333 59016 555 04410 50159=
41055 42960 00708 10205 21060 38379 48527 333 59013 555 04410 50157=
41061 42960 01008 10196 21090 39467 40184 333 59009=
41084 42960 00507 10218 21070 38872 48521 333 59014 555 04410 50155=
41112 42960 02003 10163 20090 37954 48529 333 59011 555 04410 50148=
41114 42960 00610 10195 21100 37991 48532 333 59012 555 04410 50145=
41128 42960 00910 10194 21070 38836 48535 333 59010 555 04410 50188=
41136 42960 00708 10205 21100 39360 40187 333 59012=
41140 42960 02006 10288 20180 30116 40123 333 59014=
41150 42966 53012 10176 20123 40196 80001 333 59019 85080=
41170 42962 43210 10188 20105 30178 40192 80001 333 59018 84072=
41176 44/70 /3509 10184 20033 30186 40192 333 59016=
41184 42660 22904 10197 20112 40172 82530 333 59019 81640=
41194 42960 22606 10228 20114 30160 40167 82030 333 59018 82356=
41196 42660 20102 10220 20130 30130 40171 82500 333 59018 82645=
41216 42660 53011 10219 20117 30169 40173 82504 333 59014 82645 85075=
41217 42660 52910 10221 20122 30140 40169 85500 333 59014 85645=
41244 36/// /3207 10189 20096 39735 40155 333 0E021 55300 25022 59009=
41246 36/// /3206 10240 20125 30153 40155 333 0E019 55300 25022 59018=
41253 36/// /0102 10203 20096 39794 40158 333 0E020 55300 25022 59009=
41255 36/// /2103 10225 20046 39616 40124 333 0E014 59015=
41257 36/// /0908 10206 20081 39664 40162 333 0E015 55300 20010 59012=
41263 36/// /2710 10208 20086 39557 40119 333 0E014 55300 20040 59014=
41267 36/// /3416 10242 20170 30139 40151 333 0E021 59018=
41275 36/// /3311 10219 20080 310000 40170 333 0E014 55300 20044 59016=
41288 36/// /0906 10236 20118 30135 40157 333 0E022 59017=
41304 26/// /3108 10190 20042 39857 40178 333 0E010 55300 20148 59017 70004=
41315 36/70 /3414 10159 21023 39336 48174 333 0E014 55300 27190 59016=
41316 32970 00108 10238 20004 30138 40168 333 59016 55010 55407 55408 55507 55508=
41396 42965 23505 10209 21180 39443 40170 80001 333 59011 82070=
41480 42960 01009 10266 20168 30140 40148 333 59013=
41506 12620 50000 10050 20004 38522 48200 60001 83520 333 56880 59006==
41508 12940 30000 10033 21034 38659 48270 60001 83020 333 56080 59020==
41515 12920 00000 10058 21051 38557 48190 60001 333 59020==
41516 12940 00000 11005 21051 38569 48240 60001 333 59011==
41517 11440 70000 11020 21060 37822 48650 60001 70422 87570 333 56880 58001==
41518 12440 71801 10039 21085 30001 48010 60001 87520 333 56880 58000==
41519 12440 30000 10080 21058 38772 48070 60001 83500 333 56800 59001==
41523 12940 00000 10050 21030 39087 48900 60001 333 59029==
41535 12440 50000 10060 21051 38709 48750 60001 83520 333 56880 59027==
41536 12940 50000 10070 21003 39031 48910 60001 85010 333 56080 59031==
41560 12940 00000 10075 21005 38286 48150 60001 333 59019==
41571 219// 43104 10100 20008 39572 40170 70500 80001 333 56009 59030 60007=
41598 11940 30000 10100 20057 39874 40153 60001 70400 83030 333 56080 59015==
41600 11420 60000 10100 20079 30000 40164 60001 71022 83570 333 56880 59010==
41620 11940 02701 10080 21058 38577 48800 60001 70500 333 59016==
41624 11920 00000 10130 20068 30000 40155 60001 70400 333 59017==
41630 11920 00000 10130 20080 30000 40155 60001 70400 333 59026==
41640 11940 00000 10130 20091 39896 40150 60001 70400 333 59027==
41660 229// 02306 10035 20129 38434 48526 333 59014 60007=
41678 11940 00000 10180 20083 30000 40160 60001 70400 333 59017==
41696 12940 03101 10040 21037 38043 48740 60001 333 58005==
41697 12960 00000 10160 20057 30000 40150 60001 333 59019==
41700 11920 00000 10140 20080 30000 40143 60001 70400 333 59022==
41710 12940 01301 10100 21115 30000 40184 60001 333 59010==
41712 12940 01301 10065 21063 39223 48140 60001 333 59008==
41715 11920 00000 10160 20081 30000 40150 60001 70500 333 59014==
41718 11920 00000 10135 20074 30000 40141 60001 70400 333 59029==
41725 11940 00000 10160 20093 30000 40143 60001 70500 333 59027==
41739 11940 03603 10100 21042 39085 48280 60001 70500 333 59016==
41744 12940 03103 10110 21044 38799 48170 60001 333 59003==
41749 11920 00000 10150 20092 30000 40153 60001 70400 333 59017==
41756 11940 03101 10200 20031 30000 40150 60001 70500 333 59020==
41757 12940 00502 10180 21048 30143 40156 60001 333 59022==
41759 11940 01801 10220 21002 30000 40148 60001 70500 82030 333 56080 59027==
41764 11920 03605 10195 20067 30090 40141 60001 70400 333 59016==
41768 12940 00000 10145 20035 30000 40124 60001 333 59024==
41780 11940 00501 10190 20013 30113 40140 60001 70500 333 59009==
41785 12940 03101 10170 20094 30126 40139 60001 333 59023==
41859 01930 00000 10180 20160 30110 40148 70500 333 58007 70000==
41883 01930 00000 10183 20160 30124 40145 70500 333 58002 70000==
41891 01930 00000 10201 20160 30106 40146 70500 333 58011 70000==
41907 01940 00000 10160 20150 30127 40143 70500 333 58002 70000==
41923 01/40 20000 10197 20140 30139 40149 70500 82030 333 58010 70000 82365==
41936 01/16 10000 10154 20140 30133 40140 70511 81030 333 58001 70000 81362==
41943 01930 00000 10182 20170 30135 40143 70500 333 58008 70000==
41950 01/40 20000 10191 20180 30139 40141 70521 82030 333 58003 70000 82362==
41978 01450 23603 10250 20140 30130 40136 70511 82500 333 58004 70000 82618==
41992 01925 00000 10250 20220 30134 40136 70500 333 59012 70000==
42027 31594 72701 10002 21007 38440 48528 71022 83520 333 59011=
42071 31994 39902 10116 20075 40151 71000 83030 333 59028 83360=
42101 31995 00000 10118 20098 40158 71000 333 59025=
42111 31994 00000 10116 20105 39426 40144 71000 333 59021=
42123 31995 00000 10118 20073 40147 70500 333 59029=
42131 31995 00000 10102 20054 40157 70500 333 59020=
42165 31995 00000 10128 20045 40140 70500 333 59026=
42182 31992 00000 10112 20104 40152 74640 333 59015=
42189 31995 00000 10128 20113 40145 71000 333 59015=
42309 31595 30201 10130 20126 40160 71000 81530 333 58004=
42314 31995 20000 10152 20130 40156 71000 82530 333 58002 81620 82360=
42328 31995 00202 10144 20045 40124 70500 333 59023=
42339 31995 00202 10176 20035 40135 70500 333 59020=
42348 31994 09902 10156 20061 40148 70500 333 59010=
42361 31993 00000 10126 20099 40153 74444 333 59010=
42369 31994 00000 10154 20121 40147 71000 333 59008=
42379 31995 00000 10142 20120 40142 71000 333 59002=
42410 31595 50000 10182 20162 40150 71022 82530 333 59002 82620 84360=
42415 32596 40000 10188 20120 40159 83530 333 58008 83620=
42452 31995 00000 10136 20080 40140 70500 333 59011=
42492 31994 00000 10162 20141 40150 71000 333 58001=
42559 32996 00901 10162 20084 40132 333 59009=
42571 31996 00000 10150 20092 40147 70500 333 59008=
42623 31495 50000 10194 20155 39272 40142 71020 83530 333 59007 83618 85360=
42634 32996 00000 10190 20033 40127 333 59021=
42647 31995 00702 10202 20140 40115 70500 333 59019=
42667 31996 00204 10160 20098 39544 40145 70500 333 59009=
42675 31995 00000 10128 20101 40150 70500 333 59006=
42701 31994 00000 10156 20128 39404 40146 71000 333 59001=
42724 31595 20000 10180 20170 40143 71000 82500 333 58009 82620=
42737 32996 00000 10194 20114 40125 333 59015=
42754 31996 00705 10204 20122 39489 40126 70500 333 59005=
42779 32996 00000 10166 20101 39436 40147 333 59006=
42798 31995 00000 10170 20135 40145 71000 333 59002=
42809 31995 10000 10204 20154 40145 70500 81030 333 58002 81360=
42840 32996 03602 10218 20162 40110 333 59014=
42867 31995 20000 10154 20109 40141 70500 80001 333 59005 82075=
42874 31996 00000 10188 20120 40140 70500 333 59007=
42886 31995 00000 10166 20114 40150 70500 333 59006=
42895 31995 20000 10214 20182 40147 70500 82030 333 58001 82360=
42909 32996 00000 10232 20152 40114 333 59013=
42971 31595 70000 10236 20168 40148 70522 84530 333 59001 84620 86360=
43003 31995 00000 10240 20190 40105 70500 333 59007=
43014 31995 00000 10184 20137 39466 40121 70544 333 59009=
43041 31596 40502 10225 20170 39505 40121 70511 82501 333 59005 82625 84075=
43063 32996 10000 10164 20107 39489 40126 80001 333 59006 81070=
43086 32996 00000 10180 20159 39938 40121 333 59007=
43110 31995 00901 10226 20191 40108 70544 333 59008=
43117 32996 00000 10224 20119 40113 333 59007=
43128 31996 10000 10220 20105 39510 40119 70500 80001 333 59007 81070=
43150 21495 80212 10222 20187 30068 40129 75065 8457/ 333 59009 6992/ 84618 88458=
43185 21596 70702 10250 20226 30102 40106 70552 83570 333 59012 6990/ 83620 84360=
43189 22596 70201 10254 20211 30109 40118 83870 333 59011 6996/=
43192 32996 00502 10245 20204 40100 333 59007=
43201 32496 20000 10224 20164 39370 40095 82500 333 59007 82615=
43213 31595 60000 10280 20197 39776 40090 70522 83538 333 59015=
43237 31596 79901 10252 20219 39687 40077 70522 82571 333 59010 82620 83360=
43245 21596 82902 10252 20237 30078 40104 70522 84878 333 59017 6994/=
43279 21495 80506 10244 20232 30081 40099 71065 8422/ 333 57810 57830 59017 6027/ 84618 81825 86458=
43284 31996 12503 10260 20218 39980 40096 71000 80001 333 59016 81075=
43295 22496 50502 10230 20200 39094 48504 83630 333 56190 59014 6990/ 82710 83612=
43314 32996 10000 10280 20224 40095 80001 333 59016=
43321 31496 59903 10268 20207 39646 40089 70522 81501 333 59019 81615 84070=
43329 21596 73403 10258 20244 30074 40087 72022 83531 333 59017 6996/=
43333 31495 50502 10274 20236 40111 70522 85400 333 59005 83618 85820=
43344 31495 69902 10278 20249 39990 40089 71022 82531 333 59019 82616 85360=
43353 32496 29902 10274 20239 40097 81530 333 56790 59016 81616=
43369 22496 80000 10258 20252 40092 8447/ 333 59018 6006/ 84618 88458=
43371 31496 62704 10274 20254 30026 40098 71021 81872 333 59017 81619 83357 85071=
44212 429// 01703 11315 21358 39231 40541 52002==
44213 429// 00000 11283 21318 38864 40524 54000==
44214 41970 03205 11194 21258 38312 40466 58002 73630==
44215 419// 02201 11305 21338 38449 40566 57001 77600==
44217 32998 00000 11296 21331 37869 40629 51001 333 91200=
44218 429// 01601 11278 21309 38664 40535 54001==
44219 32999 01102 11289 21315 38682 40545 54000 333 91203=
44265 429// 00101 11258 21285 38910 40496 54000==
44266 329// 03401 11227 21291 37774 40514 52003 333 91202=
44454 42457 21502 10106 20056 38670 48504 82100 333 59008=
48064 42440 62201 10250 20229 30026 40083 84830 333 59011==
48094 42950 00000 10265 20230 30107 40117 333 59010==
51076 14/80 /0402 11131 21183 39432 40391 54000 60001 333 11067 21209 3/104 4/008 59042 70000 90761 91103==
51087 14/68 /1002 11187 21220 39282 40413 57002 60001 333 11107 21229 3/106 4/008 59043 70000 90761 91104==
51156 14/80 /3401 11174 21233 38731 40395 54000 60001 333 11090 21200 3/114 4/001 59031 70000 90761 91105==
51243 14/59 /2401 11174 21196 39788 40392 52002 60001 333 11093 21177 3/111 4/002 59039 70000 90761 91104==
51463 14/28 /0000 11161 21182 39090 40389 54000 60001 705// 333 11128 21187 3/101 4/026 59027 70000 90761 91103==
51573 14/58 /0301 11080 21152 30326 40379 52001 60001 333 11021 21100 3/113 59018 70000 90761 91103==
51644 14/23 /0201 11147 21169 39041 40416 52010 60001 705// 333 11045 21162 3/106 4/005 59026 70000 90761 91103==
51656 14/50 /3201 11096 21118 39260 40410 52005 69901 710// 333 11086 21182 3/110 4/003 59025 90761 91103==
51709 14/56 /1601 11059 21114 38692 40352 52005 60001 705// 333 11041 21059 3/106 59032 70000 90761 91103==
51716 14/57 /1701 11054 21109 38994 40365 52006 60001 705// 333 11020 21095 3/108 59030 70000 90761 91104==
51765 14/50 /3401 11139 21153 39318 40416 52002 60001 705// 333 11063 21178 3/117 59029 90761 91103==
51811 14/58 /1101 11053 21119 38866 40377 52010 60001 333 11033 21126 3/115 59032 70000 90761 91103==
51886 14/68 /2901 11105 21244 37120 40322 57001 60001 333 11019 21129 3/115 58010 70000 90761 91106==
52203 14/56 /0000 11131 21166 39425 40386 57008 60001 705// 333 11040 21164 3/117 59039 70000 90761 91105==
52602 14/77 /2001 11106 21248 37289 40377 52007 60001 333 11002 21162 3/117 58028 70000 90761 91107==
52818 14/75 /1302 11066 21106 37254 40292 57009 60001 333 11014 21095 3/113 58016 70002 90761 91107==
55228 14/80 /2903 11038 21347 36036 40261 52008 60001 333 10014 21171 3/108 58006 70000 90761 91113==
55299 14/64 /1401 11133 21321 35888 40294 52001 60001 333 11008 21146 3/122 58047 70000 90761 91123==
55578 14/57 /3401 11072 21230 36394 40187 52007 60001 333 10102 21104 3/112 58017 70000 90761 91112==
55591 14/72 /1002 10020 21276 36543 40130 52014 60001 333 10134 21056 3/111 58036 70000 90761 91114==
55664 14/69 /3301 11060 21278 36037 40219 52014 60001 333 10073 21071 3/111 58003 70000 90761 91111==
55773 14/80 /0902 11065 21258 36039 40218 52012 60001 333 10078 21120 3/114 59005 70000 90761 91122==
56004 14/68 /2602 11178 21312 35845 40320 52004 60001 333 11041 21182 3/126 58042 70000 90761 91127==
56312 14/80 /2301 10002 21078 37124 40242 52027 60001 333 10112 21056 3/103 58024 70000 90761 91107==
62306 42560 50110 10186 20113 40215 57001 85800==
62309 42560 60205 10182 20090 40202 54000 82530==
62325 42560 30804 10194 20135 40200 57008 83500==
62332 42960 00514 10198 20146 40195 57005==
62337 42960 00207 10189 20085 40188 57028==
62366 45560 20410 10204 20091 40179 57001 82200==
62387 42960 03506 10196 20115 40175 57001==
62393 42960 03306 10181 20083 40196 54000==
62405 41958 60602 10217 20077 40156 57001 70500 80004==
62414 42960 03605 10242 20048 40146 57005==
62419 42960 00405 10253 20093 40131 57002==
62420 42960 03304 10182 20061 40190 57003==
62440 42960 03610 10212 20094 40191 57001==
62455 42960 00506 10212 20033 40172 57004==
62458 42960 03003 10201 20126 40166 57005==
62459 42560 43011 10206 20122 40158 57002 82504==
62465 42960 43310 10220 20108 40136 57004 80001==
41256 31558 12804 10225 20117 30144 40161 70500 81500 91445 333 59010 55000 55407 55408 55507 55508 81620=
