SMPK OPKC 161800=
41504 02995 60000 11020 21128 37861 48530 60003 86030 333 56090 59038 60007 86360 RH 44%= 
41516 02996 40000 11020 21051 38571 48525 60003 84030 333 56090 59027 60007 84362 RH 79%=
41517 01696 20000 11040 21068 37811 48559 60003 70400 82500 333 56900 59046 60007 82640 RH 79%= 
41518 02696 71802 10017 21036 38/// 48/// 60003 83520 333 56990 5//// 60007 83640 87462 RH 66%= 
41519 02996 30000 10060 21033 38805 48537 60003 80030 333 56090 59062 60007 83362 RH 51%=
41520 02695 30000 10005 21087 37636 48287 60003 83030 333 56090 59021 60007 83362 RH 50%= 
41530 019// 20000 10080 21029 39749 40177 60003 70500 80001 333 56009 59035 60007 82075 RH 46%=
41571 119// 03604 10080 21005 39590 40192 60003 70500 333 59028 RH 55%=
41620 31696 23602 10080 21021 38596 48498 60003 70400 82500 333 56900 59006 60007 82640 RH 49%=
41660 019// 03108 10010 21080 38479 48570 60003 70500 333 58004 60007 RH 50%=
41685 02997 00000 10100 21024 38942 48518 60003 333 59016 60007 RH.42%=
41696 02996 00000 11020 21083 38042 48581 60003 333 59003 60007 RH 62%=
41697 02996 00000 10160 20043 30010 40170 60003 333 59032 60007 RH 46%= 
41710 12996 03104 10055 21136 39449 40260 60003 333 58051 RH 24%=
41712 11994 01308 10045 21076 39279 48556 60003 70600 333 58055 RH 41%=
41715 01994 00000 10125 20085 30119 40186 60003 70500 333 59006 60007 RH 77%=
41724 01995 00000 10130 20068 30107 40189 60003 70500 333 59031 60007 RH 66%=
41725 01996 00000 10130 20068 40170 60003 70500 333 59020 RH 66%=
41726 01994 00000 10130 20091 30110 40184 60003 70500 333 59017 60007 RH 77%=
41738 01995 00512 10150 21045 30063 40255 60003 70700 333 58049 60007 RH 26%=
41739 01995 03610 10050 21014 39111 48541 60003 70500 333 59036 60007 RH 63%=
41742 12996 02702 10205 20054 40171 60003 333 59005 RH 37%= 
41743 01996 00000 10135 20049 60003 70500 333 60007 RH 56%= 
41744 01995 03108 10085 21030 38826 48542 60003 70600 333 58006 60007 RH 44%= 
41745 01996 00000 10140 20068 60003 70400 333 60007 RH 62%=
41746 02996 03602 10130 20080 30118 40175 60003 333 59023 60007 RH 71%=
41747 01996 03602 10110 20056 40164 60003 70400 333 59023 60007 RH 69%=
41748 01995 02302 10130 20068 40183 60003 70500 333 59029 60007 RH 66%=
41749 01996 03604 10130 20068 30156 40189 60003 70400 333 59004 60007 RH 66%= 
41756 01995 03604 10200 20074 30138 40204 60003 70600 333 58017 60007 RH 44%= 
41757 11994 03614 10165 21015 30200 40213 60003 70600 333 58019 RH 29%=
41759 01994 03610 10180 20058 30206 40212 60003 70733 333 58005 60007 RH 45%=
41764 01996 00000 10165 20076 30107 40159 60003 70400 333 59024 60007 RH 56%=
41765 02996 03102 10155 20087 30127 40164 60003 333 59023 60007 RH 64%=
41766 01995 00000 10130 20091 30147 40178 60003 70400 333 59010 60007 RH 77%=
41767 02996 05006 10145 20086 3//// 4//// 60003 333 60007 RH 68%= 
41768 02996 00000 10125 20049 30151 40158 60003 333 59018 60007 RH 60%=
41780 01995 00000 10170 20082 30141 40169 60003 70400 333 59012 60007 RH 56%=
41783 02996 00000 10160 20057 30124 40154 60003 333 59011 60007 RH 50%=
41785 02996 00000 10140 20112 30176 40189 60003 333 58004 60007 RH 83%= 
41786 02996 00000 10100 20031 30119 40157 60003 333 59009 60007 RH 62%=

SMPK OPLA 161800=
=================
41506 02995 00000 10020 21032 38533 48530 60003 333 59025 60007 68%=
41507 02996 30000 10045 20009 39271 49811 60003 83020 333 56090 59011 60007 83460 77%=
41508 02695 50000 10033 21018 38676 48540 60003 83520 333 56990 59015 60007 83635 82460 RH 68%=
41509 22996 40000 10060 21001 38778 48513 80070 333 56090 59010 60007 84460 RH65%=
41510 02996 50000 11010 21048 37932 48547 60003 85030 333 56090 59024 60007 85360 73%=
41515 22695 50000 10052 21048 38579 48540 82520 333 56990 59009 60007 82650 83460 49%=
41523 02996 20000 10055 21023 39098 48502 60003 80001 333 56009 59029 60007 82070 57%=
41524 02996 30000 10090 20009 39376 40262 60003 83020 333 56090 59034 60007 83460 57%=
41525 12996 00000 10020 21032 37693 48425 60003 333 59012 68%=
41528 02996 00000 10060 20026 39264 48527 60003 333 59004 60007 79%=
41529 01995 20000 10060 20036 39795 40194 60003 70400 80001 333 56009 59040 60007 82070 85%=
41534 22696 50000 10075 20053 39746 40175 60003 83520 333 56990 59037 60007 83640 83460 RH86%=
41535 02996 00000 10035 21071 38722 48484 60003 333 59021 60007 RH46%=
41536 02996 00000 10050 21030 39050 48504 60003 333 59031 60007 56%=
41560 02696 62304 10040 21008 38300 48531 60003 82520 333 56990 59002 60007 82630 84460 RH71%=
41562 02996 00000 10095 21006 39696 40174 60003 333 59029 60007 RH49%=
41565 02996 03102 10061 21072 38667 48531 60003 333 59026 60007 38%=
41567 01996 00000 10075 20027 39724 40156 60003 70400 333 59025 60007 72%=
41572 01996 00000 10040 21044 39528 40183 60003 70400 333 59029 60007 54%=
41573 02997 00000 10055 21067 37980 48513 60003 333 59023 60007 41%=
41574 02997 00000 10050 20028 38374 48556 60003 333 59004 60007 86%=
41576 01996 00000 10080 20046 40195 60003 70400 333 59029 60007 79%=
41577 01996 00000 10040 20016 39555 40200 60003 70400 333 56000 59028 60007 RH 84% COR=
41577 01996 00000 10040 20026 39555 40200 60003 70400 333 56000 59028 60007 RH 84%=
41593 01996 00000 10090 20069 39947 40172 60003 70400 333 59027 60007 86%=
41597 01996 00000 10100 20057 40191 60003 70400 333 59025 60007 74%=
41598 01995 00000 10075 20053 39888 40170 60003 71000 333 59039 60007 86%=
41599 01994 20000 10100 20068 39877 40177 60003 71000 82030 333 56090 59027 60007 82360 81%=
41600 01995 60000 10070 20070 39882 40190 60003 71022 83520 333 56990 59016 60007 83637 83460 100%=
41624 01995 00000 10105 20050 39969 40176 60003 70400 333 59019 60007 69%=
41625 01995 00000 10095 20051 39953 40161 60003 70400 333 59023 60007 74%=
41630 01996 00000 10080 20033 40180 60003 70400 333 59029 60007 72%=
41633 01995 00000 10080 20058 3//// 4//// 60003 71000 333 5//// 60007 86%=
41634 02996 00000 10070 20024 3//// 4//// 60003 333 5//// 60007 73%=
41635 01995 00000 10085 20063 3//// 4//// 60003 71000 333 5//// 60007 86%=
41636 01995 00000 10100 20057 39997 40187 60003 71000 333 59019 60007 74%=
41638 01996 00000 10105 20074 4//// 60003 70400 333 5//// 60007 81%=
41639 01996 00000 10090 20057 3//// 4//// 60003 70400 333 5//// 60007 80%=
41640 01995 00000 10095 20063 39918 40175 60003 70400 333 59026 60007 80%=
41641 01996 00000 10125 20062 39894 40175 60003 70400 333 59025 60007 65%=
41642 01996 30000 10080 20020 3//// 4//// 60003 70400 83030 333 56090 5//// 60007 83360 66%=
41643 01995 00000 10080 20058 39890 40179 60003 71000 333 59021 60007 86%=
41644 01995 00000 10100 20079 4//// 60003 71000 333 5//// 60007 RH 87%=
41646 01995 00000 10110 20079 39971 40192 60003 71000 333 59022 60007 81%=
41652 01996 02702 10080 20033 39997 40184 60003 70400 333 59024 60007 72%=
41669 01996 00000 10100 20068 3//// 4//// 60003 70400 333 5//// 60007 81%=
41670 01995 00000 10105 20062 4//// 60003 70400 333 5//// 60007 75%=
41674 01995 00000 10100 20057 3//// 4//// 60003 70400 333 5//// 60007 74%=
41675 01995 00000 10110 20068 30021 40169 60003 70400 333 59025 60007 75%=
41676 01995 00000 10110 20068 30029 40191 60003 70400 333 59015 60007 75%=
41677 01996 00000 10090 20069 39996 40169 60003 70400 333 59013 60007 86%=
41678 01996 00000 10110 20030 40187 60003 70400 333 59020 60007 58%=
41679 01996 00000 10090 20045 4//// 60003 70400 333 5//// 60007 73%=
41680 01996 00000 10085 20039 39973 40181 60003 70400 333 59021 60007 73%=
41700 01995 00000 10115 20074 40167 60003 70400 333 59030 60007 76%=
41701 01995 00000 10130 20080 30056 40204 60003 70400 333 58001 60007 71%=
41716 01995 00502 10105 20062 30073 40181 60003 70400 333 59027 60007 75%=
41718 01995 00000 10095 20051 30060 40170 60003 70400 333 59023 60007 74%=
41BKI 02996 00000 10085 20039 39750 40183 60003 70400 333 59024 60007 RH 73% =
41SKP 01996 00000 10095 20074 3//// 4//// 60003 70400 333 5//// 60007 87%=
43532 01996 00000 10700 20011 39361 40192 60003 70400 333 59025 60007 66%=
43533 02997 00000 10060 20013 39232 48481 60003 333 59026 60007 72%=
43563 02997 00000 10072 21019 39470 40186 60003 333 59022 60007 53%=

==================
41505 Not Received
41526 Not Received
41533 Not Received
41564 Not Received
41568 Not Received
41592 Not Received
41594 Not Received
41661 Not Received
41672 Not Received
41760 Not Received
41781 Not Received
41BAG Not Received
==================

UPPK OPKC 161800=
=================
PPAA 6618/ 41764 NO ASCENT DUE TO PAF FLIGHT=
PPAA 66171 41780 NO ASCENT DUE TO PAF FLIGHT=
PPAA 6618/ 41517 NO ASCENT DUE TO SMOKE HAZE=
PPAA 6618/ 41739 NO ASCENT DUE TO SECURITY RISK=
PPAA 6617/ 41749 NO ASCENT DUE TO TECHNICAL FAULT=
PPAA 6618/ 41516 NO ASCENT DUE TO TECHNICAL FAULT=
PPAA 6618/ 41715 NO ASCENT DUE TO BALLOONS OUT OF STOCK= 

PPAA 6818/ 41675 MISDA DUE TO TECHNICAL ISSUE=
PPAA 6618/ 41600 MISDA DUE TO TECHNICAL FAULT=
PPAA 6618/ 41640 MISDA DUE TO TECNICAL PROBLEM=
PPAA 6618/ 41646 MISDA DUE TO TECHNICAL PROBLEM=
PPAA 6618/ 41678 MISDA DUE TO TECHNICAL PROBLEM=
PPAA 6618/ 41718 MISDA DUE TO TECHNICAL PROBLEM=
PPAA 6618/ 41598 MISDA DUE TO TECHNICAL PROBLEM=
PPAA 6618/ 41624 MISDA DUE TO TECHNICAL PROBLEM=

Data Generated from File : D:/all data handling/Rmc_lhr/2024121618.FSU.txt
16/12/2024   19:07:45
____________________________________________________________________________________________
15020 01/70 42804 10088 20003 39979 40178 52016 69902 70261 84070 333 10093 20032 31009 55300 20000 60007 91008 90760 91108==
15090 01570 72602 10077 20007 30096 40189 53016 69962 70361 84570 333 10093 20024 31006 55300 10130 20000 30000 60007 91006 90760 91108==
15108 01/02 92916 11057 21060 38046 48465 53009 60062 74574 89/// 333 11056 21090 49067 55300 20000 60007 91020 90760 91120==
15150 01/70 52102 10077 21001 39989 40204 53006 69902 70282 82031 333 10090 20029 31010 55300 20000 60007 91006 90760 91106==
15170 04570 72406 10023 21009 39458 42841 52006 60002 84370 333 10025 21004 3/004 41998 55300 20000 60007 91009 90760 91112==
15280 01/00 9//// 11041 21045 37506 47054 51010 60002 74143 89/// 333 11028 21136 49041 55300 20000 60007==
15310 04/70 72002 10061 20007 30130 40218 52014 60002 87070 333 10077 21006 31010 55300 10060 20000 30000 60007 91006 90760 91108==
15335 04570 62503 10068 20006 30208 40215 53004 60002 83530 333 10077 20013 31010 55300 20000 60007 91007 90760 91109==
15350 04/70 22707 10091 20011 30113 40234 53004 60002 82040 333 10091 21010 31007 55300 20000 60007 91011 90760 91111==
15360 04/70 72510 10066 20008 30187 40204 54001 60002 87070 333 10070 20013 60007 91012 90760 91112==
15420 04/70 82403 10071 20019 30134 40247 55001 60002 8802/ 333 10089 21018 31008 55300 20000 60007 91007 90760 91107==
15460 04/70 62505 10068 20017 30218 40243 58003 60002 82046 333 10080 20008 31008 55300 20000 60007 91010 90760 91112==
15470 04/70 62509 10063 20020 30133 40262 57002 60002 86070 333 10084 21005 31010 55300 20000 60007 91011 90760 91112==
15480 04/70 62707 10065 20019 30213 40231 58004 60002 86070 333 10080 20016 31009 55300 10130 20000 30000 60007 91014 90760 91114==
15549 12970 52505 10050 21005 39836 40260 57006 60002 82031 333 10065 21018 555 568//=
15552 12570 32703 10070 20003 30201 40251 57006 60002 82540 222// 00098 10201 333 10093 20019 555 563// 92025 92428=
15640 12672 62912 10086 20048 39961 40277 57006 60002 85506 333 10100 20035 555 577//=
15655 12968 02506 10061 21015 30243 40277 57004 60002 222// 00107 10201 333 10095 20030 555 558// 92025 92427=
15730 12970 20000 10039 21033 39891 40299 53003 60002 80001 333 10107 20039 555 560//=
16627 12970 00000 10034 21004 30296 40303 51009 60002 333 10114 90730 91108==
16650 12960 00000 10050 20020 30299 40309 53008 60002 333 10108 90730 91105==
16667 12960 03607 10110 20015 30280 40291 52006 60002 333 10134 90730 91115==
16706 12560 13412 10110 20009 30280 40287 52013 60002 81100 333 10132==
16723 12560 23511 10110 20077 30267 40280 52014 60002 82200 333 10144 90730 91120==
16742 12460 23416 10114 20032 30105 40262 52014 60002 82100 333 10154 90730 91126==
16749 12560 12917 10152 20067 30225 40239 52016 60002 81100 333 10180 90730 91124==
16754 12560 73314 10146 20100 30244 40293 52017 60032 83450 333 10160 83620 87358 90730 91120==
16760 12460 63509 10114 20080 40291 52013 60032 84850 333 10132 82818 84625 86358 90730 91116==
16765 12560 33215 10146 20055 40259 52013 60002 83100 333 10195 90730 91127==
17022 11670 71805 10066 20042 30121 40291 51006 69972 70282 85270 333 10077 85834 87360 90760 91110==
17024 12670 32015 10069 20065 30179 40258 58004 60012 81550 333 10112 81635 83359 90760 91120==
17026 11570 51704 10059 20025 30231 40271 50000 60012 70282 83240 333 10092 83830 85360 90760 91111==
17031 12670 42603 10048 20037 30270 40277 51001 60042 82130 333 10095 82836 84360 90760 91114==
17034 11670 60000 10084 20029 30239 40286 50001 60042 70282 83250 333 10092 83835 86360 90760 91110==
17038 11670 63501 10090 20044 30231 40280 50009 60012 70282 86200 333 10108 86835 90760 91123==
17042 11557 81203 10060 20046 30252 40293 52006 60262 76166 8552/ 333 10095 85630 88458 90760 91114==
17050 12970 00000 10071 21013 30236 40300 52004 60002 333 10103 90760 91110==
17056 12970 02604 10058 20007 30298 40303 50004 60002 333 10101 90760 91110==
17060 12960 02805 10068 21003 30259 40300 50002 60002 333 10109 90760 91112==
17070 12665 31801 10019 20001 39399 40296 52011 69912 83500 333 10042 83634 90760 91109==
17074 12570 70000 11007 21012 39323 40289 52009 69912 85550 333 10049 85625 87358 90760 91108==
17084 12670 51701 10024 20018 39350 40282 50006 69902 83550 333 10070 83635 84360 90760 91106==
17085 12670 51301 10051 20028 39776 40280 52007 69992 83530 333 10068 83640 85360 90760 91113==
17092 11004 90000 11062 21065 38940 48550 52010 60012 74972 333 11027 90760 91104==
17096 11545 71603 11094 21094 38275 48551 50005 69942 71072 85540 333 11053 85625 87357 90760 91106==
17098 12660 73004 11052 21082 38218 48536 52008 60002 85550 333 11007 85635 87357 90760 91116==
17100 12670 50000 10002 21096 39253 40296 52005 60002 83530 333 10013 83640 85358 90760 91103==
17112 12965 00903 10056 20007 30302 40305 51009 60002 333 10109 90760 91111==
17115 12960 02504 10026 20014 30258 40311 52009 60002 333 10092 90760 91113==
17116 12/65 32502 10047 20040 30188 40313 52016 69962 83030 333 10103 83360 90760 91106==
17124 12560 52403 11005 21015 39360 40311 52007 60002 85500 333 10051 85630 90760 91111==
17128 12660 42504 10017 21012 39157 40288 52009 69902 84500 333 10061 84640 90760 91112==
17135 12670 52001 10047 20037 39381 40279 52011 60002 83550 333 10084 83640 85360 90760 91105==
17140 12665 70000 10011 20008 38763 48543 51009 69982 85520 333 10025 85638 87458 90760 91105==
17150 12960 00000 10030 20021 30180 40308 52017 60002 333 10099 90760 91110==
17160 12670 73506 10012 21027 39093 48550 52015 60022 84550 333 10035 84640 87360 90760 91111==
17170 11356 73601 11007 21019 38371 48543 50004 69982 77122 85550 333 10073 83708 84630 87357 90760 91114==
17175 12665 30000 10060 20009 30293 40297 52015 60002 83100 333 10125 83840 90760 91108==
17184 12962 00501 10048 20013 30183 40298 52015 60002 333 10104 90760 91111==
17190 12670 60000 10022 21015 39069 48556 51010 60012 84530 333 10042 84635 86360 90760 91107==
17195 11442 70000 10020 20016 39037 48546 51012 60052 71062 85570 333 10031 83710 85625 87358 90760 91106==
17200 11440 62002 11015 21015 39280 40311 51005 60032 77177 86500 333 11001 83714 86633 90760 91104==
17202 11320 82003 11004 21004 39218 40306 52005 60022 77177 8652/ 333 10031 83709 85628 88458 90760 91104==
17203 11670 70000 11011 21025 38948 48584 52001 69942 70272 83520 333 10031 83640 87460 90760 91110==
17210 12670 70000 10033 21059 39216 40281 51003 60002 83150 333 10079 83840 87360==
17219 12965 03613 10076 20010 30143 40291 52015 60002 333 10128 90760 91119==
17234 12670 41801 10084 20056 30203 40272 52018 60002 84200 333 10181 84840 90760 91109==
17237 12670 72901 10081 20041 39769 40281 52013 60012 84270 333 10096 84835 87360 90760 91107==
17240 12570 43201 10050 20015 39105 40268 52013 60022 84200 333 10095 84830 90760 91115==
17244 12670 73412 10033 20006 39072 48558 52015 69942 84570 333 10054 84640 87458 90760 91123==
17248 11670 81001 10036 20029 39045 48545 52012 60062 70262 8452/ 333 10050 84640 88460 90760 91107==
17250 11670 60404 10023 20011 38865 48549 52015 60042 72166 84550 333 10039 84640 86360 90760 91111==
17260 11456 80107 10013 20004 39405 40249 51007 60012 76877 8652/ 333 10066 85718 86631 88458 90760 91114==
17270 12670 73404 10033 20002 39615 40283 50010 60002 85250 333 10090 85840 87360 90760 91114==
17275 12670 70112 10011 21022 39051 48556 52003 60002 84550 333 10057 84640 87360 90760 91118==
17280 11650 83504 10007 21026 39478 40303 52009 69922 76822 8552/ 333 10028 85635 88459 90760 91106==
17290 12970 03403 10123 20015 30232 40264 52014 60002 333 10167 90760 91120==
17292 12970 03202 10060 20028 39486 40256 52013 60002 333 10116 90760 91111==
17300 12560 43206 10126 20064 30171 40243 52014 60002 84200 333 10178 84830 90760 91112==
17310 12670 61101 10146 20113 30215 40222 52013 69942 83250 333 10178 83835 86360 90760 91107==
17330 12670 50000 10119 20099 30230 40248 52008 60062 83250 333 10123 83840 85360 90760 91103==
17350 12660 60603 10084 20040 30242 40322 52089 60002 86260 333 82835 86359==
17370 11670 61107 10098 20006 30245 40249 52018 60012 70282 83230 333 10132 83835 86360 90760 91115==
17375 11670 20000 10118 20111 30220 40222 52011 60072 70182 82200 333 10178 82835 90760 91106==
33088 11597 52806 10058 20027 39910 40100 52033 60032 70182 83540 333 10088 91126 555 1/001=
33135 116// 32711 10046 20010 39872 40018 52038 60042 70286 83500 333 10051 555 1/000=
33177 11596 82804 10078 20063 39903 40138 52020 60102 78082 889// 333 10081 555 1/006=
33317 115// 63009 10067 20047 39778 40112 53038 60062 70282 86500 333 10076 91120 555 1/000=
33393 11357 82706 10070 20061 39787 40177 52010 60062 78082 889// 333 10076 86708=
33415 11497 82709 10076 20044 39754 40149 52015 60042 70252 885// 333 10077 86715 91119 555 1/006=
33429 11497 82909 10059 20048 39720 40141 52023 60032 78082 889// 333 10059 86710 91121 555 1/001=
33466 11961 73206 10048 20023 39874 40061 53022 60042 70282 80001 333 10050 555 1/000=
33506 11496 82504 10030 20027 39805 40000 56011 60032 78085 889// 333 10031 555 1/000=
33562 11557 82912 10066 20041 39821 40124 53021 60062 78082 8695/ 333 10070 91119 555 1/000=
33587 115// 82808 10048 20031 39835 40098 53003 60022 70282 889// 333 10048 88921 555 1/001=
33658 12684 62910 10110 20018 39872 40167 52010 69902 86500 333 10111 86645 91018 91118 555 1/006=
33663 11597 82905 10097 20034 30046 40141 53002 60022 70282 885// 333 10097 555 1/005=
33664 11597 52807 10077 20032 39836 40150 52004 60022 70262 82530 333 10081 91115 555 80016=
33678 11598 82810 10065 20022 39955 40160 52011 60012 70282 8497/ 333 10065 91117 555 80011=
33679 11497 82707 10062 20023 39957 40148 53007 69992 70282 889// 333 10066 88918=
33711 11560 82709 10042 20027 39860 40069 57003 60022 70282 883// 333 10042 88920 555 1/001=
33745 11597 62305 10061 20027 39986 40180 53012 69942 70282 82930 333 10063 555 80019=
33748 12597 62803 10050 20012 39885 40172 53004 69962 83330 333 10058 555 80013=
33754 11597 82406 10081 20034 39996 40141 53001 60012 70282 8335/ 333 10085 91113=
33761 11598 72708 10062 20037 39900 40122 52002 60022 70262 87500 333 10062 555 1/003=
33791 11488 82609 10040 20030 39951 40079 57014 60032 72162 886// 333 10040 88712 91121 555 1/003=
33815 11598 62505 10064 21001 39958 40166 53009 69932 70182 81532 333 10068=
33837 11684 52705 10061 20006 30106 40158 56003 69912 70282 85500 333 10066 85641 555 1/003=
33881 32598 72505 10073 21002 39997 40194 53014 87300 333 10074 555 80012=
33883 32997 22504 10057 20002 30026 40187 52010 80001 333 10071 555 80015=
33885 32997 62104 10044 21003 30081 40216 52009 86030 333 10074 555 80012=
33892 11997 62503 10045 21000 39966 40180 52009 69942 70182 82031 333 10053 555 80022=
33902 11597 82609 10056 20027 30073 40133 57012 60012 70282 885// 333 10069 555 1/004=
33924 11570 82510 10084 20038 30165 40178 57007 69942 78082 889// 333 10088 91017 90760 91118==
33946 11565 82512 10065 20038 39965 40187 57012 69902 76062 885// 333 10072 88625 91017 90760 91119==
33983 12560 62308 10061 20002 30099 40160 57029 60002 86500 333 10070 91012 90760 91113==
34300 11496 82707 10024 20012 39795 49971 57019 60052 76187 8672/ 333 10024 555 1/000=
34336 41410 82206 10004 21001 39869 49972 58058 78683 883// 333 91010 90760 91112==
34344 41440 82006 10004 20004 39894 49982 58057 77172 8872/ 333 91013 90760 91114==
34356 41570 72106 10006 21021 39871 40019 58038 70272 87500 333 91010 90760 91113==
34357 41570 81910 10003 21019 39853 40008 58044 70282 885// 333 91018 90760 91121==
34398 11/// 22304 11021 21036 30068 40081 58006 60012 70181 82041 333 10013==
34415 11497 82706 10016 20008 39897 49993 56034 60032 76176 8772/ 333 10025 555 1/000=
34438 41320 82107 11001 21001 39819 40010 57052 78682 883// 333 91013 90760 91114==
34445 41540 81808 10000 20000 39900 40014 58051 78583 889// 333 91013 90760 91114==
34461 41460 82105 10012 21025 39986 40042 58032 70182 885// 333 91010 90760 91112==
34473 314// 82207 10003 21018 30025 40063 57023 77071 8802/ 333 10012=
34476 42570 71907 10005 21019 30070 40077 58018 84930 333 91010 90760 91111==
34504 11359 82610 10019 20014 39867 40042 57023 60062 78382 889// 333 10022=
34535 41460 82209 10017 21004 39965 40037 58049 78582 889// 333 91017 90760 91117==
34545 41440 82106 10006 21002 39939 40050 58042 78582 883// 333 91013 90760 91117==
34555 42470 82210 10015 21015 39980 40071 58035 886// 333 91014 90760 91116==
34560 41460 72312 10008 21014 39868 40059 57029 70182 87500 333 84712 91013 90760 91115==
34578 41/40 82206 10011 20000 30096 40103 57019 71022 8807/==
34579 41520 71906 10006 20002 30055 40098 58020 71022 87500 333 91010==
34644 42560 82407 10017 21005 30005 40082 57033 8657/ 333 91012 90760 91114==
34646 42570 82409 10022 21012 30004 40085 57033 885// 333 91015 90760 91116==
34655 42560 82008 10021 21016 30034 40094 58032 885// 333 91012 90760 91112==
34662 42470 72004 10015 21014 30080 40091 58027 87500 333 87617 90760 91111==
34691 12/70 52304 11009 21024 30281 40268 58010 60002 85030 333 10023==
34720 42/// /2406 10017 20005 30050 40090 57038 333 91016 90760 91119==
34727 41460 82512 10044 20010 30082 40112 57035 78088 883// 333 91021 90760 91121==
34743 42960 82307 10020 21009 30016 40105 57030 80007 333 91013 90760 91115==
34759 42560 72105 10011 21009 30000 40133 57024 82501 333 90760 91110==
34772 42560 82105 10006 21017 30129 40132 58017 885// 333 90760 91111==
34785 42/60 52303 11009 21026 30166 40143 58007 85030==
34798 12960 02403 10008 21024 30191 40162 58001 69912 333 10054==
34824 42/60 82405 10055 21003 30135 40140 57035 8803/ 333 91010 90760 91111==
34838 42960 02204 10029 21023 30052 40149 58029 333 90760 91113==
34845 42570 82406 10025 21021 30030 40138 58027 8357/ 333 91011 90760 91111==
34858 42660 62304 10018 21032 30044 40153 58022 84530==
34861 42/60 62405 11009 21034 39891 40138 57024 85031 333 90760 91111==
34866 42960 32304 10003 21022 30160 40151 58017 80001==
34880 41940 02403 11002 21017 30181 40155 57007 71061==
34887 41940 02003 11002 21016 30191 40171 58007 71011==
34949 42670 82412 10013 21022 39614 40166 57024 8253/ 333 91016 90760 91115==
34954 42970 62004 10023 21034 39991 40166 58023 80001==
34958 42570 82603 10023 21038 39967 40168 58024 885//==
34975 42/70 32402 11006 21024 30178 40174 58014 80031==
34984 41/60 72204 11002 21017 30208 40177 58003 70262 80071==
35217 115// 82305 10000 21017 30044 40084 57010 69932 70272 885// 333 10000==
35302 11/// 62609 10002 21022 30057 40078 58004 69962 70272 86070 333 10011 90760 91116==
35315 114// 81806 11020 21029 30043 40100 53008 69940 77773 886// 333 10004=
35344 325// 81812 11055 21069 39926 40221 57022 8557/ 333 11033 91117=
35358 12/// 81807 11074 21113 30131 40307 57013 60002 8802/ 333 11052==
35368 319// 71811 11078 21114 30067 40346 57026 73632 80008 333 11060=
35386 329// 61903 11144 21177 39880 40441 57013 86030 333 11106=
35394 11970 01502 11162 21187 39731 40465 57014 69902 70231 333 11107==
35404 325// 82605 10004 21007 30086 40094 58008 885// 333 10018=
35406 115// 82402 10004 21017 30102 40104 58006 69902 70272 885// 333 10012==
35416 11/// 81508 11031 21062 30012 40135 57013 60002 77373 8802/ 333 11003 91015 90760 91116==
35426 115// 81408 11043 21085 39869 40165 58026 60002 73633 885// 333 11021==
35437 319// 81813 11051 21079 39882 40202 57012 73632 8807/ 333 11022 91018 91118=
35449 319// 81412 11066 21099 30169 40276 57031 73733 80007 333 11050 91016 91118=
35497 129// 01404 11164 21190 39779 40660 57021 69922 333 11111==
35498 329// 01501 11220 21240 39533 40507 57020 333 11138=
35514 11496 82004 11013 21018 30213 40209 57013 69930 77187 8872/ 333 10006=
35522 315// 81807 11039 21068 39900 40155 57011 77173 8802/ 333 11017=
35542 319// 71611 11060 21087 30099 40251 57038 73632 87070 333 11046 91116=
35563 11998 81608 11124 21147 39565 40380 57024 69930 73632 80001 333 11094=
35576 12/// 31505 11131 21166 39947 40428 57023 69922 83040 333 11106==
35582 329// 22008 11155 21196 39802 40451 57029 80003 333 11118=
35594 319// 01203 11203 21234 39565 40487 57022 70230 333 11109=
35605 11598 82104 10008 20003 30147 40126 58008 69970 70272 8802/ 333 10017=
35633 319// 51611 11042 21061 30013 40232 57010 73632 85070 333 11042=
35671 12570 41103 11144 21167 39939 40400 57024 60002 84500 333 11060==
35699 129// 00502 11168 21186 39670 40492 57027 60002 333 11101==
35700 11/40 82205 10000 21008 30161 40137 53002 60022 77176 8802/ 333 10012==
35715 31396 82003 11018 21040 30167 40152 57004 77172 8802/ 333 10006=
35739 319// 71410 11048 21088 30077 40220 58018 73833 80008 333 11035 91010 91116=
35746 129// 21409 11066 21107 30203 40272 57033 60002 80001 333 11040==
35777 129// 01403 11116 21144 30079 40447 52008 69920 333 11060=
35796 12960 00503 11203 21222 30015 40497 57024 60002 333 11091==
35849 12/// 51407 11060 21113 30198 40287 57023 60002 85030 333 11013==
35895 32997 00503 11107 21124 39991 40464 57029 333 11076=
35907 32598 83203 10006 21008 30201 40170 58001 885// 333 10054=
35925 115// 81808 11022 21035 30068 40181 57019 60002 73631 887// 333 11014 90760 91114==
35927 315// 81805 11009 21037 30168 57006 77172 8802/ 333 11007=
35953 129// 51202 11080 21112 30186 40321 57030 60002 80002 333 11003==
35969 129// 00903 11085 21128 30177 40360 57034 60002 333 11022==
35997 319// 00904 11108 21144 39975 40437 57039 71000 333 11053=
36259 41584 80401 11171 21191 38335 48613 52003 70282 84902==
36335 329// 00000 11183 21218 39391 40505 58017 333 11135=
36358 329// 01703 11223 21245 39413 40540 57005 333 11078=
36394 329// 01403 11211 21228 30061 40529 58009 333 11070=
36397 129// 00000 11219 21246 39908 40534 58010 69972 333 11078==
36403 129// 00801 11182 21208 30130 40526 58006 69900 333 11033=
36418 329// 02302 11155 21183 39853 40519 58005 333 11056=
36421 129// 00000 11247 21266 39914 40548 58002 69950 333 11058=
36428 12/// 20101 11188 21215 39976 40526 58006 60012 81041 333 11035==
36439 117// 81602 11171 21177 39156 48624 58007 60020 77172 8251/ 333 11051=
36498 329// 00203 11259 21287 39662 40555 57016 333 11145=
36501 329// 02302 11162 21207 39690 40505 57010 333 11102=
36535 129// 03401 11229 21261 39846 40551 57010 60002 333 11068==
36546 329// 00000 11229 21246 39943 40545 58005 333 11053=
36619 329// 00000 11235 21261 333 11059=
36622 329// 00000 11255 21278 39654 40559 58014 333 11094=
36639 129// 00000 11256 21276 39862 40545 57017 60002 333 11063==
36643 329// 02004 11227 21252 39809 40547 57012 333 11052=
36665 129// 32802 11105 21133 39735 40504 58010 60010 80002 333 11047=
36666 129// 02303 11189 21221 39988 40529 57011 69920 333 11046=
36729 12598 21401 11146 21163 30142 40671 58017 69900 82600 333 11060=
36736 329// 53001 11197 21213 39934 40546 57015 82041 333 11060=
36744 329// 00804 11163 21174 39994 40483 57025 333 11068=
36770 129// 00000 11244 21251 39689 40504 57033 69920 333 11064 93607=
36786 12999 02301 11163 21184 39497 40492 57038 60020 333 11075=
36796 129// 00000 11240 21266 39207 48594 57021 69980 333 11085=
36803 12999 81903 11118 21140 30040 40522 58026 60050 80007 333 11031=
36806 129// 00000 11194 21254 39964 40479 52016 69980 333 11147=
36819 319// 00502 11113 21130 39784 40436 57038 71000 333 11050=
36821 119// 00604 11127 21132 39929 40454 57034 60002 71000 333 11040==
36839 12998 00000 11208 21239 39252 40497 57031 69930 333 11079=
36843 129// 02602 11160 21194 39208 40479 57029 69950 333 11082=
36846 129// 00701 11195 21202 38731 48595 57028 69930 333 11109=
36859 12/// 20302 11112 21135 39659 40495 57023 60012 82040 333 11042==
36870 129// 00000 11117 21134 39344 40422 57037 69902 333 11052==
36874 126// 81801 11196 21215 39660 40520 57030 69900 885// 333 11055=
36877 129// 02301 11170 21180 39657 40749 57031 69900 333 11070=
36885 129// 01602 11134 21169 39231 40440 57043 69930 333 11045=
36889 329// 01803 11128 21275 37074 47090 57014 333 11125=
36894 129// 00906 11085 21113 39660 40439 57030 69930 333 11042=
36905 129// 01501 11144 21164 38894 48616 57018 69970 333 11063=
36911 429// 00000 11125 21131 39337 40380 57041 333 11027=
36927 42697 73602 11089 21156 38444 48603 57007 87900 333 11041=
36934 12697 21802 11078 21163 38362 48492 58008 69902 82532=
36953 128// 70000 11165 21183 38330 48508 57014 60020 87040 333 11078=
36963 429// 01601 11186 21244 37064 48/// 57012 333 11097=
36974 429// 00902 11169 21181 38072 48628 58014 333 11063=
36982 429// 03401 11255 21302 36541 5////=
37018 41540 82308 10058 20041 30152 40228 57005 78082 889// 333 91014 90760 91114==
37031 42560 42308 10036 21004 39974 40171 57028 84500 333 91011 90760 91114==
37054 42660 31902 10018 21040 39801 40191 58025 83500==
37061 42/60 62004 11006 21036 30012 40185 58022 86070==
37085 41540 32304 10013 21014 30226 40198 58004 70282 83500==
37171 42640 80804 10041 20018 30240 40259 52009 889// 333 88940==
37228 42960 01602 11028 21073 39343 40202 57029==
37235 42/60 21702 10022 21016 39885 40207 57014 8004/==
37472 42570 82902 10049 21005 30229 40207 57004 8557/==
38149 42970 61305 11040 21109 30154 40235 57020 80002 333 10032==
38178 429// 01108 11090 21140 39979 40284 57033 333 11038==
38262 129// 61205 11046 21103 30165 40251 57016 60002 80002 333 10018==
38264 42970 41307 11036 21084 30135 40231 57024 80003 333 10015==
38345 42998 00000 11147 21174 38864 48530 57033 333 11036=
38353 419// 00000 11112 21125 39421 40386 57043 74440 333 11025=
38392 32997 61309 11023 21070 30129 40236 57028 80001 333 10015=
38396 42960 51309 11028 21081 30120 40250 57028 80001 333 10004==
38403 429// 00502 11076 21148 30170 40298 57021 333 11009==
38413 429// 01307 11078 21128 30008 40318 57020 333 11038==
38457 12960 00401 11078 21119 39701 40326 57032 60002 333 11009==
38462 429// 00000 11092 21196 38807 48531 57034 333 11013==
38507 32996 71904 10054 20025 30075 40178 53003 83031 333 10058=
38545 32998 01206 11049 21081 30090 40274 57020 333 11006=
38565 129// 00902 11127 21140 39660 40236 57027 60002 333 11043==
38579 129// 00000 11106 21115 39876 40327 57035 60002 333 11048==
38583 11/05 92901 11144 21149 39981 40333 57031 60002 74740 89/// 333 11028==
38599 32997 00809 11008 21078 39781 40316 57026 333 10001=
38611 42960 00000 11015 21084 39805 40404 57025==
38613 429// 20701 11104 21126 40377 57023 80002 333 11014=
38616 425// 21801 11113 21148 39293 40387 57024 82500 333 11020=
38618 129// 01101 11065 21085 39619 40350 57028 60002 333 10004==
38647 32997 60000 11012 21034 30128 40172 57006 80006 333 10018=
38656 32998 51104 11008 21061 30100 40213 57023 80002 333 10032=
38683 42960 00902 11065 21081 30005 40298 57021 333 11004==
38687 32997 01404 11036 21058 30042 40291 57031 333 10008=
38696 129// 00701 11090 21108 39406 40320 57023 60002 333 11032==
38713 329// 01402 11072 21111 39112 48540 57016 333 11025=
38750 32997 50901 10037 21016 30210 40181 53002 80001 333 10130=
38763 32997 70902 10000 21030 30074 40182 57017 80001 333 10022=
38774 32995 31302 11008 21026 39999 40201 57015 80001 333 10042=
38799 32997 01405 11040 21045 30035 40279 57025 333 11015=
38806 32997 00902 11028 21044 30008 40281 57019 333 10008=
38812 41940 00601 11046 21066 39827 40305 57016 71000 333 10016==
38836 319// 30000 11050 21057 39312 40294 57009 71000 80002 333 10008=
38880 22797 61002 11015 21017 39930 40194 57020 82531 333 10027 60002=
38886 32997 30903 11038 21067 39978 40216 57044 80001 333 10026=
38895 32996 01404 11036 21054 39949 40253 57035 333 10006=
38911 32997 01504 11022 21050 39986 40295 57026 333 10028=
38915 32997 00000 11014 21020 39960 40295 57030 333 10037=
38927 11956 50501 11038 21059 39919 40315 57015 60002 71000 80001 333 10026==
38933 329// 80000 11016 21064 39818 40357 57013 8805/ 333 11010=
38944 326// 83403 11033 21040 39709 40271 57008 885// 333 11009=
38954 329// 20000 11039 21080 37959 48550 52006 80001 333 10042=
38974 32998 31806 10028 21065 39866 40208 57024 83080 333 10018=
38987 32996 02302 11098 21110 39526 40327 57004 333 11044=
40100 43/59 71003 10156 20047 30233 40249 51013 6///1 333 58000=
40180 12660 41302 10150 20078 30183 40232 52011 60002 82208 333 10204 20105 70000==
40199 12/// /0502 10151 21034 30199 40224 52013 60002 333 10225 20129 70000==
40265 31956 00000 10054 21075 39450 40271 52011 70500 333 10140=
40270 31950 42402 10082 21059 39333 40257 52008 70521 80001 333 10143 84070=
40272 31950 00000 10070 21082 39394 40248 57011 70500 333 10185=
40340 32960 20703 10140 21057 40232 52012 80001 333 10219 82068=
40356 42960 00000 10067 21100 39246 48529 333 10150 59038 55/// 555 04410 50256=
40357 42960 01404 10067 21160 39595 40258 333 10066 59038 55///=
40360 42960 02904 10078 21120 39634 40248 333 10153 59046 55///=
40361 42960 01005 10094 21200 39453 40273 333 10159 59048 55///=
40362 42960 01107 10080 21180 39731 40267 333 10145 59032 55///=
40373 42960 02703 10058 21130 39838 40273 333 10140 59017 55///=
40375 42960 42503 10120 21070 39326 40222 80002 333 10174 59030 55/// 84070=
40394 42960 01502 10094 21060 39093 48556 333 10178 59042 55/// 555 04410 50243=
40400 42960 03306 10227 20080 30160 40188 333 10268 59010 55///=
40405 42960 00904 10100 21140 39495 40263 333 10156 59030 55///=
40417 42960 03006 10104 21070 30237 40253 333 10186 59005 55///=
40420 42960 03108 10095 21060 30044 40262 333 10175 59006 55///=
40430 42960 03402 10196 21030 39461 40208 333 10235 59030 55///=
40437 42960 03302 10093 21200 39544 40270 333 10160 59012 55///=
40439 42960 02904 10240 20110 30141 40159 333 10310 59018==
40582 32960 03306 10112 21101 40259 51007 333 55300 00000 10267 20000 30000 40866 51132 60000 55407 40000 90400 91007 91115 91211 91307=
40703 12660 40303 11005 21121 38950 40256 52009 60001 84500 333 55063 70000 84640 555 11037 29041=
40706 12668 50502 11030 21097 38681 40284 55001 60001 81472 333 55046 21703 70000 81359 85067 555 11048 29060=
40712 12660 50000 11062 21121 38706 40283 57002 60001 81502 333 55055 20899 70000 81640 85068 555 11074 29063=
40713 12964 80802 10010 21099 38685 40259 50000 60001 81037 333 55036 70000 81360 88268 555 11024 29044=
40718 12560 73403 10119 20085 30212 40183 52020 60001 83506 333 55022 20506 70000 83620 87266 555 10103 29080=
40723 12970 31802 11020 21100 38989 40279 55010 60001 80008 333 55086 2//// 70000 83270 555 11042 29054=
40726 12960 02006 10046 21143 38687 40256 58001 60001 333 55036 70000 555 11011 29024=
40727 12960 51802 11006 21103 38522 40278 58001 60001 80005 333 55040 21066 70000 85270 555 11035 29048=
40732 12960 82102 10072 20017 30193 40169 52009 60001 80007 333 55031 70000 88268 555 10050 29068=
40736 12960 60000 10064 20040 30197 40171 52003 60001 80006 333 55024 70000 86265 555 10054 29085=
40737 12860 30000 10025 20012 30154 40172 51005 60001 83030 333 55045 70000 83358 555 10020 29091=
40738 12960 32503 10034 20021 30187 40189 53005 60001 80008 333 55052 21059 70000 83269 555 10029 29091=
40739 12965 70501 11056 21077 38752 40335 56003 60001 80006 333 55038 20978 70000 87268 555 11060 29085=
40741 12960 21708 10021 21049 39855 40201 57028 60001 80002 333 55082 70000 82070 555 11003 29060=
40743 12965 20903 11022 21098 39141 40322 56008 60001 80002 333 55084 21175 70000 82070 555 11043 29056=
40745 11940 21903 11080 21101 39072 40296 57013 60001 71000 80001 333 55051 21400 70000 82070 555 11083 29085=
40747 12960 50000 11014 21075 38689 40304 52005 60001 80006 333 55073 21568 70000 85270 555 11033 29063=
40754 11956 50000 10002 21080 38892 40293 58006 60001 70521 82075 333 55065 70000 82360 84269 555 11024 29054=
40762 12965 00000 11090 21114 38602 40329 51003 60001 333 55086 70000 555 11093 29083=
40766 12970 30000 11007 21113 38750 40298 58002 60001 80001 333 55086 21831 70000 83068 555 11037 29045=
40768 12960 71201 11033 21087 38303 40316 58001 60001 80006 333 55056 21057 70000 87268 555 11048 29066=
40769 11956 60000 11018 21069 38342 40302 58001 60001 70521 80006 333 55057 21244 70000 86269 555 11034 29068=
40780 12960 01302 10011 21101 38745 40292 58002 60001 333 55087 2//// 70000 555 11024 29043=
40782 12965 30000 11011 21053 38935 40295 51004 60001 80001 333 55092 70000 83070 555 11024 29073=
40785 12960 51301 10003 21040 39179 40324 58001 60001 80002 333 55061 25009 70000 85070 555 11012 29073=
40791 12970 00702 10010 21197 39450 40314 50000 60001 333 55090 21388 70000 555 11037 29020=
40792 12965 00603 11039 21113 38785 40317 55003 60001 333 55091 70000 555 11058 29056=
40798 12960 12801 11059 21080 38013 40328 55005 60001 80001 333 55077 21634 70000 81070 555 11063 29085=
40800 11957 13001 11035 21100 38532 40316 51004 60001 70500 80002 333 55086 21223 70000 81070 555 11052 29061=
40809 12962 01102 11046 21063 38561 40316 51003 60001 333 55095 21407 70000 555 11049 29088=
40811 12960 02903 10124 21038 30214 40241 51006 60001 333 55089 70000 555 10063 29032=
40812 12960 02901 10110 21023 39845 40229 50001 60001 333 55098 70000 555 10058 29039=
40818 12965 01602 11018 21106 38045 40326 50005 60001 333 55110 24954 70000 555 11044 29051=
40821 12960 01503 10044 21097 38859 40298 50001 60001 333 55092 21337 70000 555 11003 29035=
40829 12960 02702 11020 21115 39720 40326 51004 60001 333 55092 70000 555 11044 29048=
40831 12960 03103 10095 21023 30245 40253 52006 60001 333 55093 70000 555 10051 29044=
40833 11957 03203 10108 20006 30212 40245 51006 60001 70600 333 55077 70000 555 10067 29049=
40835 12960 00000 10083 21019 39402 40249 53002 60001 333 55093 70000 555 10043 29048=
40841 12960 00000 11032 21112 38304 40303 55001 60001 333 55070 21334 70000 555 11054 29054=
40848 12960 00000 10018 21037 38593 40275 51012 60001 333 55091 21492 70000 555 11002 29067=
40854 12960 00000 10022 21120 39035 40283 57010 60001 333 55080 70000 555 11020 29034=
40856 12960 01602 11030 21134 38718 40304 53002 60001 333 55090 21157 70000 555 11056 29044=
40859 12960 03203 10060 21081 38766 40251 51010 60001 333 55096 70000 555 10012 29036=
40875 11925 00706 10169 21054 30207 40219 50001 60001 70500 333 55000 20872 70000 555 10084 29021=
40879 11958 00000 10078 21088 39563 40263 51005 60001 70500 333 55062 70000 555 10024 29030=
40882 11930 09901 10206 20116 30188 40223 52012 60001 70500 333 55000 70000 555 10156 29056=
40883 11920 00102 10189 20032 30197 40220 53009 60001 70600 333 55000 70000 555 10116 29035=
40893 11950 09901 10210 20029 30197 40203 53008 60001 70500 333 70000 55057 555 10125 29030=
40898 11950 00602 10212 20020 30191 40200 52008 60001 70600 333 55015 70000 555 10123 29028=
41024 42960 03505 10277 20160 30131 40157 333 10340 55087 58002==
41036 41557 31304 10172 21030 38603 48552 70600 83800 333 10240 59006 83830==
41055 41956 00903 10145 21050 38411 48560 70630 333 10198 59004==
41061 41958 01108 10135 21160 39514 40236 70600 333 10200 59015==
41084 42960 00506 10172 21070 38904 48551 333 10226 59010==
41112 42960 00405 10145 21010 37982 48555 333 10212 55098 58000==
41114 42960 00906 10141 21020 38021 48560 333 10220 58002==
41128 41956 00804 10138 21020 38880 48577 70600 333 10200 55040 59010==
41136 41957 00407 10156 21090 39407 40239 70600 333 10210 59002==
41140 42960 00703 10281 20210 30151 40163 333 10329 58002==
41150 42966 03013 10166 20065 40247 333 10188 59004=
41170 42960 63109 10176 20103 30228 40242 82031 333 10205 59008 82360 85072=
41176 44/59 /3307 10158 20079 30238 40244 333 10204 59007=
41184 41958 00000 10171 20072 40217 70600 333 10259 59002=
41194 11959 00804 10222 20108 30206 40212 60001 70600 333 10255 58000=
41216 42960 02704 10211 20139 30216 40220 333 10236 59002=
41217 42960 02806 10210 20140 30186 40216 333 10238 59003=
41242 26/// /1903 10187 20096 30198 40224 333 0E017 10253 55300 25022 58009 70004=
41255 36/// /0102 10205 20100 39663 40176 333 0E021 10276 58001=
41256 31957 02003 10206 20119 30194 40211 70600 333 10245 58016 55000 55407 55408 55507 55508=
41257 36/// /1500 10178 20106 39715 40220 333 0E019 10225 55300 20000 58008=
41265 36/// /3205 10193 20095 39607 40179 333 0E022 10255 55300 20000 58003=
41267 36/// /3214 10239 20150 30191 40204 333 0E023 10255 58013=
41268 36/// /0016 10230 20129 30144 40191 333 0E023 10263 55300 25022 58007=
41275 36/// /3114 10204 20043 30039 40211 333 0E020 10293 55300 20000 59003=
41288 36/// /0617 10248 20178 30175 40197 333 0E025 10281 59002=
41304 36/// /3208 10170 20037 39895 40211 333 0E016 10258 55300 20000 58006=
41315 36/70 /3432 10163 20032 39353 48334 333 0E012 10557 55300 27865 59018=
41316 32970 03619 10239 20055 30170 40200 333 10290 58000 55000 55407 55408 55507 55508=
41396 41959 00406 10173 20021 39484 40222 70600 333 10252 58006=
41480 42460 10711 10271 20170 30182 40190 81500 333 10300 58004 81618=
41506 12920 00000 10020 21032 38533 48300 60001 333 59025==
41508 12420 50000 10033 21018 38676 48400 60001 82520 333 56880 59015==
41515 12420 50000 10052 21048 38579 48400 60001 83520 333 56880 59009==
41516 12940 40000 11020 21051 38571 48250 60001 84030 333 56080 59027==
41517 11440 20000 11040 21068 37811 48590 60001 70400 82500 333 56800 59046==
41518 12440 71801 10017 21036 30001 48010 60001 87520 333 56880 58000==
41519 12940 30000 10060 21033 38805 48370 60001 83030 333 56080 59062==
41523 12940 20000 10055 21023 39098 48020 60001 80001 333 56008 59029==
41535 12940 00000 10035 21071 38722 48840 60001 333 59021==
41536 12940 00000 10050 21030 39050 48040 60001 333 59031==
41560 12440 62302 10040 21008 38300 48310 60001 84520 333 56880 59002==
41571 41900 03602 10080 21005 39590 40192 70500 333 59028==
41598 11920 00000 10075 20053 39888 40170 60001 71000 333 59039==
41600 11420 60000 10070 20070 39882 40190 60001 71022 83520 333 56880 59016==
41620 11440 23601 10080 21021 38596 48980 60001 70400 82500 333 56800 59006==
41624 11920 00000 10105 20050 39969 40176 60001 70400 333 59019==
41630 11940 00000 10080 20033 30000 40180 60001 70400 333 59029==
41640 11920 00000 10095 20063 39918 40175 60001 70400 333 59026==
41660 11900 03104 10010 21080 38479 48700 60001 70500 333 58004==
41678 11940 00000 10110 20030 30000 40187 60001 70400 333 59020==
41696 12940 00000 11020 21083 38042 48810 60001 333 59003==
41697 12940 00000 10160 20043 30010 40170 60001 333 59032==
41700 11920 00000 10115 20074 30000 40167 60001 70400 333 59030==
41710 42940 03102 10055 21136 39449 40260 333 58051==
41712 41910 01304 10045 21076 39279 48560 70600 333 58055==
41715 11910 00000 10125 20085 30119 40186 60001 70500 333 59006==
41718 11920 00000 10095 20051 30060 40170 60001 70400 333 59023==
41725 41940 00000 10130 20068 30000 40170 70500 333 59020==
41739 11920 03605 10050 21014 39111 48410 60001 70500 333 59036==
41744 11920 03104 10085 21030 38826 48420 60001 70600 333 58006==
41749 11940 03602 10130 20068 30156 40189 60001 70400 333 59004==
41756 11920 03602 10200 20074 30138 40204 60001 70600 333 58017==
41757 41910 03607 10165 21015 30200 40213 70600 333 58019==
41759 11910 03605 10180 20058 30206 40212 60001 70733 333 58005==
41764 11940 00000 10165 20076 30107 40159 60001 70400 333 59024==
41768 12940 00000 10125 20049 30151 40158 60001 333 59018==
41780 11920 00000 10170 20082 30141 40169 60001 70400 333 59012==
41785 12940 00000 10140 20112 30176 40189 60001 333 58004==
42027 31994 01801 11026 21036 38440 48529 71000 333 59041=
42071 31994 03202 10066 20045 40181 71000 333 59025=
42101 31995 00000 10098 20082 40181 71000 333 59028=
42111 31994 00000 10104 20096 39433 40157 71000 333 59035=
42123 31995 00000 10098 20059 40165 70500 333 59031=
42131 31995 00000 10072 20044 40185 71000 333 59015=
42165 31995 00000 10126 20026 40152 70500 333 59025=
42182 31993 00000 10092 20084 40166 71100 333 59027=
42189 31994 00000 10112 20088 40163 71000 333 59020=
42260 31994 00000 10082 20082 40164 71000 333 59025=
42314 31995 00000 10132 20125 40172 71000 333 59007=
42328 32996 00000 10120 20005 40142 333 59017=
42339 31995 00000 10114 20068 40149 70500 333 59029=
42361 31992 00000 10086 20073 40168 74640 333 59040=
42369 31994 00000 10130 20107 40165 71000 333 59014=
42379 31994 00000 10124 20105 40156 71000 333 58016=
42410 31595 20000 10150 20143 40166 71000 81500 333 59005 81620=
42415 31995 00000 10150 20121 40177 71000 333 59006=
42492 31994 00000 10154 20129 40159 71000 333 59015=
42559 32996 00000 10124 20061 40160 333 59020=
42571 31995 00000 10114 20077 40168 71040 333 59014=
42623 31995 00000 10090 20082 39303 40211 71000 333 58002=
42634 32996 00000 10178 20035 40155 333 59019=
42647 31995 00000 10164 20081 40137 70400 333 59027=
42667 31995 00202 10096 20050 39559 40175 70500 333 59021=
42675 31995 00000 10104 20079 40155 71000 333 59034=
42701 31995 00000 10120 20086 39415 40169 71000 333 59008=
42724 31995 00000 10134 20134 40153 71000 333 59003=
42737 32996 00000 10166 20098 40149 333 59021=
42754 31996 00703 10176 20096 39501 40147 70500 333 59026=
42779 32996 00000 10130 20053 39451 40173 333 59011=
42798 31994 00000 10150 20121 40160 71000 333 59012=
42809 31995 00000 10164 20135 40153 70500 333 59011=
42840 32996 00000 10200 20141 40130 333 59024=
42867 31995 00502 10136 20097 40167 71000 333 59013=
42874 31996 00000 10156 20094 40158 70500 333 59018=
42886 31994 00000 10120 20101 40192 71000 333 59013=
42895 31995 00000 10168 20129 40156 70500 333 59014=
42909 32996 09902 10206 20125 40136 333 59019=
42971 31995 20000 10152 20130 40162 71000 80001 333 59011 82075=
43003 31995 00000 10192 20124 40126 70400 333 59014=
43014 31995 00000 10144 20088 39486 40151 70544 333 59020=
43041 31995 00000 10150 20114 39526 40161 71000 333 59015=
43063 32996 00000 10140 20092 39510 40155 333 59019=
43086 32996 00000 10144 20125 39960 40145 333 59011=
43110 31996 00701 10202 20136 40131 70544 333 59012=
43117 32996 00501 10182 20095 40142 333 59019=
43128 31996 00000 10166 20109 39530 40151 70510 333 59015=
43150 31596 20202 10224 20161 30084 40146 70500 82500 333 59010 82620=
43185 31596 40000 10208 20178 30124 40128 70500 82530 333 59013 82620 83360=
43189 32596 10000 10224 20165 30132 40141 81500 333 59015=
43192 32996 09902 10234 20183 40118 333 59015=
43201 32496 20000 10154 20091 39385 40130 82500 333 59021 82615=
43213 31595 30000 10210 20156 39805 40127 70500 81530 333 59008=
43237 31596 20000 10190 20163 39708 40108 70500 81530 333 59014 81620=
43245 32596 43402 10236 20214 30105 40132 82511 333 59011=
43279 31596 73204 10252 20203 30107 40125 70522 83530 333 59018 83620 86360=
43284 31996 21403 10246 20206 39995 40111 71000 80001 333 59008 82075=
43295 31496 30502 10192 20156 39111 48514 71011 82501 333 59013 82612=
43314 32596 20000 10266 20218 40113 81801 333 59011=
43321 31495 59901 10212 20187 39676 40128 71022 81531 333 81612 83070=
43329 32596 30000 10246 20231 30104 40117 81531 333 59018=
43333 21495 80505 10276 20235 40117 70562 8542/ 333 58007 6001/ 82618 84820 88458=
43344 31495 53203 10238 20211 30020 40121 71022 82531 333 82616 83360=
43369 32596 40000 10258 20244 40107 82530 333 59008 82620 85358=
43371 32496 50000 10266 20249 30034 40107 81531 333 59013 81618 85358=
43413 11470 80104 10263 20248 30110 40115 5/001 60008 70222 85270 333 553// 20006 59005 85218 88760 91007=
43418 01470 83601 10260 20246 30062 40103 57001 60008 78022 85170 333 59009 60488 85118 88760=
43421 11465 82800 10237 20236 30005 40112 54001 60008 70222 82000 333 553// 20000 59008 82818 88458 91001=
43424 01468 80000 10250 20235 30110 40112 50004 69918 78082 84170 333 59005 69938 84118 88758=
43436 01465 80000 10254 20248 30101 40104 54002 60038 76066 86000 333 55000 59004 60098 85818 81920 88458=
43441 01460 80500 10249 20239 39977 40111 52005 60008 71062 82120 333 59002 60078 82118 88256=
43444 01470 80000 10225 20221 39579 40111 52004 69948 72586 84000 333 55000 59005 60068 84818 88460=
43450 01456 83601 10251 20243 30104 40116 50000 60018 76086 81120 333 59002 60018 81116 88260=
43466 01460 80302 10247 20228 30104 40112 5/001 60018 76166 88170 333 55000 553// 20000 59005 60088 83118 88760 91004=
43467 01456 80202 10254 20243 30105 40111 54000 60038 78582 85200 333 59004 60058 85216 88458=
43473 01015 82300 10157 20157 38131 48497 52001 60008 75155 88000 333 553// 20006 59002 60208 88701 91001=
43486 11430 83300 10241 20241 30010 40111 50003 60008 76186 85000 333 55001 553// 20000 59004 85816 88456 91001=
43495 01468 50202 10258 20241 30087 40100 5/040 60008 70311 82000 333 59080 69968 82818 84066=
43497 11468 73402 10253 30086 40103 5/004 60008 70282 83170 333 553// 20006 59006 83118 86760 91003=
44212 41/// 80000 11185 21219 39293 40542 52005 77172 8802/==
44213 42/// 60000 11241 21279 38932 40574 52014 86010==
44214 41/// 83403 11103 21129 38354 40436 52008 77077 8802/==
44215 415// 82502 11165 21190 38501 40502 52004 77872 886//==
44217 41698 72702 11117 21151 37902 40457 57001 70272 87500 333 91202=
44218 41/// 82802 11176 21208 38711 40510 54002 77172 8802/==
44219 32999 40402 11268 21293 38726 40581 51010 84070 333 91202=
44265 42/// 80801 11152 21176 38987 40515 58001 8802/==
44266 329// 83402 11111 21173 37804 40415 52003 8807/ 333 91203=
44454 42456 21003 10084 20052 38696 48530 82100 333 59004=
51076 14/59 /0000 11126 21147 39530 40487 57010 69921 333 11107 21143 3/103 4/009 58162 70015 90761 91105==
51087 14/30 /1001 11145 21169 39386 40504 57008 69941 71000 333 11127 21169 3/106 4/007 58167 70004 90761 91105==
51156 14/80 /3204 11149 21195 38842 40490 57008 60001 333 11001 21149 3/112 4/001 58153 90761 91118==
51243 14/50 /3402 11167 21192 39907 40516 57010 60001 71000 333 11123 21175 3/112 4/001 58159 70000 90761 91104==
51334 14/80 /0703 11068 21105 30058 40491 57014 60001 333 11034 21148 3/107 4/008 58139 70019 90761 91108==
51379 14/30 /2502 11089 21105 39484 40504 57006 69931 71000 333 11064 21196 3/106 4/014 58183 70003 90761 91107==
51463 14/02 /0301 11103 21118 39215 40492 57011 60011 74540 333 11044 21176 3/101 4/032 58163 70078 90761 91110==
51573 14/50 /0302 11061 21130 30341 40394 57002 60001 70500 333 11027 21114 3/109 58046 70000 90761 91104==
51644 14/40 /0001 11145 21165 39067 40428 52003 60001 71000 333 11066 21163 3/104 4/006 58074 70000 90761 91104==
51656 14/20 /0201 11148 21168 39280 40422 52004 60001 71000 333 11043 21148 3/113 4/003 58071 90761 91104==
51709 14/46 /3400 11078 21108 38717 40385 52013 60001 70500 333 11028 21115 3/109 58063 70000 90761 91106==
51711 14/44 /2501 11114 21133 38067 40287 57002 60001 70500 333 10052 21115 3/114 58065 70000 90761 91108==
51716 14/57 /0503 11068 21105 39022 40388 52021 60001 70500 333 11001 21078 3/110 58071 70000 90761 91105==
51765 14/58 /3501 11146 21163 39338 40421 52002 60001 333 11060 21169 3/117 58063 90761 91104==
51811 14/63 /0600 11067 21116 38885 40375 52021 60001 333 10020 21099 3/112 58060 70000 90761 91105==
51818 14/64 /0601 11072 21127 38718 40363 52022 60001 333 10016 21123 3/113 58050 70000 90761 91106==
51886 14/63 /0601 11145 21260 37124 40364 57003 60001 333 11057 21187 3/121 59024 70000 90761 91103==
52203 14/58 /2701 11111 21153 39461 40412 52008 60001 333 11051 21165 3/115 58059 70000 90761 91105==
52602 14/80 /3201 11143 21274 37280 40333 57008 60001 333 11024 21198 3/121 59037 70000 90761 91103==
52818 14/73 /2800 11090 21210 37248 40290 57008 60001 333 11008 21141 3/113 59029 70000 90761 91104==
52908 14/63 /2904 11103 21257 35778 40155 57008 60001 333 10015 21183 3/115 59020 70000 90761 91124==
55228 14/80 /2603 11045 21297 36046 40127 57007 60001 333 10049 21116 3/111 59036 70000 90761 91118==
55299 14/78 /0201 11108 21266 35889 40175 57004 60001 333 10073 21176 3/119 59026 70000 90761 91118==
55578 14/60 /0801 11089 21157 36420 40246 52002 60001 333 10105 21138 3/112 59035 70000 90761 91103==
55591 14/80 /0902 11012 21174 36556 40161 52003 60001 333 10117 21057 3/111 59043 70000 90761 91103==
55664 14/80 /3001 11065 21242 36068 40220 52003 60001 333 10116 21139 3/112 59024 70000 90761 91112==
55773 14/80 /0001 11096 21186 36063 40179 57003 60001 333 10114 21133 3/115 59022 70000 90761 91111==
56004 14/80 /2902 11144 21272 35840 40181 57008 60001 333 10050 21201 3/120 59024 70000 90761 91126==
56018 14/79 /2002 11037 21259 36197 40175 57001 60001 333 10089 21184 3/113 59037 70000 90761 91115==
56312 14/80 /0000 11027 21070 37136 40231 52003 60001 333 10122 21051 3/104 59023 70000 90761 91105==
62306 42560 43106 10190 20143 40254 52011 84500 333 10220==
62309 42560 32902 10169 20116 40243 52015 83500 333 10216==
62332 42960 03407 10184 20119 40243 52012 333 10208==
62337 42560 31503 10131 20108 40236 52010 83500 333 10205==
62366 45960 00409 10173 20102 40238 52018 333 10205==
62387 42960 23503 10150 20080 40222 52012 80001 333 10210==
62393 42960 03404 10141 20051 40237 52010 333 10213==
62405 42960 02303 10178 20068 40190 52007 333 10250==
62414 42960 03606 10209 20050 40178 52011 333 10278==
62419 42960 03503 10211 20097 40165 52013 333 10259==
62420 42960 00103 10158 20042 40231 52012 333 10231==
62435 42960 03106 10179 21018 40198 52013 333 10248==
62455 42960 03604 10168 20071 40234 52010 333 10230==
62458 42960 03107 10150 20088 40220 52015 333 10220==
62459 42960 01008 10162 20028 40200 52009 333 10222==
62465 32960 02705 10190 20093 40180 52009 333 10234=

==================
42348 Not Received
42452 Not Received
42747 Not Received
42686 Not Received
42398 Not Received
43198 Not Received
43353 Not Received
43410 Not Received
==================