SIPK OPKC 160900=
41504 22697 62702 10075 21095 37872 48520 82230 333 56990 59046 60007 83845 83360 RH29%=
41505 22696 52304 10065 21004 38/// 48/// 83530 333 56990 58/// 83640 83460 61%=
41506 22697 60000 10110 21069 38541 48540 83520 333 56690 59012 60007 83460 85460 28%=
41507 22697 52302 10145 20043 39287 49809 82520 333 56990 59004 60007 82640 83460 50%=
41508 22697 82302 10139 21071 38675 48545 84520 333 56990 59009 60007 84635 84460 RH 22%=
41509 22697 62302 10120 21046 38791 48531 82570 333 56990 59004 60007 82640 84460 RH31%=
41510 22997 40000 10080 21085 37934 48534 84030 333 56090 59012 60007 84360 30%=
41515 22697 60000 10094 21098 38589 48550 82520 333 56990 59010 60007 82650 84460 24%=
41516 22996 31802 10100 21087 38582 48539 83030 333 56090 59044 60007 83360 RH26%=
41517 21696 60000 10050 21076 37826 48552 70422 82530 333 56990 59063 60007 82645 85362 40%=
41518 22696 73602 10089 21040 38/// 48/// 82230 333 56990 5//// 60007 82840 84362 39%=
41519 22997 20000 10105 21053 38813 48550 80030 333 56090 59054 60007 82362 RH37%=
41520 22697 50000 10035 21061 37650 48292 82530 333 56900 59029 60007 82640 83362 49%=
41523 22997 02702 10165 21038 39109 48533 333 59011 60007 25%=
41524 22997 00000 10170 21028 39389 40250 333 59028 60007 26%=
41525 22997 01304 10090 21029 37708 48420 333 59009 60007 43%=
41528 22997 00000 10175 20016 39252 48548 333 58006 60007 34%=
41529 22996 30502 10195 20005 39802 40183 80001 333 56009 59035 60007 83080 RH 28%=
41530 21995 10000 10195 21048 39767 40180 70500 80001 333 56009 59011 60007 81075 18%=
41534 01695 42302 10175 20051 39764 40179 71000 82500 333 56900 59017 60007 82640 RH44%=
41535 22997 01302 10170 21102 38734 48508 333 59015 60007 RH15%=
41536 22997 00000 10175 21018 39057 48534 333 59025 60007 27% =
41560 22997 00000 10135 21109 38314 48539 333 59001 60007 RH17%=
41562 22997 01302 10215 21035 39713 40173 333 58000 60007 RH18%=
41565 22997 03102 10139 21098 38705 48572 333 59016 60007 18%=
41567 21996 00000 10180 20029 39757 40176 70500 333 58003 60007 36%=
41571 21996 02304 10190 21026 39596 40177 70500 333 59007 60007 RH23%=
41572 21996 03110 10190 21007 39541 40163 70500 333 59013 60007 R/H26%=
41573 22997 01302 10135 20009 37998 48517 333 59019 60007 42%=
41574 22997 01304 10160 21029 38372 48549 333 59010 60007 27%=
41576 21995 21804 10220 20170 40189 70500 80001 333 56009 59014 60007 82070 26%=
41577 21996 00000 10195 20034 39563 40174 70500 333 56000 59018 60007 RH34%=
41593 21996 22302 10215 20070 39961 40174 70500 82070 333 56090 59012 60007 82460 39%=
41597 21996 00000 10195 20067 40195 70500 333 59009 60007 43%=
41598 21996 03102 10190 20059 39911 40183 70500 333 59010 60007 42%=
41599 21995 30000 10180 20044 39893 40185 70510 83020 333 56090 59014 60007 83460 41%=
41599 21995 30000 10180 20044 39893 40185 70510 83020 333 56090 59014 60007 83460 41%=
41600 22997 03102 10190 20059 40177 333 59013 60007 42%=
41620 32696 42304 10160 21028 38590 48494 70500 84500 333 56900 59009 60007 84640 27%=
41624 21996 00000 10215 20070 40177 70500 333 59009 60007 39%=
41625 21996 00000 10205 20054 39959 40159 70500 333 59015 60007 37%=
41630 21996 02302 10210 20048 40181 70500 333 59015 60007 34%=
41630 21996 02302 10210 20048 40181 70500 333 59015 60007 34%=
41630 21996 02302 10210 20048 40181 70500 333 59015 60007 34%=
41633 22997 20000 10195 20067 4//// 82030 333 56090 5//// 60007 82362 43%=
41634 22997 03102 10190 20003 3//// 4//// 333 5//// 60007 27%=
41635 22997 00000 10220 20064 3//// 4//// 333 5//// 60007 36%=
41636 21996 00000 10210 20062 30010 40195 70500 333 59001 60007 38%=
41638 21996 00000 10210 20100 4//// 70500 333 5//// 60007 49%=
41639 22997 30000 10180 20029 4//// 83030 333 56090 5//// 60007 83360 36%=
41640 21996 03102 10195 20038 39927 40178 70500 333 59023 60007 35%=
41641 21996 03304 10200 20046 39902 40177 70500 333 59012 60007 36%=
41642 21996 00000 10185 20065 4//// 70500 333 5//// 60007 46%=
41643 21996 40000 10190 20096 39895 40173 70410 84070 333 56090 59019 60007 84460 55%=
41644 21996 00000 10230 20104 4//// 70400 333 5//// 60007 RH 45%=
41646 21996 00000 10210 20075 40199 70500 333 59015 60007 42%=
41652 21996 00904 10200 20086 40188 70500 333 59007 60007 48%=
41660 21696 52314 10090 21029 38480 48577 70522 81530 333 56990 58030 60007 81640 84358 RH43%=
41661 21995 43104 10090 20001 38427 48555 70600 84030 333 56090 58020 60007 84360 54%=
41669 22997 00000 10210 20100 3//// 4//// 333 5//// 60007 49%=
41670 21996 00000 10190 20059 4//// 70500 333 5//// 60007 45%=
41674 21995 01804 10210 20062 3//// 4//// 70500 333 5//// 60007 38%=
41675 21995 00000 10215 20041 30035 40178 70500 333 59009 60007 32%=
41676 21996 02302 10205 20081 30043 40200 70500 333 59009 60007 45%=
41677 21996 01304 10200 20086 30005 40173 70500 333 59011 60007 48%=
41678 21996 03602 10230 20035 40196 70500 333 59010 60007 28%=
41679 21996 00000 10210 20032 4//// 70500 333 5//// 60007 31%=
41680 21995 00000 10215 20056 40179 70500 333 59015 60007 35%=
41685 22997 03102 10210 21101 38940 48532 333 59005 60007 RH11%=
41696 22997 00000 10090 21029 38043 48564 333 58003 60007 RH43%=
41697 22997 00000 10260 20073 40170 333 59012 60007 RH30%=
41700 21996 00504 10225 20058 40167 70500 333 59018 60007 34%=
41701 21996 00000 10225 20058 40182 70500 333 59016 60007 34%=
41710 21996 03104 10135 21148 4235 70600 333 58073 60007 RH13%=
41712 21994 70508 10105 21034 39287 48578 70600 87010 333 56090 58052 60007 87460 RH38%=
41715 21996 00502 10200 20061 40188 70500 333 58001 60007 RH40%=
41716 21995 00505 10215 20025 30086 40190 70500 333 59017 60007 28%=
41718 21995 00000 10230 20066 40165 70500 333 59023 60007 35%=
41724 21996 00000 10285 20156 40163 70500 333 58007 60007 RH46%=
41725 22996 00504 10215 20056 40169 333 59021 60007 RH35%=
41726 21995 00902 10225 20084 30130 40201 70500 333 58002 60007 RH41%=
41738 21994 00522 10220 21074 30036 40217 70700 333 58037 60007 RH13%=
41739 21994 03612 10100 21063 39091 48534 70700 333 58024 60007 RH31%=
41742 22997 62702 10270 20045 40168 80008 333 56009 59010 60007 86270 RH24%=
41743 21996 00502 10210 20122 70400 333 60007 RH57%=
41744 22996 00000 10245 20013 38797 48530 333 58002 60007 RH22%=
41745 21996 03104 10220 20049 70400 333 60007 RH33%=
41746 22996 03602 10210 20075 40177 333 59005 60007 RH42%=
41746 22996 03602 10210 20075 40177 333 59005 60007 RH42%=
41747 21996 03604 10220 20090 40170 70400 333 59005 60007 RH43%=
41748 22996 00502 10225 20119 40181 333 58016 60007 RH51%=
41749 21996 03108 10235 20059 40182 70400 333 59006 60007 RH32%=
41756 21994 00516 10240 20038 40196 70700 333 58006 60007 RH27%=
41757 21996 03610 10255 21085 30201 40213 70600 333 58018 60007 RH10%=
41759 21994 03614 10245 21008 40185 70733 333 58006 60007 RH19%=
41760 21995 03616 10270 21098 40163 70600 333 59010 60007 RH08%=
41764 21996 03612 10225 20026 30111 40162 70400 333 59013 60007 Rh27%=
41765 22996 03104 10240 20081 30134 40169 333 59021 60007 RH36%=
41766 01996 00506 10230 20051 40174 60002 70400 333 59018 60007 RH31%=
41767 22996 00504 10250 20023 3//// 4//// 333 60007 RH23%=
41768 22996 00502 10280 20063 40156 333 59023 60007 RH25%=
41780 21996 02702 10270 21064 30135 40162 70500 333 59034 60007 RH11%=
41783 22996 00504 10245 20030 30136 40165 333 59005 60007 RH25%=
41785 22996 03602 10235 20044 30158 40171 333 59007 60007 RH29%=
41786 22996 03606 10265 21003 30116 40153 333 59006 60007 RH17%=
41BAG 22697 22302 10050 21076 60002 82500 333 56900 60007 82635 40%=
41BKI 22996 03604 10190 21005 39760 40178 70400 333 59013 60007 27%=
41SKP 21996 22702 10190 20045 4//// 70500 82030 333 56090 5//// 60007 82360 38%=
43532 22997 00000 10165 20015 39361 40164 333 59011 60007 36%=
43533 22997 00000 10210 20044 39240 48526 333 59014 60007 34%=
43563 22997 00000 10222 21002 40160 333 59015 60007 23%=


 






Data Generated from File : D:/all data handling/Rmc_lhr/2024121609.FSU.txt
16/12/2024   10:14:26
____________________________________________________________________________________________
15020 24570 82408 10064 21022 39976 40176 56014 8357/ 333 55300 20176 60007 91013 90730 91113==
15090 24/70 82304 10059 21035 30108 40202 58010 84077 333 55300 00200 20353 30333 60007 91008 90730 91108==
15108 21/00 9//// 11078 21084 38051 48474 53007 74974 89/// 333 55300 20145 60047 90730 91123==
15150 24/70 82302 10073 21029 30001 40217 56007 85077 333 55306 20481 60007 91005 90730 91107==
15170 24570 72407 10003 21025 39463 42845 50010 87300 333 55300 20229 60007 91011 90730 91111==
15280 21/00 93116 11106 21118 37492 47026 51013 73833 89/// 333 55308 20613 60007 91027 90730 91127==
15310 24/70 32004 10026 21023 30154 40243 58009 81041 333 55310 00380 20918 30303 60007 91007 90730 91109==
15335 24/70 42304 10050 21025 30244 40251 50001 84030 333 55310 21103 60007 91006 90730 91110==
15350 24570 42505 10035 21025 30138 40262 58003 82201 333 55308 20607 60007 91007 90730 91107==
15360 24/70 22308 10051 21013 30230 40247 58003 82030 333 55310 20918 60007 91010 90730 91110==
15420 24/70 42403 10036 21011 30164 40279 51005 81044 333 55310 20976 60007 91006 90730 91107==
15460 24970 52505 10045 20004 30256 40281 50005 80006 333 55310 21057 60007 91009 90730 91109==
15470 24/70 42607 10033 20007 30167 40298 52010 81089 333 55310 20898 60007 91010 90730 91110==
15480 24970 02504 10044 21009 30253 40271 50000 333 55310 00360 21038 30937 60007 91008 90730 91108==
15549 42970 22506 10033 21005 39861 40289 52005 80002 333 10033 21018 555 576//=
15552 42970 22703 10056 20001 30238 40288 52005 80001 333 10057 20019 555 568// 92024 92427=
15640 42674 52907 10068 20032 39986 40305 52006 84501 333 10070 20035 555 578//=
15655 42970 22706 10065 21010 30266 40300 52008 80001 333 10065 20030 555 559// 92024 92428=
15730 42970 23604 10076 21054 39901 40304 52005 81031 333 10076 20039 555 539//=
16627 42570 20000 10102 20022 30302 40307 52012 81150 333 90730 91105==
16650 42560 70712 10102 20004 30298 40307 52019 81130 333 81820 86358 90730 91123==
16667 42560 23506 10122 20043 30279 40290 52026 82100 333 90730 91121==
16706 42560 10215 10132 20089 30262 40269 51020 81100==
16723 42460 63610 10132 20113 30253 40266 52020 85850 333 84818 85625 86359 90730 91116==
16742 42460 53516 10154 20117 30090 40245 52017 83141 333 83818 83357 90730 91123==
16749 42560 33108 10172 20101 30207 40222 51012 82131 333 82820 83358 90730 91113==
16754 41460 70216 10160 20120 30215 40263 52024 70262 85850 333 82818 85625 87358 90730 91122==
16760 41360 60109 10132 20111 40263 52021 70261 86650 333 81708 86625 86358 90730 91116==
16765 42560 43016 10188 20096 40237 52020 81462 333 81620 83068 90730 91123==
17022 41670 71603 10073 20055 30119 40288 52016 70282 84270 333 84834 87360 90730 91109==
17024 41570 72112 10078 20065 30191 40269 51012 70262 85570 333 85632 87359 90730 91119==
17026 41570 82403 10083 20052 30234 40274 52024 70262 8452/ 333 84628 88459 90730 91123==
17031 41456 83012 10081 20057 30263 40269 52025 78088 8622/ 333 83712 86828 88458 90730 91122==
17034 41463 72103 10086 20065 30222 40269 52024 78022 87200 333 83714 87830 90730 91108==
17038 41470 72906 10091 20057 30196 40245 52021 78022 87200 333 83716 87825 90730 91120==
17042 41560 81107 10058 20031 30213 40253 52026 76022 8552/ 333 85630 88458 90730 91117==
17050 42970 03202 10078 20005 30253 40317 52010 333 90730 91104==
17056 42970 01302 10083 20029 30305 40309 51009 333 90730 91109==
17060 42660 23508 10091 20036 30260 40301 51013 82200 333 82840 90730 91117==
17070 41665 72003 10029 20010 39385 40280 52013 70262 84520 333 84634 87460 90730 91107==
17074 41570 70000 10034 20028 39313 40274 52019 76062 85550 333 85627 87358 90730 91103==
17084 41670 71501 10043 20036 39338 40266 51015 70162 84570 333 84635 87360 90730 91103==
17085 41658 71802 10053 20044 39764 40268 52019 72166 84570 333 84640 87360 90730 91106==
17092 42670 80000 11034 21090 38933 48545 50007 8652/ 333 86635 88458 90730 91107==
17096 41556 72301 11100 21118 38272 48550 57003 71022 85540 333 85625 87357 90730 91106==
17098 42660 50704 11052 21122 38208 48528 57016 83530 333 83635 85357 90730 91106==
17100 41/57 50000 11008 21101 39254 40301 57020 70522 83038 333 83358 85268 90730 91103==
17112 42970 00406 10091 20002 30304 40306 52010 333 90730 91111==
17115 42660 23608 10086 20025 30256 40308 51016 82100 333 82835 90730 91116==
17116 41662 60000 10075 20071 30179 40304 51017 72582 84250 333 84835 86360 90730 91103==
17124 42560 63108 10046 20003 39349 40291 52016 86500 333 86625 90730 91113==
17128 41660 43605 10040 21001 39145 40272 52015 70261 84200 333 84840 90730 91112==
17135 41660 62702 10055 20050 39368 40262 52019 71022 84550 333 84635 86360 90730 91105==
17140 41420 82902 10012 20012 38748 48529 52017 77177 8672/ 333 82710 85635 88458 90730 91106==
17150 42660 10112 10087 20021 30171 40297 52015 81100 333 81835 90730 91117==
17160 41670 73504 10025 20000 39075 48538 52014 72166 85550 333 85640 87360 90730 91109==
17170 42560 41301 10066 21091 38371 48543 58005 81508 333 81630 84268 90730 91105==
17175 42665 30406 10103 20005 30282 40286 52020 83100 333 83840 90730 91116==
17184 42670 23507 10096 20031 30168 40281 52017 82400 333 82635 90730 91113==
17190 41560 83002 10028 20012 39060 48553 52019 76066 8552/ 333 85630 88458 90730 91111==
17195 41213 80000 10018 20014 39024 48534 52011 76172 8652/ 333 84705 86625 88458 90730 91104==
17200 41250 72401 11010 21028 39282 40318 50005 77122 87500 333 84705 87633 90730 91105==
17202 42465 71805 10024 21059 39218 40301 50001 85550 333 82715 85635 87360 90730 91108==
17203 42670 41301 10009 21105 38950 48588 58009 82240 333 82840 84360 90730 91104==
17210 42970 62102 10070 21089 39218 40276 58010 80008 333 86270 90730 91105==
17219 42561 23618 10112 20033 30128 40275 52023 82100 333 82830 90730 91123==
17234 42670 51401 10119 20118 30190 40259 52019 83250 333 83840 85360 90730 91103==
17237 42670 82801 10083 20083 39753 40263 52018 8352/ 333 83636 88458 90730 91108==
17240 41570 73203 10078 20063 39087 40239 50011 72582 85250 333 85830 87360 90730 91109==
17244 41560 70112 10051 20037 39048 48540 50010 76162 85510 333 85630 87459 90730 91116==
17248 41550 80501 10042 20038 39029 48531 50002 76166 8452/ 333 84630 88459 90730 91105==
17250 41640 82006 10031 20016 38853 48539 50002 76066 8552/ 333 85636 88459 90730 91112==
17260 42660 80606 10061 21105 39409 40246 58002 8552/ 333 85635 88458 90730 91108==
17270 42670 61202 10073 21131 39620 40284 58005 84230 333 84840 86360 90730 91105==
17275 42670 60000 10044 21142 39065 48571 58002 81550 333 81640 86360==
17280 42660 70602 10013 21059 39481 40308 58004 84520 333 84640 87460 90730 91104==
17290 42/70 33307 10162 20079 30213 40245 52013 83050 333 83359 90730 91112==
17292 42670 72804 10087 20071 39474 40237 52010 83270 333 83835 87360 90730 91109==
17300 42560 73305 10143 20119 30165 40237 50007 84250 333 84820 87360 90730 91109==
17310 41570 72801 10154 20119 30207 40214 56001 70292 84270 333 84830 87360 90730 91112==
17330 41660 70000 10108 20095 30238 40256 52009 78022 85270 333 85835 87358 90730 91104==
17350 41660 73408 10107 20036 30164 40243 50000 78022 84250 333 84835 87358==
17370 42670 61103 10124 21048 30245 40249 58001 84230 333 84835 86360 90730 91116==
17375 42670 50000 10155 20129 30213 40215 51004 82201 333 82835 85070 90730 91105==
33088 41560 82507 10044 20041 39863 40053 57017 78082 889//==
33135 41320 82206 10009 20001 39871 40019 57052 77172 8872/ 333 88709==
33177 41540 82610 10055 20046 39872 40109 57006 78088 889//==
33317 41440 82606 10015 20011 39760 40100 57018 78088 889// 333 88916==
33393 41359 82608 10036 20029 39767 40162 57002 78088 889// 333 86707==
33415 41460 82610 10026 20010 39742 40144 57004 78082 889// 333 87710==
33429 41460 82511 10017 20004 39706 40133 57015 78088 889// 333 86710==
33466 41561 82306 10016 21012 39932 40122 57002 78082 8695/==
33506 41560 82304 10010 21016 39901 40100 58011 70272 8753/==
33562 41559 82606 10016 20005 39822 40131 57026 78382 8695/==
33587 41420 82206 10020 21027 39868 40134 57024 78382 889// 333 88918==
33658 42684 62604 10069 21018 39865 40164 57007 82330==
33663 42570 82102 10045 21019 30068 40165 57015 8595/==
33664 41598 82102 10026 21012 39844 40165 57010 76162 885//=
33678 42598 82807 10018 21041 39971 40188 57013 8697/=
33679 42497 82205 10030 21025 39981 40175 57015 885// 333 88618=
33711 42560 72407 10019 21018 39924 40137 58014 87500 333 87628==
33745 41497 82205 10021 21020 39994 40196 57016 78082 889//=
33748 42597 82405 10041 21038 39904 40192 57013 8637/=
33754 42598 82202 10036 21030 30031 40179 57011 8235/=
33761 42/70 82307 10024 21029 39943 40170 58016 8801/==
33791 42988 82606 10028 21020 30030 40160 58006 80007==
33815 42598 82306 10028 21040 39982 40193 57014 885//=
33837 42/84 62504 10054 21029 30156 40208 58012 82034==
33881 42598 62205 10028 21027 30015 40216 57011 83330=
33883 42998 62104 10043 21027 30054 40220 57007 80002=
33885 42998 62005 10016 21031 30105 40243 57012 82042=
33892 42998 82304 10026 21029 39998 40218 57009 8805/=
33902 42/60 62504 10045 21026 30139 40199 58001 86040==
33924 42570 52708 10072 21008 30214 40227 52004 85400 333 91012 90730 91116==
33946 42682 72804 10041 20004 30010 40235 52005 87500 333 87646==
33983 42960 02609 10050 21003 30145 40206 52006 333 91013 90730 91114==
34300 42460 82505 10007 21034 39907 40086 58007 885//==
34336 41420 82404 10004 21009 39975 40079 58008 78582 8632/==
34344 42570 82304 10008 21009 39992 40081 58004 885//==
34356 41560 72605 10005 21025 39932 40080 52005 70272 87500==
34357 42570 72305 10005 21029 39923 40079 50003 85530 333 91012 90730 91112==
34398 41570 82409 10007 21007 30073 40086 57010 70232 8697/ 333 90730 91118==
34415 41470 82704 10015 21020 30009 40107 54000 70282 8662/==
34438 41460 82304 10003 21014 39914 40107 54000 72682 883//==
34445 42/70 62106 10006 21010 39982 40097 54000 86070 333 91011 90730 91111==
34461 41460 62603 10011 21028 30033 40088 52003 70182 83350==
34473 42597 82208 10010 21007 30039 40078 57002 885// 333 91115=
34476 42570 82307 10013 21009 30079 40086 57005 8393/ 333 90730 91110==
34504 42580 82507 10016 21006 39962 40138 58004 8655/==
34535 42570 82304 10014 21021 30054 40127 52003 8597/ 333 90730 91111==
34545 42570 72407 10019 21019 30006 40118 51004 87500 333 91011 90730 91111==
34555 42570 72507 10015 21015 30032 40123 52008 86530 333 91011 90730 91113==
34560 41460 62610 10011 21020 39903 40094 57003 72686 86300 333 91013 90730 91113==
34578 41/40 82306 10013 20004 30109 40116 57001 71022 8801/==
34579 41520 72106 10013 20008 30066 40109 57004 71022 87500 333 90730 91110==
34644 42560 82505 10014 21018 30066 40144 52009 885// 333 91010 90730 91110==
34646 42/70 62607 10021 21010 30055 40137 52009 86030 333 91012 90730 91112==
34655 42560 82407 10017 21008 30076 40137 51007 885// 333 91010 90730 91111==
34662 42/70 82405 10020 21012 30109 40120 52001 80070 333 91010==
34691 42/70 82002 10015 21002 30278 40265 57013 8802/==
34720 42470 72403 10015 20000 30120 40160 51005 87600 333 90730 91110==
34727 42460 82608 10027 20003 30148 40178 52005 884// 333 91012 90730 91112==
34743 42560 72504 10015 21007 30060 40150 52008 82970 333 91010 90730 91110==
34759 42460 82405 10015 21001 30026 40159 52006 889// 333 90730 91110==
34772 42/70 72305 10020 21005 30133 40136 58001 8707/==
34785 42/70 82403 10027 21005 30160 40137 57005 8807/==
34798 42/60 82502 10052 20011 30175 40146 57008 8805/==
34824 42560 62603 10044 20006 30190 40195 52007 86500==
34838 42560 62305 10038 21008 30094 40191 50008 85401 333 91011 90730 91111==
34845 41/70 62704 10026 21013 30067 40176 52010 70382 80072==
34858 41/20 82404 10012 20008 30065 40174 50010 77076 8802/==
34861 41540 82707 10004 21018 39911 40157 52006 78582 889// 333 91012 90730 91112==
34866 42570 72704 10026 21006 30167 40158 52005 86950==
34880 42560 82504 10036 20001 30171 40145 57001 8572/==
34887 42/70 82003 10028 20000 30181 40162 51007 8807/==
34949 41/40 82406 11007 21017 39642 40201 52015 77172 8802/ 333 91010 90730 91111==
34954 41460 82004 10015 20012 30017 40194 51013 78382 889//==
34958 41560 82703 10015 20009 39989 40191 53014 78082 889// 333 90730 91111==
34975 41570 62803 10022 21006 30170 40166 52003 70242 86500==
34984 42560 72503 10025 20001 30191 40161 52006 85531==
35217 41560 82010 11002 21038 73673 885//==
35302 41570 82115 10003 21009 30070 40091 57023 72272 885// 333 91015 90730 91120==
35315 41497 81610 11010 21022 30086 40143 57028 77173 8802/ 333 91116=
35344 41598 81906 11047 21067 39991 40287 58014 73633 885//=
35358 42/60 71805 11054 21100 30172 40347 58002 8802/==
35368 41999 61809 11063 21103 30116 40394 58006 73632 84046=
35386 42998 22103 11106 21159 39896 40449 58003 82040=
35394 41560 62306 11114 21149 39744 40465 52002 77173 83520==
35404 42598 82308 10017 20003 30100 40108 57018 885//=
35406 42560 81906 10010 21019 30123 40125 57021 885//==
35416 42570 81911 11006 21051 30060 40181 57024 885// 333 91017 90730 91119==
35426 41560 71310 11022 21069 39944 40239 58020 73633 87500 333 91015 90730 91117==
35437 41598 81907 11023 21063 39958 40277 58018 70232 885//=
35449 41998 71708 11064 21101 30240 40347 58014 73633 80006=
35497 41/70 22003 11111 21155 39807 40672 58002 70271 82040==
35498 42998 01802 11138 21174 39550 40494 54000=
35514 42598 71608 11007 21045 30247 40243 57025 87500=
35522 42698 81612 11021 21060 39964 40219 57019 885// 333 91015 91116=
35542 42998 71804 11053 21091 30181 40333 57014 80001=
35563 41596 81804 11096 21112 39606 40415 58002 71032 885//=
35576 42570 72009 11106 21139 39957 40434 53029 87500==
35582 41998 02106 11118 21167 39850 40493 52002 70230=
35594 42999 01902 11113 21162 39590 40482 58004=
35605 42598 81610 10013 21025 30160 40138 57023 885//=
35633 42598 71705 11046 21077 30091 40311 58021 87500=
35671 42570 72004 11068 21097 39988 40438 58012 87500==
35699 42960 00000 11116 21158 39702 40510 58004==
35700 42570 81810 10007 21054 30189 40165 57014 885//==
35715 42999 71811 10001 21083 30210 40195 57030 87050 333 91118=
35739 42999 61102 11076 21116 30156 40302 58033 80008=
35746 42970 51705 11048 21076 30286 40356 58024 80001==
35777 41997 01807 11063 21108 30032 40391 53021 73632=
35796 42960 02402 11095 21159 30051 40515 58005==
35849 42970 31605 11021 21080 30276 40364 58029 80002==
35895 42998 00502 11091 21130 30039 40511 58011=
35907 42598 71707 10051 20025 30178 40148 58012 82501=
35925 41670 61807 11021 21044 30140 40253 57025 73632 86500==
35927 41997 61606 11010 21056 30228 57029 73631 80002=
35953 42984 41604 11013 21064 30265 40398 58025 80001==
35969 42984 01601 11025 21113 30269 40448 58024==
35997 42998 20501 11057 21140 30040 40497 58020 82040=
36259 41510 80000 11176 21203 38306 48587 52017 78682 889//==
36335 41999 01706 11137 21187 39396 40490 52008 70230=
36358 42999 02205 11084 21135 39402 40465 52003=
36394 42697 12502 11090 21164 30055 40501 52014 81500=
36397 41/84 30000 11098 21163 39904 40500 52015 70181 83040==
36403 42698 61101 11036 21093 30115 40489 52017 84981=
36418 42999 62802 11069 21142 39835 40477 52014 82043=
36421 42999 72501 11069 21116 39888 40477 52020 80002=
36428 42784 71902 11054 21100 39958 40479 52013 83542==
36439 41498 73002 11096 21116 39143 48624 52012 72683 87900=
36498 42998 01603 11152 21193 39672 40527 52009=
36501 42999 00000 11105 21189 39695 40492 52012=
36535 42684 62701 11083 21130 39836 40500 52017 84530==
36546 42999 52002 11055 21101 39922 40482 52016 83043=
36619 42999 22701 11065 21140 82030=
36622 42998 21801 11126 21178 39605 40459 52050 82040=
36639 42984 30000 11065 21130 39872 40505 52006 80001==
36643 42899 63105 11078 21150 39798 40492 52013 83071=
36665 42999 81901 11059 21089 39723 40477 52007 889//=
36666 42599 72703 11063 21108 39980 40495 52015 82615=
36729 42998 82703 11062 21094 30160 40673 58006 82037=
36736 42599 72803 11073 21126 39935 40517 52002 85541=
36744 42998 03602 11071 21124 30039 40513 58015=
36770 41999 21502 11064 21095 39751 40513 58006 70271 82080=
36786 41997 80502 11088 21107 39546 40516 58003 77172 8802/=
36796 41496 83201 11090 21101 39238 48653 58006 77177 8802/=
36803 42599 83108 11050 21075 30044 40514 52022 886// 333 91116=
36806 41498 83103 11153 21174 39891 40393 51038 78588 889//=
36819 42998 30701 11054 21100 39840 40480 52023 82021=
36821 42584 60000 11043 21118 39994 40505 58012 82502==
36839 42999 01101 11084 21120 39313 40422 58014=
36843 41998 61001 11089 21113 39267 40509 58004 72672 84032=
36846 42999 11401 11127 21137 38784 48636 58005 80002=
36859 41/70 80801 11042 21051 39677 40491 52008 72272 8802/==
36870 41560 80402 11071 21084 39418 40484 58017 70277 8867/==
36874 42698 60503 11057 21091 39724 40542 58019 86500=
36877 42698 60602 11071 21104 39723 40779 58022 86500=
36885 41596 83602 11084 21107 39307 40501 58017 71022 886//=
36889 42999 01801 11164 21213 37096 47118 52001=
36894 42999 30000 11045 21092 39722 40494 58012 80002=
36905 41699 70000 11072 21131 38926 48666 58007 70282 82342=
36911 42999 00000 11030 21095 39430 40444 58031=
36927 42699 12724 11042 21185 38444 48601 58001 81100=
36934 42496 70905 11023 21070 38360 48487 53006 83932=
36953 41698 70701 11104 21129 38338 48508 52011 70182 85901=
36963 42799 22502 11119 21214 37074 48/// 58002 82500=
36974 42798 11602 11068 21130 38084 48623 58011 81500=
36982 41999 32008 11139 21211 36536 47124 54000 701// 83030=
37018 41670 52601 10079 20018 30153 40228 52020 70182 82902==
37031 41460 82605 10017 20001 30010 40209 52013 70282 886//==
37054 42570 82604 10032 21014 39814 40203 51018 8753/ 333 91010 90730 91111==
37061 42460 82704 10022 21002 30020 40191 52011 8261/==
37085 41/70 62603 10040 20006 30196 40169 50001 70242 83031==
37171 41440 82404 10061 20045 30210 40229 52020 78182 889// 333 84711==
37228 42670 72902 10045 21046 39329 40163 52010 81286==
37235 42670 63002 10025 21058 39853 40174 52003 8454/==
37472 42/70 73102 10082 21019 30182 40160 57009 84081==
38149 42970 61613 10020 21068 30223 40302 57040 80002==
38178 42970 01507 11038 21105 30089 40392 58022==
38262 42970 31309 10015 21106 30237 40320 57035 80002==
38264 42970 11411 10013 21109 30212 40308 58044 80001==
38345 42999 01601 11037 21118 38932 48605 57036=
38353 42998 00901 11029 21091 39512 40455 58030=
38388 42998 51606 10012 21044 30219 40292 57038 80003=
38392 42997 21412 10008 21092 30206 40312 57032 82030 333 91118=
38396 42960 01215 10004 21098 30200 40330 57040==
38403 42960 01407 11012 21122 30251 40377 57005==
38413 42970 01207 11038 21107 30093 40399 58028==
38457 42984 03002 11026 21120 39784 40402 57042==
38462 42984 00000 11022 21155 38872 48595 57035==
38507 42998 71408 10041 21046 30098 40203 57030 84031=
38545 42998 03306 11010 21089 30175 40359 57040=
38565 12970 00000 11045 21072 39733 40313 57037 60002==
38579 12560 60802 11048 21065 39957 40401 57038 60002 86500==
38583 11920 03402 11047 21064 30064 40406 57042 60002 71040==
38599 42997 00712 10000 21056 39855 40392 57039 333 91118=
38611 42960 02201 10004 21075 39830 40427 57034==
38613 42998 71601 11016 21064 40416 57031 80002=
38616 42597 30901 11026 21049 39361 40425 57032 83500=
38618 42970 30502 11002 21052 39691 40411 57036 80001==
38647 42999 60905 10004 21063 30174 40218 57024 80006=
38656 42995 01410 10020 21067 30156 40269 57039 73133=
38683 42960 00903 11010 21089 30080 40370 57035==
38687 42997 01404 10006 21089 30127 40373 57035=
38696 12984 00702 11035 21084 39470 40371 57030 60002==
38713 42999 00202 11034 21103 39153 48580 57035=
38750 42998 21102 10108 20019 30244 40216 57019 80001=
38763 42998 41006 10002 21004 30133 40242 57014 80001=
38774 42998 31206 10032 21051 30048 40248 57030 80001=
38799 42997 01405 11026 21056 30124 40369 57041=
38806 42997 01403 10004 21024 30086 40358 57036=
38812 42960 02602 10007 21054 39888 40360 57027==
38836 41596 71803 10003 21024 39346 40315 57038 71022 86932=
38880 42997 61106 10016 21057 39985 40248 57034 82031=
38886 42997 21110 10022 21079 30069 40304 57043 80001=
38895 42996 01205 11004 21055 30045 40349 57048=
38911 42998 21404 10010 21039 30062 40369 57030 80002=
38915 42997 00000 10034 21023 30021 40355 57008=
38927 12960 30704 10020 21034 39963 40353 57043 60002 80001==
38933 41796 81801 11010 21057 39870 40412 57022 71022 885//=
38954 42999 40000 10036 21049 37955 48550 58023 80001=
38974 42998 01403 10002 21028 39971 40319 57046=
38987 42996 21702 11048 21076 39581 40371 58033 80002=
40100 43/80 03004 10191 20034 30232 40248 58008 333 58000=
40180 02960 01501 10204 20055 30183 40232 57005 333 70000==
40199 02/// /0106 10194 21013 30206 40231 57006 333 70000==
40265 41950 01612 10108 21047 39460 40272 57015 70500=
40270 41956 00305 10086 21089 39345 40262 57008 70500=
40272 41950 00808 10134 21065 39405 40250 57010 70500=
40340 41958 43608 10180 21043 40239 57006 70500 80001 333 84068=
40356 42960 01508 10105 21210 39266 48552 333 59038 555 04410 50270=
40357 42960 02007 10108 21170 39622 40280 333 59027=
40360 42960 01206 10088 21150 39657 40270 333 59040=
40361 42960 00906 10117 21190 39480 40296 333 59036=
40362 42960 02403 10112 21140 39753 40289 333 59017=
40373 42960 03308 10106 21090 39854 40288 333 59006=
40375 42960 00000 10122 21080 39341 40234 333 59026=
40394 42960 02114 10142 21130 39112 48570 333 59025 555 04410 50271=
40400 42960 02108 10254 21010 30171 40199 333 59008=
40405 42960 00505 10121 21170 39515 40279 333 59017=
40417 41957 03216 10170 21040 30237 40253 70700 333 58000=
40420 41957 03312 10146 21070 30052 40266 70700 333 58005=
40430 42960 00910 10178 21080 39494 40249 333 59010=
40437 42960 03209 10131 21180 39554 40280 333 59003=
40439 42960 00000 10284 20070 30157 40175 333 59005=
40582 32960 03511 10155 21064 40267 58022 333 55307 00900 10000 22218 30703 40937 51425 62921 55407 41515 90400 91013 91113 91211 91307=
40703 42962 32803 10043 21136 38954 40256 57028 80006 333 70000 83268 555 11010 29026 66666 00012 10004 20012 30042 50092 90132=
40706 42580 33502 10006 21150 38699 40306 57023 81402 333 70000 81630 83067 555 11036 29030 66666 01016 11015 20021 30050 50080 90114=
40712 42970 31401 10008 21126 38722 40296 57025 80002 333 70000 83068 555 11028 29036 66666 01012 11007 20016 30026 50061 90088=
40713 42967 61902 10048 21105 38704 40270 58016 80009 333 70000 86269 555 11003 29032 66666 01014 10019 20051 30074 50104 90139=
40718 42560 72902 10101 20072 30217 40188 57033 83570 222// 0//// 20301 333 70000 83625 87457 555 10087 29082 66666 00052 10068 20070 30094 50126 90154=
40723 42570 19901 10012 21114 39018 40311 58033 81101 333 70000 555 11025 29038 66666 01006 11004 20026 30040 50064 90100=
40726 42960 50000 10026 21113 38704 40287 57022 80001 333 70000 85070 555 11017 29035 66666 00000 10004 20030 30050 50080 90122=
40727 42965 30000 10050 21046 38531 40297 57020 80001 333 70000 83070 555 10014 29050 66666 01014 11001 20019 30039 50067 90112=
40732 42570 73601 10104 21001 30219 40195 57020 82206 333 70000 82830 86268 555 10062 29048 66666 00070 10072 20078 30088 50116 90138=
40736 42960 73301 10105 20031 30230 40204 57016 80006 333 70000 87268 555 10073 29060 66666 00054 10056 20073 30090 50116 90154=
40737 42560 53102 10110 20020 30171 40189 58030 82430 333 70000 82630 83358 555 10072 29054 66666 00086 10092 20108 30114 50134 90160 77777 00042 10068 20065 30069 50069 70/// 99072=
40738 41957 30000 10103 20022 30208 40210 58038 70500 80002 333 70000 83070 555 10068 29056 66666 00052 10050 20064 30090 50122 90156=
40739 42565 22303 11016 21069 38781 40360 58022 81130 333 70000 81830 555 11032 29067 66666 01004 11004 20000 30028 50053 90114=
40741 42960 01614 10015 21039 39961 40315 57047 333 70000 555 11004 29067 66666 00024 10041 20063 30084 50113 90150=
40743 42970 11403 10007 21099 39181 40363 58023 80002 333 70000 81070 555 11025 29045 66666 00019 10014 20051 30097 50141 90168=
40745 41956 01102 11040 21081 39124 40364 57030 70500 333 79999 555 11050 29073 66666 00022 10300 20052 30072 50088 90130=
40747 42970 69901 10027 21102 38713 40321 57025 80006 333 70000 86270 555 11014 29038 66666 01004 10011 20038 30066 50090 90135=
40754 41956 71502 10018 21075 38928 40336 58022 70511 81076 333 70000 81360 86269 555 11013 29050=
40762 42965 02402 11014 21141 38629 40356 57018 333 70000 555 11045 29037 66666 01016 11012 21002 30042 50090 90130=
40766 42960 20000 10055 21118 38774 40313 58017 80001 333 82070 555 11001 29027 66666 00060 10072 20080 30090 40106 90143=
40768 42960 53301 11010 21104 38326 40347 57019 80006 333 70000 85268 555 11038 29049 66666 01003 11014 20012 30042 50058 90096=
40769 41956 30000 11011 21061 38366 40335 57019 70521 80001 333 70000 83070 555 11027 29069 66666 01002 10009 20042 30058 50095 90151=
40780 42960 11402 10134 21136 38755 40279 57014 80001 333 70000 81070 555 10045 29014 66666 00030 10030 20060 30070 50100 90140=
40782 42968 10000 10080 21090 38945 40291 58021 80001 333 70000 81070 555 10023 29029 66666 00042 10036 20066 30078 50120 90154=
40785 42960 53102 10046 21055 39199 40342 57036 80002 333 70000 85070 555 10011 29048 66666 00082 10062 20062 30086 50134 90182 77777 00/// 10000 20/// 30/// 50/// 70/// 99///=
40791 42970 02201 10059 21146 39487 40352 57023 333 70000 555 11001 29021 66666 00090 10086 20094 30120 50152 90200=
40792 42968 12504 10008 21101 38814 40344 57021 80001 333 70000 81070 555 11025 29044 66666 00056 10046 20048 30080 50132 90166=
40798 42960 11701 10021 21072 38034 40336 58015 80001 333 70000 81070 555 11013 29050 66666 01007 11012 20015 30048 50085 90119=
40800 42960 11202 10053 21066 38553 40340 58027 80001 333 70000 81070 555 10011 29042 66666 00088 10060 20068 30092 50122 90162=
40809 42960 02202 10033 21111 38574 40313 57019 333 70000 555 11013 29034=
40811 42960 03103 10171 20011 30221 40248 58015 333 70000 555 10101 29034 66666 00134 10128 20150 30168 50204 90242=
40812 41958 03502 10198 21034 39856 40238 57013 70500 333 70000 555 10101 29021 66666 00164 10162 20160 30170 50192 90222=
40818 42965 01002 10042 21118 38055 40329 57025 333 70000 555 11011 29030 66666 00040 10027 20048 30075 50110 90098=
40821 42960 01303 10066 21053 38889 40336 57030 333 70000 555 10023 29042 66666 00097 10073 20088 30112 50146 90180=
40829 42960 13510 10076 21107 39724 40323 58032 80002 333 70000 81069 555 10020 29026 66666 00054 10066 20108 30112 50162 90210=
40831 42960 03106 10161 21035 30259 40267 57015 333 70000 555 10084 29026 66666 00180 10142 20174 30190 50224 90262=
40833 41915 02703 10176 20023 30227 40260 57014 70600 333 70000 555 10107 29036 66666 00178 10160 20162 30184 50222 90248=
40835 42960 01504 10187 21056 39405 40251 57018 333 70000 555 10089 29019 66666 00148 10132 20126 30144 50175 90202=
40841 42960 00000 10043 21061 38320 40308 57026 333 70000 555 10006 29047 66666 00080 10074 20096 30126 50154 90192=
40845 41930 03305 10172 20096 30243 40248 58019 70600 333 70000 555 10132 29061 66666 00160 10164 20166 30176 50210 90234=
40848 42960 01402 10104 21041 38599 40276 58021 333 70000 555 10046 29036 66666 00094 10084 20086 30106 50126 90158=
40851 42960 03103 10063 21102 38343 40307 57015 333 70000 555 10008 29030 66666 00110 10080 20092 30122 50142 90196=
40854 42960 00705 10070 21117 39058 40301 57024 333 70000 555 10012 29025 66666 00188 10142 20148 30170 50200 90244=
40856 42960 03405 10092 21157 38710 40276 57029 333 70000 555 10018 29016 66666 00136 10112 20106 30130 50154 90184=
40859 42965 03603 10134 21069 38772 40245 57023 333 70000 555 10056 29024 66666 00176 10130 20124 30148 50162 90191=
40875 41906 00911 10221 21021 30215 40227 58024 70700 333 70000 555 10117 29020 66666 00238 10228 20238 30236 50262 90288=
40879 41930 01902 10154 21061 39570 40260 57034 70500 333 70000 555 10072 29022 66666 00214 10202 20208 30222 50234 90272=
40882 41920 00904 10236 20104 30184 40219 58021 70500 333 70000 555 10163 29043 66666 00246 10228 20228 30244 50250 90282=
40883 41920 01009 10223 20095 30197 40220 58020 70600 333 70000 555 10154 29044 66666 00264 10235 20225 30259 50259 90284=
40893 41950 03203 10245 21021 30199 40205 57027 70500 333 70000 555 10128 29017 66666 00210 10220 20240 30245 50271 90252=
40898 41940 00405 10254 20001 30174 40183 57036 70600 222// 00250 20801 333 70000 555 10137 29019 66666 00312 10282 20258 30270 50284 90302=
41024 41958 00804 10325 20050 30141 40166 70600 333 58014=
41036 41958 01307 10208 21010 38610 48559 70600 333 58000 555 04410 50193=
41055 41940 01006 10166 21040 38417 48566 70630 333 58006 555 04410 50222=
41061 41956 01314 10164 21160 39531 40254 70700 333 58010=
41084 41958 01206 10182 21050 38917 48564 70600 333 58005 555 04410 50204=
41112 42960 01505 10191 21030 37988 48562 333 58013 555 04410 50164=
41114 42960 00000 10195 21020 38024 48562 333 58011 555 04410 50164=
41128 41940 01306 10160 21050 38893 48589 70600 333 58007 555 04410 50253=
41136 41956 00608 10183 21060 39421 40251 70600 333 58025=
41140 42960 01610 10311 20160 30163 40172 333 58019=
41150 42962 03017 10163 20065 40246 333 58007=
41170 41958 03107 10193 20069 30230 40244 70600 333 58013=
41176 44/40 /3505 10194 20060 30239 40245 333 58013=
41184 42660 23005 10248 20099 40217 82500 333 58020 82640=
41194 41657 32509 10247 20131 30205 40211 70600 83500 333 58012 83636=
41196 42660 20704 10250 20098 30176 40217 82100 333 58014 82840=
41216 41657 13212 10232 20114 30219 40223 70600 81500 333 58016 81635=
41217 41658 13112 10231 20104 30188 40218 70600 81500 333 58015 81645=
41244 36/// /3210 10233 20090 39773 40188 333 0E022 55300 25022 58007=
41246 32560 40106 10245 20150 30204 41179 84800 333 58021 84625=
41254 36/// /2605 10142 20024 38076 49856 333 0E002 55300 25022 58003=
41255 36/// /1606 10252 20096 39658 40163 333 0E016 58002=
41256 32560 50309 10240 20131 30191 40208 85330 333 58017 55407 55408 55507 55508 82620 83360=
41258 36/// /0107 10240 20150 30199 40202 333 0E/// 55309 21605 58020=
41263 36/// /2603 10259 20048 39600 40156 333 0E017 55300 22726 58004=
41265 36/// /0008 10245 20097 39595 40157 333 0E018 55300 22535 58005=
41267 36/// /3321 10251 20177 30178 40191 333 0E021 58006=
41268 36/// /0023 10258 20160 30128 40175 333 0E020 55300 25022 58001=
41275 36/// /0107 10275 20105 30031 40198 333 0E015 55300 22674 58001=
41288 32560 20408 10270 20172 30168 40190 82501 333 58003 82620=
41315 36/70 /3525 1//// 2//// 39358 48273 333 0E017 55300 20689 58004=
41316 32970 00123 10277 20102 30162 40192 333 58016 55407 55408 55507 55508=
41396 41957 00511 10231 20046 39485 40207 70600 333 58025=
41480 42560 10815 10290 20192 30185 40188 81800 333 58014 81818=
41506 12660 60000 10110 21069 38541 48400 60001 85520 333 56880 59012==
41508 12460 82301 10139 21071 38675 48450 60001 84520 333 56880 59009==
41515 12460 60000 10094 21098 38589 48500 60001 84520 333 56880 59010==
41516 12940 31801 10100 21087 38582 48390 60001 83030 333 56080 59044==
41517 11440 60000 10050 21076 37826 48520 60001 70422 85530 333 56880 59063==
41518 12440 73601 10089 21040 30001 48010 60001 84230 333 56880 58000==
41519 12960 20000 10105 21053 38813 48500 60001 82030 333 56080 59054==
41523 12960 02701 10165 21038 39109 48330 60001 333 59011==
41535 12960 01301 10170 21102 38734 48080 60001 333 59015==
41536 12960 00000 10175 21018 39057 48340 60001 333 59025==
41560 12960 00000 10135 21109 38314 48390 60001 333 59001==
41571 11940 02302 10190 21026 39596 40177 60001 70500 333 59007==
41598 11940 03101 10190 20059 39911 40183 60001 70500 333 59010==
41600 12960 03101 10190 20059 30000 40177 60001 333 59013==
41620 11440 42302 10160 21028 38590 48940 60001 70500 84500 333 56800 59009==
41624 11940 00000 10215 20070 30000 40177 60001 70500 333 59009==
41630 11940 02301 10210 20048 30000 40181 60001 70500 333 59015==
41640 11940 03101 10195 20038 39927 40178 60001 70500 333 59023==
41660 11440 52307 10090 21029 38480 48770 60001 70522 84530 333 56880 58030==
41678 11940 03601 10230 20035 30000 40196 60001 70500 333 59010==
41696 12960 00000 10090 21029 38043 48640 60001 333 58003==
41697 12960 00000 10260 20073 30000 40170 60001 333 59012==
41700 11940 00502 10225 20058 30000 40167 60001 70500 333 59018==
41710 11940 03102 10135 21148 30000 40234 60001 70600 333 58073==
41712 11910 70504 10105 21034 39287 48780 60001 70600 87010 333 56080 58052==
41715 11940 00501 10200 20061 30000 40188 60001 70500 333 58001==
41718 11920 00000 10230 20066 30000 40165 60001 70500 333 59023==
41725 12940 00502 10215 20056 30000 40169 60001 333 59021==
41739 11910 03606 10100 21063 39091 48340 60001 70700 333 58024==
41744 12940 00000 10245 20013 38797 48300 60001 333 58002==
41749 11940 03104 10235 20059 30000 40182 60001 70400 333 59006==
41756 11910 00508 10240 20038 30000 40196 60001 70700 333 58006==
41757 11940 03605 10255 21085 30201 40213 60001 70600 333 58018==
41759 11910 03607 10245 21008 30000 40185 60001 70733 333 58006==
41764 11940 03606 10225 20026 30111 40162 60001 70400 333 59013==
41768 12940 00501 10280 20063 30000 40156 60001 333 59023==
41780 11940 02701 10270 21064 30135 40162 60001 70500 333 59034==
41785 12940 03601 10235 20044 30158 40171 60001 333 59007==
41859 02950 00902 10280 20130 30096 40133 333 59013 70000==
41883 01950 00000 10277 20130 30110 40130 70500 333 59013 70000==
41891 02956 01804 10285 20150 30088 40126 333 59008 70000==
41907 01940 00000 10265 20120 30113 40128 70500 333 59015 70000==
41923 01950 00000 10272 20090 30117 40126 70500 333 59015 70000==
41936 01920 03603 10264 20130 30116 40123 70500 333 59015 70000==
41943 01950 00000 10300 20090 30117 40124 70500 333 59010 70000==
41950 01945 00000 10280 20120 30123 40125 70500 333 59011 70000==
41978 01956 02404 10272 20180 30115 40121 70500 333 59007 70000==
41992 01930 00305 10295 20160 30120 40122 70500 333 59004 70000==
42027 31994 02701 10085 21002 38453 48539 70500 333 59043=
42071 31995 33403 10186 20044 40179 70400 83030 333 83359=
42101 32996 00501 10216 20098 40175 333 59023=
42111 32996 02702 10242 20108 39449 40135 333 59024=
42123 32996 00000 10236 20048 40165 333 59024=
42131 32996 03601 10214 20081 40165 333 59026=
42165 32996 00000 10234 20045 40155 333 59018=
42182 31994 00000 10236 20097 40157 70400 333 59028=
42189 31995 03401 10224 20104 40157 70500 333 59023=
42260 31995 02903 10229 20107 40162 70500 333 59023=
42309 32996 00501 10256 20111 40137 333 59009=
42314 32996 03403 10268 20128 40131 333 59011=
42328 32996 00503 10230 21005 40140 333 59015=
42339 31995 03601 10260 20041 40146 70500 333 59018=
42348 31995 00704 10238 20109 40159 70500 333 59025=
42361 31995 03202 10230 20067 40159 70500 333 59023=
42369 31996 00903 10256 20067 40152 70500 333 59023=
42379 31995 00000 10252 20128 40143 70500 333 59025=
42410 31996 00000 10258 20140 40139 70500 333 59007=
42415 32996 01102 10254 20131 40144 333 59013=
42452 31996 01803 10236 20048 40149 70500 333 59023=
42492 31995 02903 10244 20122 40147 70400 333 59020=
42559 32996 03602 10244 20030 40140 333 59022=
42571 31996 00000 10238 20058 40142 70500 333 59022=
42591 31995 00000 10242 20105 40152 70500 333 59019=
42623 32996 01401 10222 20120 39270 40130 333 58006=
42634 32996 03202 10262 20024 40150 333 59011=
42647 31996 00705 10288 20048 40133 70400 333 59026=
42667 32996 00203 10264 20053 39555 40135 333 59021=
42675 31996 03603 10238 20039 40139 70500 333 59002=
42701 32996 03403 10234 20057 39398 40119 333 59019=
42724 31996 02501 10288 20151 40122 70500 333 59014=
42737 32996 03603 10302 20127 40133 333 59012=
42754 32996 01605 10280 20078 39494 40118 333 59021=
42779 32996 00000 10254 20062 39435 40123 333 59013=
42798 31995 03202 10258 20073 40131 70500 333 59018=
42809 31996 03202 10256 20129 40131 70500 333 59016=
42840 32996 03602 10316 20099 40125 333 59011=
42867 31996 00203 10270 20077 40132 70500 333 59017=
42874 32996 00000 10274 20083 40130 333 59017=
42886 31996 00703 10256 20067 40145 70500 333 59003=
42895 32996 03602 10260 20103 40131 333 59018=
42909 32996 02505 10288 20142 40126 222// 20000 333 59012=
42971 31996 03602 10272 20091 40138 70500 333 59013=
43003 31995 00503 10332 20129 40109 70400 333 59010=
43014 31996 00704 10300 20153 39473 40104 70544 333 59017=
43041 31996 20202 10277 20091 39501 40106 70500 80001 333 59015 82075=
43063 32997 00904 10288 20012 39495 40107 333 59010=
43086 32997 00000 10280 20064 39943 40120 333 59018=
43110 31996 03205 10314 20111 40111 70544 333 59005=
43117 32997 00502 10310 20142 40102 333 59016=
43128 32997 39902 10284 20045 39511 40107 80001 333 59020 83070=
43150 31996 20706 10286 20172 30065 40126 70500 80001 333 59017 82075=
43185 31596 11401 10286 20197 30110 40113 70500 81500 333 59015 81620=
43189 32597 20000 10276 20138 30116 40125 82500 333 59019=
43192 32996 00000 10326 20157 40107 333 59002=
43198 31996 20908 10278 20114 39283 40091 70500 80001 333 59008 82075=
43201 32997 40502 10264 20125 39375 40091 84001 333 59013 84075=
43213 32597 50503 10314 20072 39786 40096 81532 333 59013=
43233 32497 21106 10272 20123 39297 40101 81501 333 59016=
43237 31596 29901 10290 20149 39687 40073 70511 82500 333 59021 82620=
43245 32597 60204 10292 20269 30088 40114 83832 333 59018=
43279 31596 50204 10284 20192 30094 40111 70522 84801 333 56100 59012 83620=
43284 31996 23208 10324 20174 39968 40080 70511 80001 333 59012 82075=
43295 32497 30502 10270 20102 39093 48511 82501 333 59012 82612=
43314 32997 12304 10336 20222 40082 80001 333 59016=
43321 31496 40706 10286 20152 39650 40089 70520 81501 333 59014 81612 83070=
43329 32597 50502 10288 20266 30086 40099 82531 333 59013=
43333 21496 80505 10272 20240 40088 70562 8542/ 333 56199 58008 6001/ 83618 85820 88458=
43344 31495 60508 10280 20211 30001 40100 70522 83531 333 59012 83616 85360=
43353 31496 42304 10304 20212 40079 70521 81530 333 56590 59014 81620 83360=
43369 32597 20902 10324 20260 40087 82500 333 59006 82620=
43371 32496 60000 10324 20225 30011 40082 82531 333 59009 82618 86358=
43404 21468 83603 10262 20245 30083 40086 55030 76022 88000 333 553// 20051 59012 60008 91007 555 69908==
43410 21470 80308 10263 20246 30084 40087 57025 78082 88000 333 59014 60018==
43413 22470 80006 10265 20258 30089 40094 5/027 88270 333 553// 20071 59011 60008 91010==
43415 21470 83401 10260 20246 39994 40102 56019 78082 84000 333 59006 69968 555 60058==
43418 21460 83207 10245 20242 30048 40089 57018 78088 88170 333 59013 60318 555 60368==
43421 21470 80001 10260 39983 40088 57026 76066 88000 333 553// 20060 59009 60008 91003==
43422 21470 83602 10259 20245 39954 40088 57025 70262 88110 333 59009 60008 555 60008==
43424 21460 83603 10275 20235 30087 40089 57024 70552 88170 333 59003 69908 555 69928==
43436 21470 83607 10270 20250 30084 40087 54017 70288 88/// 333 59004 60048 81920 555 60048==
43441 21470 83602 10260 20243 39948 40080 56027 70368 88120 333 59002 60028 555 60058==
43444 21470 83601 10239 20223 39552 40085 57016 72586 88000 333 59004 69998 555 60028==
43450 21459 83603 10267 20249 30081 40093 57023 70382 88770 333 58001 69908 555 69908==
43466 21765 80303 10277 20220 30076 40084 5/028 78082 88000 333 553// 20123 58000 60008 91006 555 69908==
43467 21456 80505 10285 20236 30078 40084 57027 78082 88100 333 58001 69908 555 69908==
43473 21120 83401 10170 20170 38106 48469 57022 76286 87000 333 553// 20037 59008 60008 91002 555 60088==
43475 21566 83003 10258 20239 30074 40079 57028 78088 88000 333 553// 20030 59007 69958 91006 555 60088==
43476 21450 80500 10202 20199 38752 48497 5/026 76086 88000 333 59014 60048 555 60048==
43479 21/63 80901 10220 20217 39237 57026 78088 333 59013 60058 88/08 555 60078==
43486 21460 80102 10256 20256 39981 40081 56025 78085 88070 333 553// 20108 58004 60008 91004==
43495 22468 71302 10308 20254 30057 40070 5/300 81000 333 59100 60008 555 60008==
43497 21468 60303 10265 20000 30060 40077 5/024 72055 86000 333 553// 20094 59001 60008 91004==
44212 42/84 82801 11190 21239 39259 40506 52010 88010==
44213 42/84 70000 11215 21249 38896 40513 52017 84018==
44214 42670 80902 11087 21173 38318 40377 52010 88500==
44215 42/70 71301 11200 21244 38467 40491 52007 87050==
44217 32698 72704 11079 21210 37876 40381 52008 85544 333 91204=
44218 42/84 73301 11194 21233 38679 40485 52013 87070==
44219 32999 32001 11208 21250 38679 40475 57003 80008 333 91202=
44265 42/84 61504 11139 21193 38949 40463 52019 83036==
44266 32999 70000 11125 21181 37787 40409 53001 80009 333 91202=
44404 42958 00904 10173 20031 38164 48497 80000 333 59008=
44416 42960 02704 10217 20118 39382 40164 80000 333 59015=
44424 42960 02504 10218 21057 37674 47099 80000 333 59001=
44434 42960 01405 10210 20108 39244 48520 80000 333 59023=
44438 42956 02405 10252 20134 30024 40153 80000 333 59019=
44449 42960 03002 10266 20215 39988 40146 80000 333 59015=
44454 41457 22906 10202 20120 38675 48509 70040 82100 333 59017=
44462 42965 03602 10206 20089 38263 48477 80000 333 59029=
44474 42956 02004 10194 20058 38262 48499 80000 333 59022=
44477 42958 02102 10198 20107 38831 48537 80000 333 59011=
44478 42960 00809 10274 20189 30047 40129 80000 333 59016=
48010 42957 01801 10270 20172 39988 40140 333 59003==
48020 42960 00401 10248 20150==
48025 42456 20401 10264 20160 30002 40141 59010 82800==
48048 42960 03601 10306 20225 30073 40129 333 59007==
48052 32957 01802 10326 20212 333=
48062 42558 33203 10317 20281 30105 40111 82230 333 59009==
48064 42958 13201 10284 20184 30039 40095 80001 333 59007==
48094 42559 20902 10220 30103 40113 82100 333 58000==
48109 42460 40404 10305 20254 30108 40111 84900 333 58002==
51076 14/15 /1302 11120 21141 39512 40470 52019 69971 77000 333 11058 21143 3/104 4/008 58126 70007 90761 91104==
51087 14/60 /0903 11141 21182 39367 40488 52018 60001 333 11063 21169 3/107 4/006 58133 70000 90761 91107==
51156 14/80 /2611 11095 21175 38815 40418 52018 60001 333 11001 21126 3/108 4/001 58116 90761 91122==
51243 14/50 /2101 11129 21167 39890 40495 52020 60001 70500 333 11127 21177 3/112 4/001 58142 70000 90761 91109==
51334 14/39 /0903 11041 21064 30052 40487 52011 60021 77000 333 11034 21183 3/110 4/007 58156 70015 90761 91113==
51379 14/56 /2604 11067 21106 39476 40508 52031 60001 70500 333 11064 21196 3/106 4/014 58172 70000 90761 91107==
51463 14/09 /0106 11083 21096 39211 40503 52017 60041 77200 333 11044 21176 3/101 4/025 58170 70036 90761 91114==
51573 14/57 /3401 11028 21125 30306 40359 52009 60001 70500 333 11028 21114 3/117 59018 70000 90761 91104==
51644 14/56 /0802 11067 21107 39026 40379 52007 60001 70500 333 11056 21163 3/105 4/006 59003 70000 90761 91104==
51656 14/56 /1602 11059 21110 39240 40366 52005 60001 72200 333 11043 21102 3/106 4/003 59006 90761 91106==
51709 14/57 /1203 11029 21102 38649 40310 57006 60001 333 11028 21115 3/112 59034 70000 90761 91106==
51711 14/57 /0804 11073 21124 38017 40248 52013 60001 333 10052 21123 3/114 59015 70000 90761 91109==
51716 14/60 /1902 11005 21116 38956 40304 57007 60001 333 11003 21078 3/111 59028 70000 90761 91105==
51765 14/68 /0901 11066 21125 39313 40392 52013 60001 333 11053 21169 3/119 58005 70000 90761 91104==
51811 14/62 /0902 10020 21115 38814 40277 57017 60001 333 10020 21099 3/115 59043 70000 90761 91106==
51818 14/62 /0902 10014 21114 38663 40284 57017 60001 333 10014 21123 3/118 59034 70000 90761 91104==
51886 14/76 /3601 11061 21266 37117 40347 57012 60001 333 11045 21187 3/125 59040 70000 90761 91103==
52203 14/63 /1202 11051 21137 39415 40367 52004 60001 333 11051 21165 3/121 59015 70000 90761 91105==
52602 14/80 /2802 11029 21275 37278 40349 57010 60001 333 11024 21198 3/125 59050 70000 90761 91103==
52818 14/79 /3301 11013 21214 37238 40279 57012 60001 333 11005 21141 3/120 59053 70000 90761 91105==
52908 14/46 /2714 10010 21297 35760 40180 57011 60001 70500 333 10015 21183 3/121 59045 70000 90761 91124==
55228 14/80 /2509 10046 21319 36048 40176 57022 60001 333 10057 21116 3/118 59031 70000 90761 91118==
55299 14/80 /2808 10072 21300 35882 40195 57017 60001 333 10073 21176 3/123 59029 70000 90761 91118==
55578 14/80 /2701 10101 21259 36413 40213 57039 60001 333 10101 21138 3/115 59027 70000 90761 91103==
55591 14/80 /1001 10107 21238 36549 40135 57041 60001 333 10110 21057 3/114 59031 70000 90761 91105==
55664 14/80 /2705 10115 21269 36044 40168 57035 60001 333 10116 21139 3/116 59026 70000 90761 91110==
55773 14/80 /1008 10086 21192 36051 40179 57021 60001 333 10114 21133 3/119 59006 70000 90761 91110==
56004 14/50 /2813 10043 21321 35825 40179 57014 60001 70500 333 10050 21201 3/126 59045 70000 90761 91126==
56018 14/71 /0802 10039 21239 36172 40197 57032 60001 333 10039 21184 3/121 59054 70000 90761 91104==
56312 14/80 /2403 10115 21120 37099 40165 57041 60001 333 10125 21051 3/107 59016 70000 90761 91105==
62309 42960 02203 10177 20085 40252 52010==
62332 42560 23409 10193 20116 40249 52010 82100==
62337 42960 02303 10180 20087 40243 52005==
62366 45960 00105 10170 20084 40242 52003==
62387 41950 33505 10164 20052 40239 52002 70500 80004==
62393 42960 00000 10163 20021 40252 52004==
62405 42960 00303 10208 20045 40216 52001==
62414 42960 03608 10206 20087 40204 57003==
62419 42960 00411 10214 20117 40186 57003==
62420 42960 23603 10167 20081 40243 52003 80002==
62435 42960 03609 10197 20030 40216 52001==
62440 42960 00000 10186 20086 40246 52002==
62455 42960 03504 10170 20079 40236 52006==
62458 42960 02903 10190 20036 40231 52003==
62459 42960 33010 10206 20071 40219 57004 80002==
62465 42960 03214 10230 20111 40196 52006==
63210 32980 00926 10279 20190 40168 333 58013=
63227 32980 00425 10287 20100 40186 333 58009=
