SIPK OPKC 171500=
41785 22996 03104 10180 20071 30149 40162 333 59010 60007 RH49%= 
41756 21996 03604 10190 20005 40171 70500 333 59021 60007 RH28%=
41516 22996 00000 11010 21076 38580 48534 333 58016 60007 RH62%=
41757 22996 00000 10175 21036 30165 40178 333 59016 60007 RH23%=
41766 21995 03602 10170 20094 40172 70400 333 58002 60007 RH61%=
41724 21995 00000 10150 20092 40190 70500 333 58011 60007 RH68%=
41697 22996 00000 10170 20070 40168 333 58010 60007 RH52%=
41726 11995 03604 10150 20092 30105 40178 70500 333 59005 60007 RH68%=
41759 21995 01304 10195 21014 40175 70633 333 59020 60007 RH24%=
41768 22996 00000 10160 20057 40148 333 58000 60007 RH50%=
41715 21995 00000 10170 20077 40164 70500 333 59018 60007 RH52%=
41710 22996 00000 10080 21106 40202 333 59042 60007 RH26%=
41517 21696 10000 11020 21060 37821 48564 70422 81500 333 56900 58010 60007 81635 71%= 
41745 21996 03604 10170 20057 70400 333 60007 RH47%= 
41696 22996 00000 10020 21065 38038 48570 333 59003 60007 RH53%=
41518 22996 01802 10033 21058 38/// 48/// 333 5//// 60007 52%= 
41780 21996 00208 10205 20006 30122 40150 70500 333 59004 60007 RH26%=
41764 21996 03608 10200 20046 30106 40157 70400 333 58006 60007 RH36%=
41748 21995 00502 10175 20089 40182 70500 333 58011 60007 RH57%=
41749 21995 00000 10170 20115 40170 70400 333 58002 60007 RH70%= 
41746 22996 00000 10170 20082 40162 333 59003 60007 RH56%=
41765 22996 03606 10190 20085 30130 40166 333 58002 60007 RH50%=
41620 31996 02302 10110 21044 38593 48495 70500 333 58012 60007 34%=
41725 21996 00502 10170 20094 40172 70500 333 58011 60007 RH61%=
41742 22996 00000 10185 20065 40152 333 59004 60007 RH46%=
41747 21996 00000 10130 20068 40157 70400 333 59003 60007 RH66%=
41685 22997 01302 10095 21032 38945 48521 333 58006 60007 RH41%= 
41786 22996 03604 10165 20076 30101 40138 333 59005 60007 RH56%=
41738 22996 00512 10170 21197 30007 40192 333 59031 60007 RH07%=
41519 22996 00000 10075 21046 38773 48508 333 59019 60007 RH42%=
41783 22996 00502 10180 20053 30118 40148 333 59003 60007 RH53%=
41661 21995 00000 10030 21051 38396 48527 70540 333 59030 60007 55%=
41712 22996 00502 10055 21059 39231 48518 333 59047 60007 RH44%=
41739 21996 03606 10070 21054 39101 48536 70500 333 58005 60007 RH41%=
41520 22995 00000 11010 21089 37654 48312 333 58020 60007 55%= 
41743 21996 00000 10170 20094 70400 333 60007 RH61%=  
41744 22996 03106 10120 21026 38812 48534 333 59004 60007 RH36%=
41571 219// 03604 10110 20007 39602 40200 70500 333 58018 60007 RH49%=
41530 21995 11804 10110 20030 39769 40194 70500 80001 333 56009 58025 60007 81075 58%=
41660 229// 01304 10040 21118 38446 48537 333 59038 60007 RH33%=

41625 21996 00000 10110 20043 39961 40168 70400 333 58009 60007 63% =
41633 21996 00000 10120 20068 4//// 70400 333 5//// 60007 70%=
41573 22997 03602 10055 21049 37986 48519 333 58001 60007 47% =
41520 22995 00000 11010 21089 37654 48312 333 58020 60007 55%=
41739 21996 03606 10070 21054 39101 48536 70500 333 58005 60007 RH41%=
41743 21996 00000 10170 20094 70400 333 60007 RH61%=
41639 21996 00000 10145 20049 4//// 70400 333 5//// 60007 53%=
41676 21995 00000 10135 20085 30031 40192 70400 333 58004 60007 72%=
41507 22996 00000 10100 20059 39264 49791 333 59002 60007 76%=
41508 22996 02302 10044 21055 38679 48544 333 59007 60007 RH 48%=
41509 22996 00000 10080 21021 38780 48517 333 59002 60007 RH49%=
41510 22996 00000 10010 21044 37937 48559 333 58009 60007 67%=
41515 22995 20000 10060 21051 38577 48538 82020 333 56090 59002 60007 82460 45%=
41523 22996 00000 10060 21016 39116 48517 333 58023 60007 58%=
41529 21995 00000 10080 20058 39805 40201 70400 333 58013 60007 RH 86%=
41535 22996 00000 10055 21040 38736 48500 333 58015 60007 RH50%=
41536 22996 00000 10080 21038 39062 48520 333 58016 60007 43%=
41560 22996 00000 10075 21005 38305 48533 333 58001 60007 RH57%=
41562 22996 00000 10110 20015 39705 40180 333 58012 60007 RH52%=
41642 21996 00000 10130 20080 4//// 70400 333 5//// 60007 71%=
41572 21996 02306 10090 21022 39544 40192 70500 333 58021 60007 RH 45%=
41528 21996 00000 10090 20035 39247 48522 70422 333 59003 60007 69%=
41567 21996 00000 10110 20043 39737 40165 70400 333 58015 60007 63%=
41574 22997 00000 10065 20009 38368 48548 333 58003 60007 67%=
41576 21996 00000 10105 20037 40201 70400 333 58008 60007 63%=
41593 21996 00000 10120 20079 39955 40177 70400 333 58011 60007 76%=
41597 21996 00000 10135 20085 40186 70400 333 58010 60007 72%=
41598 21996 00000 10100 20057 39889 40168 70400 333 58006 60007 74%=
41600 21996 00000 10110 20010 40170 70400 333 58002 60007 94%=
41624 21996 00502 10150 20081 40171 70400 333 58005 60007 63%=
41634 22996 00000 10100 20035 3//// 4//// 333 5//// 60007 64%=
41635 21996 00000 10120 20079 3//// 4//// 70400 333 5//// 60007 76% =
41636 21996 00000 10130 20080 39991 40180 70400 333 58001 60007 71%=
41638 21996 00000 10140 20080 4//// 70400 333 5//// 60007 67%=
41640 21996 00000 10125 20085 39922 40177 70400 333 58009 60007 77%=
41643 21995 00000 10130 20091 39882 40165 70400 333 59005 60007 77%=
41644 21996 00000 10140 20102 4//// 70400 333 5//// 60007 78%=
41646 21995 00000 10140 20102 40188 70400 333 58001 60007 78%=
41652 21996 00000 10110 20043 30002 40187 70400 333 58009 60007 63%=
41669 21996 00000 10135 20085 3//// 4//// 70400 333 5//// 60007 72%=
41670 21996 00000 10130 20080 4//// 70400 333 5//// 60007 71%=
41674 21995 00000 10135 20074 3//// 4//// 70400 333 5//// 60007 67% =
41677 21996 00000 10110 20079 39993 40165 70400 333 58002 60007 81%=
41678 21996 00000 10140 20056 40179 70400 333 58001 60007 57%=
41679 21994 00000 10105 20085 4//// 71000 333 5//// 60007 87%=
41680 21995 00000 10135 20085 40171 70400 333 59005 60007 72%=
41700 21995 10140 20091 40165 70400 333 58011 60007 72%=
41701 21994 00000 10140 20102 40180 70400 333 59012 60007 78%=
41716 21995 00000 10135 20074 40184 70400 333 58004 60007 67%=
41718 21995 00000 10130 20068 40172 70400 333 58011 60007 66%=
41SKP 21996 00000 10125 20096 4//// 70400 333 5//// 60007 82%=
43532 22996 00000 10090 20023 39355 40180 70400 333 58008 60007 63%=
43533 21997 00000 10080 20010 39229 48485 333 58004 60007 61%=
43563 22997 00000 10094 20001 40189 333 58010 60007 52%=
41577 21996 00000 10070 20037 39567 40204 70400 333 56000 58016 60007 RH 79%=
41534 21994 00000 10090 20069 39768 40196 71000 333 58024 60007 86%=
41630 21996 00000 10120 20056 40181 70400 333 58009 60007 65%=
41516 22996 00000 11010 21076 38580 48534 333 58016 60007 RH62%=
41517 21696 10000 11020 21060 37821 48564 70422 81500 333 56900 58010 60007 81635 71%=
41518 22996 01802 10033 21058 38/// 48/// 333 5//// 60007 52%=
41BKI 22995 00000 10110 20056 39753 40183 70400 333 59012 60007 RH69%=
41675 21995 00000 10140 20080 30023 40170 70400 333 58000 60007 67%=
41641 21996 03203 10135 20074 39898 40178 70400 333 58010 60007 67%=
41506 22995 00000 10035 21028 38541 48539 333 59002 60007 63%=
41524 22996 00000 10095 20001 39387 40273 333 58014 60007 52%=
41599 21996 00000 10130 20068 39881 40178 70400 333 58002 60007 66%=
41525 22996 02306 10020 21032 37693 48425 333 59002 60007 68%=
41565 22996 03102 10078 21038 38668 48533 333 59002 60007 43%=

Data Generated from File : D:/all data handling/Rmc_lhr/2024121715.FSU.txt
17/12/2024   16:10:09
____________________________________________________________________________________________
15020 24570 43004 10108 20009 39985 40182 53013 84400 333 55301 20190 60007 91008 90730 91108==
15090 24570 62703 10117 20023 30089 40181 53009 82570 333 55300 10070 20078 30052 60007 91006 90730 91108==
15108 21/00 92914 11039 21039 38047 48463 50004 74543 89/// 333 55300 20034 60007 91017 90730 91119==
15150 24/70 33002 10112 20009 39975 40187 52004 83040 333 55300 20056 60007 91005 90730 91105==
15170 24570 62803 10052 20013 39431 42820 58002 85301 333 55300 20059 60007 91005 90730 91110==
15280 21/00 9//// 11047 21052 37506 47052 53015 73933 89/// 333 55300 20062 60007==
15310 24/70 62703 10112 20037 30102 40188 57002 84078 333 55300 10080 20059 30058 60007 91008 90730 91108==
15335 24565 42901 10106 20048 30181 40189 52003 84500 333 55300 20088 60007 91002 90730 91103==
15350 24570 63304 10134 20027 30085 40204 52004 86500 333 55300 20029 60007 91007 90730 91108==
15360 24/70 62907 10117 20039 30162 40179 50002 86070 333 55300 20187 60007 91009 90730 91109==
15420 24/70 72503 10138 20056 30092 40202 55000 85071 333 55300 20124 60007 91007 90730 91110==
15460 24/70 52603 10127 20069 30181 40206 53001 85050 333 55300 20120 60007 91007 90730 91109==
15470 24/70 52606 10124 20061 30095 40221 55000 83041 333 55304 20296 60007 91008 90730 91110==
15480 24/70 32802 10116 20061 30182 40199 52004 82031 333 55300 10160 20080 30107 60007 91004 90730 91107==
15549 42570 52705 10124 20036 39799 40210 53001 85500 333 10151 20066 555 555//=
15552 42970 32703 10152 20058 30153 40201 53004 82041 333 10173 20091 555 553// 92026 92428=
15640 42674 62905 10172 20113 39914 40218 57019 83532 333 10190 20022 555 569//=
15655 42570 52506 10145 20043 30183 40216 57011 82501 333 10162 20044 555 550// 92025 92428=
15730 42970 01801 10137 20022 39848 40240 57010 333 10161 21015 555 546//=
16627 42960 02405 10114 20054 30249 40254 57010 333 90730 91116==
16650 42960 02203 10130 20078 30249 40258 57011 333 90730 91112==
16667 42960 02403 10096 20047 30266 40278 58005 333 90730 91107==
16706 42960 00206 10132 20089 30260 40267 55000==
16723 42960 03604 10122 20043 30258 40271 57002 333 90730 91109==
16742 42960 03506 10148 20056 30105 40262 55002 333 90730 91116==
16749 42960 02002 10138 20082 30240 40255 50000 333 90730 91108==
16754 42560 23205 10140 20080 30230 40279 57007 82100 333 90730 91113==
16757 42560 23111 10134 20093 30135 40270 57001 82100 333 90730 91122==
16760 42560 20108 10114 20059 40279 57004 82100 333 90730 91115==
16765 42960 02810 10150 20062 40262 51001 333 90730 91122==
17022 42970 02202 10106 20041 30077 40245 57007 333 90730 91110==
17024 42670 12607 10152 20135 30132 40209 57008 81100 333 81835 90730 91124==
17026 42/70 22801 10099 20059 30189 40228 56004 82030 333 82359 90730 91112==
17031 42970 01002 10101 20029 30223 40229 55004 333 90730 91107==
17034 42/70 30000 10109 20016 30198 40245 57003 83030 333 83360 90730 91105==
17038 42/70 51904 10094 20030 30194 40243 58004 85030 333 85360 91014 90730 91114==
17042 41670 51206 10090 20020 30216 40256 57005 70262 83250 333 83835 85360 90730 91112==
17050 42970 01602 10127 20061 30181 40244 57011 333 90730 91105==
17056 42970 02406 10129 20084 30247 40251 57008 333 90730 91116==
17060 42960 02311 10107 20041 30218 40259 57008 333 90730 91119==
17070 42965 02202 10056 20002 39374 40267 55000 333 90730 91111==
17074 42970 02201 10046 20039 39293 40246 56002 333 90730 91113==
17084 42970 02901 10029 20021 39351 40287 53001 333 90730 91107==
17085 42970 02901 10059 20009 39766 40270 55004 333 90730 91107==
17092 42960 02302 11028 21041 38932 48546 52007 333 90730 91105==
17096 42660 32405 11069 21094 38273 48547 52008 83500 333 83640 90730 91115==
17098 42660 42406 11047 21089 38211 48527 52010 82530 333 82640 84358 90730 91121==
17100 41957 00000 10022 21049 39232 40269 52012 70500 333 90730 91102==
17112 42970 02108 10127 20095 30256 40258 57010 333 90730 91113==
17115 42960 01305 10080 20035 30216 40269 57010 333 90730 91110==
17116 42965 00000 10072 20034 30148 40274 55006 333 90730 91103==
17124 42960 00605 10033 20003 39351 40306 55002 333 90730 91108==
17128 42960 02705 10023 21026 39160 40299 54000 333 90730 91112==
17135 42970 02203 10059 20037 39379 40280 55003 333 90730 91109==
17140 42965 02302 10017 21017 38768 48547 50001 333 90730 91112==
17150 42960 00000 10064 20034 30144 40272 57014 333 90730 91104==
17160 42970 01802 10029 21027 39101 48555 51002 333 90730 91110==
17170 42560 31502 11016 21036 38370 48542 52006 81550 333 81625 83357 90730 91105==
17175 42965 01701 10092 20040 30261 40265 57009 333 90730 91103==
17184 42961 00000 10083 20033 30162 40277 57008 333 90730 91103==
17190 42970 00000 10038 21015 39070 48554 55000 333 90730 91103==
17195 42970 01301 10023 21018 39051 48559 55001 333 90730 91107==
17200 42960 02304 10009 21044 39273 40300 53003 333 90730 91114==
17202 42/70 30302 10016 21016 39215 40294 52008 83030 333 83360 90730 91109==
17203 42970 00000 10008 21049 38943 48582 52013 333 90730 91106==
17210 42570 60000 10022 20002 39210 40279 53008 84520 333 84633 86459 90730 91105==
17219 42965 03606 10093 20032 30125 40274 57007 333 90730 91113==
17234 42970 01001 10119 20049 30199 40269 57008 333 90730 91105==
17237 42970 00000 10086 20036 39767 40283 57004 333 90730 91102==
17240 42970 03201 10080 20022 39108 40279 57004 333 90730 91108==
17244 42970 01403 10047 21005 39078 48563 51001 333 90730 91111==
17248 42670 20000 10035 21009 39063 48560 50003 82100 333 82840 90730 91104==
17250 42670 32102 10027 21002 38883 48566 51004 83500 333 83640 90730 91108==
17260 42960 02403 10063 20008 39405 40245 52006 333 90730 91109==
17270 42970 03502 10078 20005 39608 40274 52008 333 90730 91106==
17275 42970 00214 10031 21027 39039 48544 53002 333 90730 91121==
17280 42960 03005 10058 21039 39456 40268 50002 333 90730 91106==
17290 42970 03401 10149 20048 30231 40263 58003 333 90730 91107==
17292 42970 03102 10097 20005 39494 40265 55001 333 90730 91106==
17300 42960 01904 10143 20038 30184 40256 58002 333 90730 91108==
17310 42970 03102 10168 20071 30233 40240 50001 333 90730 91106==
17330 42970 00000 10143 20017 30236 40254 53004 333 90730 91109==
17350 42960 02002 10130 20012 30167 40247 52010==
17370 42965 00000 10136 20025 30251 40255 52005 333 90730 91108==
17375 42970 00000 10140 20080 30243 40245 53004 333 90730 91109==
33088 41560 22905 10057 20037 39927 40118 52030 70181 82400==
33135 414// 63206 10026 20002 39899 40047 53030 78082 85330 333 85712==
33177 41560 82807 10074 20050 39921 40157 53023 72582 889//==
33317 41440 83107 10066 20052 39794 40129 53023 78082 889// 333 88917==
33393 41457 82907 10071 20048 39795 40186 52010 78082 883// 333 84915==
33415 41460 82711 10075 20043 39763 40158 52010 76162 8872/ 333 86715==
33429 41560 82711 10070 20043 39723 40142 53012 72582 8635/ 333 84621==
33466 41563 52906 10048 20023 39893 40080 53023 72582 84330 333 31///==
33506 41440 82603 10038 20028 39831 40026 53002 71062 886//==
33562 41560 83012 10084 20041 39826 40127 53011 72522 8695/==
33587 425// 82710 10084 20041 39845 40105 53011 885// 333 88624==
33658 41684 62907 10105 20002 39886 40182 52011 72122 86500 333 86647==
33663 42560 62405 10104 20025 30058 40153 53008 85530==
33664 42597 82805 10086 20032 39854 40168 53012 885// 333 91116=
33678 42598 62809 10082 20023 39960 40168 52005 82530 333 91117=
33679 42497 72605 10094 20045 39962 40150 57005 87500 333 87618 91112=
33711 41560 82606 10076 20056 39872 40079 53008 78082 883// 333 88922==
33745 42597 83007 10087 20020 39991 40179 52011 8693/ 333 91115=
33748 42597 53205 10090 20021 39890 40173 53010 83530=
33754 42997 72705 10102 20023 30002 40146 53008 87030 333 91113=
33761 42570 82906 10087 20041 39907 40127 52006 885//==
33791 42688 82708 10084 20053 39960 40086 52004 885// 333 88643==
33815 42598 73305 10109 20012 39960 40165 53016 86530 333 91118=
33837 42684 83003 10105 20031 30103 40154 53006 8655/ 333 86642==
33881 42598 22906 10103 20017 39984 40178 53008 82500=
33883 42997 02702 10091 20023 30010 40170 52002=
33885 42997 42604 10094 20042 30053 40193 53005 82041=
33892 42597 63103 10083 20021 39953 40162 52006 82350=
33902 42560 82606 10092 20042 30067 40126 57003 8655/==
33924 22/60 62406 10103 20074 30146 40159 57002 83029 333 69902 90730 91110==
33946 22581 82509 10090 20078 39946 40165 54000 885// 333 69902 88620 91012 90730 91116==
33983 22560 82608 10101 20067 30073 40133 57008 889// 333 60012 91012 90730 91117==
34300 41460 82704 10024 20009 39832 40009 57008 70286 885//==
34336 22560 72603 10019 21006 39897 40000 58014 87500 333 10038 60002==
34344 22670 72404 10022 20009 39914 40002 58010 87500 333 10039 60002==
34356 22970 02303 11003 21029 39857 40005 52005 333 10028 60002 90730 91110==
34357 22570 72305 10012 21018 39850 40004 50000 82530 333 10031 60002 90730 91111==
34398 425// 72507 10010 21004 39970 49983 52013 82930 333 10011==
34415 41460 82703 10028 20020 39914 40010 57025 72186 886//==
34438 22560 62303 10021 20003 39830 40021 57015 86400 333 10033 60002==
34445 22570 62005 10014 20000 39901 40015 58009 82570 333 10026 60002 90730 91112==
34461 22960 02502 10014 21025 39959 40014 50004 333 10038 60002 90730 91111==
34473 /25// 72608 10019 21018 39960 49998 52011 87500 333 10028 555 69942=
34476 22/70 22308 10015 21012 30001 40008 52010 82030 333 10040 69952 91011 90730 91113==
34504 41362 82706 10059 20043 39887 40059 52004 78082 889//==
34535 22570 82304 10033 20007 39958 40030 58024 8597/ 333 10052 60002==
34545 22570 82104 10022 20005 39923 40035 58013 885// 333 10048 60002 90730 91110==
34555 22570 32408 10018 21006 39951 40042 58005 83500 333 10040 60002 91011 90730 91114==
34560 42560 42507 10005 21016 39837 40028 52007 84500 333 10034 84623 90730 91115==
34578 21/40 82505 10014 20000 30036 40043 52009 71022 8808/ 333 10045 60012 90730 91114==
34579 21940 02305 10018 20004 39991 40034 52006 71000 333 10042 69942 90730 91112==
34644 21540 82304 10035 20024 39972 40048 57021 71022 8657/ 333 60002 90730 91111==
34646 22570 82506 10038 20012 39968 40049 57016 885// 333 10056 60002 90730 91111==
34655 22560 72205 10032 20008 39995 40055 58007 87500 333 10054 60002 90730 91113==
34662 22970 82405 10027 21007 30031 40043 54000 80008 333 10049 60002 90730 91111==
34691 42/70 52304 10015 21030 30194 40181 52028 85030 333 10030==
34720 21570 82504 10035 20028 30018 40058 57026 70262 885// 333 10055 69972 91011 90730 91111==
34727 21560 82612 10061 20046 30053 40083 56014 78088 883// 333 10061 60032 91016 90730 91119==
34743 21460 82404 10033 20015 39975 40064 57014 76162 8872/ 333 10054 69902 90730 91112==
34759 21440 82403 10041 20029 39947 40077 57008 71022 889// 333 10054 69932 90730 91113==
34772 22/60 22406 10021 21010 30061 40064 52004 8205/ 333 10054 69992 90730 91112==
34785 22460 22403 10018 21006 30088 40066 52009 82500 333 10049 60032==
34798 42960 02204 10018 21009 30110 40081 53013 333 10048==
34824 21540 82603 10064 20053 30108 40113 57003 71082 883// 333 10068 60052 90730 91113==
34838 21560 82506 10071 20048 30005 40100 56017 78088 889// 333 10072 60002 91012 90730 91112==
34845 21440 82804 10045 20035 39978 40085 57020 78082 883// 333 10067 60032 90730 91113==
34858 21/40 82803 10041 20028 39988 40095 58008 76162 8802/ 333 10066 60022 90730 91115==
34861 21560 82706 10031 20006 39838 40080 57005 78082 889// 333 10049 69972 91011 90730 91114==
34866 22560 72705 10051 20014 30086 40077 58009 86970 333 10069 69932 90730 91112==
34880 22560 52404 10031 21004 30107 40081 52010 85900 333 10057 60032==
34887 22570 82304 10036 20018 30118 40096 52009 885// 333 10065 60022==
34949 21/60 82415 10051 20035 39560 40101 57017 76362 8802/ 333 10053 60052 91023 90730 91123==
34954 21460 82503 10056 20032 39931 40103 58015 78082 889// 333 10077 60032 90730 91114==
34958 21570 82702 10054 20039 39909 40107 57002 72582 885// 333 10077 60022 90730 91112==
34975 22570 82605 10049 20016 30104 40100 58005 885// 333 10070 60012 88620 90730 91110==
34984 22460 82204 10037 20011 30135 40105 52006 8567/ 333 10062 60022 90730 91111==
35217 415// 72507 11002 21008 39928 49968 53020 70172 87500 333 10010==
35302 42/// 82809 10003 21027 39949 49969 52018 8802/ 333 10008 90730 91115==
35315 /14// 82308 10002 21009 39922 49979 53011 77072 8802/ 333 10008 555 60022=
35344 /25// 81605 11056 21082 39793 40085 58009 885// 333 11048 555 69972=
35358 12/// 81807 11060 21095 39952 40125 57026 60002 8804/ 333 11044==
35368 319// 81405 11068 21106 39884 40157 57015 70232 8807/ 333 11065=
35386 315// 51506 11100 21178 39685 40226 57032 73633 83550 333 11088=
35394 11970 41504 11084 21184 39555 40254 57019 60002 73633 80001 333 11081==
35404 /29// 62805 10002 21009 39982 49990 52020 86030 333 10011 555 60022=
35406 415// 42705 10004 21013 30001 40003 52023 70272 84500 333 10011==
35416 41/// 81808 10002 21009 39881 40000 53001 77173 8802/ 333 10003 91015 90730 91116==
35426 415// 81507 11025 21057 39744 40034 56015 77173 885// 333 11021==
35437 /15// 81808 11030 21057 39750 40063 57020 77173 8802/ 333 11028 555 69922=
35449 319// 81605 11060 21087 30013 40118 57010 70232 8807/ 333 11056=
35497 119// 61404 11095 21169 39606 40448 57013 60002 70232 80001 333 11095==
35498 329// 01504 11130 21177 39372 40295 57009 333 11110=
35514 /2598 52507 10010 20002 30116 40112 53022 85500 333 10012 555 60022=
35522 /15// 82108 11008 21024 39771 40020 57011 77177 8802/ 333 11005 555 69982=
35542 /25// 81805 11059 21074 39959 40109 57008 885// 333 11050 555 69982=
35563 31598 81508 11110 21132 39389 40185 57015 73633 885// 333 11108=
35576 12/// 71604 11111 21166 39756 40224 57021 60002 87070 333 11072==
35582 329// 61005 11126 21188 39619 40248 57022 80003 333 11080=
35594 329// 41304 11142 21188 39398 40282 57013 80002 333 11118=
35605 /2598 82205 10018 20002 30061 40040 52023 885// 333 10022 91118 555 60022=
35633 325// 81904 11044 21067 39884 40100 57008 885// 333 11039=
35671 11570 61305 11101 21130 39748 40193 57023 60002 73632 86500 333 11061==
35699 119// 00908 11088 21200 39503 40285 57011 60002 73633 333 11075==
35700 42970 02608 10014 20003 30078 40055 53015 333 10020 90730 91118==
35715 /1497 82707 10008 21015 30073 40058 53004 70277 8802/ 333 10017 555 60032=
35739 315// 81804 11028 21044 39973 40113 56001 71022 886// 333 11022=
35746 125// 81803 11042 21061 30063 40132 53001 60002 885// 333 11042==
35777 329// 00000 11183 21216 39998 40373 58018 333 11097=
35796 12960 20605 11149 21182 39830 40293 57013 60002 80001 333 11105==
35849 125// 82002 11041 21087 30051 40139 54000 60002 885// 333 11013==
35895 32997 00203 11145 21151 39817 40289 57011 333 11091=
35907 32998 22710 10030 20012 30143 40113 52015 82030 333 10049=
35925 415// 82306 10004 21005 30002 40113 53002 77072 8872/ 333 10005==
35927 /15// 81804 10023 20007 30096 57001 76062 8802/ 333 10023 555 69902=
35953 125// 71103 11030 21076 30014 40145 57008 60002 85530 333 11020==
35969 125// 61103 11075 21124 30007 40186 57019 60002 86500 333 11051==
35997 329// 00702 11107 21160 39812 40267 57005 333 11064=
36259 41905 00000 11348 21382 38310 48603 57006 74440==
36335 329// 21203 11110 21217 39229 40292 57020 80003 333 11068=
36358 329// 00000 11169 21212 39260 40344 57015 333 11117=
36394 329// 00000 11209 21228 39907 40368 57022 333 11096=
36397 129// 01606 11155 21199 39755 40356 57020 60002 333 11106==
36403 329// 03203 11167 21214 39973 40361 57020 333 11144=
36418 329// 22403 11173 21221 39739 40402 57013 80003 333 11133=
36421 329// 00000 11288 21307 39801 40439 57013 333 11194=
36428 129// 03502 11215 21247 39861 40411 57014 60002 333 11126==
36439 329// 01404 11160 21200 39050 48536 57013 333 11135=
36498 329// 00204 11173 21242 39489 40335 57017 333 11101=
36501 329// 71803 11141 21206 39530 40324 57021 87030 333 11109=
36535 12/// 50000 11246 21282 39722 40424 57018 60002 82031 333 11183==
36546 329// 02902 11209 21230 39819 40409 57017 333 11153=
36619 329// 00503 11122 21171 333 11070=
36622 329// 00000 11165 21204 39481 40337 57012 333 11120=
36639 129// 00000 11214 21241 39672 40330 57009 60002 333 11028==
36643 329// 02402 11239 21255 39688 40421 57012 333 11137=
36665 329// 02201 11173 21211 39601 40380 57020 333 11122=
36666 329// 00000 11227 21247 39861 40404 57012 333 11130=
36729 32998 01104 11134 21154 39914 40429 53012 333 11045 91123=
36736 319// 00908 11061 21151 39745 40314 57007 73630 333 11051=
36744 329// 00902 11156 21183 39801 40280 57012 333 11078=
36770 329// 00000 11228 21237 39521 40316 53004 333 11064=
36786 32999 00000 11143 21178 39308 40276 57005 333 11041=
36796 329// 00000 11236 21272 39034 48452 57007 333 11200=
36803 32999 01115 11076 21102 39799 40261 58110 333 11031 91019 91124=
36806 329// 01619 11175 21250 39842 40347 57020 333 11146 91025 91129=
36819 329// 00501 11110 21151 39618 40258 57012 333 11069=
36821 119// 01302 11138 21148 39761 40279 57010 60002 71000 333 11070==
36839 32998 01701 11110 21192 39096 40272 53003 333 11014=
36843 329// 02702 11112 21135 39057 40283 53003 333 11012=
36846 329// 00903 11048 21159 38599 48490 56001 333 11023=
36859 129// 00000 11119 21154 39488 40311 57005 60002 333 11020==
36870 129// 03201 11081 21099 39203 40248 58004 60002 333 11029==
36874 329// 01803 11166 21188 39506 40342 57004 333 11082=
36877 329// 02401 11164 21177 39508 40580 57002 333 11073=
36885 329// 00000 11078 21103 39093 40257 58004 333 11020=
36889 329// 01803 11098 21232 37029 47046 52004 333 11033=
36894 329// 00504 11060 21131 39504 40263 53005 333 11026=
36905 329// 01202 11046 21124 38749 48506 57003 333 11031=
36953 329// 00000 11205 21222 38219 48508 57002 333 11140=
36963 129// 01103 11157 21249 37026 48/// 52002 6//// 333 11100 555 530//=
37018 21540 82310 10095 20090 30106 40180 57003 78082 889// 333 10097 60172 91017 90730 91117==
37031 21460 82410 10068 20052 39924 40118 57011 78088 889// 333 10082 60092 91017 90730 91115==
37054 22660 80000 10054 20002 39737 40119 56016 885// 333 10070 60002==
37061 21/40 82002 10037 20031 39948 40117 57009 76362 8802/ 333 10070 69982 90730 91110==
37085 22540 82003 10049 20015 30159 40131 53002 885// 333 10067 69932 90730 91111==
37171 21540 81305 10060 20049 30195 40214 57006 78182 889// 333 10069 60372 88926==
37228 22/60 81802 10028 21049 39286 40122 57033 8807/ 333 10055 60002==
37235 22560 81103 10047 20001 39824 40141 57028 885// 333 10056 60002==
37472 21560 82303 10068 20020 30183 40160 57006 70262 8557/ 333 10092 60012 90730 91110==
38149 12570 82103 11003 21052 30084 40162 53010 60002 885// 333 10020==
38178 12/// 81803 11012 21080 39838 40139 57006 60002 8807/ 333 10011==
38262 125// 72001 11018 21060 30081 40165 53025 60002 87500 333 10005==
38264 12670 72003 11006 21044 30070 40166 52020 60002 875// 333 11003==
38345 12998 60000 11032 21096 38789 48482 58001 6//// 84032 333 10075 555 530//=
38388 12998 62302 10020 21037 30101 40173 52016 6//// 86080 333 10050 555 530//=
38392 12597 72403 10005 21031 30053 40158 53013 6//// 87500 333 10006 87635 555 530//=
38396 12660 72203 10012 21037 30040 40167 52012 60002 875// 333 10015 84938==
38403 12/// 81802 11013 21081 30063 40187 53005 60002 8807/ 333 10011==
38413 12/// 81302 11009 21037 39859 40156 57009 60002 8807/ 333 11009==
38457 12/60 71101 10007 21046 39594 40192 57005 60002 84041 333 10068==
38462 126// 30000 11016 21162 38752 48487 53004 60002 82551 333 10050==
38507 12496 42506 10076 20045 30060 40162 53019 6//// 84500 333 10103 555 530//=
38545 12998 72101 10006 21034 39994 40173 53013 6//// 87080 333 10018 555 530//=
38565 126// 61811 10064 20020 5/000 60002 82940 333 10118==
38579 125// 72401 11013 21025 39765 40195 53010 60002 82971 333 10073==
38583 12/60 80901 11044 21053 39871 40208 53002 60002 83041 333 11004==
38599 31995 50807 11010 21063 39697 40227 54000 71022 80001 333 10013=
38611 11/20 43502 11040 21070 39664 40259 57005 60002 71000 84040 333 10005==
38613 129// 50401 11065 21101 40263 57005 6//// 80002 333 10010 555 530//=
38616 129// 72701 11067 21113 39199 40265 58008 6//// 80001 333 10010 555 530//=
38618 129// 00000 11033 21044 39524 40240 57010 60002 333 10030==
38647 12697 62201 10095 20025 30122 40164 52005 6//// 86500 333 10111 555 530//=
38656 12998 80000 10022 21015 30073 40185 52003 6//// 885// 333 10053 555 530//=
38683 42/60 62003 10027 21018 39908 40189 53016 86030 333 10053==
38687 12997 72503 10024 21016 39960 40199 53018 6//// 87030 333 10067 555 530//=
38696 129// 60702 10032 21055 39332 40197 53008 60002 80005 333 10090==
38713 329// 81802 11022 21081 39020 48470 54000 85034 333 10056=
38750 12997 42102 10096 20065 30246 40218 52012 6//// 84030 333 10125 555 530//=
38763 12597 72104 10088 20048 30077 40182 52009 6//// 87800 333 10110 87630 555 530//=
38774 12895 21701 10036 21024 39999 40198 52016 6//// 82081 333 10064 555 530//=
38799 32597 62301 10025 21005 39952 40188 52007 86500 333 10065=
38806 32997 61402 10042 21019 39923 40187 53016 80002 333 10072=
38812 11220 81905 10038 21018 39739 40199 53019 60002 71022 884// 333 10105 83706==
38836 316// 40000 10016 21006 39240 40193 53005 71011 83402 333 10086=
38880 12697 70601 10038 21011 39733 40192 52015 60002 84930 333 10094 555 530//=
38886 12697 70000 10035 21012 39962 40194 53011 6//// 87500 333 10110 555 530//=
38895 32996 41501 10036 21002 39905 40200 53008 80008 333 10092=
38911 32997 61806 10056 21014 39907 40205 53003 80002 333 10096=
38915 32997 41102 10048 20028 39891 40219 53012 84050 333 10095=
38927 11950 70000 10008 21009 39837 40224 53004 60002 71022 87950 333 10076 84966==
38933 329// 83601 11024 21066 39729 40265 57005 8805/ 333 11012=
38944 31/// 92001 11036 21039 39623 40181 57002 74444 333 11039=
38954 329// 00000 11028 21113 37979 48570 53010 333 10031=
38974 12998 82302 10080 21030 39827 40160 57004 6//// 80008 333 10124 555 530//=
38987 32996 72103 10076 21027 39456 40200 53004 87070 333 10100=
40180 02660 53303 10189 20125 30179 40228 52007 81130 333 70000==
40199 02/// /0304 10197 20026 30184 40209 54000 333 70000==
40265 41956 00000 10142 20017 39451 40262 52006 70500=
40270 41957 21104 10132 20033 39338 40250 52005 70500 82010 333 82460=
40272 41950 01008 10130 21055 39402 40255 52002 70500=
40340 41957 33610 10188 20021 40217 57001 70500 80001 333 83070=
40356 42960 00606 10119 21100 39252 48543 333 58010 555 04410 50251=
40357 42960 01506 10110 21160 39588 40244 333 59009=
40360 42960 00000 10148 21110 39637 40243 333 58015=
40361 42960 00504 10142 21090 39452 40257 333 58003=
40362 42960 00504 10130 21180 39713 40243 333 59014=
40373 42960 30104 10127 21070 39810 40242 83030 333 59020 83360=
40375 42960 43503 10166 21070 39324 40216 80002 333 58009 84070=
40394 42960 00306 10152 21030 39080 48547 333 59002 555 04410 50224=
40400 42960 43111 10242 20100 30137 40165 80001 333 59007 84070=
40405 42960 01404 10169 21050 39457 40203 333 59034=
40417 42960 33106 10169 21040 30200 40216 80002 333 59029 83070=
40420 42960 23205 10158 20000 30005 40217 80002 333 59031 82070=
40430 41958 00202 10254 20010 39438 40168 70600 333 59013=
40437 41957 00902 10167 21130 39504 40226 70600 333 59034=
40439 42960 22611 10282 20120 30126 40144 80001 333 59007 82070=
40582 32960 33406 10131 21082 40233 53008 80001 333 55300 00000 10216 20000 30000 40877 51089 60000 55407 40000 83070 90400 91007 91113 91211 91307=
40703 42960 00103 10030 21072 38948 40253 52016 333 10068 21044 70000 555 11005 29047 66666 00038 10036 20032 30042 50090 90130=
40706 42962 00000 10002 21067 38676 40269 52014 333 10065 21065 70000 555 11021 29060 66666 00024 10032 20032 30047 50074 90110=
40712 42965 02602 11013 21093 38695 40255 52012 333 10075 21083 70000 555 11035 29055 66666 01004 11003 20014 30022 50057 90086=
40713 42965 00402 10018 21077 38672 40229 53010 333 10099 21028 70000 555 11014 29049 66666 00047 10040 20052 30070 50098 90137=
40718 42960 01801 10082 20063 30235 40206 52014 222// 0//// 20301 333 10156 20057 70000 555 10073 29088 66666 00098 10102 20096 30098 50120 90152=
40723 42770 73503 10005 21057 38958 40240 52007 82570 333 10040 21066 70000 82650 85356 555 11016 29063 66666 01004 11002 20020 30034 50062 90100=
40726 42960 02003 10048 21113 38679 40223 52018 333 10106 20026 70000 555 11005 29030 66666 00010 10020 20036 30050 50076 90122=
40727 42965 01902 10006 21094 38503 40248 52009 333 10088 21026 70000 555 11026 29047 66666 01008 10002 20017 30035 50061 90110=
40732 42960 02401 10088 20071 30222 40197 52015 333 10146 20086 70000 555 10080 29089 66666 00088 10094 20094 30094 50110 90140=
40736 42560 30000 10104 20081 30222 40196 52008 83600 333 10146 20067 70000 83720 555 10093 29086 66666 00084 10086 20084 30088 50110 90150=
40737 42965 32002 10089 20070 30190 40208 52021 83030 333 10150 20050 70000 83360 555 10080 29088 66666 00094 10093 20097 30096 50114 90150=
40738 42660 82202 10090 20069 30222 40224 53018 8352/ 333 10144 20070 70000 83635 88461 555 10081 29086 66666 00086 10082 20074 30088 50118 90156=
40739 42665 40601 11032 21065 38716 40284 52013 82570 333 11004 21058 70000 82635 555 11041 29078 66666 01008 11004 20017 30026 50044 90110=
40741 42960 40000 10055 21018 39840 40181 52016 80002 333 10125 21004 70000 84070 555 10028 29059 66666 00056 10065 20071 30080 50105 90148=
40743 42665 40702 10010 21066 39095 40262 53007 81508 333 10035 21065 70000 81635 84270 555 11015 29057 66666 00028 10040 20056 30083 50130 90170=
40745 42960 22903 10002 21039 39043 40245 52014 80001 333 10036 21074 70000 82070 555 11012 29074 66666 00000 10002 20030 30050 50077 90130=
40747 42970 01302 10048 21141 38662 40253 52014 333 10116 21055 70000 555 11009 29024 66666 00048 10063 20055 30062 50084 90133=
40754 41957 22603 10019 21067 38847 40239 52005 70510 81032 333 10048 21005 70000 81360 555 11011 29053=
40762 42962 70000 11019 21053 38562 40275 53006 80007 333 10048 21116 70000 87269 555 11029 29077 66666 00000 10010 20014 30030 50082 90128=
40766 42980 00000 10060 21203 38732 40264 52009 333 10112 21049 555 11010 29013 66666 00090 10072 20080 30062 50104 90144=
40768 42965 00902 10007 21191 38276 40264 52009 333 10103 21079 70000 555 11042 29021 66666 00037 10018 20038 30043 50050 90092=
40769 42965 02702 10063 21163 38310 40226 52008 333 10090 21042 70000 555 11006 29018 66666 00020 10028 20044 30052 50086 90148=
40780 42960 03301 10032 21094 38727 40275 53007 333 10123 20010 70000 555 11010 29039 66666 00056 10064 20066 30064 50096 90138=
40782 42965 01303 10040 21066 38909 40267 52007 333 10113 21046 70000 555 10004 29046 66666 00056 10064 20064 30068 50110 90152=
40785 42660 20000 10014 21041 39124 40267 50004 82500 333 10073 21027 70000 82640 555 11006 29067 66666 00082 10086 20080 30082 50124 90182=
40791 42965 60201 10051 21165 39393 40252 53008 83078 333 10096 21022 70000 83360 84270 555 11008 29019 66666 00094 10104 20110 30119 50142 90196=
40792 42965 71502 10042 21150 38735 40244 50004 82036 333 10080 21057 70000 82360 86270 555 11014 29023 66666 00070 10076 20078 30078 50124 90168=
40798 42960 43603 10026 21180 37982 40291 52013 84070 333 10101 21121 70000 84459 555 11031 29020 66666 00022 10029 20030 30040 50077 90116=
40800 41957 21101 10045 21079 38483 40269 52006 70500 82050 333 10104 21086 70000 82360 555 10003 29040 66666 00006 10070 20086 30086 50118 90164=
40809 42965 60000 10044 21161 38510 40250 52014 82046 333 10099 21091 70000 82360 85270 555 11015 29021 66666 00042 10056 20058 30076 50123 90170=
40811 42960 02702 10130 21025 30191 40218 52008 333 10191 20053 70000 555 10070 29034 66666 00134 10156 20160 30168 50200 90240=
40812 42960 33001 10141 20010 39826 40210 53010 83030 333 10207 20056 70000 83360 555 10084 29041 66666 00156 10162 20162 30162 50178 90226=
40818 42965 02601 10037 21185 38009 40271 52031 333 10138 21082 70000 555 11025 29018 66666 00077 10072 20061 30067 50078 90080=
40821 42965 22402 10065 21122 38816 40249 52021 81032 333 10135 21008 70000 81360 555 10008 29025 66666 00103 10107 20103 30108 50134 90176=
40829 42960 00902 10029 21114 39659 40268 53001 333 10114 21068 70000 555 11013 29034 66666 00058 10090 20100 30100 50152 90206=
40831 42960 02902 10130 21017 30218 40226 53005 333 10174 20007 70000 555 10072 29036 66666 00170 10180 20176 30184 50220 90260=
40833 42960 00203 10136 21020 30190 40223 53006 333 10206 20037 70000 555 10074 29034 66666 00152 10160 20158 30174 50220 90246=
40835 42960 00000 10126 21017 39377 40233 52010 333 10176 20021 70000 555 10067 29037 66666 00148 10154 20148 30144 50170 90200=
40841 42970 02902 10065 21205 38241 40229 53017 333 10170 21094 70000 555 11010 29012 66666 00118 10114 20090 30114 50152 90192=
40845 42960 43209 10185 20046 30211 40216 52007 80002 333 10210 20168 70000 84070 555 10119 29040 66666 00166 10168 20174 30176 50200 90230=
40848 41958 23002 10094 21050 38541 40220 53011 70500 80001 333 10128 21022 70000 82070 555 10038 29036 66666 00092 10100 20098 30100 50120 90156=
40854 42960 00000 10058 21143 38957 40202 54000 333 10130 21004 70000 555 11003 29022 66666 00110 10140 20144 30152 50190 90241=
40856 42960 11802 10032 21163 38658 40266 50007 80002 333 10110 21101 70000 81070 555 11022 29022 66666 00080 10100 20104 30112 50144 90184=
40859 42960 40000 10090 21052 38721 40220 53002 80001 333 10138 21020 70000 84070 555 10036 29036 66666 00100 10138 20130 30140 50160 90190=
40875 41920 52302 10166 20033 30162 40174 53001 70622 80008 333 10234 20122 70000 85270 555 10105 29041 66666 00232 10234 20232 30224 50262 90284=
40879 42960 33002 10113 21150 39514 40220 53006 80006 333 10171 20017 70000 83270 555 10035 29014 66666 00200 10228 20206 30210 50226 90274=
40882 41658 12805 10216 20093 30144 40179 56004 70500 81100 333 10242 20190 70001 81835 555 10150 29045 66666 00222 10244 20240 30244 50246 90278=
40883 41930 00905 10219 20094 30150 40173 54000 70500 333 10229 20174 70000 555 10152 29045 66666 00228 10242 20237 30255 50255 90283=
40893 41956 03207 10218 21009 30160 40166 53008 70500 333 10239 20166 70000 555 10118 29022 66666 00225 10227 20241 30241 50262 90244=
40898 41956 30702 10218 20038 30156 40165 51018 70500 80002 222// 00246 20800 333 10232 20157 70000 83069 555 10131 29031 66666 00234 10270 20274 30268 50280 90300=
41024 41957 23210 10296 20120 30116 40141 70600 82030 333 59005 82360=
41036 42560 10410 10211 20010 38594 48543 81100 333 58000 81830 555 04410 50172=
41055 41959 00407 10206 20000 38392 48540 70630 333 59007 555 04410 50176=
41061 42960 01104 10206 21030 39476 40193 333 59027=
41084 42960 00410 10219 21050 38886 48534 333 59006 555 04410 50172=
41112 42960 00304 10172 20040 37965 48541 333 59006 555 04410 50156=
41114 42960 00406 10191 21060 38003 48544 333 59006 555 04410 50154=
41128 42960 01008 10190 21040 38846 48544 333 59021 555 04410 50203=
41136 42960 00305 10208 21100 39372 40201 333 59025=
41140 42960 01804 10289 20180 30130 40143 333 59005=
41150 42966 23213 10181 20113 40215 80001 333 59024 82075=
41176 44/70 /3308 10181 20074 30202 40208 333 59026=
41184 42960 33004 10195 20045 40191 80001 333 59020 83070=
41194 41958 33504 10229 20084 30178 40184 70611 80001 333 59021 83075=
41196 42960 23303 10215 20075 30148 40189 80001 333 59021 82075=
41216 42960 02705 10227 20133 30183 40187 333 59026=
41217 42960 03205 10228 20097 30154 40183 333 59025=
41254 36/// /1002 10086 20024 38057 49867 333 0E101 55300 25022 59018=
41255 36/// /2306 10235 20025 39631 40138 333 0E016 59020=
41256 31058 10106 10229 20132 30155 40173 70500 81001 333 59035 55000 55407 55408 55507 55508 81075=
41262 36/// /2909 10222 20043 39972 40169 333 0E015 55300 20055 59015=
41263 36/// /2611 10220 20017 39570 40132 333 0E016 55300 20048 59020=
41265 36/// /2602 10218 20042 39574 40141 333 0E017 55300 20024 59024=
41267 36/// /3408 10232 20137 30157 40170 333 0E022 59025=
41268 36/// /0106 10224 20122 30115 40163 333 0E021 55300 25022 59017=
41275 36/// /2909 10223 20032 30016 40186 333 0E015 55300 20043 59011=
41288 36/// /0807 10245 20149 30151 40173 333 0E023 59014=
41315 36/68 /3417 10156 20006 39352 48320 333 0E015 55300 27865 59006=
41316 31960 03514 10232 20023 30154 40184 70700 333 59003 55012 55407 55408 55507 55508=
41396 42960 00105 10215 21081 39454 40180 333 59014=
41480 42460 11010 10272 20172 30152 40161 81500 333 59008 81618=
41506 12920 00000 10035 21028 38541 48390 60001 333 59002==
41508 12940 02301 10044 21055 38679 48440 60001 333 59007==
41515 12920 20000 10060 21051 38577 48380 60001 82020 333 56080 59002==
41516 12940 00000 11010 21076 38580 48340 60001 333 58016==
41517 11440 10000 11020 21060 37821 48640 60001 70422 81500 333 56800 58010==
41518 12940 01801 10033 21058 30001 48010 60001 333 58000==
41519 12940 00000 10075 21046 38773 48080 60001 333 59019==
41523 12940 00000 10060 21016 39116 48170 60001 333 58023==
41535 12940 00000 10055 21040 38736 48000 60001 333 58015==
41536 12940 00000 10080 21038 39062 48200 60001 333 58016==
41560 12940 00000 10075 21005 38305 48330 60001 333 58001==
41571 11900 03602 10110 20007 39602 40200 60001 70500 333 58018==
41598 11940 00000 10100 20057 39889 40168 60001 70400 333 58006==
41600 11940 00000 10110 20010 30000 40170 60001 70400 333 58002==
41620 11940 02301 10110 21044 38593 48950 60001 70500 333 58012==
41624 11940 00501 10150 20081 30000 40171 60001 70400 333 58005==
41630 11940 00000 10120 20056 30000 40181 60001 70400 333 58009==
41640 11940 00000 10125 20085 39922 40177 60001 70400 333 58009==
41660 12900 01302 10040 21118 38446 48370 60001 333 59038==
41678 11940 00000 10140 20056 30000 40179 60001 70400 333 58001==
41696 12940 00000 10020 21065 38038 48700 60001 333 59003==
41697 12940 00000 10170 20070 30000 40168 60001 333 58010==
41700 11920 10121 20091 30000 40165 60001 70400 333 58011==
41710 12940 00000 10080 21106 30000 40202 60001 333 59042==
41712 12940 00501 10055 21059 39231 48180 60001 333 59047==
41715 11920 00000 10170 20077 30000 40164 60001 70500 333 59018==
41718 11920 00000 10130 20068 30000 40172 60001 70400 333 58011==
41725 11940 00501 10170 20094 30000 40172 60001 70500 333 58011==
41739 11940 03603 10070 21054 39101 48360 60001 70500 333 58005==
41744 12940 03103 10120 21026 38812 48340 60001 333 59004==
41749 11920 00000 10170 20115 30000 40170 60001 70400 333 58002==
41756 11940 03602 10190 20005 30000 40171 60001 70500 333 59021==
41757 12940 00000 10175 21036 30165 40178 60001 333 59016==
41759 11920 01302 10195 21014 30000 40175 60001 70633 333 59020==
41764 11940 03604 10200 20046 30106 40157 60001 70400 333 58006==
41768 12940 00000 10160 20057 30000 40148 60001 333 58000==
41780 11940 00204 10205 20006 30122 40150 60001 70500 333 59004==
41785 12940 03102 10180 20071 30149 40162 60001 333 59010==
41859 01920 00000 10175 20170 30103 40141 70500 333 59011 70000==
41883 02930 00000 10175 20150 30122 40143 333 59006 70000==
41891 01930 00000 10204 20150 30095 40135 70500 333 59013 70000==
41907 01940 00000 10163 20140 30125 40140 70500 333 59008 70000==
41923 01940 00000 10196 20140 30129 40139 70500 333 59015 70000==
41936 01/16 10000 10172 20160 30132 40139 70511 81030 333 59011 70000 81362==
41943 01430 20000 10190 20170 30127 40135 70511 82500 333 59013 70000 82618==
41950 01440 50000 10195 20190 30136 40138 70522 82530 333 59012 70000 82617 84362==
41978 01440 33104 10250 20180 30126 40132 70511 82530 333 59015 70000 82618 83362==
41992 01425 30000 10242 20170 30133 40135 70511 82530 333 59013 70000 82616 83362==
42027 31994 00000 11008 21027 38451 48539 71000 333 58015=
42071 31995 09902 10100 20064 40181 71000 333 58008=
42101 31994 00000 10117 20103 40183 71000 333 58011=
42111 31994 00000 10120 20109 39447 40166 71000 333 58015=
42123 31994 00000 10122 20068 40175 70500 333 58013=
42165 32996 00000 10154 20037 40165 333 58016=
42182 31994 00000 10116 20100 40167 71000 333 58007=
42189 31995 00000 10140 20122 40159 71000 333 58000=
42309 31995 00000 10136 20132 40156 71000 333 59013=
42314 31995 00000 10150 20125 40154 71000 333 59010=
42328 31995 03602 10156 20022 40146 70500 333 58007=
42339 31995 03602 10180 20029 40154 70500 333 58006=
42348 31995 00000 10152 20076 40158 70500 333 59007=
42361 31993 00000 10126 20099 40163 74640 333 59003=
42369 31995 00000 10148 20115 40156 71000 333 59003=
42379 31995 00000 10146 20124 40145 71000 333 59006=
42410 31595 20000 10162 20148 40152 71000 82500 333 59011 82620=
42415 32996 00000 10184 20135 40151 333 59013=
42452 31995 00000 10144 20089 40150 70500 333 59006=
42492 31995 00000 10170 20138 40149 71000 333 59005=
42559 32996 00000 10164 20072 40144 333 59009=
42571 31996 00000 10156 20076 40154 70500 333 59005=
42623 31495 20000 10162 20145 39279 40159 71000 82500 333 59012 82618=
42634 32996 00000 10186 21002 40148 333 58001=
42647 31996 00000 10190 20118 40135 70400 333 59003=
42667 31996 00204 10164 20086 39551 40151 70500 333 59009=
42675 31995 00203 10122 20077 40156 70500 333 58000=
42701 31994 00000 10152 20105 39405 40144 71000 333 59008=
42724 31495 50000 10228 20184 40133 71022 82530 333 59013 82618 84360=
42737 32996 03406 10194 20067 40140 333 59004=
42754 31995 00504 10202 20112 39494 40133 70500 333 59010=
42779 32996 00000 10162 20088 39442 40153 333 59004=
42798 31994 03202 10174 20139 40146 71000 333 59007=
42809 31995 30000 10186 20148 40143 70500 83030 333 59010 83360=
42840 32996 00202 10214 20126 40124 333 59005=
42867 31995 30000 10156 20107 40146 70500 80001 333 59010 83075=
42874 31996 00000 10184 20123 40147 70500 333 59007=
42886 31996 00000 10150 20117 40151 70500 333 59005=
42895 31595 50000 10210 20178 40147 70522 82530 333 59011 82620 84360=
42909 32996 03603 10226 20093 40127 333 59003=
42971 31995 30000 10222 20159 40149 70500 82031 333 59013 82360=
43003 31995 00000 10240 20161 40112 70400 333 59006=
43014 31995 00000 10176 20124 39475 40133 70544 333 59007=
43041 31996 20000 10186 20143 39510 40136 70500 80001 333 59019 82075=
43063 32996 00000 10162 20105 39495 40133 333 59008=
43086 32996 10000 10174 20153 39945 40128 80001 333 59016=
43110 31995 00000 10232 20160 40116 70544 333 59007=
43117 32996 20000 10210 20087 40124 80001 333 59008=
43128 31996 00000 10190 20096 39517 40134 70510 333 59016=
43150 21495 80208 10218 20206 30077 40138 76165 8472/ 333 59011 6004/ 82712 84618 88458=
43185 21596 80000 10232 20213 30114 40118 72052 8557/ 333 59015 6994/ 85620 85458=
43189 21596 80000 10234 20218 30120 40129 76062 8387/ 333 59020 6003/=
43192 32996 00000 10254 20192 40107 333 59005=
43201 32496 20000 10190 20092 39377 40112 82500 333 59008 82612=
43213 31596 40000 10236 20160 39791 40110 70521 82531 333 59010=
43237 31596 30000 10226 20188 39697 40092 70511 81532 333 59012 81620=
43245 32596 82902 10238 20204 30095 40122 84578 333 59017=
43279 31595 73604 10246 20183 30098 40116 71022 84830 333 57811 59016 83620 81825 85360=
43284 31996 10000 10263 20203 39996 40111 70500 80001 333 58007 81075=
43295 32496 60000 10234 20188 39108 48519 82531 333 59006 83612 85358=
43314 32996 10000 10278 20228 40111 80001 333 58002=
43321 31496 59901 10262 20207 39665 40109 70522 82501 333 58012 82612 84070=
43329 21596 80502 10250 20220 30091 40104 70252 8457/ 333 59013 6990/=
43333 21495 60504 10276 20241 40116 70522 84430 333 56990 59003 6003/ 82618 83820=
43344 21495 69902 10260 20240 30009 40109 71022 83531 333 59010 6990/ 83616 85360=
43353 31496 49902 10280 20239 40113 71021 81530 333 56590 58001 81614 83359=
43369 21496 80902 10256 20256 40110 76165 8447/ 333 58003 6012/ 84615 88456=
43371 32496 80000 10282 20248 30043 40115 8261/ 333 58009 81718 86458=
44212 41/// 81601 11241 21277 39251 40524 57011 77872 88010==
44213 416// 70000 11201 21228 38889 40495 57008 77872 87500==
44214 41/// 83202 11196 21224 38339 40503 58004 77072 8802/==
44215 416// 22203 11242 21270 38479 40544 57006 70171 82500 333 91203=
44217 32998 60000 11212 21241 37886 40547 58001 86010 333 91202=
44218 42/// 21802 11219 21248 38692 40522 57006 82040==
44219 419// 80801 11197 21220 38708 40503 58004 77172 8802/ 333 91201=
44265 429// 00401 11249 21277 38942 40527 57003==
44266 415// 70000 11190 21205 37797 40499 58002 77071 86520 333 91202=
44434 42558 13304 10130 20101 39248 48527 81100 333 59005=
44454 42457 21202 10112 20063 38678 48512 82100 333 59012=
48064 42940 51401 10250 20205 30036 40093 83830 333 59004==
48094 42950 00000 10265 20230 30117 40127 333 59010==
51076 14/66 /0501 11192 21214 39474 40449 57007 60001 333 11107 21203 3/103 4/009 59066 70001 90761 91103==
51087 14/58 /1301 11206 21230 39325 40458 57006 60001 333 11132 21210 3/105 4/009 59069 70012 90761 91104==
51156 14/80 /3602 11195 21239 38762 40437 57008 60001 333 11112 21198 3/114 4/001 59088 70000 90761 91105==
51243 14/50 /2400 11144 21165 39827 40429 57006 60001 710// 333 11099 21174 3/113 4/001 59090 70000 90761 91105==
51463 14/70 /1603 11130 21171 39117 40398 57008 60001 333 11070 21131 3/000 4/029 59109 70005 90761 91105==
51573 14/58 /0201 11065 21143 30344 40397 52005 60001 333 11002 21085 3/112 58001 70000 90761 91103==
51644 14/37 /0101 11139 21162 39067 40442 52002 60001 705// 333 11032 21169 3/105 4/006 58003 70000 90761 91103==
51656 14/23 /0901 11152 21170 39285 40457 54000 60001 710// 333 11070 21184 3/113 4/003 58009 70000 90761 91104==
51709 14/57 /1502 11047 21097 38724 40390 52006 60001 333 11034 21080 3/106 58020 70000 90761 91104==
51716 14/57 /1801 11045 21111 39024 40393 52003 60001 705// 333 11025 21084 3/106 58023 70000 90761 91103==
51765 14/61 /2701 11109 21132 39347 40438 57001 60001 333 11031 21170 3/114 58011 70000 90761 91104==
51811 14/17 /0000 11086 21126 38898 40420 52007 60001 705// 333 11027 21114 3/114 58034 70000 90761 91103==
51886 14/57 /0702 11076 21242 37110 40322 57002 60001 333 11042 21155 3/113 59017 70000 90761 91104==
52203 14/49 /0301 11131 21166 39464 40423 54000 60001 705// 333 11041 21131 3/117 58011 70000 90761 91104==
52602 14/80 /2101 11105 21247 37261 40342 52005 60001 333 11008 21177 3/113 59027 70000 90761 91106==
52818 14/60 /1301 11073 21205 37238 40296 52001 60001 333 11016 21108 3/111 59018 70000 90761 91109==
55228 14/80 /3102 11075 21330 36030 40214 52021 60001 333 10006 21115 3/115 59023 70000 90761 91118==
55299 14/45 /3502 11079 21281 35841 40215 57003 60001 705// 333 10067 21166 3/117 59052 70000 90761 91117==
55578 14/80 /2603 10064 21255 36377 40103 52012 60001 333 10132 21131 3/106 59041 70000 90761 91107==
55591 14/47 /2900 11009 21159 36507 40130 52008 60001 706// 333 10149 21048 3/108 59046 70000 90761 91104==
55664 14/80 /2605 10008 21264 36034 40168 52005 60001 333 10092 21121 3/106 59031 70000 90761 91116==
55773 14/80 /1301 11048 21218 36044 40228 52010 60001 333 10094 21133 3/111 59022 70000 90761 91117==
56004 14/80 /3001 11093 21257 35803 40202 57011 60001 333 10036 21185 3/115 59045 70000 90761 91123==
56312 14/80 /2601 10043 21081 37100 40182 52018 60001 333 10126 21054 3/101 59033 70000 90761 91107==
40100 43/70 00207 10182 20094 30238 40255 52007 333 58000=
