SMPK OPKC 070600=
41504 02997 00502 10250 20123 37813 48414 60001 333 58023 60007 RH45%=
41505 22696 40000 10200 20098 38/// 48/// 60002 82470 333 56990 58/// 82840 84760 52%=
41506 02997 01802 10280 20161 38462 48459 60001 333 58013 60007 48%=
41507 02997 00000 10280 20215 39188 49678 60001 333 59005 60007 68%=
41508 02697 20000 10272 20179 38626 48504 60001 82200 333 56900 58017 60007 82835 58%=
41509 02997 02304 10320 20149 38695 48452 60001 333 58016 60007 RH36%=
41510 02997 20902 10225 20130 37895 48470 60001 82200 333 56900 58016 60007 82840 55%=
41515 02997 00000 10281 20135 38470 48433 60002 333 58001 60007 41%=
41516 02696 40000 10260 20149 38505 48464 60001 84400 333 56900 58032 60007 84840 RH50%=
41517 02497 70000 10200 20128 37790 48476 60001 84670 333 56990 58041 60007 81718 83635 84460 63%=
41518 02596 70000 10244 20143 38/// 48/// 69901 70255 85720 333 56990 5//// 69907 81730 81935 83640 87461 55%=
41519 02697 50000 10300 20142 38707 48462 60001 83520 333 56990 58002 60007 83640 85462 RH38%=
41520 02596 83602 10160 20109 37632 48235 60001 8562/ 333 5699/ 58034 60007 82720 83640 88462 72%=
41523 02697 32704 10275 20202 39041 48489 60001 83200 333 56900 58021 60007 83840 64%=
41524 02697 20000 10295 20200 39261 40076 60001 82100 333 56900 58021 60007 82845 RH 57%=
41525 12697 40000 10180 20123 37683 48367 84400 333 56900 58013 84640 69%=
41528 02697 40000 10260 20185 39166 48487 60001 82520 333 56990 58019 60007 82640 82460 63%=
41529 02696 50502 10300 20220 39706 40069 60001 82520 333 56990 58024 60007 82640 83460 RH 62%=
41530 01696 30506 10310 20206 39665 40058 60001 70511 82430 333 56990 58027 60007 82840 54%=
41534 02997 00000 10300 20228 39670 40064 60001 333 58030 60007 RH65%=
41535 02697 20000 10245 20176 38684 48464 60031 82600 333 56900 58014 60007 82835 RH66%=
41536 02597 30000 10265 20199 38989 48486 60001 83200 333 58015 60007 83830 67% =
41560 02997 30000 10260 20171 38264 48477 60001 58030 333 56090 58003 60007 83360 Rh58%=
41562 02697 51802 10300 20235 39606 40047 82530 333 56990 58047 60007 82640 83360 RH 68%=
41565 02696 51302 10244 20193 38628 48497 60001 82520 333 56990 58001 60007 82635 84460 RH 73 %=
41567 01996 00000 10300 20220 39639 40036 60001 70400 333 58025 60007 62%=
41571 11696 31804 10295 20200 39512 40067 60001 70500 82830 333 56990 58021 RH57%=
41572 01696 60000 10290 20219 39450 40044 60001 70411 82510 333 56990 58022 60007 82640 86460 RH 65%=
41573 02697 60000 10200 20154 37976 48480 60001 84420 333 56990 58014 60007 84640 82460 75%=
41574 02697 72302 10200 20178 38328 48501 60001 85470 333 56990 58017 60007 85640 83460 87%=
41576 02997 30000 10285 20235 40079 60031 83030 333 56090 58015 60007 83360 74%=
41577 01696 10000 10285 20213 39476 40065 60001 70421 81500 333 56900 58022 60007 81640 RH 65%=
41593 01996 51302 10290 20232 39853 40058 60001 70422 85070 333 56090 58023 60007 85460 71%=
41597 01996 50000 10280 20237 40073 69901 70496 85070 333 56090 58034 60007 85461 77%=
41598 02997 30000 10285 20242 39795 40056 60011 83070 333 56090 58012 60007 83460 78%=
41599 01696 50000 10270 20226 39788 40068 60191 70422 82470 333 56990 58015 60007 82640 83460 77%=
41600 01696 71302 10280 20237 39767 40049 60151 70429 83520 333 56990 58004 60007 83645 85460 77%=
41620 32696 23602 10285 20162 38540 48447 60001 82500 333 56900 58013 60007 82640 47%=
41624 02997 20000 10290 20255 39863 40055 60141 82020 333 56090 58027 60007 82460 81%=
41625 02997 31302 10285 20242 39850 40042 60181 83030 333 56090 58008 60007 78%=
41630 01696 50506 10315 20260 40060 60001 70420 82530 333 56990 58016 60007 82640 83360 72%=
41633 02997 40000 10285 20227 4//// 60051 84030 333 56090 5//// 60057 84360 71%=
41634 02697 50000 10255 20234 3//// 4//// 60001 82570 333 56990 5//// 60007 82640 83460 88%=
41635 02697 70902 10280 20252 3//// 4//// 60081 82570 333 56990 5//// 60007 82640 85462 85%=
41636 01996 51302 10320 20234 39880 40057 60001 70421 85070 333 56090 58022 60007 85462 61%=
41638 01996 32302 10325 20255 4//// 60001 70400 83030 333 56090 5//// 60007 83360 67%=
41639 01696 51304 10280 20237 3//// 4//// 60021 70420 82530 333 56990 5//// 60007 82640 83460 77%=
41640 01996 20000 10310 20222 39819 40056 60001 70400 82030 333 56090 58014 60007 82360 60%=
41642 01996 30000 10295 20245 3/// 4//// 69931 70400 83070 333 56090 5//// 60007 83461 75%=
41643 01696 63602 10295 20245 39792 40057 69901 70451 83470 333 56990 58018 60007 83640 84460 75%=
41644 02997 20000 10310 20249 3//// 4//// 60131 82030 333 56090 5//// 60007 82362 72%=
41646 01696 40000 10320 20265 39862 40064 60001 70400 84500 333 56900 58020 60007 84640 73%=
41652 01696 10904 10340 20265 39885 40053 60001 70400 81500 333 56900 58023 60007 81640 65%=
41660 02997 03108 10295 20089 38410 48496 60001 333 58015 60007 RH28%=
41661 01996 03102 10300 20085 38364 48483 60001 70540 333 58015 60007 26%=
41669 02697 70000 10310 20254 3//// 4//// 60031 83520 333 56990 5//// 60007 83640 84460 72%=
41670 01996 00000 10290 20232 3//// 4//// 60201 70400 333 5//// 60007 71%=
41674 01996 31304 10350 20257 3//// 4//// 60001 70400 83030 333 56090 5//// 60007 83362 67%=
41675 01695 60906 10340 20249 39912 40048 60001 70410 86400 333 56900 58024 60007 86840 59%=
41676 01996 20502 10310 20254 39935 40085 60001 70400 82020 333 56090 58039 60007 82460 72%=
41677 01996 00000 10340 20265 39878 40035 60001 70400 333 58024 60007 65%=
41678 01996 40000 10350 20220 40057 60001 70500 84020 333 56090 58038 60007 84460 47%=
41679 01996 30502 10305 20264 4/// / 60001 70411 83030 333 56090 5//// 60007 83360 79%=
41680 01695 30504 10325 20270 39867 40053 60001 70412 83400 333 56900 58025 60007 83840 73%=
41685 02997 01302 10300 20189 38872 48477 60001 333 58032 60007 RH51%=
41696 02997 00000 10260 20070 37992 48480 60001 333 58008 60007 Rh30%=
41697 02997 00000 10380 20272 40040 60001 333 58017 60007 RH54%=
41700 01996 00000 10355 20259 40040 60001 70400 333 58024 60007 58%=
41701 01996 00000 10350 20268 39915 40050 60001 70400 333 58022 60007 63%=
41710 11996 01302 10360 21064 39280 49995 60001 70600 333 58022 06%=
41712 12997 00504 10360 20013 39129 48492 60001 333 58019 RH11%=
41715 01996 01302 10350 20283 39979 40040 60001 70500 333 58016 60007 RH68%=
41716 01996 00000 10350 20283 39949 40046 60001 70400 333 58015 60007 68%=
41718 01996 00000 10350 20268 39937 40034 60001 70400 333 58012 60007 63%=
41724 02996 00000 10355 20274 40055 60001 333 58016 60007 RH63%=
41725 02996 02702 10350 20261 39963 40037 60001 333 58020 60007 RH60%=
41726 02996 00000 10355 20288 39973 40041 60001 333 58016 60007 RH69%=
41738 02996 02310 10320 20234 39887 40059 60001 333 58006 60007 RH61%=
41739 02996 00000 10325 20124 38980 48469 60001 333 58007 60007 RH29%=
41742 12697 21802 10325 20255 40045 60001 82100 333 56900 58015 82830 RH 67%=
41743 01996 02302 10355 20239 60001 70500 333 60007 RH58%=
41744 12996 00000 10285 20072 38700 48436 60001 333 59019 RH 26%=
41745 01996 01304 10330 20261 60001 70500 333 60007 RH67%=
41746 02996 00000 10340 20272 39987 40039 60001 333 58012 60007 RH68%=
41747 02996 01302 10350 20268 40022 60001 333 58013 60007 RH63%=
41748 02996 01304 10350 20261 40041 60001 333 58016 60007 RH60%=
41749 02996 01306 10330 20276 30012 40045 60001 333 58015 60007 RH73%=
41756 01496 42306 10305 20241 39985 40048 60001 70504 84600 333 56900 58004 60007 84715 RH69%=
41757 12596 42306 10310 20246 30052 40064 60001 84600 333 56900 58015 84720 RH69%=
41759 01696 50000 10305 20249 30053 40058 60001 70511 85500 333 56900 58012 60007 85640 RH72%=
41760 01596 32312 10320 20250 30050 40063 60001 70500 83600 333 56900 58015 60007 83720 RH 67%=
41764 02996 02106 10320 20250 39998 40046 60001 333 58014 60007 RH67%=
41765 02996 00000 10330 20253 30053 40003 60001 333 58010 60007 RH64%=
41766 22696 22304 10320 20272 40027 82500 333 56900 58020 60007 82635 RH 76%=
41767 02996 4//// 10320 20265 60001 84530 333 60007 82635 82360 RH73%=
41768 02596 42304 10300 20265 30047 40054 60001 84600 333 56500 58014 60007 84720 RH82%=
41780 01596 72306 10295 20245 30028 40055 60001 70400 87600 333 56900 58005 60007 84720 86630 RH75%=
41783 02696 62304 10305 20249 30007 40036 60007 83530 333 56990 58012 60007 83635 83360 RH 72%=
41785 02697 62304 10300 20258 30041 40056 60001 84530 333 56596 58012 60007 84640 82360 RH78%=
41786 02596 52308 10305 20241 30008 40044 60001 85600 333 56500 58008 60007 85720 RH69%=
41BAG 02496 70504 10175 20117 69961 85310 333 56990 69967 82718 83635 87460 69%=
41BKI 02996 31304 10310 20223 39656 40053 60001 83030 333 56090 58022 60007 83360 RH60%=
41SKP 01996 30502 10290 20232 3//// 4//// 69961 70461 83030 333 56090 5//// 60007 83360 71%=
43532 02697 20000 10260 20201 39238 40005 60001 82500 333 56900 58008 60007 82640 70%=
43533 02697 60000 10230 20208 39167 48466 60001 82520 333 56990 58027 60007 82640 84460 87%=
43563 02697 82302 10256 20219 39398 40063 60031 83530 333 56990 58012 60007 83640 85360 81%=


UPPK OPKC 070600=
PPAA 57051 41506 55270 18508 17515 77999=
PPAA 57051 41715 55285 06001 33505 77999=
PPAA 57051 41780 MISDA NO ASCENT DUE TO SHORTAGE OF RED BALOON=
PPAA 5706/ 41515 due to technical fault=
PPAA 5706/ 41516 MISDA DUE TO AIR MOVEMENT=
PPAA 5706/ 41517 MISDA DUE TO AIR MOVEMENT=
PPAA 5706/ 41598 MISDA DUE TO TECHNICAL PROBLEM=
PPAA 5706/ 41600 MISDA DUE TO TECHNICAL PROBLEM=
PPAA 5706/ 41624 MISDA DUE TO TECHNICAL FAULT=
PPAA 5706/ 41640 MISDA DUE TO TECHNICAL PROBLEM=
PPAA 5706/ 41646 MISDA DUE TO TECHNICAL PROBLEM =
PPAA 5706/ 41675 MISDA DUE TO TECHNICAL ISSUE=
PPAA 5706/ 41678 MISDA DUE TO TECHNICAL PROBLEM=
PPAA 5706/ 41718 MISDA DUE TO TECHNICAL PROBLEM=
PPAA 5706/ 41739 no acent due to security risk=
PPAA 5706/ 41764 NO ASCENT DUE PAF FLYING=
PPAA 5706/ 41768 NO ASCENT DUE TO SHORTAGE OF STAFF=
PPBB 57051 41715 90/12 13502 12006 14007 9037/ 15507 02012 9125/ 35510 02509=
PPBB 75051 41506 90/7/ 18002 19004 9125/ 20010 17010 920// 17515=




Data Generated from File : D:\all data handling\Rmc_lhr\2024090706.FSU.txt
07/09/24 07:00:54
______________________________________________________________
15007 05970 21701 10162 20115 39775 40235 52007 60002 7000/ 82030 333 10205 20107 30010 4/000 55307 0//// 20504 3//// 60007 70000 91001 91102=
15020 04967 03001 10163 20106 30039 40233 51009 60002 333 10236 20124 30011 55305 20519 60007 70000 91002 90760 91102==
15023 07960 01601 10163 20110 39801 40218 52008 60002 7101/ 333 10202 20110 30013 4/000 55305 0//// 20504 3//// 60007 70000 91002 91103=
15056 05970 03502 10182 20118 39888 40231 52011 60002 7000/ 333 10232 20169 30012 4/000 55304 0//// 20503 3//// 60007 70000 91003 91103=
15069 05999 11200 10125 20092 39177 42857 52007 60002 7000/ 81040 333 10163 20082 30006 4/000 55305 0//// 20452 3//// 60007 70000 91001 91102=
15073 05/70 /0601 10165 20128 39781 40239 52008 60002 7000/ 333 10205 20128 3/010 4/000 55303 0//// 20473 3//// 60007 70019=
15090 04970 00000 10179 20146 30144 40234 51010 60002 333 10211 20129 31012 55304 00020 20525 30194 60007 70000 91001 90760 91102==
15107 01959 11501 10111 20086 39445 42862 52006 60002 710// 81040 333 10183 20071 30004 55303 0//// 20446 3//// 60007 79999 91001 91101 95000=
15108 02/70 11106 10082 20039 38174 48574 52005 60002 81040 333 10090 20074 55303 20380 60007 70002 91008 90760 91108==
15109 05998 12705 10157 20117 39809 40237 52008 60002 7000/ 81040 333 10188 20140 31014 4/000 55305 0//// 20521 3//// 60007 70001 91008 91108=
15111 05963 03301 10160 20132 39968 40227 52009 60002 7000/ 333 10217 20131 31011 4/000 55303 0//// 20468 3//// 60007 70026 91002 91104=
15113 05966 02702 10151 20142 30071 40232 52010 60002 7000/ 333 10211 20125 31014 4/000 55306 0//// 20565 3//// 60007 70000 91002 91103=
15127 05998 21600 10123 20092 39371 42861 52007 60002 7000/ 82040 333 10181 20069 30004 4/000 55304 0//// 20492 3//// 60007 70007 91001 91102 95000=
15148 05970 20504 10130 20067 38784 48559 52005 60002 7000/ 82040 333 10133 20099 30/// 55303 0//// 20435 3//// 60007 70000 91006 91106=
15150 04970 03401 10167 20143 30025 40234 52009 60002 333 10196 20130 31012 55308 20586 60007 70140 91003 90760 91103==
15154 05962 02902 10145 20137 30087 40229 51008 60002 7000/ 333 10214 20123 31011 4/000 55307 0//// 20610 3//// 60007 70002 91003 91103=
15168 05/70 /0202 10160 20097 39611 42848 52008 60002 7000/ 333 10202 20134 3/010 4/000 55302 0//// 20417 3//// 60007 70000=
15170 04/70 10000 10112 20103 39464 42853 52005 60002 81080 333 10188 20047 30010 55304 20430 60007 70000 91001 90760 91101==
15194 05970 12805 10155 20128 39945 40235 52009 60002 7000/ 81040 333 10194 20138 31012 55303 0//// 20473 3//// 60007 70106 91006 91107=
15197 05/70 /0103 10180 20127 30020 40225 52006 60002 7000/ 333 10219 20140 3/011 4/000 55305 0//// 20553 3//// 60007 70024=
15215 05999 12300 10157 20097 39630 42850 52007 60002 7000/ 81040 333 10206 20115 39007 55302 0//// 20398 3//// 60007 70000 91001 91102=
15217 05970 13604 10168 20099 39563 42852 52007 60002 7000/ 81080 333 10195 20108 30010 55306 0//// 20479 3//// 60007 70000 91004 91106=
15219 05/70 /3005 10164 20137 30101 40224 52007 60002 7000/ 333 10196 20140 3/013 4/000 55306 0//// 20551 3//// 60007 70066=
15238 05/70 /3101 10153 20093 39613 42850 52006 60002 7000/ 333 10198 20094 3/007 4/000 55308 0//// 20630 3//// 60007 70000=
15261 05960 03500 10117 20094 39425 42865 52007 60002 7000/ 333 10193 20057 30005 55300 0//// 20401 3//// 60007 70000 91001 91101=
15262 02998 30908 10081 20081 38280 48/// 52004 60002 83070 333 1//// 2//// 30/// 55308 0//// 20592 3//// 60007 70000 91014 91114=
15265 05970 03505 10182 20141 30142 40216 52006 60002 7000/ 333 10212 20149 31012 4/000 55303 0//// 20515 3//// 60007 70011 91007 91107=
15280 02/84 21104 10047 20014 37587 47159 52004 60002 82050 333 10060 20034 30/// 55309 20660 60007 70003 91007 90760 91108==
15300 05999 21301 10157 20115 39599 42849 52007 60002 7000/ 82040 333 10196 20118 30010 55307 0//// 20570 3//// 60007 70000 91002 91102=
15301 05970 50701 10157 20054 38697 48580 52006 69932 7000/ 85070 333 10159 20118 31/// 55308 0//// 20674 3//// 60007 70004 91002 91103 95000=
15302 05970 01201 10118 20082 38991 48559 52005 60002 7000/ 333 10158 20092 30/// 55300 0//// 20167 3//// 60007 70000 91002 91102=
15307 05/70 /0103 10212 20123 30027 40207 52006 69922 7000/ 333 10212 20166 3/017 4//// 55307 0//// 20598 3//// 60007 7////=
15310 04970 03602 10187 20112 30122 40206 52009 60002 333 10221 20179 31017 55300 00020 20267 30315 60007 70026 91006 90760 91108==
15324 05570 60600 10152 20101 39430 42845 52006 60002 7000/ 85370 333 10196 20118 30011 55300 0//// 20277 3//// 60007 70000 91001 91101=
15325 05970 40601 10138 20050 38552 48563 52003 60002 7000/ 84030 333 10138 20097 31/// 4/000 55307 0//// 20510 3//// 60007 70056 91002 91103=
15328 05970 00203 10172 20094 39872 40215 52007 60002 7000/ 333 10223 20148 30015 4//// 55305 0//// 20452 3//// 60007 70000 91005 91105=
15335 04/70 33601 10192 20143 30191 40198 51009 60002 83030 333 10217 20165 31015 55304 20542 60007 70036 91003 90760 91104==
15336 05/70 /0104 10183 20148 30187 40189 52008 60002 7000/ 333 10213 20170 3/017 4/000 55303 0//// 20462 3//// 60007 70017=
15349 05970 03301 10178 20094 39674 40213 52009 60002 7000/ 333 10211 20116 30008 4/000 55302 0//// 20427 3//// 60007 70000 91002 91103=
15350 04970 00205 10218 20116 30093 40209 52008 69942 333 10218 20182 30018 55300 20419 60007 70017 91009 90760 91109==
15360 04/70 30411 10225 20171 30165 40181 52007 60002 83030 333 10247 20225 60007 91014 90760 91114==
15375 05970 33602 10204 20107 39860 40207 52007 69912 7000/ 83030 333 10215 20123 30010 4/000 55307 0//// 20607 3//// 60007 70001 91003 91104=
15377 05997 00202 10206 20097 39995 40205 52008 60002 7000/ 333 10233 20152 30012 55300 0//// 20239 3//// 60007 70000 91004 91104=
15387 05570 70405 10236 20188 30177 40180 52007 60002 7000/ 87500 333 10247 20232 30020 4/000 55300 0//// 20263 3//// 60007 70000 91009 91110=
15402 05970 00304 10215 20127 30128 40201 52009 60002 7000/ 333 10217 20176 30015 55301 0//// 20386 3//// 60007 70000 91008 91108=
15405 05970 00107 10193 20139 30141 40203 52007 60002 7000/ 333 10205 20166 30016 4/000 55306 0//// 20560 3//// 60007 70003 91010 91110=
15406 05970 03604 10183 20151 30142 40188 52005 60002 7000/ 333 10210 20164 31016 4/000 55305 0//// 20552 3//// 60007 70068 91008 91108=
15408 05/70 /0507 10190 20142 39927 40186 52005 60002 7000/ 333 10202 20173 3/017 4/000 55305 0//// 20585 3//// 60007 70007=
15409 05/70 /0108 10191 20153 30136 40183 52006 60002 7000/ 333 10214 20181 3/018 4//// 55300 0//// 20255 3//// 60007 70000=
15419 05970 30403 10211 20120 30020 40209 52006 60002 7000/ 83040 333 10233 20163 30013 4/000 55300 0//// 20205 3//// 60007 70000 91007 91107=
15420 04/70 10302 10218 20133 30091 40198 52006 60002 81030 333 10224 20189 30016 55304 20483 60007 70000 91006 90760 91106==
15421 05970 00404 10217 20128 30101 40209 52007 60002 7000/ 333 10223 20180 30/// 55301 00078 20423 30487 60007 70000 91008 91108=
15422 05970 00402 10213 20133 30099 40198 52007 60002 7000/ 333 10229 20192 30016 55300 0//// 20196 3//// 60007 70000 91008 91108=
15425 05970 10105 10188 20144 30132 40195 52008 69902 7000/ 81040 333 10202 20164 31016 4/000 55306 0//// 20570 3//// 60007 70013 91008 91109=
15434 02970 40604 10212 20133 30002 40206 52009 60002 84070 333 10246 20150 30016 4/000 55304 0//// 20475 3//// 60007 70000 91008 91108=
15444 05/70 /0103 10182 20159 30116 40187 52006 60002 7000/ 333 10212 20167 3/014 4/000 55300 0//// 20318 3//// 60007 70024=
15455 05970 30403 10211 20138 30076 40203 52011 60002 7000/ 81042 333 10232 20181 30019 4/000 55304 0//// 20489 3//// 60007 70000 91005 91105=
15460 04/70 40104 10192 20147 30165 40189 52010 60002 84070 333 10213 20172 30016 55302 20365 60007 70000 91008 90760 91108==
15462 05570 30307 10212 20161 30094 40177 52005 60002 7000/ 83500 333 10212 20184 31016 4/000 55304 0//// 20555 3//// 60007 70000 91010 91110=
15470 04/70 40505 10207 20142 30078 40200 52009 60002 82081 333 10245 20182 30017 55300 20389 60007 70000 91008 90760 91108==
15475 02997 20301 10195 20151 30175 40195 52009 60002 81082 333 10223 20148 30016 55304 0//// 20530 3//// 60007 70004 91003 91103=
15479 05966 33604 10178 20162 39993 40182 52006 69942 7000/ 80001 333 10198 20165 31016 4/000 55308 0//// 20615 3//// 60007 70021 91007 91107=
15480 04/70 30602 10218 20179 30151 40168 51008 60082 83030 333 10246 20204 31020 55302 00090 20426 30400 60007 70078 91008 90760 91108==
15489 05970 50404 10202 20143 30109 40200 52010 60002 7000/ 85070 333 10245 20176 30019 55303 0//// 20394 3//// 60007 70000 91006 91106=
15491 05970 30602 10207 20152 30169 40199 52012 60002 7000/ 83040 333 10236 20175 30019 55301 0//// 20463 3//// 60007 70000 91004 91104=
15499 01567 60208 10241 20202 30153 40162 52005 60022 725// 86900 222// 06228 2//// 333 10244 20199 31019 4/000 60027 70023 91012 91113 92448=
15549 11558 60203 10180 20158 39780 40181 52011 60002 71022 86200 333 10208 20176 70000 555 30017 587//=
15552 12570 63403 10225 20178 30107 40153 54000 60002 82205 222// 00254 10201 333 10225 20205 50412 55107 70000 555 30019 575// 92025 92428=
15640 12774 63203 10221 20175 39872 40169 53008 60002 83231 333 10253 20192 55084 70000 555 30018 575//=
15655 12568 63403 10224 20181 30123 40154 57002 60002 85231 222// 00253 10201 333 10243 20206 70000 555 30/// 577// 92023 92427=
15730 12670 60000 10186 20158 39794 40176 53009 60002 82281 333 10245 20170 55090 70000 555 39/// 584//=
16627 12565 50410 10254 20152 30150 40155 52008 60002 81145 333 20234 30/// 55099 70000 81830 85068 90730 91116==
16650 12/60 20509 10260 20202 30136 40145 52003 60002 81049 333 20234 30/// 55108 70000 90730 91116==
16667 12960 03307 10272 20155 30126 40136 52001 60002 333 20240 30/// 55104 70000 90730 91111==
16706 12960 10106 10290 20150 30115 40122 52006 60002 80001 333 20270 30/// 55108 70000 90730 91113==
16723 12960 30110 10286 20176 30111 40125 52018 60002 80001 333 20272 30/// 70000 90730 91115==
16742 12960 03507 10282 20156 39959 40107 50006 60002 333 20252 30/// 70000 90730 91115==
16749 12960 02607 10294 20207 30078 40091 52003 60002 333 20260 30/// 55102 70000 90730 91111==
16754 12960 01607 10272 20167 30090 40135 52004 60002 333 20230 30/// 55114 70000 90730 91110==
16760 12960 00206 10260 20156 40138 52004 60002 333 20223 30/// 55110 70000 90730 91109==
16765 12960 13121 10276 20220 40100 52009 60002 80001 333 20258 30/// 70000 90730 91122==
17022 12670 21103 10242 20182 39992 40150 52003 60002 82100 333 20184 30017 55074 21545 82834 90760 91107==
17024 12670 52006 10224 20217 30062 40136 50000 60002 83250 333 20187 30017 55095 83835 85360 90760 91116==
17026 12570 31801 10278 20205 30112 40149 52003 60002 82230 333 20210 30016 55076 21880 82830 83359 90760 91103==
17031 12570 33002 10253 20212 30138 40144 51001 60002 83200 333 20179 30016 83833 90760 91106==
17034 12670 22901 10241 20191 30105 40149 50001 60002 82100 333 20218 32020 82835 90760 91103==
17038 12670 52404 10256 20191 30096 40142 53004 60002 85100 333 20227 31/// 70144 85835 90760 91122==
17042 12670 10000 10250 20199 30113 40151 53001 60022 81100 333 20203 32021 55000 70021 81835 90760 91111==
17050 12/70 40000 10245 20180 30115 40174 50003 60002 84030 333 20206 30017 55092 84360 90760 91104==
17056 12/70 33404 10238 20189 30155 40159 50007 60002 83030 333 20217 30021 55111 22005 83360 90760 91108==
17060 12660 30207 10250 20183 30119 40158 51006 60002 83130 333 20223 30019 55000 83835 83358 90760 91111==
17070 12665 61901 10188 20139 39309 40140 51003 60002 84240 333 20156 30013 55000 22303 84835 86360 90760 91103==
17074 12570 50000 10194 20185 39245 40134 52006 60002 85200 333 20161 30012 55057 21725 85830==
17084 12/70 22801 10193 20152 39272 40136 50002 60002 82030 333 20153 30012 55089 22541 82360 90760 91104==
17085 12970 03303 10217 20152 39672 40137 50001 60002 333 20167 30016 55094 90760 91106==
17092 12/70 31101 10208 20123 38861 48513 52002 60002 83030 333 20120 30011 55081 22307 83358 90760 91105==
17096 12660 11017 10157 20104 38267 48521 50002 60002 81100 333 20089 30007 55053 20611 81840 90760 91126==
17098 12660 50607 10148 20101 38247 48544 52004 60002 83250 333 20065 31005 70028 83840 85358 90760 91112==
17100 12670 10000 10213 20133 39209 40161 52005 69932 81200 333 20171 31015 55063 22089 70018 81840 90760 91105==
17112 12970 60702 10250 20178 30144 40146 51010 60002 80005 333 20218 30019 55085 22160 86270 90760 91107==
17115 12560 40312 10247 20191 30109 40157 52011 60002 82730 333 20200 30019 55090 22106 82720 84360 90760 91116==
17116 12665 50000 10229 20150 30039 40154 52008 60002 83130 333 20182 30018 55116 83835 84360 90760 91103==
17124 12960 02705 10192 20110 39268 40144 51006 60002 333 21876 30013 90760 91114==
17128 12/60 30406 10205 20133 39080 40119 51003 60002 83030 333 20165 30015 55065 20804 83360 90760 91112==
17135 12970 01902 10213 20143 39288 40114 50004 60002 333 20179 30015 55108 24685 90760 91105==
17140 12965 00703 10195 20123 38714 48511 53002 60002 333 20136 30013 90760 91108==
17150 12960 20000 10233 20148 30031 40148 52010 60002 80001 333 20181 30017 55085 22068 82070 90760 91104==
17160 12/70 43406 10208 20109 39013 48514 53003 60002 84030 333 20167 30014 55096 22165 84360 90760 91112==
17170 12660 13205 10214 20095 38353 48515 53003 60002 81100 333 20114 31/// 70006 81840 90760 91108==
17175 12665 53602 10264 20138 30127 40131 52008 60002 81131 333 20224 30020 55106 22089 81840 83360 85070 90760 91106==
17184 12970 03502 10243 20129 30030 40135 51008 60002 333 20200 31019 55117 22391 90760 91105==
17190 12970 03301 10176 20073 38997 48521 51005 60002 333 20120 30009 55115 90760 91104==
17190 12970 03301 10176 20073 38997 48521 51005 60002 333 20120 30009 55115 90760 91104==
17195 12970 00604 10200 20111 38966 48513 53002 60002 333 20122 30011 55089 22001 90760 91110==
17200 12660 10902 10259 20106 39162 40074 52005 60002 81100 333 20157 30/// 81840 90760 91107==
17202 12670 31203 10265 20109 39108 40078 51005 60002 82140 333 20167 30/// 82835 83360 90760 91107==
17203 12670 30000 10219 20139 38869 48542 53003 60002 82140 333 20166 31015 55059 21382 70032 82840 83360 90760 91105==
17210 12970 00000 10299 20119 39103 40054 52005 60002 333 20236 30022 55100==
17219 12/65 13614 10277 20121 39992 40128 52008 60002 81030 333 20239 30024 55106 22269 81360 90760 91121==
17234 12970 00803 10263 20111 30060 40124 52014 60002 333 20215 30019 55096 22227 90760 91105==
17237 12970 03402 10263 20091 39651 40124 52008 60002 333 20213 30015 55101 90760 91104==
17240 12970 00504 10228 20095 39031 40109 52001 60002 333 20147 30010 55112 22382 90760 91106==
17244 12970 00804 10211 20067 38995 48521 51005 60002 333 20150 30/// 90760 91115==
17248 12970 00801 10208 20051 38977 48514 52007 60002 333 20154 30013 55000 90760 91105==
17250 12970 02202 10199 20075 38807 48517 53003 60002 333 20141 30012 55098 22106 90760 91108==
17260 12960 00000 10299 20162 39277 40031 52006 60002 333 20212 30020 90760 91109==
17270 12970 01003 10304 20157 39464 40060 53007 60002 333 20257 30021 90760 91106==
17275 12970 00000 10297 20109 38959 48515 52009 60002 333 20251 30022 55114 90760 91111==
17280 12960 03603 10300 20110 39336 40066 52007 60002 333 20202 30016 55088 22010 90760 91108==
17290 12970 00106 10293 20121 30078 40108 52008 60002 333 20271 30023 55111 90760 91109==
17292 12970 03203 10238 20081 39383 40092 53004 60002 333 20219 30020 55092 22307 90760 91110==
17300 12960 03212 10314 20094 30026 40092 52004 60002 333 20261 30023 90760 91117==
17310 12970 01002 10306 20236 30070 40077 52010 60002 333 20276 30022 55000 90760 91105==
17330 12670 11101 10303 20226 30072 40089 51003 60002 81100 333 20255 30024 81840 90760 91108==
17350 12660 42604 10288 20231 30006 40079 52004 60002 84100 333 20241 30/// 84835==
17370 12670 42602 10302 20247 30087 40091 52003 60002 84100 333 20275 31026 55095 84835 90760 91105==
17375 12670 30000 10284 20156 30075 40077 52005 60002 81101 333 20235 30018 55101 22361 81836 83070 90760 91103==
33088 32997 01303 10163 20087 30072 40258 52007 333 20119 555 10022=
33135 32997 00701 10153 20064 30149 40294 52009 333 20072 555 10019=
33177 32998 01102 10188 20093 30004 40232 52004 333 20154 555 10024=
33317 32997 01302 10173 20079 39925 40251 53008 333 20117 555 10022=
33393 32960 01404 10187 20092 39845 40221 52008 333 20172=
33415 32998 00000 10182 20102 39852 40235 52006 333 20142 555 10024=
33429 32997 01003 10170 20077 39833 40242 52008 333 20130 555 10024=
33466 32998 00902 10176 20045 30088 40270 52009 333 20115 555 10025=
33506 32997 00802 10166 20030 30089 40280 52007 333 20115 555 10024=
33562 32960 00702 10148 20078 39964 40262 52009 333 20109 555 10014=
33587 32998 01001 10184 20058 30001 40256 52008 333 20112 555 10020=
33658 32983 21102 10180 20096 39943 40232 52009 80001 333 20131 555 10020=
33663 32998 01401 10174 20085 30149 40242 52011 333 20136 555 10018=
33664 32998 00903 10191 20069 39925 40229 52009 333 20147 555 80014=
33678 32998 02802 10178 20064 30048 40257 52007 333 20122 555 80010=
33679 32997 00702 10207 20104 30060 40242 52006 333 20162=
33711 32960 00706 10174 20048 30045 40248 52005 333 20125 555 10025=
33745 32997 00502 10196 20106 30060 40246 52010 333 20144 555 80015=
33748 32997 01203 10195 20113 39949 40222 52007 333 20149 555 80012=
33754 32998 00201 10180 20082 30093 40235 52009 333 20135=
33761 32970 00504 10165 20057 30026 40243 52008 333 20117 555 11018=
33791 32984 00705 10186 20027 30119 40243 52006 333 20152 555 10025=
33815 32998 00302 10182 20079 30024 40225 52008 333 20170=
33837 32981 20203 10197 20090 30164 40214 53010 80001 333 20182 555 11024=
33881 32998 00303 10204 20078 30031 40219 52006 333 20166 555 80014=
33883 32998 00203 10192 20091 30057 40215 52006 333 20148 555 80013=
33885 32998 00405 10193 20076 30094 40222 52010 333 20140 555 80011=
33892 32998 00404 10160 20070 30010 40215 52008 333 20127 555 80021=
33902 32997 00404 10198 20047 30159 40216 52005 333 20149 555 11023=
33924 12570 60706 10207 20153 30172 40184 52007 60002 83509 333 20193 91010 90760 91112==
33946 12/81 60811 10211 20135 39957 40167 52004 60002 82031 333 20197 91015 90760 91116==
33983 12/60 40709 10212 20120 30115 40173 53002 60002 84030 333 20201 91013 90760 91114==
34300 32997 00802 10183 20030 30123 40295 52006 333 20113 555 10015=
34336 42970 00801 10161 20028 30202 40303 52005 333 20068==
34344 42970 01202 10165 20044 30213 40300 52003 333 20056==
34356 42960 00801 10205 20027 30157 40299 52003==
34357 42970 00401 10159 20043 30146 40297 52007==
34398 12970 03001 10183 20043 30283 40293 52004 60002 333 20071==
34415 32970 00902 10181 20028 30186 40280 52006 333 20090 555 10015=
34438 42960 00804 10184 20026 30101 40286 52005==
34445 42970 01402 10174 20024 30185 40295 52004==
34461 42960 00301 10186 20020 30244 40298 52002==
34473 32997 00902 10192 20042 30262 40299 52006 333 20082=
34476 42970 00603 10204 20021 30289 40296 52005==
34504 32981 00804 10170 20030 30088 40257 53006 333 20144=
34535 42970 01004 10188 20015 30207 40277 51005==
34545 42970 00704 10188 20014 30175 40282 52005==
34555 42970 00605 10175 20068 30206 40294 52005==
34560 42960 00805 10189 20023 30110 40293 52006==
34578 42960 00402 10193 20028 30283 40290 52005==
34579 42970 00302 10204 20011 30249 40291 52004==
34644 42960 00803 10199 20050 30192 40265 52005 333 20121==
34646 42970 00804 10194 20083 30191 40270 52003 333 20153==
34655 42/60 10604 10199 20018 30219 40277 52004 81030==
34662 42970 00302 10187 20017 30277 40288 52004==
34691 12970 00000 10208 20027 30303 40291 52005 60002 333 20086==
34720 42970 10503 10192 20070 30204 40242 52003 80001 333 20148==
34727 42560 20806 10198 20032 30195 40224 54001 82500 333 20160 91011 90760 91113==
34743 42960 00805 10196 20015 30178 40264 52001==
34759 42/60 20706 10193 20077 30135 40260 52001 81031 333 90760 91111==
34772 42970 20905 10208 20000 30279 40281 52004 80001==
34785 42970 20903 10215 20005 30301 40280 52002 80001==
34798 12970 20503 10214 20032 30309 40281 53006 60002 80001 333 20077==
34824 42560 30806 10210 20093 30194 40199 52001 82409 333 91011 90760 91113==
34838 42660 80604 10186 20068 30120 40213 52003 8455/ 333 20169 90760 91111==
34845 42/70 51004 10188 20084 30135 40238 52002 80031 333 91010 90760 91110==
34858 42960 60903 10184 20077 30142 40245 54001 80009==
34861 42/70 31107 10179 20054 30023 40257 52004 82031==
34866 42/70 50906 10198 20071 30270 40262 52004 80031 333 90760 91110==
34880 42/60 60903 10205 20091 30298 40273 52003 82031==
34887 42970 60503 10195 20108 30287 40268 52006 80006==
34949 42/70 30807 10186 20099 39690 40212 52001 83030 333 90760 91112==
34954 42970 20803 10216 20095 30060 40225 57003 80001 333 20151==
34958 42570 30906 10209 20100 30038 40227 54001 83500 333 91011 90760 91111==
34975 42570 51006 10211 20090 30249 40246 52004 82531 333 90760 91111==
34984 42/70 50608 10214 20093 30286 40257 52005 80062 333 91011 90760 91110==
35217 12960 00000 10177 20045 30253 40291 52002 60002 333 20060==
35302 12970 00000 10183 20068 30273 40293 52002 60002 333 20075==
35315 32998 00201 10180 20043 30234 40288 52004 333 20069=
35344 32999 32907 10148 20048 39969 40244 58004 80001 333 20051=
35345 36/// /2707 10152 20065 39927 40234 58007=
35358 12/60 52503 10144 20058 30067 40229 57004 60002 85040 333 20094==
35368 32999 22709 10163 20050 39972 40225 52001 80001 333 20103=
35386 32598 62603 10128 20046 39693 40188 52004 86900 333 20072=
35394 12570 82405 10109 20049 39542 40189 52005 69962 889// 333 20060==
35404 32998 01001 10186 20071 30287 40295 52005 333 20100=
35406 12960 00602 10180 20061 30288 40290 52005 60002 333 20092==
35416 12970 01002 10175 20040 30170 40285 51004 60002 333 20072==
35426 12/84 33002 10150 20053 39996 40275 52002 60002 82031 333 20033==
35437 32998 23302 10154 20066 39969 40268 54000 80004 333 20034=
35449 32998 22104 10161 20059 30155 40253 52002 80003 333 20092=
35497 12570 62703 10106 20025 39440 40205 52008 60002 86900 333 20052==
35498 12598 82903 10090 20015 39363 40209 52014 69930 889// 333 20047=
35514 32998 03202 10192 20019 30289 40285 52006 333 20077=
35519 32998 03602 10172 20046 30217 40285 52005 333 20055=
35522 32998 00103 10161 20032 30038 40278 52008 333 20077=
35542 32999 02705 10168 20030 30117 40256 54000 333 20045=
35563 32598 82805 10128 20001 39495 40229 52005 82502 333 20082=
35576 12670 72403 10146 20014 39801 40228 52008 60002 85210 333 20095==
35582 32598 82708 10124 20042 39648 40221 52015 889// 333 20059=
35594 32599 82704 10105 20018 39410 40213 52012 889// 333 20048=
35605 32998 01101 10203 20015 30306 40286 52005 333 20073=
35633 32998 03003 10174 20027 30063 40265 58001 333 20060=
35671 12570 63303 10143 20027 39832 40241 52007 60002 85540 333 20047==
35699 12660 73203 10117 20013 39493 40215 52015 60002 87300 333 20060==
35700 12970 03101 10214 20034 30307 40285 52007 60002 333 20106==
35715 32999 01701 10200 20017 30299 40285 52006 333 20110=
35739 32999 03203 10168 20023 30142 40275 51003 333 20050=
35746 12970 13604 10167 20017 30201 40265 52003 60002 80001 333 20053==
35777 32597 60000 10152 20040 39885 40212 52019 86100 333 20030=
35796 12660 52604 10148 20071 39809 40221 52013 60002 85500 333 20072==
35816 36/// /1302 10206 20010 30291 40302 51006=
35849 12970 03202 10172 20038 30187 40268 52006 60002 333 20066==
35895 32598 53403 10150 20007 39811 40232 52008 85200 333 20065=
35907 32998 60908 10183 20070 30296 40268 53007 80001 333 20157=
35925 12970 00903 10188 20019 30172 40277 51003 60002 333 20073==
35927 32998 01603 10196 20017 30275 52007 333 20081=
35953 12984 03305 10170 20043 30141 40264 52009 60002 333 20067==
35969 12984 00000 10189 20024 30092 40255 52009 60002 333 20067==
35997 32598 40502 10170 20074 39815 40224 52014 84300 333 20109=
36259 42584 81202 10104 21001 38190 48450 57006 86901==
36335 11597 82505 10059 20029 39215 40207 52013 60020 78082 8735/ 333 20044=
36358 32699 62302 10090 20049 39209 40181 52017 86500 333 20048=
36394 31596 82005 10099 20067 39771 40175 52020 78082 883// 333 20042=
36397 12684 82702 10108 20038 39635 40173 53034 60002 885// 333 20068==
36403 31698 72104 10141 20050 39816 40155 52012 70282 87900 333 20032=
36418 12699 61303 10155 20041 39565 40138 52009 69940 85933 333 20054=
36421 31599 73201 10131 20070 39621 40152 52013 71791 86901 333 20054=
36428 12684 72901 10166 20028 39676 40142 52006 60032 84952 333 20067==
36439 12598 72902 10107 20051 38947 48495 52012 60060 84932 333 20053=
36467 32699 73207 10092 21026 39302 40208 52014 87500 333 20012=
36498 32598 72507 10114 20021 39436 40188 52014 87300 333 20037=
36501 31699 72705 10106 20048 39459 40175 52017 70282 87300 333 20050=
36535 12584 73005 10145 20026 39570 40163 52016 60002 85330 333 20024==
36546 32699 70901 10154 20087 39647 40150 52015 82343 333 20100=
36619 31699 52709 10172 20042 70732 85100 333 20088=
36622 32598 72604 10133 20013 39415 40173 52018 86540 333 20071=
36639 12584 52704 10159 20084 39608 40174 52021 60002 82331 333 20103==
36643 32599 62906 10182 20021 39531 40143 52008 86900 333 20070=
36665 11595 82403 10114 20087 39478 40165 52028 69940 78182 889// 333 20129=
36666 12599 72702 10172 20074 39692 40149 52013 69980 85970 333 20112=
36729 32598 82905 10175 20006 39733 40183 52017 82975 333 20124=
36736 11599 72804 10165 20003 39671 40190 52017 60030 70282 85955 333 20109=
36744 32698 22402 10174 20045 39796 40218 52028 82200 333 20077=
36770 12598 62902 10147 20076 39532 40218 52018 69940 86900 333 20110=
36786 11699 72501 10140 20059 39335 40203 52020 60030 70282 87900 333 20090=
36796 11598 82901 10104 20057 39058 48539 52017 60080 70282 889// 333 20073=
36803 11599 72910 10165 20043 39771 40192 52025 69950 70282 86902 333 20142 91116=
36806 11598 81105 10172 20033 39744 40182 53032 69960 70282 889// 333 20098=
36819 12598 82306 10172 20070 39643 40219 52012 60080 85931 333 20115=
36821 12584 32201 10188 20065 39760 40218 52007 60022 83300 333 20108==
36839 11699 33002 10137 20066 39138 40210 52014 60060 70281 83200 333 20088=
36843 11698 63501 10150 20066 39092 40202 52011 60050 70282 83932 333 20080=
36846 11699 60902 10102 20024 38651 48543 52014 60060 70282 86950 333 20054=
36859 11570 62803 10138 20100 39463 40205 52016 60062 70282 86900 333 20108==
36870 11560 62301 10165 20090 39250 40205 52015 60052 70282 86970 333 20097==
36874 11699 32706 10184 20043 39478 40206 52007 60050 70181 83500 333 20105=
36877 11699 41702 10182 20068 39296 40212 53012 60040 70181 82201 333 20098=
36885 11598 62706 10137 20077 39144 40219 52019 60080 70284 82931 333 20084=
36889 11499 80000 10003 21011 37103 47127 52010 60120 70282 86601 333 21036=
36894 11598 72302 10143 20104 39520 40223 52014 60020 70282 85370 333 20113=
36905 11597 82602 10090 20070 38792 48546 52014 60170 78082 883// 333 20067=
36911 41698 50000 10144 20093 39306 40240 53006 70282 85900 333 20095=
36927 42699 62716 10129 20015 38370 48510 52022 82952 333 20075 91128=
36934 42699 61806 10167 20033 38265 48384 53009 84934 333 20130 91111=
36953 11598 82601 10048 20026 38245 48508 52030 60040 78182 889// 333 20064=
36963 41697 81604 10029 20002 37080 48/// 52016 78382 8695/ 333 20002=
36974 41697 82703 10198 20152 38007 48527 52027 70282 889// 333 20101=
36982 42598 82409 10037 21052 36555 47111 52004 8496/ 333 20011=
37018 42970 20602 10255 20152 30084 40154 52002 80002 333 20213==
37031 42560 20905 10211 20125 30011 40197 57003 82830 333 91011 90760 91112==
37054 41460 80000 10160 20134 39851 40222 54001 70282 885// 333 20140==
37061 42560 70705 10199 20117 30067 40228 53001 87500 333 90760 91110==
37085 42570 60909 10237 20099 30256 40230 53007 86531 333 91014 90760 91115==
37171 42970 60806 10242 20154 30132 40149 53003 80009 333 20193==
37228 42460 72602 10157 20137 39398 40201 52003 87900==
37235 42570 70000 10192 20161 39904 40206 52005 8574/==
37472 42570 21404 10238 20176 30234 40213 52006 81181==
38149 42970 00703 10200 20032 30195 40269 52007 333 20067==
38178 42970 00304 10180 20025 39960 40234 52004 333 20100==
38262 12970 00802 10206 20043 30184 40263 52011 60002 333 20084==
38264 42970 20704 10200 21002 30171 40260 52009 80001 333 20080==
38345 42799 22602 10163 20065 38844 48549 52006 82200 333 20085=
38353 42597 73301 10154 20061 39361 40225 52009 87900 333 20107=
38388 72998 00202 10212 20064 30177 40245 52008 333 20138 6////=
38392 72997 60906 10202 20051 30154 40253 52012 83032 333 20100 6////=
38396 42960 40604 10199 20032 30135 40255 52010 80001 333 20091==
38403 42960 30704 10206 20043 30116 40232 52004 80001 333 20133==
38413 42970 03503 10203 21002 39923 40200 58023 333 20128==
38457 12984 02101 10209 20036 39642 40200 52014 60002 333 20114==
38462 42984 00501 10218 20017 38754 48505 53003 333 20125==
38462 42984 00501 10218 20017 38754 48505 53003 333 20125==
38507 72998 00808 10246 21012 30095 40192 54000 333 20192 6//// 91002 555 50273=
38545 32998 20304 10210 20053 30064 40231 52013 82060 333 20114=
38565 12970 00203 10201 20070 39621 40196 51001 60002 333 20084==
38579 12984 03503 10206 20043 39801 40199 52005 60002 333 20148==
38583 12960 02302 10219 20050 39901 40207 52006 60002 333 20084==
38599 32998 32505 10216 20008 39707 40196 50000 83030 333 20149=
38611 12/60 21204 10214 20038 39657 40199 52016 69902 82040 333 20180==
38613 42998 70902 10192 20067 40201 52015 80002 333 20156=
38616 41599 70501 10162 20095 39234 40209 51006 70282 83500 333 20155=
38618 11660 82902 10218 20036 39530 40183 52011 69902 70282 84531 333 20197==
38647 72998 00908 10236 21009 30150 40190 52004 333 20186 6////=
38656 72998 00704 10230 21007 30120 40224 52005 333 20165 6////=
38683 42960 03608 10229 20015 39935 40197 52007 333 20121==
38687 32997 00207 10217 20021 39984 40208 52009 333 20140=
38696 12984 00904 10199 20029 39363 40178 52004 60002 333 20134==
38713 32699 20902 10190 20009 39074 48560 51008 82200 333 20104=
38750 72597 22705 10279 20242 30209 40182 53025 82100 333 20247 6////=
38763 72998 01007 10225 21012 30101 40201 52004 333 20190 6////=
38774 72998 01102 10237 20007 30037 40223 52012 333 20181 6////=
38799 32997 00205 10240 21030 39988 40207 52006 333 20149=
38806 32997 03603 10232 20045 39923 40170 52005 333 20126=
38812 42960 03205 10238 20029 39730 40156 52009 333 20134==
38836 31696 60902 10255 20098 39223 40088 52014 71011 86500 333 20180=
38880 02997 01003 10232 20003 39963 40206 51003 60002 333 20190 6////=
38886 72997 21101 10247 20029 30004 40220 52016 80001 333 20144 6////=
38895 32996 00601 10238 20040 39940 40215 52014 333 20164=
38911 32998 03402 10230 20050 39899 40178 53065 333 20170=
38915 32997 02803 10246 20068 39863 40167 52015 333 20166=
38927 11921 42609 10268 21002 39797 40147 51011 60002 73033 80001 333 20197==
38933 41995 01801 10260 20161 39677 40156 52018 70500 333 20190=
38944 31996 21602 10291 21007 39592 40087 52017 70500 82030 333 20222=
38954 32899 30000 10217 20064 37955 48510 53007 82901 333 20137=
38974 72998 00201 10235 20023 39881 40199 52025 333 20159 6////=
38987 32996 00103 10253 20034 39472 40169 52009 333 20149=
40030 32970 00000 10280 20174 40109 51006 333 20236 30/// 55104=
40066 32570 40000 10254 20218 4//// 5//// 84400 333 20200 84626=
40080 32965 02403 10232 20183 39420 4//// 52020 333 20186=
40100 43/70 02307 10294 20225 30099 40114 53005 6///1 333 58///=
40180 12560 21502 10286 20218 30058 40105 52006 60002 82100 333 10286 20246 70000==
40199 12/// /0304 10314 20188 30077 40100 52006 60002 333 10348 20280 70000==
40255 36/// /2703 10238 29079 3//// 4//// 5////=
40265 31540 52904 10220 20189 39357 40116 52005 70522 85500 333 20172 30013 85625=
40270 31950 00701 10244 20127 39247 40104 52006 70500 333 20205 30017=
40272 31950 02407 10210 20151 39310 40101 52008 70500 333 20174 30015=
40296 36/// /0303 10326 29058 4//// 5////=
40310 36/// /0000 10231 29057 3//// 4//// 5////=
40340 32960 03509 10304 20176 30048 40109 52007 333 20270 30026=
40356 42960 03308 10255 20150 39152 48503 333 20210 58015 555 04410 50069=
40357 42960 01704 10327 20050 39459 40050 333 20268 58025=
40360 42960 03110 10258 20140 39529 40089 333 20214 58012=
40361 42960 03203 10312 20070 39336 40083 333 20259 58015=
40362 42960 01014 10353 20060 39567 40042 333 20292 58010=
40373 42960 00000 10380 20040 39663 40049 333 20288 58006==
40375 42960 03205 10278 20120 39248 40073 333 20248 58016=
40394 42960 02702 10330 20080 38997 48511 333 20280 58017==
40394 42960 02702 10330 20080 38997 48511 333 20280 58017==
40400 42960 03004 10316 20220 30064 40091 333 20264 58021=
40405 42660 41808 10353 20040 39346 40036 84500 333 20297 59003 84640=
40417 42960 03306 10392 20120 30021 40035 333 20288 58008=
40420 42960 03507 10396 20070 39842 40034 333 20308 58008=
40430 42960 22707 10337 20050 39377 40081 82030 333 20299 58020 82360=
40437 42960 00202 10373 20000 39394 40049 333 20266 58004=
40439 42960 00000 10310 20210 30059 40077 333 20265 58016=
40582 32960 00313 10403 20113 40043 51011 333 55306 00671 10000 21860 30719 41514 51896 62578 55407 41141 90401 91015 91117 91213 91309=
40703 12960 00904 10224 20066 38933 40124 52006 60001 333 30013 50721 70000 555 10139 29036=
40706 12965 00805 10204 20036 38679 40138 52006 60001 333 30015 51301 70000 555 10118 29033=
40712 12965 00305 10206 20058 38700 40124 52009 60001 333 30008 50861 70000 555 10127 29038=
40713 12964 00908 10214 20089 38676 40106 52007 60001 333 30015 51121 70000 555 10143 29045=
40718 12460 83406 10251 20194 30222 40195 52008 60001 8632/ 222// 0//// 20203 333 31021 50451 7017 4 82915 85620 88457 555 10215 29071=
40723 12560 11302 10221 20077 38992 40167 55006 60001 81100 333 30012 50861 70000 555 10142 29040=
40726 12960 00305 10208 20064 38675 40120 52003 60001 333 30009 50811 70000 555 10130 29039=
40727 12965 03202 10213 20056 38503 40118 51003 60001 333 30010 50981 70000 555 10129 29036=
40732 12560 13205 10288 20193 30191 40168 51006 60001 81200 333 30019 50701 70000 81833 555 10226 29057=
40736 12560 32603 10285 20220 30201 40177 52009 60001 83200 333 31023 50571 70022 83825 555 10241 29068=
40737 12960 72402 10280 20200 30159 40176 52008 69931 87070 333 30022 50371 70014 87462 555 10228 29062=
40738 12560 40000 10291 20189 30188 40190 53006 60001 84350 333 30017 50641 79999 83830 81935 555 10224 29054=
40739 12965 00604 10234 20101 38717 40130 51009 60001 333 30017 51031 70000 555 10156 29043=
40741 12960 03104 10249 20033 39880 40199 51011 60003 333 30015 50961 70000 555 10142 29025=
40743 12960 00905 10255 20002 39084 40137 51003 60001 333 30019 51481 70000 555 10132 29019=
40745 12962 01403 10222 20056 39085 40181 51011 60001 333 30012 50951 70000 555 10135 29034=
40747 12965 03304 10247 20028 38638 40084 50002 60001 333 30017 51131 70000 555 10133 29024=
40754 11958 01503 10264 20070 38833 40093 52011 60001 70500 333 30017 50781 70000 555 10155 29029=
40762 12962 00905 10239 21012 38579 40113 51007 60001 333 30013 51171 70000 555 10118 29019=
40766 12970 02702 10262 21015 38678 40057 51004 60001 333 30007 51201 70000 555 10128 29016=
40768 12965 03401 10226 21002 38273 40072 52007 60001 333 30007 50961 70000 555 10114 29022=
40769 11957 00502 10245 20032 38312 40058 52009 60001 70500 333 30014 50881 70000 555 10132 29025=
40780 12960 02601 10311 21005 38655 40049 52008 60001 333 30014 51051 70000 555 10150 29013=
40782 12965 03102 10275 20057 38831 40051 51004 60001 333 30012 50801 70000 555 10155 29025=
40785 12960 00302 10271 20059 39079 40099 52009 60001 333 30020 51131 70000 555 10156 29026=
40791 12965 02102 10326 21088 39302 40060 51017 60001 333 30022 51181 70000 555 10145 29006=
40792 12965 02802 10285 21052 38715 40071 52014 60001 333 30013 51171 70000 555 10130 29011=
40798 12960 01201 10255 21071 37985 40059 52009 60001 333 30006 51051 70000 555 10108 29011=
40800 12960 00302 10318 20000 38464 40048 52013 60001 333 30012 50841 70000 555 10153 29013=
40809 12962 00903 10305 21092 38495 40046 52006 60001 333 30011 51581 70000 555 10130 29007=
40811 12960 03102 10364 20126 30001 40025 51006 60001 333 30024 51001 70000 555 10219 29024=
40812 12960 01403 10386 20038 39672 40017 52010 60001 333 30022 51211 70000 555 10195 29012=
40818 12965 03303 10270 21028 37990 40036 50001 60001 333 30010 50741 70000 555 10124 29014=
40821 12965 03204 10274 20021 38781 40067 52017 60001 333 30016 51201 70000 555 10143 29019=
40829 11912 03518 10321 20013 39520 40050 51012 60001 70730 333 30023 52361 70000 555 10164 29014=
40831 12960 03107 10403 20114 30033 40041 53009 60001 333 30028 52481 70000 555 10227 29018=
40833 12960 02001 10360 20129 30015 40045 52025 60001 333 30022 50921 70000 555 10219 29025=
40835 12960 00000 10359 20128 39264 40032 52007 60001 333 30018 51001 70000 555 10214 29025=
40841 12970 01502 10308 21072 38250 40039 53008 60001 333 30008 50881 70000 555 10132 29008=
40845 12960 00000 10363 20282 30034 40039 52014 60003 333 30026 50721 70000 555 10302 29063=
40848 11958 00000 10300 20126 38508 40026 51009 60001 70500 333 30014 51001 70000 555 10190 29034=
40851 12960 00000 10307 20058 38263 40019 51012 60001 333 30017 50701 70000 555 10164 29021=
40854 12960 03602 10379 21111 38904 40010 50008 60001 333 30023 51231 70000 555 10160 29004=
40856 12962 00405 10296 21050 38625 40044 51007 60001 333 30010 51311 70000 555 10134 29010=
40859 11958 00000 10328 20102 38678 40025 51008 60001 70500 333 30018 51151 70000 555 10190 29025=
40875 11540 31202 10348 20281 30038 40048 51012 60001 70510 83500 333 30029 50881 70000 83625 555 10298 29068=
40879 11958 02203 10358 20167 39404 40030 50004 60001 70500 333 30026 51341 70000 555 10232 29032=
40882 11930 01404 10352 20284 30009 40041 53014 60001 70500 333 30028 50721 70000 555 10301 29068=
40883 11940 00905 10349 20262 30021 40042 52013 60001 70500 333 30030 50541 70000 555 10286 29061=
40893 11957 01207 10311 20257 30041 40047 50011 60001 70500 222// 00300 20302 333 30029 50821 70000 555 10272 29073=
40898 11556 31503 10309 20253 30037 40046 50002 60001 70500 83600 222// 00304 20900 333 30026 50791 70000 83720 555 10269 29072=
41024 42960 03410 10345 20220 30054 40079 333 20304 58001==
41036 42960 03010 10284 21030 38563 48515 333 20230 58007==
41055 42960 03212 10279 20030 38371 48513 333 20238 58010==
41061 42960 03502 10351 21040 39382 40045 333 20263 58010==
41084 42960 02705 10310 20100 38836 48508 333 20270 58012==
41112 42960 00214 10248 20090 37957 48510 333 20197 58003==
41114 42960 00316 10250 20080 37992 48511 333 20200 58006==
41128 42960 00506 10332 21010 38791 48512 333 20250 58005==
41136 42960 02308 10346 20080 39269 40034 333 20260 58010==
41140 41959 02306 10337 20270 30063 40072 70500 333 20298 59004==
41150 42964 03205 10357 20269 40037 333 20306 30030 58010=
41176 44/56 /2106 10336 20259 30028 40034 333 20269 58010=
41184 42960 01210 10374 20219 40043 333 20249 58016=
41194 12960 01706 10361 20215 30035 40040 60001 333 20304 58016=
41216 42960 03305 10344 20246 30035 40039 333 20298 58013=
41217 42960 00106 10354 20212 30009 40037 333 20285 30026 58015=
41255 32860 12003 10325 20220 39545 40083 81030 333 20259 3/028 58012 81358=
41256 32960 00106 10362 20254 30028 40045 90545 333 20282 58015 55407 55408 55507 55508=
41258 36/// /0609 10305 20289 30036 40040 333 0E/// 20295 55310 21760 58017=
41267 36/// /0604 10310 20249 30038 40050 333 0E029 20281 58016=
41275 36/// /1405 10324 20209 39907 40070 333 0E026 20259 55300 21731 58017=
41288 36/// /1308 10284 20242 30044 40065 333 0E027 20258 58009=
41315 26/70 /0000 10274 20231 39260 47482 333 0E024 20208 55300 27865 58000 70000=
41316 32470 71907 10280 20247 30039 40068 87600 333 20250 58000 55407 55408 55507 55508 84715 87625=
41397 61804 10280 2//// 40228 53021 70222 8444/ 22200 00260 20301 314// 41003=
41398 60216 10270 20256 40100 54000 75452 86744 22234 00300 21002 80260=
41480 42960 20903 10332 20261 30059 40068 82030 333 20292 30/// 59001 82360=
41497 13512 10300 20274 40170 54000 70299 81101 22200 06270 20000 80280=
41498 62011 10300 20258 40090 56030 70211 85266 22214 00310 20401 318// 40501 80270=
41506 02997 01802 10280 20161 38462 48459 60001 333 58013 60007=
41508 02697 20000 10272 20179 38626 48504 60001 82200 333 56900 58017 60007 82835=
41515 02997 00000 10281 20135 38470 48433 60002 333 58001 60007=
41523 02697 32704 10275 20202 39041 48489 60001 83200 333 56900 58021 60007 83840=
41535 02697 20000 10245 20176 38684 48464 60031 82600 333 56900 58014 60007 82835=
41536 02597 30000 10265 20199 38989 48486 60001 83200 333 58015 60007 83830=
41560 02997 30000 10260 20171 38264 48477 60001 85030 333 56090 58003 60007 83360=
41571 11696 31804 10295 20200 39512 40067 60001 70500 82830 333 56990 58021=
41598 32614 10160 20056 40230 54000 70211 82298 22254 00200 21002 326// 41104 80110=
41600 01696 71302 10280 20237 39767 40049 60151 70429 83520 333 56990 58004 60007 83645 85460=
41620 32696 23602 10285 20162 38540 48447 60001 82500 333 56900 58013 60007 82640=
41624 02997 20000 10290 20255 39863 40055 60141 82020 333 56090 58027 60007 82460=
41630 01696 50506 10315 20260 40060 60001 70420 82530 333 56990 58016 60007 82640 83360=
41640 01996 20000 10310 20222 39819 40056 60001 70400 82030 333 56090 58014 60007 82360=
41660 02997 03108 10295 20089 38410 48496 60001 333 58015 60007=
41678 01996 40000 10350 20220 40057 60001 70500 84020 333 56090 58038 60007 84460=
41696 02997 00000 10260 20070 37992 48480 60001 333 58008 60007=
41697 53015 10320 20279 40120 5//// 70311 8/464 22233 06300 20301 323// 40504 80290=
41700 01996 00000 10355 20259 40040 60001 70400 333 58024 60007=
41710 11996 01302 10360 21064 39280 49995 60001 70600 333 58022=
41712 12997 00504 10360 20013 39129 48492 60001 333 58019=
41715 01996 01302 10350 20283 39979 40040 60001 70500 333 58016 60007=
41718 01996 00000 10350 20268 39937 40034 60001 70400 333 58012 60007=
41725 02996 02702 10350 20261 39963 40037 60001 333 58020 60007=
41739 02996 00000 10325 20124 38980 48469 60001 333 58007 60007=
41744 12996 00000 10285 20072 38700 48436 60001 333 59019=
41749 02996 01306 10330 20276 30012 40045 60001 333 58015 60007=
41756 01496 42306 10305 20241 39985 40048 60001 70504 84600 333 56900 58004 60007 84715=
41759 01696 50000 10305 20249 30053 40058 60001 70511 85500 333 56900 58012 60007 85640=
41764 02996 02106 10320 20250 39998 40046 60001 333 58014 60007=
41768 02596 42304 10300 20265 30047 40054 60001 84600 333 56500 58014 60007 84720=
41780 01596 72306 10295 20245 30028 40055 60001 70400 87600 333 56900 58005 60007 84720 86630=
41785 02697 62304 10300 20258 30041 40056 60001 84530 333 56596 58012 60007 84640 82360=
41859 02450 60502 10354 20260 39994 40031 83520 333 59015 70000 83618 86458==
41883 02450 81302 10346 20280 30012 40032 8542/ 333 59010 70000 83618 83828 88458==
41891 41445 50000 10336 20260 39992 40029 70522 83330 333 59006 83616 85365 81930==
41898 21022 10190 20160 40160 54000 70222 82002 22253 06240 21002 80180=
41907 02456 60000 10345 20270 30012 40026 86800 333 59014 70000 83615 83825==
41923 11456 61802 10341 20260 30022 40032 60046 70396 83530 333 59015 70138 83615 86365==
41936 11450 31705 10346 20270 30019 40025 60001 70552 81530 333 59015 81615 83362==
41943 02440 61802 10340 20250 30020 40027 83510 333 59010 70360 83616 84458==
41950 11450 30000 10338 20270 30029 40031 60026 70162 83400 333 59004 70047 83617==
41978 02458 62007 10324 20250 30026 40032 83530 333 58001 70070 83618 86360==
41992 01430 60000 10320 20260 30032 40034 70521 83520 333 59005 70120 83616 86460==
42001 07051 99259 70897 46/// /1304 10299 20282 30075 40078 90530 333 91205 555 11045 22048 8//05 90525=
42027 31595 73201 10240 20166 38396 48477 70522 84510 333 58014=
42044 32596 83601 10214 20155 38268 48496 8453/ 333 58018=
42045 32596 80000 10230 20170 38303 48425 8452/ 333 58015=
42056 21696 50000 10286 20237 39631 40436 70196 82530 333 58008 6990/ 82635 84360=
42071 32596 40000 10324 20292 40061 84500 333 58013 84625=
42097 07061 99257 70837 46/// ///// 1//// 90556 22200 00301 10401 20401 70005=
42101 21596 80000 10264 20264 40074 76062 8582/ 333 58017 6009/ 83630 85835 88458=
42111 21494 80000 10276 20242 39373 40038 71062 8572/ 333 58014 6994/ 83712 84618 88458=
42123 32596 40701 10318 20262 40048 82530 333 58012 82630 84360=
42131 21696 80901 10280 20260 40062 76062 8552/ 333 58020 6992/=
42165 32996 00000 10330 20254 40037 333 58016=
42182 31595 50502 10296 20257 40050 71022 83330 333 58006 83630 81935 84360=
42189 31595 71801 10324 20269 40045 71021 83830 333 58001 83630 85835 87360=
42309 22540 30901 10350 20279 40030 83200 333 59016 60005==
42314 32596 39902 10350 20267 40028 81130 333 59014 81825 83360=
42328 31995 02302 10328 20252 40025 70500 333 58016=
42339 31695 63202 10306 20258 40052 70522 86800 333 58012 82635 84840=
42348 21495 71104 10264 20250 40052 76162 86720 333 56290 58010 6001/ 83715 83625 88458=
42361 31596 40000 10328 20264 40036 70510 84400 333 58001 82620 84825=
42369 31596 41602 10345 20287 40041 70510 84400 333 59006 82620 84825=
42379 31595 50000 10340 20268 40035 70510 85500 333 59011 85620=
42410 31596 30000 10362 20281 40031 70500 83500 333 59012 83620=
42415 32596 20000 10358 20276 40039 82400 333 59015 81620=
42452 21596 72702 10282 20257 40042 71062 85520 333 58016 60001=
42492 31596 50000 10336 20273 40032 70522 85400 333 59015 83620 83825=
42559 32596 82301 10304 20250 40024 8452/ 333 59002 84620 88458=
42571 32596 60000 10314 20267 40034 83530 333 58000 83625 85360=
42591 31595 31104 10340 20280 40034 70500 82430 333 59011 82620=
42623 32496 31402 10318 20231 39195 40023 82530 333 59007 82618 83360=
42634 32596 52302 10308 20239 40074 85500 333 58013 85620=
42647 31596 53204 10310 20244 40072 70522 85800 333 56700 58013 82620 83825=
42667 21495 72305 10260 20257 39478 40055 76062 84730 333 58003 6990/ 82710 84620 85360=
42675 32596 52301 10306 20252 40038 83230 333 59001 83830 85360=
42701 31596 40000 10314 20260 39322 40021 70522 84400 333 59009 83620 83825=
42724 32496 51403 10344 20273 40028 83401 333 59011 83618 83825=
42737 32596 42706 10300 20249 40072 82530 333 58011 82620 83358=
42754 32596 62908 10274 20231 39432 40052 84830 333 58012 82620 83825=
42779 32596 50000 10310 20255 39361 40032 85800 333 59002 82620 84825=
42798 31496 51105 10340 20256 40023 70522 85400 333 59007 83615 83825=
42809 32596 60502 10344 20270 40028 86200 333 59009 86820=
42840 32596 62703 10302 20254 40075 84830 333 58006 82620 83825=
42867 31496 72903 10320 20243 40044 70522 85830 333 58001 83618 83825=
42874 31596 62301 10320 20258 40038 70310 86500 333 59002 82620 86825=
42886 32596 41404 10338 20266 40031 84400 333 59010 83620 84825=
42895 32496 60503 10338 20272 40030 84430 333 59005 84618 83360=
42909 32596 52708 10308 20269 40078 83830 222// 20000 333 58007 82620 83358=
42971 21496 70504 10330 20266 40024 72196 86330 333 56190 57932 59015 6991/ 85616 81930 87360=
43003 31495 72706 10310 20260 40083 70522 85830 333 58006 82618 83825 85360=
43014 21496 82703 10264 20236 39431 40066 75042 86620 333 58007 6990/ 83712 84620 88458=
43041 31596 83202 10284 20245 39437 40037 70522 8451/ 333 58000 84620 88458=
43063 32597 72703 10274 20220 39467 40078 87700 333 56600 58008 83722 84626=
43086 32597 53202 10310 20279 39874 40047 83531 333 59002=
43110 32496 32504 10300 20255 40099 83500 333 58001 82618=
43117 32597 62302 10306 20254 40066 85401 333 59001=
43128 31496 72708 10266 20231 39472 40070 70522 85730 333 56690 58005 82710 84615 87360=
43150 32596 80000 10310 20271 39974 40034 84531 333 59005 84620 86360=
43185 32597 82705 10314 20263 30043 40046 8487/ 333 58004 83620 86360=
43189 32597 80000 10312 20266 30032 40041 8487/ 333 58000=
43192 32596 72303 10308 20269 40097 83772 333 58000=
43198 21397 62910 10250 20238 39272 40088 72162 85601 333 56609 58004 6993/ 84707 84612=
43201 32497 62702 10274 20222 39351 40063 85430 333 58002 83612 83818 85358=
43213 32597 72305 10294 20229 39756 40067 83831 333 58007=
43233 32497 72706 10270 20233 39290 40094 84610 333 56690 58001=
43237 32597 82906 10298 20221 39669 40053 8357/ 333 58003 83620 87360=
43245 32597 82705 10304 20240 30042 40068 83417 333 58004=
43279 32597 83205 10310 20235 30058 40075 8553/ 333 58005 85620 85360=
43284 21296 82306 10280 20254 39989 40104 70264 85971 333 56599 57942 58002 6001/ 82705 82612 81925 87458=
43295 32497 62704 10264 20164 39092 48510 84830 333 56690 58005 83612 83818=
43314 31597 62302 10316 20263 40112 70262 83831 333 58003=
43321 31496 62314 10308 20213 39650 40088 70522 82507 333 58005 82612 85270=
43329 32997 70000 10318 20250 30063 40076 82031 333 58004=
43333 31495 72311 10302 20257 40063 70562 87400 333 58001 84618 86820=
43344 31496 62715 10342 20226 39983 40080 70522 82531 333 58007 82616 83360=
43353 31496 42704 10300 20258 40114 71021 81520 333 56790 58005 81608 83612=
43369 31496 42704 10300 20258 40114 71021 81520 333 56790 58005 81608 83612=
43371 32497 43202 10310 20254 30037 40109 82431 333 58004 82618=
43404 22470 72103 10315 20276 30082 40085 51002 85/// 333 553// 20236 58012 60008 82920 91007 555 60008==
43410 22470 7//// 10336 20241 30081 40084 58002 83106 333 58010 60008 83/18 555 60008==
43413 22/70 72106 10300 20257 30093 40098 5/004 333 553// 20343 58013 60008 83818 91010 555 60008==
43415 22470 62302 10336 20249 39988 40096 52004 83000 333 58011 60008 70000 555 60008==
43418 22470 62305 10346 20231 30042 40083 50002 84106 333 58009 60008 555 60008==
43421 224// 62603 10327 20239 39993 40096 52001 86000 333 553// 20323 58010 60008 91008 555 60008==
43422 22470 62303 10310 20237 39963 40094 57001 85200 333 58004 60008 555 60008==
43424 22470 62005 10309 20257 30097 40099 52006 86000 333 58006 60008 70000 555 60008==
43436 22470 63201 10340 20220 30076 40079 56006 81000 333 58008 60008 70000 555 60008==
43441 21460 82303 10309 20251 39962 40093 57006 78082 86000 333 58001 69928 70002 555 69928==
43444 21470 72305 10264 20227 39574 40104 58003 72582 86000 333 58007 69978 70020 555 69978==
43450 22470 72307 10300 20253 30101 40113 54000 85103 333 58007 60008 84/16 81/20 555 60008==
43466 21/70 62303 10299 20241 30101 40109 5/005 70288 333 553// 20550 58002 60008 84/18 91007==
43467 21464 52504 10318 20256 30103 40109 57006 70382 85200 333 58000 60008 70002 555 60008==
43473 21268 72704 10178 20160 38127 48490 57004 76052 87000 333 553// 20211 58002 60008 91008 555 69908==
43475 22470 52503 10355 20210 30075 40079 57013 81106 333 553// 20519 58006 60008 91009 555 60008==
43476 22466 72304 10241 20181 38775 48523 56002 87000 333 58003 60008 70000 555 60008==
43479 22470 41603 10309 20173 39250 57008 83000 333 58005 60008 555 60008==
43486 21460 70002 10303 20257 30005 40103 57012 72588 86000 333 553// 20662 58000 60008 91003==
43495 22470 72504 10298 20261 30097 40110 57006 84000 333 58006 60008 70000 555 60008==
43497 21/70 42206 10304 20000 30083 40100 52010 70281 333 58009 69998 70009 83076 82/18 91009==
44212 42584 62002 10171 20003 39018 40073 52005 86800==
44213 42684 73002 10139 20060 38713 40087 52022 87500==
44214 41/60 82303 10123 21047 38217 40085 58004 71566 8802/==
44215 41660 82503 10116 20071 38349 40106 52017 72162 885//==
44217 41596 80000 10047 20003 37820 40177 51001 70262 8802/ 333 91202=
44218 42684 70404 10218 20023 38513 40017 57003 84241==
44219 31999 32010 10272 21050 38512 49970 57016 70730 80008 333 91113 91210=
44265 42984 22803 10245 20016 38752 40028 57010 80001==
44266 31999 42209 10199 21034 37737 40016 57006 70931 80008 333 91116 91209=
48010 42560 31801 10320 20265 39894 40042 83800 333 59018==
48020 42360 30401 10340 20257 83900==
48025 42458 60000 10344 20270 39915 40049 59015 84341==
48031 42257 01801 10235 20191 888//==
48048 42558 41801 10335 20270 39992 40046 83850 333 59014==
48052 32457 61802 10326 20258 86700 333 56900=
48062 42558 61805 10320 20281 30030 40036 84930 333 59003==
48064 42457 61401 10287 20259 39984 40040 84831 333 58003==
48071 41456 82304 10298 20266 30046 40054 76066 8692/ 333 58006==
48094 41457 80000 10275 20265 30047 40057 76066 8597/ 333 58007==
48109 41440 82305 10276 20250 30061 40065 70265 8697/ 333 58002==
50557 14/80 /2504 10214 20096 39795 40081 57013 60001 333 10239 20052 3/005 58022 70000 90761 91107==
51076 14/80 /0901 10133 20103 39295 40138 52014 60021 333 10214 20114 3/013 58043 70017 90761 91108==
51087 14/80 /3107 10158 20045 39135 40106 52013 60001 333 10295 20142 3/014 58034 70000 90761 91114==
51156 14/75 /2909 10101 20047 38673 40146 52024 60001 76000 333 10203 20096 3/008 58042 70009 90761 91117==
51243 14/79 /3601 10139 20105 39640 40165 52027 60061 76000 333 10292 20132 3/014 58096 70061 90761 91113==
51334 14/70 /1002 10147 20113 39796 40185 52016 60051 76000 333 10285 20136 3/014 58113 70084 90761 91107==
51379 14/80 /2905 10218 20076 39212 40099 52006 60001 333 10291 20141 3/012 58044 70000 90761 91112==
51463 14/80 /3606 10154 20082 38997 40128 52012 60001 333 10266 20137 3/011 58062 70000 90761 91109==
51573 14/68 /2001 10339 20085 39964 40009 57014 60001 333 10362 20245 3/023 59051 70000 90761 91104==
51644 14/61 /2202 10274 20062 38852 40027 57006 60001 333 10276 20120 3/014 59051 70000 90761 91105==
51656 14/60 /1601 10252 20121 39041 40030 57009 60001 333 10285 20131 3/008 59052 70000 90761 91104==
51709 14/71 /2202 10277 20076 38548 40006 57003 60001 333 10277 20167 3/015 59041 70000 90761 91104==
51711 14/78 /2603 10215 20077 37958 49972 57011 60001 333 10221 20116 3/009 59046 90761 91108==
51716 14064 01602 10286 20035 38811 40013 57009 60001 333 10302 20141 3/014 59053 70000 90761 91104==
51765 14/63 /2502 10292 20088 39092 40020 57008 60001 333 10303 20126 3/011 59058 70000 90761 91104==
51811 14/63 /3402 10265 20102 38696 40013 57005 60001 333 10292 20158 3/014 59048 70000 90761 91103==
51818 14/64 /1001 10270 20102 38553 40010 57008 60001 333 10287 20156 3/015 59049 70000 90761 91103==
51828 14/58 /0403 10281 20062 38547 49992 57006 60001 333 10281 20195 3/016 59053 70000 90761 91106==
51886 14/80 /1402 10207 21077 37112 49965 57017 60001 333 10216 20089 3/006 59051 70000 90761 91108==
52203 14/73 /0301 10319 20054 39193 40012 57022 60001 333 10320 20136 3/011 59069 70000 90761 91105==
52602 14/80 /1902 10213 21082 37267 40027 57022 60001 333 10214 20037 3/000 59052 70000 90761 91107==
52681 14/77 /1003 10212 20141 38599 40083 57021 60001 333 10213 20115 3/010 59064 70000 90761 91107==
52818 14/80 /1003 10240 20049 37226 49988 57024 60001 333 10240 20058 3/003 59066 70000 90761 91107==
52908 14/80 /2105 10125 20026 35836 40020 57012 60001 333 10129 21008 3/103 59023 70000 90761 91110==
53463 14/80 /2203 10206 20133 38869 40146 57015 60001 333 10209 20131 3/011 59012 70069 90761 91109==
54857 14/73 /1803 10270 20178 30059 40149 57008 60001 333 10299 20208 3/020 58015 70000 90761 91106==
55228 14/80 /2302 10146 20005 36078 49942 57002 60001 333 10186 20080 3/006 58011 70000 90761 91108==
55299 14/80 /1904 10145 20033 35914 49962 57012 60001 72100 333 10149 20070 3/006 59006 70001 90761 91106==
55578 14/80 /3403 10201 20054 36416 49932 57014 60001 333 10223 20116 3/011 58003 90761 91109==
55591 14/79 /2503 10204 20074 36563 49933 57013 60001 333 10232 20126 3/013 58001 70005 90761 91106==
55664 14/80 /0802 10175 20015 36059 49938 57016 60001 333 10198 20084 3/009 58002 70000 90761 91107==
55773 14/80 /1107 10140 20038 36078 40008 57005 60001 333 10144 20050 3/004 58004 70000 90761 91110==
56004 14/80 /1904 10146 20028 35884 49963 57019 60001 333 10147 20022 3/101 59028 70000 90761 91109==
56018 14/80 /1901 10184 20046 36236 49959 57017 60001 333 10184 20063 3/005 59005 70000 90761 91104==
56116 14/80 /1302 10157 20067 36396 40015 57016 60001 333 10180 20081 3/009 58011 70073 90761 91105==
56299 70008 83921 555 90600=
56312 14/80 /1803 10224 20074 37108 49989 57021 60001 333 10234 20154 3/015 59004 70000 90761 91107==
57494 14/68 /0202 10357 20237 30071 40099 57019 60001 333 10361 20254 3/026 58009 70000 90761 91107==
58847 14/69 /0802 10334 20243 30000 40096 57014 60001 333 10334 20283 3/027 58016 70000 90761 91108==
62306 42560 22708 10277 20241 40130 52008 82100 333 20245==
62309 42960 03108 10295 20214 40112 333 20247==
62332 42960 02611 10283 20243 40110 52005 333 20266==
62337 42960 02301 10290 20230 40109 52007 333 20230==
62366 45560 33103 10265 20223 40111 52006 83200 333 20257==
62387 42960 03509 10276 20215 40117 52010 333 20244==
62393 42960 00000 10297 20157 40142 52007 333 20241==
62405 42960 02504 10310 20153 40109 52009 333 20260==
62414 42960 00404 10316 20119 40118 52009 333 20275==
62419 42960 00303 10323 20158 40107 52008 333 20270==
62420 42960 03503 10260 20212 40125 52006 333 20234==
62435 42960 00603 10295 20112 40109 52009 333 20216==
62440 41956 02708 10272 20206 40115 52005 70500 333 20240==
62455 42960 03307 10282 20219 40118 333 20257==
62458 42960 03208 10289 20179 40100 52008 333 20278==
62459 41956 03011 10300 20230 40092 52010 70500 333 20259==
62465 42960 03112 10324 20181 40093 52012 333 20278==
62880 32970 70000 10255 20190 39604 40107 87070 333 1036/5 2022/056090 59003 87365 VP 22/2=
63210 32580 12908 10349 20260 40068 81200 333 20328 58017 81833=
63227 32980 02517 10304 20170 40149 333 20258 58///=
63330 12580 20702 10192 20157 37818 40294 60094 81130 333 20120 58001 81822=
63331 11575 3//// 10182 20133 38122 40262 60044 710// 83130 333 20135 58000 83827=
63332 12580 21802 10180 20150 38230 40135 60024 82500 333 20140 59005 82625=
63333 12580 60000 10190 20133 38188 40206 60204 85800 333 20144 58009 82625 83826=
63334 11570 60000 10150 20134 37664 4//// 60084 7102/ 86800 333 20124 58011 83824 84625=
63340 12580 30000 10155 20139 37977 40208 60234 81130 333 20123 58010 81822 83358=
63402 11560 80000 10170 20167 3//// 4//// 60154 7606/ 8322/ 333 20152 5//// 83826 86460=
63403 11/00 93502 10154 20154 60224 7434/ 333 20135=
63450 11560 52103 10170 20138 37770 40293 60324 71022 84230 333 20115 58003 84822 83358=
63453 32580 41907 10248 20177 39079 40307 81130 333 20205 58003 81824 84356=
63460 32580 30000 10200 20151 83100 333 20150 83824=
63471 32580 60902 10256 20144 38867 40110 82130 333 20195 58000 82828 85358=
63474 32980 01804 10160 20110 37621 4//// 333 20098 58001=
63500 32580 10901 10240 20166 81100 333 20168 81823=
63533 32580 72506 10191 20144 38558 4//// 87800 333 20154 58000 83823 85625=
