SIPK OPKC 091500=
41504 22695 52306 10240 20076 37763 48360 83510 333 56990 59042 60007 83640 82460 35%=
41507 22996 00000 10290 20203 39179 49667 333 59017 60007 59%=
41508 22996 02302 10231 20150 38587 48463 333 59019 60007 61%=
41509 22696 20000 10300 20131 38659 48414 82500 333 56900 59015 60007 82640 36%=
41510 21696 80000 10190 20125 37869 48447 75052 8352/ 333 56990 59018 69907 83640 85460 66%=
41515 22696 52306 10278 20155 38468 48430 82520 333 56990 58020 60007 82650 83458 47%=
41516 22996 00000 10230 20159 38423 48380 333 56000 59035 60007 64%=
41517 21696 30000 10210 20090 37726 48398 70500 83500 333 56900 59034 60007 83635 46%=
41518 22696 61802 10306 20088 38/// 48/// 83520 333 56990 5//// 60007 83640 83462 25%=
41519 22996 00000 10310 20135 38646 48400 333 59028 60007 34%=
41520 22695 21802 10200 20040 37586 48171 82500 333 56900 59017 60007 82640 35%=
41523 22996 00000 10270 20212 38994 48442 333 59018 60007 71%=
41524 22996 00000 10305 20178 49209 40002 333 59028 60007 47%=
41525 22996 00000 10175 20143 37660 48342 333 59017 60007 82%=
41528 22997 00000 10290 20194 39151 48478 333 58003 60007 56%=
41529 22996 20000 10320 20250 39636 49994 82030 333 56090 59029 60007 82360 67%=
41530 216// 50504 10320 20208 39594 49982 70522 82430 333 56990 59025 60007 82840 83360 55%=
41534 22996 00000 10305 20256 39593 49984 333 59025 60007 75%=
41535 22996 00000 10240 20195 38638 48417 333 59024 60007 76%=
41536 22996 00000 10250 20198 38943 48440 333 59023 60007 73%=
41560 22996 01302 10240 20156 38239 48452 333 59017 60007 60%=
41562 22996 00000 10335 20244 39556 49991 333 59032 60007 59%=
41565 22996 21302 10256 20211 38602 48477 82030 333 56090 59013 60007 82360 77%=
41567 21996 00000 10310 20239 39630 40025 70400 333 58011 60007 66%=
41571 219// 23104 10300 20198 39445 49994 70500 82030 333 56090 59028 60007 54%=
41572 21996 00000 10280 20231 39384 49977 70400 333 59026 60007 75%=
41573 22696 33602 10190 20167 37933 48436 83400 333 56900 59022 60007 83640 87%=
41574 22997 00000 10220 20167 38288 48457 333 59020 60007 72%=
41576 21996 00000 10320 20272 40002 70400 333 59027 60007 76%=
41577 21996 00000 10270 20242 39411 49998 70400 333 56000 59028 60007 85%=
41593 21996 00000 10330 20276 39780 49980 70400 333 59030 60007 73%=
41597 21996 30000 10320 20279 40004 70400 83030 333 56090 59025 60007 83362 79=
41598 21996 00000 10320 20272 39721 49977 70400 333 59028 60007 76%=
41599 21996 02304 10310 20261 39718 49992 70400 333 59028 60007 75%=
41600 21996 00000 10320 20272 49985 70400 333 59028 60007 76%=
41620 32996 01808 10305 20092 38487 48391 333 59021 60007 27%=
41624 21996 00000 10345 20247 49976 70400 333 59033 60007 57%=
41625 21996 00000 10320 20272 39787 49976 70400 333 59027 60007 76% 090924/1500Z=
41630 21996 00000 10340 20272 49996 70410 333 59031 60007 68%=
41633 22997 00000 10340 20272 4//// 333 5//// 60007 68%=
41634 22997 00000 10310 20241 3//// 4//// 333 5//// 60007 67%=
41635 21996 00000 10340 20279 3//// 4//// 70400 333 5//// 60007 71%=
41636 21996 00000 10330 20261 39815 49989 70400 333 59031 60007 67%=
41638 21996 00000 10330 20261 4//// 70400 333 5//// 60007 67%=
41639 21996 01304 10325 20248 4//// 70400 333 5//// 60007 64%=
41640 21996 00000 10325 20255 39760 49996 70400 333 59025 60007 67%=
41641 21996 00000 10320 20242 39739 49999 70400 333 59024 60007 64%=
41642 21996 00000 10305 20266 3//// 4//// 70400 333 5//// 60007 75%=
41643 21996 00000 10320 20258 39725 49987 70400 333 59030 60007 70%=
41644 22997 00000 10315 20281 4//// 333 5//// 60007 82%=
41646 21996 00000 10340 20257 39804 40004 70400 333 59028 60007 62%=
41652 21996 20000 10340 20265 39825 49993 70400 82030 333 56090 59040 60007 82360 65%=
41660 219// 02312 10260 21104 38377 48461 70500 333 59019 60007 08%=
41661 21996 03102 10270 20060 38325 48443 70540 333 59026 60007 26%=
41669 22996 00000 10345 20270 3//// 4//// 333 5//// 60007 65%=
41670 21996 00000 10330 20261 4//// 70400 333 5//// 60007 67%=
41674 21996 00000 10330 20261 3//// 4//// 70400 333 5//// 60007 67%=
41675 21996 00000 10340 20257 39852 49986 70400 333 59029 60007 62%=
41676 21996 00000 10345 20285 39872 40019 70400 333 59028 60007 71%=
41677 21996 00000 10330 20261 39826 49984 70400 333 59027 60007 67%=
41678 21996 00000 10350 20237 49996 70500 333 59038 60007 52%=
41679 21996 00000 10315 20281 4//// 70411 333 5//// 60007 82%=
41680 21996 00000 10335 20266 49991 70400 333 59023 60007 67%=
41685 22697 30000 10295 20209 38824 48429 83500 333 56900 59028 60007 83635 60%=
41696 22996 00000 10200 20053 38001 48501 333 58010 60007 38%=
41697 22996 02304 10355 20251 49981 333 59031 60007 55%=
41700 21996 00000 10350 20268 49982 70400 333 59027 60007 63%=
41701 21996 10000 10350 20253 49988 70400 81020 333 56090 59037 60007 81460 57%=
41710 21995 03116 10340 21079 49970 70700 333 59013 60007 06%=
41712 21996 01308 10345 21059 39100 48460 70600 333 59008 60007 07%=
41715 21996 00000 10330 20268 49984 70500 333 59033 60007 70%=
41716 21996 00000 10335 20259 39894 49992 70400 333 59033 60007 65%=
41718 21996 00000 10350 20283 40003 70400 333 59026 60007 68%=
41724 21996 00000 10340 20272 40001 70500 333 59029 60007 68%=
41725 22996 00000 10370 20260 49982 333 59032 60007 54%=
41726 22996 00000 10345 20270 39938 40004 333 59021 60007 65%=
41738 22996 02716 10380 20223 49996 333 59035 60007 41%=
41739 21995 03108 10345 20015 38974 48467 70500 333 59003 60007 12%=
41742 22996 01304 10315 20252 40004 333 59022 60007 69%=
41743 21996 00502 10350 20261 70500 333 60007 60%=
41744 22996 00000 10310 20059 38702 48440 333 59014 60007 21%=
41745 21996 01806 10330 20261 70500 333 60007 67%=
41746 22996 01802 10320 20265 49991 333 59032 60007 73%=
41747 22996 01304 10350 20261 49982 333 59025 60007 60%=
41748 22996 02304 10365 20246 49993 333 59045 60007 51%=
41749 22996 01306 10335 20251 49991 333 59033 60007 62%=
41756 21496 62306 10290 20248 40012 70500 86600 333 56900 59031 60007 86715 78%=
41757 21595 22310 10290 20248 30010 40022 70400 82600 333 56900 59037 60007 82720 78%=
41759 21995 02306 10295 20260 40015 71011 333 59030 60007 82%=
41764 22996 02112 10305 20249 39956 40004 333 59028 60007 72%=
41765 22996 02306 10310 20254 39970 40004 333 59027 60007 72%=
41766 22696 02308 10305 20256 40012 333 59020 60007 75%=
41767 22996 0//// 10310 20269 333 60007 79%=
41768 22996 02304 10315 20274 39997 40004 333 59027 60007 79%=
41780 22696 62308 10290 20240 39993 40020 86500 333 56900 59022 60007 86630 74%=
41783 22996 22304 10295 20245 39973 40002 82030 333 56090 59025 60007 82360 75%=
41785 22996 02304 10300 20258 30018 40031 333 59020 60007 78%=
41786 22996 02304 10320 20250 40019 333 59013 60007 67%=
41BKI 21996 30000 10320 20234 39582 49974 70420 83030 333 56090 59031 60007 83360 61%=
41SKP 21996 00000 10320 20273 4//// 70400 333 5//// 60007 76%=
43532 22996 00000 10300 20214 39214 49967 333 59014 60007 60%=
43533 22996 00000 10295 20232 39108 48424 333 59026 60007 69%=
43563 22997 00000 10306 20243 49988 333 59021 60007 70%=



Data Generated from File : D:\all data handling\Rmc_lhr\2024090915.FSU.txt
09/09/24 16:11:39
______________________________________________________________
15007 25/70 /1203 10249 20025 39647 40088 57014 7000/ 333 55307 0//// 20879 3//// 60007=
15020 25970 61303 10272 20020 39909 40094 57015 7000/ 80008 333 55310 0//// 21341 3//// 60007 91007 91108=
15023 25970 61406 10257 20023 39673 40072 57013 7000/ 80008 333 55310 0//// 21377 3//// 60007 91009 91110=
15056 25970 81203 10258 20029 39764 40094 57014 7000/ 80007 333 55310 0//// 21238 3//// 60007 91006 91108=
15069 25998 31002 10232 20027 39051 42735 57011 7000/ 80001 333 55310 0//// 21209 3//// 60007 91003 91106=
15073 25/70 /1604 10249 20034 39655 40094 57013 7000/ 333 55310 0//// 21559 3//// 60007=
15090 25970 61103 10271 20035 30018 40105 57014 7000/ 80006 333 55310 00703 21388 30310 60007 91005 91106=
15107 25970 51604 10252 20034 39308 42743 57019 7000/ 80005 333 55310 0//// 21384 3//// 60007 91006 91107 95000=
15108 22699 61504 10126 20025 38083 48474 57009 84071 333 55308 0//// 21059 3//// 60007 91007 91108 95100=
15109 25998 61404 10248 20033 39681 40091 57016 7000/ 81048 333 55310 0//// 21433 3//// 60007 91007 91108=
15111 25/70 /1604 10267 20021 39840 40087 57015 7000/ 333 55310 0//// 21536 3//// 60007=
15113 25970 61403 10265 20043 39944 40097 57015 7000/ 80006 333 55310 0//// 21384 3//// 60007 91005 91105=
15127 25999 61305 10244 20035 39238 42740 57020 7000/ 80006 333 55310 0//// 21460 3//// 60007 91008 91109 95000=
15148 25970 62001 10193 20002 38675 48458 57013 7000/ 80008 333 55310 0//// 21132 3//// 60007 91003 91106=
15150 25970 41602 10266 20047 39897 40097 57016 7000/ 80006 333 55310 0//// 21424 3//// 60007 91005 91105=
15154 25970 71803 10271 20035 39962 40095 57017 7000/ 80006 333 55310 0//// 21404 3//// 60007 91006 91106=
15168 25/70 /1405 10261 20041 39477 42737 57020 7000/ 333 55309 0//// 21179 3//// 60007=
15170 25998 71504 10252 20035 39332 42740 57018 7000/ 81018 333 55310 0//// 21327 3//// 60007 91007 91108=
15194 25970 51003 10254 20056 39813 40090 57018 7000/ 80008 333 55309 0//// 21338 3//// 60007 91006 91107=
15197 25/70 /1503 10271 20044 39902 40099 57017 7000/ 333 55310 0//// 21609 3//// 60007=
15215 25970 81304 10258 20045 39498 42741 56019 7000/ 80007 333 55307 0//// 21049 3//// 60007 91007 91108=
15217 25/70 /1805 10253 20043 39440 42747 57016 7000/ 333 55310 0//// 21327 3//// 60007=
15219 25/70 /1503 10271 20055 39974 40091 57018 7000/ 333 55310 0//// 21427 3//// 60007=
15238 25/70 /1304 10253 20035 39487 42745 57016 7000/ 333 55309 0//// 21169 3//// 60007=
15261 25/66 /1603 10233 20047 39308 42763 57016 7000/ 333 55310 0//// 21349 3//// 60007=
15262 22998 71503 1//// 2//// 38199 48/// 57012 80006 333 55310 0//// 21365 3//// 60007 91006 91107=
15265 25970 61603 10275 20061 30026 40096 57015 7000/ 80008 333 55310 0//// 21488 3//// 60007 91005 91105=
15280 22598 82109 10061 20011 37504 47073 57010 82037 333 55306 0//// 21012 3//// 60007 91011 91111=
15300 25999 82207 10251 20053 39470 42741 56017 7000/ 80007 333 55308 0//// 21199 3//// 60007 91010 91110=
15301 25970 82003 10180 20040 38601 48487 57013 7000/ 80007 333 55310 0//// 21204 3//// 60007 91007 91107 95000=
15302 25970 81402 10191 20051 38886 48471 56014 7000/ 80007 333 55306 0//// 21088 3//// 60007 91007 91107 95000=
15307 25/70 /1201 10265 20041 39916 40091 57021 7000/ 333 55310 0//// 21334 3//// 60007=
15310 25570 31402 10271 20116 30018 40099 57016 7000/ 81101 333 55310 00559 21495 30285 60007 91005 91105=
15324 25/70 /1701 10241 20055 39323 42751 57017 7000/ 333 55307 0//// 21026 3//// 60007=
15325 25970 70100 10157 20050 38460 48471 57012 7000/ 80006 333 55307 0//// 20969 3//// 60007 91002 91104=
15328 25570 51601 10268 20045 39756 40085 57019 7000/ 82370 333 55310 0//// 21172 3//// 60007 91004 91105=
15335 25570 41102 10249 20170 30098 40105 56015 7000/ 82231 333 55304 0//// 20828 3//// 60007 91002 91104=
15336 25/70 /1301 10254 20168 30103 40105 55014 7000/ 333 55310 0//// 21286 3//// 60007=
15349 25/70 /1601 10250 20047 39564 40084 56020 7000/ 333 55306 0//// 20967 3//// 60007=
15350 25970 30803 10277 20031 39983 40095 57023 7000/ 80002 333 55303 0//// 20811 3//// 60007 91005 91106=
15360 25970 00704 10227 20174 30090 40106 56017 7000/ 333 55310 0//// 21390 3//// 60007 91006 91107 92418=
15375 25999 41602 10270 20035 39747 40083 56021 7000/ 83041 333 55310 0//// 21472 3//// 60007 91004 91106=
15377 25997 31702 10274 20041 39881 40083 56023 7000/ 80002 333 55307 0//// 20979 3//// 60007 91004 91105=
15387 25970 00703 10239 20164 30105 40109 56015 7000/ 333 55310 0//// 21334 3//// 60007 91005 91107=
15402 25970 61402 10283 20071 30018 40088 57022 7000/ 80002 333 55310 0//// 21240 3//// 60007 91005 91105=
15405 25/70 /1202 10284 20054 30038 40097 57022 7000/ 333 55310 0//// 21483 3//// 60007=
15406 25/70 /1502 10279 20080 30049 40094 57018 7000/ 333 55310 0//// 21402 3//// 60007=
15408 25/70 /1003 10246 20135 39846 40098 57015 7000/ 333 55310 0//// 21419 3//// 60007=
15409 25/70 /1303 10233 20168 30061 40106 56012 7000/ 333 55310 0//// 21274 3//// 60007=
15419 25970 70702 10277 20079 39907 40090 56023 7000/ 80006 333 55309 0//// 21181 3//// 60007 91004 91106=
15420 25970 71202 10284 20066 39979 40083 56025 7000/ 80006 333 55309 0//// 21364 3//// 60007 91006 91107=
15421 25970 61303 10281 20060 39990 40094 56025 7000/ 80006 333 55310 00559 21434 30679 60007 91007 91107=
15422 25970 60801 10295 20072 39987 40082 56025 7000/ 80006 333 55310 0//// 21554 3//// 60007 91004 91105=
15425 25970 61102 10278 20046 30032 40092 57022 7000/ 80006 333 55308 0//// 21089 3//// 60007 91004 91105=
15434 22670 61104 10282 20036 39877 40072 57026 82270 333 55308 0//// 21217 3//// 60007 91007 91107=
15444 25/70 /1101 10289 20074 30026 40094 57020 7000/ 333 55310 0//// 21457 3//// 60007=
15455 25/70 /0803 10286 20074 39958 40080 56024 7000/ 333 55309 0//// 21177 3//// 60007=
15460 25970 50902 10283 20071 30067 40090 57022 7000/ 80006 333 55310 0//// 21319 3//// 60007 91004 91105=
15462 25970 50905 10253 20141 30018 40100 57014 7000/ 80006 333 55310 0//// 21435 3//// 60007 91008 91108=
15470 25970 71004 10294 20037 39952 40070 57026 7000/ 85072 333 55309 0//// 21131 3//// 60007 91006 91109=
15475 26/// /0704 10289 20075 30063 40082 56026 333 55310 0//// 21460 3//// 60007=
15479 25/70 /1103 10268 20096 39912 40094 57018 7000/ 333 55310 0//// 21422 3//// 60007=
15480 25970 51101 10236 20170 30088 40104 57016 7000/ 80002 333 55310 00648 21360 31285 60007 91004 91104 92428=
15489 25970 51105 10304 20020 39986 40072 56027 7000/ 83042 333 55310 0//// 21378 3//// 60007 91007 91110=
15491 25970 61003 10305 20048 30045 40073 56027 7000/ 80005 333 55309 0//// 21407 3//// 60007 91005 91107=
15499 25/70 /0804 10231 20178 30094 40103 57016 7000/ 333 55301 0//// 20276 3//// 60007=
15549 42970 61402 10277 20064 39689 40074 57021 80001 333 10293 20178 555 526//=
15552 42970 61102 10248 20160 30052 40098 57016 80005 333 10296 20197 555 558// 92033 92438=
15640 42976 60000 10290 20145 39792 40080 57018 80006 333 10290 20201 555 541//=
15655 42970 30512 10240 20150 30063 40094 57019 83061 333 10259 20184 555 557// 92036 92438=
15730 42670 81601 10300 20087 39696 40060 57024 82237 333 10308 20145 555 527//=
16627 42575 52506 10284 20166 30076 40082 57024 82106 333 82820 85070 91114 555 40000 47589 44230 50000 50210=
16650 42960 63406 10262 20154 30076 40085 57024 80001 333 91112 555 40000 47593 44260 50000 50196=
16667 42960 33504 10294 20179 30073 40083 57013 80002 333 91112 555 40000 47590 44250 50000 50220=
16706 42960 40406 10284 20174 30063 40070 56019 80002 333 91111 555 40000 47585 44260 50000 50214=
16723 42960 01508 10304 20152 30062 40075 57011 333 91112 555 40000 47584 44260 50000 50210=
16742 42960 02811 10262 20187 39933 40080 55005 333 91124 555 40000 47490 44275 50000 50214=
16749 42460 12514 10282 20204 30062 40075 57007 81100 333 91118 555 40000 47584 44260 50000 50230=
16754 42560 43210 10276 20193 30051 40096 57010 81101 333 81820 84070 91118=
16760 42960 33505 10252 20153 40097 57007 80001 333 91115=
16765 42960 02816 10270 20182 40087 57008 333 91127=
17022 42670 13503 10236 20185 39949 40107 57013 81100 333 81834 91111 92428=
17024 42670 30000 10261 20255 30026 40100 57013 83100 333 83835 91105 92428=
17026 42570 63603 10249 20200 30080 40117 57006 84255 333 84830 85359 91108 92428=
17031 42670 40506 10260 20207 30101 40107 58002 84200 333 84833 91115=
17034 41560 72104 10225 20207 30070 40114 57008 79522 84950 333 81925 83830 87358 91113 92437=
17038 42470 50302 10260 20218 30066 40111 55006 85200 333 81718 85835 91108 92418=
17042 42970 30000 10253 20228 30077 40115 57011 80001 333 83070 91107 92428=
17050 42970 42101 10307 20134 30032 40091 57020 80001 333 84070 91108=
17056 42970 01506 10256 20200 30086 40090 57017 333 91109 92428=
17060 42960 00512 10266 20164 30055 40093 57016 333 91118=
17070 42665 12204 10248 20146 39256 40083 57004 81100 333 81840 91112=
17074 42570 30101 10257 20172 39197 40078 57012 83200 333 83830 91105=
17084 42670 23202 10281 20154 39229 40084 57012 82200 333 82835 91107=
17085 42670 22501 10297 20119 39614 40075 57014 82100 333 82840 91111=
17092 42670 41705 10282 20120 38830 48482 57011 82230 333 82845 84358 91111=
17096 41560 62207 10236 20054 38249 48502 55004 71722 86900 333 81925 85835 91128=
17098 41660 41004 10228 20113 38217 48511 55007 70280 82140 333 82840 84358 91112=
17100 41470 50000 10256 20175 39159 40101 55005 72592 83930 333 82918 83837 85357 91107=
17112 42670 50310 10285 20164 30067 40069 57017 82205 333 82835 85270 91116 92418=
17115 42960 20115 10260 20173 30040 40088 57016 82030 333 82360 91122=
17116 42970 03608 10283 20175 39961 40076 57017 333 91112=
17124 42660 33309 10271 20110 39208 40078 57016 83100 333 83840 91110=
17128 42570 42707 10273 20090 39039 40082 57011 84900 333 81930 83840 91116=
17135 42670 32102 10285 20110 39242 40068 57014 83100 333 83840 91107=
17140 42665 50202 10242 20116 38685 48482 56009 85200 333 85835 91110=
17150 42960 00210 10300 20150 39950 40067 57018 333 91120=
17160 42670 32002 10283 20094 38978 48480 57009 83200 333 83840 91110=
17170 41560 62528 10228 20116 38361 48523 53003 79591 84950 333 82925 83840 86357 91041 91147 96029=
17175 42665 23005 10296 20188 30061 40065 57015 82100 333 82840 91109 92427=
17184 42670 22801 10342 20094 39954 40058 57017 82200 333 82840 91105=
17190 42670 43202 10282 20093 38939 48467 57011 84200 333 84840 91109=
17190 42670 43202 10282 20093 38939 48467 57011 84200 333 84840 91109=
17195 42670 33208 10301 20038 38926 48476 56010 83100 333 83840 91116=
17200 42660 51006 10305 20117 39139 40068 57011 83130 333 83840 85360 91109=
17202 42670 42010 10322 20068 39087 40060 57007 82130 333 82835 84360 91122=
17203 42670 61702 10294 20092 38851 48528 57010 84150 333 84840 86360 91111=
17210 41670 60901 10267 20150 39102 40069 50000 72999 83130 333 83840 86360=
17219 42565 13510 10315 20155 39934 40070 57013 81100 333 81830 91115=
17234 42670 32303 10324 20162 30004 40068 55005 83200 333 83840 91108=
17237 42670 22301 10322 20133 39584 40055 57016 82100 333 82840 91106=
17240 42570 31311 10274 20137 38989 40064 55006 83200 333 83830 91023 91123=
17244 42670 31403 10278 20082 38956 48480 57013 83100 333 83840 91112=
17248 42670 12503 10282 20103 38940 48477 57009 81100 333 81840 91111=
17250 42970 02304 10277 20057 38774 48483 55006 333 91112=
17260 42960 32406 10324 20120 39270 40033 57009 83030 333 83360 91115=
17270 42670 30000 10345 20134 39455 40052 57010 81230 333 81840 83360 91108=
17275 42670 30000 10321 20077 38951 48508 57009 83100 333 83840 91122=
17280 42660 51004 10344 20107 39320 40053 57009 83230 333 83840 85360 91113=
17290 42970 01905 10298 20193 30050 40080 55004 333 91108 92428=
17292 42670 21803 10288 20160 39352 40061 55006 82100 333 82840 91108=
17300 42560 31709 10299 20233 30019 40086 57005 83200 333 83830 91116=
17310 42670 52303 10324 20246 30067 40074 57007 82250 333 82835 85360 91108 92428=
17330 42970 01802 10307 20230 30062 40079 56009 333 91108=
17350 42660 32307 10345 20148 39986 40059 56009 82101 333 82835 83070=
17370 42670 22503 10323 20197 30071 40075 56009 82200 333 82835 91106 92428=
17375 42670 12103 10280 20223 30070 40072 57006 81100 333 81835 91109 92418=
33088 42997 01404 10260 20039 39931 40109 57017 555 1/030=
33135 42998 50601 10212 20053 30019 40159 57014 85030 555 1/023=
33177 42998 31305 10262 20035 39861 40081 57016 80001 555 1/035=
33317 42998 01405 10254 20034 39790 40103 57015 555 1/028=
33393 42960 61404 10249 20011 39711 40075 57012 80001=
33415 42998 41306 10256 21011 39717 40086 57014 80006 555 1/029=
33429 42998 21204 10252 20032 39705 40098 57012 80001 555 1/027=
33466 42698 10703 10247 20052 39956 40131 57014 81500 555 10028=
33506 41597 83603 10169 20107 39968 40156 57019 78082 889// 555 1/017=
33562 42960 01402 10270 20049 39829 40111 57017 555 1/032=
33587 42998 31303 10249 20076 39871 40117 57014 82051 555 1/025=
33658 42984 61107 10259 20019 39809 40087 57014 82031 555 1/027=
33663 42998 01402 10280 20004 30014 40103 57013 555 1/037=
33664 42998 51603 10262 21025 39798 40092 57010 80001=
33678 42898 22803 10264 20008 39916 40114 57018 80001=
33679 42997 01401 10275 20013 39930 40106 57015=
33711 42960 60806 10238 20049 39925 40122 57009 86030 555 1/026=
33745 42997 61602 10256 20035 39934 40113 57008 80001=
33748 42997 21402 10254 20071 39838 40103 57012 80001=
33754 42998 01102 10279 20053 39968 40103 57015=
33761 42570 31302 10257 20083 39897 40104 57017 82801 555 1/031=
33791 42982 80404 10233 20095 30008 40128 56009 8805/ 555 1/025=
33815 42598 32001 10258 20064 39905 40098 57013 81101=
33837 42978 01702 10234 20071 30057 40106 57016 555 1/027=
33881 42698 31203 10268 20093 39916 40098 57012 82131=
33883 42598 61602 10263 20097 39944 40097 57013 85802=
33885 42698 41004 10265 20088 39980 40104 57009 82101=
33892 42998 01002 10256 20101 39900 40096 57016=
33902 42598 80901 10268 20130 30052 40107 57028 885// 555 1/029=
33924 22598 60304 10240 20181 30090 40102 57012 86900 333 60002=
33946 21683 61402 10227 20185 39898 40105 57005 70198 83302 333 60082 83940=
33983 21597 61005 10251 20183 30050 40106 57005 70291 83330 333 69902=
34300 41697 71002 10241 20017 39992 40158 57017 70282 87500 555 1/025=
34336 12998 51002 10261 21026 30086 40183 56011 60002 83081 333 10283=
34344 62598 61102 10257 20008 30099 40181 56012 60002 82949 333 10285=
34356 62997 61303 10252 20035 30060 40198 57013 60002 80009 333 10278 91110=
34357 62998 61103 10238 21004 30044 40189 57013 60002 85034 333 10272=
34398 32598 71402 10252 20098 30206 40215 57007 83966 333 10300=
34415 42570 61102 10256 20006 30052 40142 56015 84380 555 1/026=
34438 62597 71206 10246 20008 39994 40173 57005 60002 84330 333 10280 91012 91112=
34445 61698 71005 10248 20003 30080 40186 56010 60002 70331 86970 333 10272=
34461 62597 81401 10249 20025 30146 40197 57012 60002 83536 333 10285=
34473 32597 81102 10263 20093 30173 40208 57010 83133 333 10280=
34476 62598 71002 10264 20057 30200 40207 57010 60002 82934 333 10286=
34504 42581 71003 10240 20072 39965 40128 57015 85530=
34535 62598 71005 10229 20035 30098 40166 56007 60002 86981 333 10278 91115=
34545 61698 70803 10251 21018 30069 40173 57010 69902 70282 82331 333 10276 91112=
34555 62598 70704 10223 20111 30102 40188 57013 60002 86544 333 10266=
34560 42997 61105 10249 20037 30015 40193 57016 83031 333 10265 91110=
34578 62997 81801 10253 20074 30187 40193 56014 60002 8807/ 333 10278=
34579 62598 70602 10264 20062 30155 40196 57014 60002 87500 333 10285=
34644 62597 80504 10242 20020 30081 40153 57018 60002 888// 333 10244 91110=
34646 62998 80803 10240 20111 30083 40159 57013 60002 86031 333 10252=
34655 62597 70806 10273 21027 30113 40169 56011 60002 87400 333 10288 91112=
34662 62998 80904 10267 20040 30173 40183 56015 60002 80006 333 10277 91111=
34691 32998 51602 10285 20058 30219 40208 57011 83032 333 10302=
34720 82598 70502 10230 20099 30100 40137 57007 60002 87500 333 10250=
34727 62597 60803 10255 20131 30100 40128 57006 60002 86400 333 10266 91110=
34743 62997 70904 10274 20002 30073 40156 57009 60002 87030 333 10289 91112=
34759 61597 60805 10260 20022 30036 40157 57005 60002 70732 82531 333 10291 91113=
34772 62998 71105 10266 20061 30186 40189 57008 60002 87071 333 10290 91113=
34785 62998 81206 10251 20079 30220 40199 57006 60002 83031 333 10290 91112=
34798 32998 60904 10205 20080 30236 40209 57009 80001 333 10277=
34824 61597 81002 10224 20185 30120 40125 57002 60012 78082 88300 333 10285=
34838 12597 80902 10259 20126 30039 40128 55012 60062 84439 333 10267=
34845 62598 81104 10278 20108 30030 40129 57011 69902 85530 333 10293 91111=
34858 12997 61004 10267 20073 30040 40140 55006 60002 85031 333 10289 91010 91113=
34861 11598 51309 10248 21006 39931 40158 57005 60002 70232 83930 333 10278 91014 91114=
34866 61798 71207 10258 21005 30177 40168 57003 60002 70232 85971 333 10289 91012 91113=
34880 62997 70902 10242 20118 30218 40194 57007 60002 85031 333 10279 91110=
34887 62998 80603 10234 20072 30205 40187 56009 60002 86037 333 10272 91111=
34949 62598 81102 10220 20134 39619 40130 57006 69902 8613/ 333 10247 91112=
34954 62598 51601 10265 20130 39967 40127 56025 60002 83401 333 10289 91110=
34958 12598 60903 10270 20120 39942 40126 55008 60002 86500 333 10290 91110=
34975 11998 61205 10246 20079 30164 40160 57005 60002 70232 80031 333 10289 91010 91114=
34984 62998 60606 10223 20091 30206 40177 57009 60002 80032 333 10263 91113=
35217 32997 61402 10242 20050 30207 40244 57007 83042 333 10290=
35302 32998 51402 10230 20101 30216 40236 57006 80001 333 10281=
35315 32998 21303 10253 20050 30190 40243 57008 80002 333 10279=
35344 32997 21301 10229 20101 39980 40247 56002 80001 333 10271=
35358 329// 20202 10229 20092 30079 40237 53001 82040 333 10256=
35368 329// 30701 10188 20113 39992 40243 53004 83040 333 10231=
35386 329// 03401 10124 20041 39748 40247 52011 333 10194=
35394 32998 03601 10135 20073 39594 40240 52010 333 10210=
35404 32698 71603 10265 20077 30216 40224 57004 82504 333 10299=
35406 32997 51402 10232 20056 30233 40235 57007 80001 333 10289=
35416 32998 43101 10247 20053 30136 40247 57009 80005 333 10282=
35426 32999 40000 10230 20096 39978 40248 57005 80001 333 10275=
35437 32998 50201 10240 20108 39952 40241 57006 82032 333 10263=
35449 32998 00000 10230 20104 30150 40246 57004 333 10248=
35497 329// 03601 10130 20023 39472 40233 52013 333 10210=
35498 329// 13201 10138 20015 39392 40226 52011 80001 333 10208=
35514 32998 20000 10239 20013 30244 40240 57006 80001 333 10280=
35522 32998 41402 10251 20058 30012 40244 57010 80001 333 10257=
35542 32998 00501 10220 20058 30119 40256 53009 333 10266=
35563 32998 03202 10149 20057 39518 40248 53016 333 10193=
35576 328// 23402 10190 20052 39806 40226 53008 82060 333 10226=
35582 329// 00504 10160 20089 39661 40227 58018 333 10215=
35594 329// 53304 10148 21009 39428 40221 52011 85040 333 10215=
35605 32998 81304 10240 20046 30247 40227 57004 80009 333 10278=
35633 32998 20401 10235 20072 30044 40242 57002 80003 333 10260=
35671 32998 10202 10198 20055 39827 40228 53008 80001 333 10245=
35699 329// 00000 10124 20032 39498 40219 53010 333 10222=
35700 32998 51504 10246 20050 30250 40228 57004 80005 333 10283=
35715 32998 61104 10251 20061 30249 40235 57009 80001 333 10290=
35739 32999 20703 10230 20092 30108 40237 58004 82040 333 10260=
35746 329// 20503 10214 20053 30182 40245 53004 80001 333 10247=
35777 329// 50000 10245 20080 39879 40194 53002 85030 333 10270=
35796 32997 10301 10186 20048 39794 40201 53012 80001 333 10245=
35849 329// 00102 10211 20068 30153 40234 53003 333 10265=
35895 32997 40000 10176 20053 39797 40213 52008 80002 333 10221=
35907 32998 63102 10230 20112 30222 40194 57006 80001 333 10266=
35925 32698 30704 10239 20046 30125 40227 57007 83400 333 10262=
35927 32998 30902 10249 20049 30221 57011 80003 333 10269=
35953 329// 03505 10226 20040 30100 40220 53006 333 10296=
35969 329// 00000 10211 20030 30051 40213 53007 333 10297=
35997 326// 50202 10186 20071 39799 40204 52013 84570 333 10223=
36335 329// 03401 10113 20023 39273 40251 52015 333 10191=
36358 329// 00000 10126 20038 39272 40238 52011 333 10185=
36394 329// 00000 10132 20075 39834 40236 52014 333 10227=
36397 326// 20000 10132 20065 39696 40232 52014 82400 333 10212=
36403 329// 02102 10105 20083 39881 40227 52008 333 10223=
36418 329// 22506 10157 20020 39631 40208 53012 80003 333 10226=
36421 329// 00000 10073 20058 39681 40226 53014 333 10209=
36428 329// 23302 10113 20074 39741 40219 53013 80001 333 10213 95090=
36439 327// 31702 10083 20056 39010 48545 52010 82501 333 10169=
36498 329// 00206 10161 20028 39469 40211 52016 333 10231=
36501 329// 20000 10139 20057 39519 40231 53017 82030 333 10206=
36535 325// 50000 10138 20060 39626 40224 53019 82330 333 10221=
36546 329// 00000 10136 20049 39701 40211 53017 333 10255=
36619 329// 00000 10186 20046 333 10273=
36622 329// 22102 10163 20016 39448 40200 53027 82040 333 10229=
36639 329// 00000 10169 20060 39612 40177 53015 333 10250=
36643 329// 02002 10124 20057 39586 40214 52011 333 10219=
36665 329// 00000 10146 20051 39517 40200 53014 333 10205=
36666 329// 02302 10116 20033 39741 40210 53010 333 10207=
36729 32998 20000 10146 20096 39724 40176 52011 80001 333 10255=
36736 325// 63003 10191 20060 39670 40183 53018 82531 333 10260=
36744 329// 70102 10201 20028 39773 40190 52009 87040 333 10253=
36770 329// 81601 10143 20087 39504 40189 52015 8807/ 333 10245=
36786 32999 20000 10140 20082 39316 40182 52012 80002 333 10240=
36796 329// 00000 10098 20035 39051 48529 53016 333 10230=
36803 32999 62202 10186 20120 39759 40176 53012 80004 333 10240=
36806 329// 01503 10158 20017 39745 40185 53014 333 10271=
36819 325// 82703 10172 20059 39620 40195 52010 86971 333 10228=
36821 325// 70000 10186 20078 39735 40192 52015 82932 333 10245=
36839 32598 82802 10166 20065 39128 40188 52019 82941 333 10224=
36843 329// 82401 10134 20062 39080 40195 52016 83032 333 10235=
36846 326// 81803 10123 20020 38647 48544 52015 889// 333 10214=
36859 325// 62201 10182 20043 39428 40157 52017 83945 333 10271=
36870 /15// 82301 10128 20110 39246 40213 52005 78088 889// 333 10203 555 60032=
36874 /25// 82706 10147 20083 39469 40205 52012 889// 333 10208 91118 555 69902=
36877 /16// 80901 10117 20090 39290 40226 52004 70282 889// 333 10180 555 60062=
36885 /15// 81804 10124 20092 39141 40221 52014 72582 889// 333 10194 555 60012=
36889 /14// 80000 11010 21014 37111 47138 52007 78582 889// 333 10055 555 60072=
36894 325// 82306 10183 20049 39496 40188 52020 8697/ 333 10250=
36905 329// 32102 10147 20036 38774 48536 52022 83070 333 10195=
36911 129// 80702 10146 20122 39315 40253 52024 6//// 8804/ 333 10177 555 530//=
36953 328// 50000 10125 20043 38220 48508 52016 82042 333 10198=
36974 116// 80000 10070 20070 38014 48550 52046 6//// 780// 889// 333 10235 555 530//=
36982 129// 73502 10025 21007 36571 47123 54000 6//// 87030 333 10075 555 530//=
37018 12698 52401 10272 20183 30041 40111 57010 69932 83902 333 10312=
37031 62597 70702 10250 20156 39938 40119 57007 69972 86530 333 10280=
37054 62698 80000 10235 20138 39774 40133 56007 60002 885// 333 10248=
37061 62997 61004 10266 20142 39975 40131 57003 60002 84031 333 10298 91111=
37085 62998 60908 10231 20161 30180 40154 57003 60002 80001 333 10278 91012 91115=
37171 12998 61301 10278 20175 30086 40103 57012 60002 86030 333 10293=
37228 62698 73101 10228 20154 39337 40114 57007 60002 81571 333 10259=
37235 62998 40000 10232 20175 39832 40128 57008 60002 80041 333 10261=
37472 62997 21505 10234 20198 30160 40139 57007 60002 82071 333 10254 91011 91112=
38149 32998 30603 10227 20048 30149 40221 57005 80002 333 10263 555 53008=
38178 329// 03203 10221 20021 39928 40188 57002 333 10256 555 53006=
38262 329// 00000 10196 20082 30140 40218 57013 333 10253=
38264 32998 13604 10213 20048 30130 40218 57001 80001 333 10253=
38345 12799 50000 10134 20034 38848 48555 52017 6//// 83932 333 10195 555 530//=
38353 129// 61401 10173 20078 39335 40191 52009 6//// 83031 333 10232 555 530//=
38388 12998 00701 10246 20053 30136 40202 57005 6//// 333 10278 555 530//=
38392 12997 00404 10224 20061 30109 40207 57003 6//// 333 10265 555 530//=
38396 32997 00202 10188 20081 30095 40215 53001 333 10256=
38403 329// 00203 10245 20061 30085 40198 57005 333 10262 555 53005=
38413 329// 03502 10228 21007 39942 40216 53011 333 10244 555 53005=
38457 32997 01901 10207 20038 39633 40191 52008 333 10258=
38462 326// 72302 10152 21012 38797 48553 52017 84951 333 10216=
38462 326// 72302 10152 21012 38797 48553 52017 84951 333 10216=
38507 12998 03502 10290 20038 30069 40164 57012 6//// 333 10316 555 530//=
38545 12998 00102 10186 20104 30034 40202 57007 6//// 333 10260 555 530//=
38565 329// 00000 10169 20045 39611 40185 53004 333 10238=
38579 329// 00000 10194 20080 39790 40188 52005 333 10242 555 53006=
38583 32997 00000 10185 20082 39888 40196 53006 333 10261 555 53008=
38599 22997 00705 10172 20089 39714 40210 52008 333   10219 69902=
38613 119// 81601 10133 20112 40239 52011 60032 702// 8809/ 333 10225 555 530//=
38616 115// 70902 10129 20106 39265 40255 52011 6//// 702// 87500 333 10208 555 530//=
38647 12998 00603 10272 20002 30111 40150 57009 6//// 333 10311 555 530//=
38656 12998 00902 10268 20006 30083 40185 57009 6//// 333 10294 555 530//=
38683 32997 03403 10208 20055 39920 40183 57003 333 10250 555 53008=
38687 12997 00203 10225 20050 39968 40190 57002 6//// 333 10255 555 530//=
38696 329// 00702 10183 20056 39361 40181 52008 333 10249 555 53008=
38713 229// 00901 10140 20013 39073 48550 51002 333   10212 69902=
38750 12997 03103 10283 20244 30179 40152 57013 6//// 333 10313 555 530//=
38763 12999 00704 10280 21027 30064 40162 57019 6//// 333 10308 555 530//=
38774 12998 01102 10270 20040 39995 40178 57006 6//// 333 10303 555 530//=
38799 32997 00203 10249 20004 39973 40191 53001 333 10288=
38806 32997 03603 10230 20041 39919 40166 54000 333 10264=
38812 32997 03003 10203 20038 39723 40155 57006 333 10270 555 53010=
38836 329// 30000 10241 20041 39218 40093 53010 80002 333   10283=
38880 12997 01105 10264 21016 39935 40174 56008 60002 333 10298 555 530//=
38886 12997 00401 10261 20048 39983 40197 57004 6//// 333 10301 555 530//=
38895 32996 00301 10235 20061 39913 40187 57005 333 10284=
38911 32997 03403 10238 20041 39897 40176 58007 333 10280=
38915 32997 02704 10254 20032 39857 40161 57003 333 10296=
38927 32960 01703 10223 21005 39795 40151 51009 333 10294=
38933 329// 00000 10202 20100 39675 40164 53002 333   10295=
38944 329// 00000 10230 20053 39584 40088 53003 333   10304=
38954 328// 12902 10184 20013 37930 48480 53023 81200 333   10262=
38974 12998 03402 10241 20002 39861 40177 58008 6//// 333 10295 555 530//=
38987 32996 03503 10231 21067 39453 40156 57004 333 10282=
40100 43/60 49906 10298 20232 30084 40099 57006 333 58///=
40155 54000 70000 83100 333 83820=
40180 42960 03305 10304 20222 30033 40079 57003 333 70000=
40199 429// /1702 10346 20229 30024 40047 57007 333 70000=
40265 41956 13013 10315 20154 39329 40081 57002 70511 81030 333 81310=
40270 41957 13012 10308 20147 39224 40069 57002 70500 80002 333 81070=
40272 41950 03012 10320 20138 39284 40067 57018 70500=
40340 42960 02007 10374 20150 39990 40051 57010=
40356 42960 02905 10373 20010 39112 48467 333 59017 555 04410 50017=
40357 42960 02110 10406 20000 39425 40013 333 59008=
40360 42960 02906 10375 20020 39482 40034 333 59012=
40361 42960 02114 10389 20020 39309 40036 333 59003=
40362 42960 43503 10432 20020 39542 40012 84030 333 58011 84359=
40373 42660 50310 10406 20030 39644 40030 85500 333 58003 85635=
40375 42960 02806 10357 20040 39212 40031 333 58001=
40394 42660 51212 10382 20070 38976 48488 85500 333 58005 85640 555 04410 50023=
40394 42660 51212 10382 20070 38976 48488 85500 333 58005 85640 555 04410 50023=
40400 42960 02808 10332 20210 30032 40059 333 59007=
40405 42660 21106 10410 20030 39330 40006 82500  333 58005 82640=
40417 42960 00606 10385 20110 30012 40026 333 59013=
40420 42960 00305 10415 21010 39826 40017 333 59013=
40430 42660 22809 10405 20030 39337 40023 82500 333 59005 82640=
40437 42960 00604 10397 21070 39372 40026 333 59005=
40439 42960 02615 10374 20190 30023 40041 333 59008=
40582 32860 20806 10420 20121 40020 55002 82030 333 55300 00000 10196 20127 30038 41406 51685 60166 55407 40089 82358 90401 91005 91113 91209 91305=
40703 42660 41705 10290 20106 38894 40082 54000 84300 333 10326 20152 70000 81935 83640 555 10180 29032 66666 00366 10370 20308 30280 50278 90260=
40706 42570 22602 10300 20046 38646 40081 56005 81402 333 10331 20176 70000 81632 555 10160 29020 66666 00385 10361 20310 30299 50298 90287=
40712 42660 30702 10250 20104 38668 40090 54000 83300 333 10314 20139 70000 81935 83640 555 10164 29040 66666 00304 10272 20244 30237 50234 90226=
40713 42662 10000 10313 20052 38649 40058 56010 81100 333 10337 20194 70000 555 10167 29019 66666 00341 10299 20281 30278 50277 90259=
40718 42960 00902 10266 20194 30175 40148 56005 222// 0//// 20301 333 10302 20216 70000 555 10220 29065 66666 00324 10296 20294 30276 50276 90266=
40723 42970 03303 10229 20059 38963 40141 56002 333 10286 20144 70000 555 10138 29033 66666 00298 10300 20262 30248 50252 90244=
40726 42960 00302 10302 20057 38648 40077 56007 333 10326 20154 70000 555 10164 29021 66666 00320 10318 20290 30268 50266 90254=
40727 42665 10000 10304 20049 38483 40092 56007 81100 333 10326 20097 70000 81840 555 10162 29020 66666 00350 10322 20266 30250 50247 90231=
40732 42560 72301 10260 20209 30163 40139 57009 87300 333 10294 20238 70000 82922 86625 555 10226 29073 66666 00300 10300 20295 30282 50274 90264=
40736 42960 50000 10270 20219 30175 40151 56006 80006 333 10311 20236 70000 85269 555 10236 29074 66666 00320 10312 20290 30292 50290 90289=
40737 42560 73401 10260 20207 30126 40143 56006 84570 333 10322 20230 70000 84627 87459 555 10225 29073 66666 00284 10276 20269 30259 50253 90250=
40738 42660 12706 10280 20211 30154 40156 56002 81400 333 10333 20237 70000 81635 555 10234 29066 66666 00342 10346 20316 30294 50288 90278=
40739 42965 00605 10232 20099 38695 40110 55005 333 10294 20188 70000 555 10155 29043 66666 00304 10310 20290 30280 50288 90276=
40741 42960 00302 10250 21015 39857 40178 54000 333 10300 20151 70000 555 10130 29017 66666 00333 10336 20317 30307 50309 90312=
40743 42970 00608 10290 21003 39052 40104 54000 333 10329 20186 70000 555 10145 29015 66666 00356 10356 20326 30313 50316 90316=
40745 42962 01004 10199 20018 39066 40176 53009 333 10272 20162 70000 555 10112 29030 66666 00278 10302 20272 30262 50260 90265=
40747 42960 00000 10316 20008 38618 40072 57005 333 10359 20125 70000 555 10155 29014 66666 00385 10363 20317 30297 50295 90290=
40754 42660 31502 10314 20050 38818 40072 55003 82430 333 10333 20236 70000 82640 555 10167 29019=
40762 42962 01203 10209 21023 38564 40113 52006 333 10290 20178 70000 555 10102 29021 66666 00294 10320 20296 30274 50273 90270=
40766 42960 02904 10334 21107 38667 40062 55003 333 10363 70000 555 10141 29005 66666 00373 10362 20314 30294 50294 90282=
40768 42960 03502 10288 21034 38262 40075 55003 333 10332 20113 70000 555 10131 29012 66666 00371 10362 20303 30286 50282 90278=
40769 41959 00703 10281 20037 38305 40068 57004 70600 333 10335 20162 70000 555 10148 29021 66666 00374 10358 20320 30302 50296 90290=
40780 42960 03204 10328 20028 38668 40064 56002 333 10371 20213 70000 555 10165 29015 66666 00390 10364 20330 30320 50310 90306=
40782 42970 02703 10319 21035 38827 40055 55004 333 10380 20155 70000 555 10148 29010 66666 00340 10344 20312 30300 50304 90290=
40785 42960 00000 10343 20029 39046 40063 55003 333 10383 20231 70000 555 10174 29014 66666 00410 10411 20380 30360 50364 90378=
40791 42962 00204 10335 21016 39299 40066 53003 333 10378 20263 70000 555 10161 29011 66666 00400 10394 20374 30360 50352 90352=
40792 42962 00205 10270 21020 38704 40079 53003 333 10326 20185 70000 555 10131 29015 66666 00370 10342 20304 30312 50332 90310=
40798 42960 00905 10248 21048 37982 40105 53002 333 10318 20078 70000 555 10110 29014 66666 00355 10352 20296 30267 50262 90255=
40800 42960 00701 10310 20004 38457 40066 57005 333 10359 20188 70000 555 10150 29014 66666 00342 10354 20322 30299 50298 90292=
40809 42960 00706 10241 21082 38485 40076 52008 333 10340 20164 70000 555 10104 29011 66666 00346 10348 20314 30304 50302 90296=
40811 42960 03502 10414 20129 39984 40009 55006 333 10475 20243 70000 555 10236 29019 66666 00422 10414 20378 30376 50378 90380=
40812 42960 02502 10415 20064 39660 40007 57008 333 10441 20269 70000 555 10212 29012 66666 00476 10464 20430 30404 50394 90386=
40818 42965 03607 10268 21039 37988 40052 53002 333 10307 20152 70000 555 10120 29013 66666 00312 10289 20284 30283 50294 90296=
40821 42962 03106 10319 20021 38765 40056 55003 333 10354 20227 70000 555 10160 29015 66666 00392 10387 20352 30341 50336 90343=
40829 41958 03413 10303 21021 39504 40042 53005 70700 333 10350 20249 70000 555 10149 29012 66666 00342 10346 20324 30322 50308 90296=
40831 42960 03403 10441 20058 30014 40021 57008 333 10474 20266 70000 555 10222 29010 66666 00448 10440 20384 30382 50376 90368=
40833 42960 02904 10428 20045 39983 40013 55009 333 10464 20266 70000 555 10214 29010 66666 00450 10410 20388 30378 50384 90368=
40835 42960 02704 10362 20178 39250 40028 55004 333 10410 20213 70000 555 10238 29034 66666 00422 10408 20382 30354 50360 90350=
40841 42960 00203 10291 21004 38234 40042 53001 333 10271 20243 70000 555 10139 29015 66666 00346 10354 20304 30288 50294 90290=
40845 41958 02504 10342 20289 30014 40019 57006 70500 333 10391 20282 70000 555 10302 29074 66666 00396 10404 20380 30370 50370 90372=
40848 42960 12802 10322 20017 38484 40012 57002 81030 333 10378 20216 70000 81360 555 10158 29014 66666 00360 10354 20328 30306 50302 90290=
40851 42960 21005 10312 20007 38240 40003 55000 80002 333 10354 20216 70000 82070 555 10150 29014 66666 00400 10400 20362 30334 50330 90320=
40854 42960 03402 10346 21045 38895 40008 52003 333 10384 20270 70000 555 10157 29008 66666 00400 10420 20390 30372 50368 90364=
40856 41956 00204 10275 21027 38609 40050 53004 70600 333 10326 20199 70000 555 10130 29014 66666 00352 10362 20326 30310 50310 90310=
40859 42660 32004 10354 21024 38650 40009 55005 82431 333 10392 20202 70000 82645 83360 555 10162 29009 66666 00372 10354 20318 30300 50296 90294=
40875 41950 02503 10365 20258 39991 40002 55002 70500 333 10375 20306 70000 555 10287 29054 66666 00400 10392 20380 30374 50372 40702 42680 30502 10322 20097 39282 40085 56007 83400 333 10360 20202 70000 83635 555 10189 29025 66666 00390 10374 20334 30317 50306 90314=
40879 41958 03508 10403 21028 39357 49984 53001 70500 333 10448 20301 70000 555 10185 29007 66666 00466 10466 20422 30408 50398 90400=
40882 41912 03107 10334 20286 39980 40013 56006 70500 333 10382 20300 70000 555 10298 29076 66666 00416 10412 20388 30386 50370 90364=
40883 41930 02605 10342 20287 39983 40005 58007 70500 333 10372 20323 70000 555 10301 29073 66666 00398 10404 20390 30384 50382 90375=
40893 41956 02606 10319 20281 39991 49996 55003 71000 333 10329 20287 70000 555 10290 29080 66666 00380 10381 20372 30367 50367 90369=
40898 41556 11104 10296 20267 39989 49998 53009 71000 81600 222// 00304 20801 333 10323 20291 70000 81720 555 10275 29084 66666 00376 10422 20404 30380 50372 90370=
41024 42660 43112 10358 20200 30018 40043 84500 333 59012 84640=
41036 42560 53015 10310 20120 38538 48489 85800 333 59008 85830 555 04410 50040=
41055 41560 63107 10307 20010 38343 48484 71791 86900 333 58000 81925 85630 555 04410 50037=
41061 42860 20312 10403 21040 39339 40000 82030 333 59008 82358=
41084 42960 20810 10370 21030 38794 48464 82030 333 59009 82360 555 04410 59990=
41112 42560 52210 10233 20150 37932 48484 85300 333 59004 84620 81925 555 04410 50038=
41114 42560 40613 10285 21030 37961 48476 84300 333 59007 83622 81925 555 04410 50009=
41128 42960 00310 10355 21070 38754 48471 333 59008 555 04410 50016=
41136 42960 00804 10392 21030 39232 40001 333 59014=
41140 41559 62806 10335 20270 30029 40032 70511 85540 333 59008 85630 83360=
41150 42966 10206 10361 20226 40029 81030 333 59012 81368=
41176 44/57 /0707 10350 20264 30012 40018 333 59010=
41184 42960 03204 10343 20234 40020 333 59015=
41194 42960 03107 10347 20281 30011 40016 333 59013=
41196 42960 02907 10341 20267 39982 40021 333 59015=
41216 41958 03507 10343 20294 30017 40021 70500 333 59010=
41217 42960 03310 10344 20290 39989 40016 333 59009=
41255 32960 41002 10371 20079 39507 40043 84030 333 59032 84360=
41256 32960 00602 10337 20204 39998 40015 333 59025 55075 55407 55408 55507 55508=
41258 36/// /2900 10336 20241 30004 40008 333 0E/// 55307 20388 59027 =
41265 26/// /1605 10361 20141 39456 49989 333 0E027 55300 20172 59024 70010 =
41267 36/// /0901 10299 20241 30006 40018 333 0E030 59025 =
41268 36/// /0606 10338 20193 39966 40011 333 0E029 55300 25022 59025 =
41275 36/// /2105 10394 20131 39864 40022 333 0E027 55300 20461 59027 =
41288 36/// /1907 10295 20229 30013 40034 333 0E028 59027 =
41315 26/12 /1601 10233 20230 39244 47322 333 0E025 55300 27865 59005 70000=
41316 32460 72008 10275 20258 30019 40048 87600 91445 333 59006 55178 55407 55408 55507 55508 82714 87625=
41397 72118 10270 20241 40184 54000 70222 8177/ 22243 00290 2//// 321// 40604 80250=
41398 42614 10290 20262 40068 51/// 7//// 83792 22273 06310 20302 80270=
41480 41650 22419 10354 20219 30000 40008 70644 81930 333 59021 81935 82360=
41497 23428 10280 20253 40130 54000 70299 82141 22200 06260 20000 80260=
41498 41805 10290 20248 40149 52020 70211 84145 22200 00270 299// 30000 80260=
41508 22996 02302 10231 20150 38587 48463 333 59019 60007=
41515 22696 52306 10278 20155 38468 48430 82520 333 56990 58020 60007 82650 83458=
41523 22996 00000 10270 20212 38994 48442 333 59018 60007=
41535 22996 00000 10240 20195 38638 48417 333 59024 60007=
41536 22996 00000 10250 20198 38943 48440 333 59023 60007=
41560 22996 01302 10240 20156 38239 48452 333 59017 60007=
41571 219// 23104 10300 20198 39445 49994 70500 82030 333 56090 59028 60007=
41598 71614 10160 20132 40307 53013 7//22 8746/ 22254 00223 20504 80143=
41600 21996 00000 10320 20272 49985 70400 333 59028 60007=
41620 32996 01808 10305 20092 38487 48391 333 59021 60007=
41624 21996 00000 10345 20247 49976 70400 333 59033 60007=
41630 21996 00000 10340 20272 49996 70410 333 59031 60007=
41640 21996 00000 10325 20255 39760 49996 70400 333 59025 60007=
41660 219// 02312 10260 21104 38377 48461 70500 333 59019 60007=
41678 21996 00000 10350 20237 49996 70500 333 59038 60007=
41696 22996 00000 10200 20053 38001 48501 333 58010 60007=
41697 51512 10280 20253 40140 52007 70322 83349 22273 04310 20202 315// 40202 80260=
41700 21996 00000 10350 20268 49982 70400 333 59027 60007=
41710 21995 03116 10340 21079 49970 70700 333 59013 60007=
41712 21996 01308 10345 21059 39100 48460 70600 333 59008 60007=
41715 21996 00000 10330 20268 49984 70500 333 59033 60007=
41718 21996 00000 10350 20283 40003 70400 333 59026 60007=
41725 22996 00000 10370 20260 49982 333 59032 60007=
41739 21995 03108 10345 20015 38974 48467 70500 333 59003 60007=
41744 22996 00000 10310 20059 38702 48440 333 59014 60007=
41749 22996 01306 10335 20251 49991 333 59033 60007=
41756 21496 62306 10290 20248 40012 70500 86600 333 56900 59031 60007 86715=
41759 21995 02306 10295 20260 40015 71011 333 59030 60007=
41764 22996 02112 10305 20249 39956 40004 333 59028 60007=
41768 22996 02304 10315 20274 39997 40004 333 59027 60007=
41780 22696 62308 10290 20240 39993 40020 86500 333 56900 59022 60007 86630=
41785 22996 02304 10300 20258 30018 40031 333 59020 60007=
41859 32930 31302 10315 20280 39987 40023 83030 333 56090 59006 70000 83362=
41883 32430 81302 10314 20270 30002 40022 8452/ 333 56399 59005 70000 84618 88458=
41891 31440 50000 10310 20270 39993 40031 70522 82330 333 56990 59001 70020 82616 81930 84365=
41907 32940 00000 10285 20280 30005 40020 333 59003 70012=
41923 32940 01202 10307 20250 30018 40028 333 59006 70002=
41936 31450 41404 10300 20270 30002 40009 70522 83630 333 56990 59011 79999 82615 83362=
41943 32430 51802 10290 20260 30024 40031 83530 333 56990 59005 70000 83616 83362=
41950 32450 30000 10293 20260 30024 40026 83500 333 56300 58002 70006 83617=
41978 32458 51205 10293 20270 30028 40035 82530 333 56990 59006 70025 82618 84360=
41992 31425 60000 10290 20260 30036 40038 70521 83520 333 56990 59001 70070 83616 86460=
42001 09151 99259 70897 46/// /1407 10284 20278 30114 40117 91440 22200 00302 333 91209 555 11077 22082 8//08 91434=
42027 32996 02302 10228 20187 38344 48424 333 59025=
42056 32996 02301 10288 20263 39572 333 59028=
42071 31996 02303 10314 20301 49993 71000 333 59030=
42097 09151 99257 70837 46/// ///// 1//// 91456 22200 00302 10601 20601 70006=
42101 32996 60000 10308 20275 40010 86030 333 59018 86360=
42111 21595 61401 10274 20246 39326 49997 71061 84830 333 59007 6990/ 83620 84830 86360=
42123 32996 00501 10314 20255 49994 333 59028=
42131 32696 20000 10304 20271 40005 82500 333 59026=
42165 32996 00000 10344 20238 49985 333 59029=
42182 21595 60000 10292 20258 40000 71022 84530 333 59024 6990/ 84630 85360=
42189 21595 50000 10266 20266 40008 71092 81531 333 59014 6028/ 81620 83360 85070=
42309 21395 80203 10274 20268 40029 71796 8432/ 333 58003 6009/=
42328 32996 20000 10326 20231 49972 82030 333 59029 82360=
42339 21595 41402 10306 20261 40004 70522 81530 333 59021 6990/ 81630 83358=
42348 31595 79902 10270 20238 40012 71092 84530 333 59020 84630 86360=
42361 31596 40000 10286 20266 40003 70500 84500 333 59021 84620=
42369 21596 70000 10270 20256 40006 71022 83530 333 59013 6002/ 83520 84360=
42379 21595 61104 10312 20279 40001 75052 84350 333 56390 57990 59013 6990/ 83620 81925 83358=
42410 31495 60000 10300 20275 40032 71022 83530 333 59001 83618 86360=
42415 32596 50000 10312 20279 40035 83430 333 59003 82620 84360=
42452 21595 70000 10270 20256 40004 71322 85520 333 59015 6002/=
42492 31596 50708 10314 20267 40002 71022 82530 333 59021 82620 84360=
42559 22596 70000 10254 20248 40002 84520 333 59016 6012/ 84620 87458=
42571 32596 70000 10302 20266 49993 8593/ 333 59024 84625 81930 87360=
42623 21495 70000 10244 20233 39190 40038 71022 85630 333 58000 6990/ 82710 85618 87360=
42634 32596 32703 10292 20246 40028 83500 333 59026 83620=
42647 31996 60000 10302 20248 40021 70522 80002 333 59026 86070=
42667 21595 70503 10266 20252 39438 40009 79596 83930 333 59025 6002/ 83620 81930 86360=
42675 21595 73202 10268 20251 49995 70596 84530 333 59029 6009/ 84620 86360=
42701 21495 80000 10250 20250 39282 49992 79566 8672/ 333 57971 59024 6026/ 84710 84615 81930 88458=
42724 21596 30000 10300 20258 40029 71322 82330 333 59006 6990/ 82620 81930=
42737 32896 22305 10284 20244 40027 82030 333 59027 82358=
42754 22496 52703 10248 20234 39395 40019 83530 333 59025 6992/ 83618 85360=
42779 32596 60000 10276 20245 39305 49978 83530 333 59039 83620 86360=
42798 21496 71106 10280 20257 49984 71066 84530 333 59027 6006/ 84615 86360=
42809 21595 60504 10290 20271 40012 70562 82530 333 59011 6005/ 82620 85360=
42840 32596 42502 10290 20259 40032 82530 333 59028 82620 83360=
42867 21495 81802 10270 20262 40007 79596 8592/ 333 59026 6009/ 84618 81930 88458=
42874 21495 80000 10264 20258 49987 76266 8472/ 333 59031 6010/ 82710 84618 88458=
42886 21595 60708 10276 20256 49964 70522 84530 333 59052 6003/ 84620 86360=
42895 21496 60902 10290 20271 49986 70262 84520 333 59021 6010/ 84618 85458=
42971 21495 71408 10276 20268 49977 72162 86620 333 56390 57931 59017 6002/ 82712 84617 81930 86459=
43003 21595 30000 10282 20245 40043 70510 83800 333 59027 6003/ 81620 83825=
43014 31595 62705 10256 20227 39388 40020 70542 83530 333 59026 83620 85360=
43041 21495 80000 10234 20231 39394 40001 76366 8662/ 333 59019 6069/ 83715 86620 88458=
43063 21596 72701 10234 20220 39429 40046 70265 87700 333 56600 59022 6994/ 83722 84626=
43086 22596 80000 10258 20240 39835 40011 8351/ 333 59026 6006/=
43110 21496 82301 10260 20243 40059 72122 8673/ 333 59024 6002/ 82712 85618 86358=
43117 32596 72302 10262 20228 40030 85630 333 59023=
43128 21496 82303 10254 20225 39434 40031 70522 8472/ 333 56699 59018 6991/ 82710 83615 88458=
43150 22596 52304 10270 20241 39933 49993 82531 333 59013 6990/ 82620 83360=
43185 22596 82702 10272 20254 30012 40015 8353/ 333 59012 6995/ 83620 87360=
43189 22596 72302 10274 20245 30007 40016 83570 333 59010 6994/=
43192 21496 82302 10262 20251 40061 70282 83772 333 59023 6006/=
43201 21496 62004 10234 20219 39318 40037 70252 84630 333 56690 59022 6001/ 83710 83612 85358=
43213 32596 82902 10280 20236 39709 40020 8387/ 333 59028=
43237 22596 62505 10274 20210 39629 40014 82532 333 59029 6990/ 82620 85360=
43245 32596 61403 10308 20254 30005 40031 82878 333 59020=
43279 21496 72004 10298 20262 30031 40048 75022 84220 333 56400 57842 57852 59012 6990/ 84618 81825 85458=
43284 21196 82005 10258 20244 39963 40078 72162 8572/ 333 56599 59020 6020/ 82702 83612 88458=
43295 22496 62705 10240 20182 39063 48476 83531 333 56699 59020 6990/ 83612 83358=
43314 22596 80000 10270 20250 40089 8252/ 333 59020 6002/=
43321 21496 62318 10262 20220 39625 40067 71022 83531 333 59015 6990/ 83612 85070=
43329 32596 60000 10308 20269 30029 40042 83531 333 59021=
43333 21495 82303 10274 20254 40082 76062 8542/ 333 59005 6998/ 83618 85820 88458=
43344 21496 52715 10316 20222 39961 40059 70522 82531 333 59016 6990/ 82616 83360=
43353 21396 63204 10278 20255 40093 71021 81520 333 56790 59019 6002/ 82612 86458=
43369 22596 63203 10270 20256 40094 83530 333 59019 6007/ 83620 86358=
43371 32497 63203 10272 20255 30021 40093 82431 333 59019 82618=
44212 329// 01501 10078 20021 39127 40233 52010 333 91201=
44213 329// 00000 10102 20023 38809 40216 52009 333 91201=
44214 32998 30000 10133 21045 38304 40185 53015 83040 333 91203=
44215 329// 01202 10088 20003 38439 40230 52015 333 91205=
44217 32998 03202 10087 21041 37898 40241 53008 333 91204=
44218 329// 01901 10102 21041 38628 40220 52012 333 91203=
44219 32999 02604 10096 20027 38641 40221 52011 333 91205=
44265 329// 03002 10133 21006 38854 40199 52012 333 91202=
44266 329// 00303 10075 21082 37823 40243 52014 333 91204=
44434 42457 53106 10246 20225 39153 48463 82160 333 59002 =
44454 42457 40000 10238 20215 38614 48454 82130 333 59006 =
48064 32440 71401 10285 20259 39968 40025 85831 333 56999 59006=
48094 21450 80000 10265 20260 30053 40063 72196 8597/ 333 5699/ 59002=
50557 04980 /2606 10156 20031 39731 40011 52020 60002 700// 333 10246 20156 3/013 5004/ 55300 59085 60001 70000 90720 91118=
51076 04980 /0201 10100 20052 39350 40205 52009 60002 700// 333 10206 20044 3/011 5001/ 54405 59036 60001 70000 90720 91105=
51087 04976 /2903 10142 20018 39211 40198 52012 60002 700// 333 10200 20055 3/013 5002/ 54405 59033 60001 70000 90720 91109=
51156 04980 /0302 10102 20016 38728 40213 52013 60002 700// 333 10177 20039 3/009 5005/ 59025 60001 70000 90720 91108=
51243 04980 /3202 10160 20075 39672 40199 52008 60002 700// 333 10224 20116 3/017 5002/ 54405 59035 60001 70000 90720 91106=
51463 04980 /1501 10146 20022 39054 40202 52012 60002 700// 333 10193 20086 3/010 5001/ 54405 59030 60001 70000 90720 91108=
51573 04976 /3202 10235 20040 30094 40141 52013 60002 700// 333 10302 20191 3/023 5003/ 54415 59025 60001 70000 90720 91108=
51644 04926 /1101 10165 20110 38931 40128 52009 60002 705// 333 10247 20113 3/019 5000/ 54405 59028 60001 70000 90720 91106=
51656 04958 /0804 10173 20097 39130 40137 52012 60002 700// 333 10256 20137 3/014 5003/ 54415 59023 60001 70000 90720 91106=
51709 04971 /0403 10142 20086 38641 40154 52018 60002 760// 333 10226 20142 3/015 5001/ 54417 58011 60001 70000 90720 91110=
51716 04961 /0201 10202 20047 38880 40106 52005 60002 700// 333 10244 20172 3/018 5002/ 54405 59026 60001 70000 90720 91111=
51765 04980 /0402 10178 20009 39179 40127 52010 60002 700// 333 10281 20106 3/014 5003/ 59038 60001 70000 90720 91108=
51811 04957 /3101 10181 20087 38777 40129 52011 69902 721// 333 10230 20172 3/016 5002/ 54415 58000 69901 79999 90720 91104=
51828 04922 /3004 10229 20044 38600 40068 52019 60002 707// 333 10280 20177 3/023 5003/ 54405 59028 60001 70000 90720 91112=
51886 04974 /0403 10142 21014 37158 40077 52013 60002 700// 333 10189 20079 3/014 5004/ 54405 59021 60001 70000 90720 91111=
52203 04963 /0701 10143 20062 39305 40153 52009 60002 700// 333 10271 20082 3/014 5001/ 54415 59023 60001 70000 90720 91105=
52602 04980 /3304 10128 21052 37303 40080 52012 60002 700// 333 10208 20056 3/012 54405 59022 60001 70000 90720 91110=
52681 04961 /1002 10151 20105 38676 40181 52005 60002 705// 333 10202 20148 3/013 5001/ 58014 60001 70008 90720 91105=
52818 04959 /1500 10153 20041 37264 40051 52008 60002 700// 333 10223 20086 3/017 5001/ 59034 60001 70000 90720 91105=
53463 04980 /3504 10143 20066 38905 40186 52009 69962 700// 333 10218 20136 3/011 5003/ 54415 58075 69941 70007 90720 91116=
54857 04980 /1603 10259 20230 30033 40122 57004 60002 700// 333 10293 20245 3/026 5001/ 54405 55300 59020 60001 70000 90720 91108=
55228 04980 /2603 10145 21058 36051 49893 52011 60002 700// 333 10201 20064 3/013 5003/ 59017 60001 70000 90720 91110=
55299 04980 /1102 10071 20044 35919 40029 52011 60022 700// 333 10150 20054 3/007 5000/ 54415 59001 60021 70038 90720 91110=
55578 04980 /0601 10140 20046 36413 49981 52018 69922 700// 333 10204 20124 3/016 5001/ 54415 58010 60001 70002 90720 91111=
55591 04980 /2202 10175 20051 36555 49938 52024 60002 700// 333 10245 20152 3/018 5004/ 54415 58003 60001 70000 90720 91110=
55664 04980 /1801 10099 20034 36062 40000 52013 60002 700// 333 10190 20082 3/011 5001/ 54415 58003 60001 70000 90720 91113=
55773 04980 /1106 10079 20057 36072 40033 52018 60002 700// 333 10144 20040 3/007 5002/ 54415 59004 60001 70102 90720 91113=
56004 04957 /2804 10053 20041 35895 40040 52021 60012 762// 333 10122 20047 3/006 54415 59013 60011 70013 90720 91116=
56116 04980 /0401 10122 20069 36376 49969 52019 60002 700// 333 10211 20071 3/009 5001/ 59018 60001 70000 90720 91111=
56299 81914=
56312 04980 /2402 10190 20078 37106 49999 52034 60002 700// 333 10281 20102 3/016 5003/ 59006 60001 70000 90720 91109=
57494 04960 /1200 10285 20249 30053 40081 52014 60002 700// 333 10373 20271 3/030 5001/ 54405 59005 60001 70000 90720 91106=
58847 04961 /0402 10286 20228 39997 40094 52005 60002 700// 333 10339 20256 3/027 5001/ 54405 59013 60001 70000 90720 91108=
62306 32560 23509 10291 20216 40100 57009 82200=
62309 32960 00308 10299 20207 40089 57011=
62325 32960 03405 10296 20214 40096 57009=
62332 32960 03312 10296 20233 40091 57006=
62337 32960 03308 10301 20226 40086 57001=
62366 35560 23509 10333 20162 40075 57007 82200=
62387 32960 00108 10359 20138 40077 57007=
62393 32960 03510 10350 20130 40105 57008=
62405 32960 02605 10385 20121 40058 57012=
62414 32960 02307 10389 20060 40068 57007=
62419 32960 01006 10377 20084 40057 57008=
62420 32960 03106 10349=
62435 32960 03207 10376 20116 40061 57010=
62440 32960 00109 10332 20211 40085 52003=
62455 32960 03104 10352 20174 40070 57010=
62458 32960 03207 10315 20214 40065 57008=
62459 31958 03004 10335 20203 40052 57010 70500=
62465 32960 00404 10306 20256 40059 57006=
