SIPK OPKC 070300Z=
41504 22997 02302 10190 20125 37817 48433 333 20150 58018 60007 70000 RH66%=
41505 22696 62702 10160 20069 38/// 48/// 83520 333 20140 58/// 56990 60007 70000 83640 86460 55%=
41506 22997 00000 10190 20159 38472 48471 333 20182 58012 60007 70000 82%=
41507 22997 00000 10245 20209 39184 49680 333 20210 59007 60007 79999 80%=
41508 22697 20000 10206 20178 38618 48494 82200 333 20175 56900 58013 60007 70000 82835 74%=
41509 22997 01304 10235 20173 38705 48457 333 20232 58024 60007 79999 RH68%=
41510 02997 00000 10160 20136 37900 48485 333 20125 58015 60007 70000 86%=
41515 22697 20000 10240 20153 38484 48447 82200 333 20210 56900 58012 60007 70000 82850 58%=
41516 22596 60000 10205 20166 38497 48456 85630 333 20185 56990 58025 60007 81730 84840 83360 RH78%=
41516 22596 60000 10205 20166 38497 48456 85630 333 20175 56990 58025 60007 70000 81730 84840 83360 RH78% CORR=
41517 21696 70000 10170 20111 37788 48481 70422 83570 333 20153 56990 58033 60007 83635 87460 68%=
41518 22596 81802 10217 20118 38/// 48/// 72052 8572/ 333 20206 5699/ 5//// 69907 79999 81730 81935 83640 88461 52%=
41519 22697 70000 10265 20136 38717 48470 83520 333 20245 56990 58036 60007 70000 83640 87462 RH45%=
41520 22596 70000 10150 20116 37616 48221 85670 333 20140 56990 58011 60007 70004 82720 83640 86762 80%=
41523 22697 40000 10230 20200 39038 48478 82530 333 20210 56990 58026 60007 70010 82640 82360 83%=
41524 22997 00000 10235 20198 39275 40109 333 20212 58029 60007 70010 RH 80%=
41525 22997 20000 10150 20116 37662 48353 82030 333 20130 56090 58002 60007 70000 82362 80%=
41528 22697 20000 10205 20174 39169 48479 82500 333 20188 56900 58045 60007 70060 82640 82%=
41529 22996 03102 10250 20228 39709 40078 333 20235 58045 60007 79999 RH 88% MAXIMUM WINDSPEED 25KNOUT AT 16:45Z IN N/NW DIRECTION =
41530 21696 40510 10265 20226 39663 40062 70511 81430 333 20225 56990 58030 60007 70010 81840 84360 77%=
41534 22997 00000 10240 20218 39655 40057 333 20220 58024 60007 70012 RH 87%=
41535 22697 40000 10180 20174 38670 48445 84600 333 20155 56900 58008 60037 70140 84835 RH91%=
41536 22597 30000 10230 20200 38972 48463 83200 333 20187 58001 60007 70070 83830 83% =
41560 22997 30000 10210 20183 38241 48457 83030 333 20190 56090 58005 60007 70000 83360 Rh79%=
41562 22697 50502 10270 20234 39598 40044 82530 333 20250 56990 58031 60007 70000 82640 83360 RH 81%=
41565 22997 51302 10194 20172 38598 48470 58020 333 20160 56090 58012 60007 70370 RH 82%=
41567 21696 10000 10240 20218 39631 40036 70406 81500 333 20225 56900 58029 60007 70026 81640 87%=
41571 21696 61804 10235 20198 39510 40076 70522 82830 333 20199 56990 58024 60007 70550 RH80%=
41572 21696 41306 10240 20218 39446 40051 70411 82510 333 20207 56990 58026 60007 70056 82640 84460 RH88%=
41573 22697 80000 10170 20138 37966 48475 84520 333 20145 56990 58020 60007 70100 81%=
41574 22697 80000 10145 20137 38319 48494 8552/ 333 20126 5699/ 58009 60007 70190 85640 88460 95%=
41576 21697 50000 10240 20225 40080 70296 82530 333 20222 56990 58020 60037 70134 82640 83360 91%=
41577 21696 60000 10225 20218 39474 40073 70422 83530 333 20195 56990 58024 60007 70732 83640 83360 RH 96% MAXIMUM WIND GUST 30KT NW AT 2015Z=
41593 21696 50000 10245 20230 39843 40052 71796 83520 333 20232 56990 58024 60037 70200 83640 85460 92%=
41597 21996 50000 10240 20225 39790 40076 70496 85070 333 20225 56090 58029 69907 70270 85461 91%=
41598 22697 50000 10240 20233 39788 40053 81570 333 20228 56990 58011 60017 70805 81640 84460 96%=
41599 21696 70506 10240 20225 39783 40066 70496 83470 333 20233 56990 58023 60217 70360 83640 84460 91%=
41600 21696 80902 10240 20225 39772 40059 72095 8452/ 333 20236 5699/ 58029 60157 70150 84645 86460 91%=
41620 32996 03604 10245 20185 38536 48442 333 20220 58020 60007 70000 69%=
41624 21696 50000 10240 20218 39852 40048 70496 82520 333 20225 56990 58031 60147 70140 82637 83460 87%=
41625 21697 61302 10240 20225 39845 40041 70296 84520 333 20220 56990 58031 60187 70180 84640 82460 91%=
41630 21996 32302 10270 20234 40048 70410 83030 333 20248 56090 58014 60007 70000 83360 81%=
41633 22697 60902 10270 20226 4//// 83530 333 20265 56990 5//// 60007 70000 84640 84360 77%=
41634 22697 50000 10235 20221 3//// 4//// 82570 333 20205 56990 5//// 60007 70140 82640 83460 92%=
41635 22697 70902 10265 20244 3//// 4//// 82570 333 20225 56990 5//// 60087 70080 82640 85462 88%=
41636 21996 40000 10280 20237 39860 40036 70411 84070 333 20268 56090 58007 60007 70000 84462 77%=
41638 21996 40502 10275 20239 4//// 70400 84070 333 20270 56090 5//// 60007 70000 84460 81%=
41639 21696 81304 10260 20238 3//// 4//// 70496 84520 333 20245 56990 5//// 60027 70060 84640 87460 88%=
41640 21696 50502 10250 20235 39819 40061 72996 82570 333 20245 56990 58028 60057 70118 82640 83760 92%=
41641 21696 40614 10275 20239 39795 40058 72161 82470 333 20257 56990 58023 69907 79999 82640 83460 81% MAX WIND GUST NE-26KT AT 07,0228Z=
41642 21696 73102 10260 20231 3//// 4//// 70462 83570 333 20237 56990 5//// 69937 70003 83640 85460 84%=
41643 21696 73604 10250 20228 39787 40056 72051 82570 333 20240 56990 58034 69907 79999 82640 86460 88%=
41644 21697 60000 10235 20228 3//// 4//// 72169 83520 333 20220 56990 5//// 60137 70170 83640 83461 96%=
41644 21697 60000 10235 20228 3//// 4//// 72169 83520 333 20220 56990 5//// 60137 70170 83640 83461 96%=
41646 21696 63606 10290 20262 39856 40060 70400 83470 333 20275 56990 58031 60007 70000 83640 84460 85%=
41652 21996 00000 10295 20253 39867 40038 70400 333 20270 58017 60007 70000 78%=
41660 21996 00904 10220 20133 38404 48490 70500 333 20180 58013 60007 70000 58%=
41661 21996 00000 10200 20040 38347 48470 70540 333 20155 58015 60007 70000 35%=
41669 21696 80000 10260 20246 3//// 4//// 70496 84520 333 20250 56990 5//// 60027 70030 84640 85460 92%=
41670 21596 80510 10225 20210 3//// 4//// 79600 81950 333 20220 5//// 56990 60027 70020 81930 83640 84360 91%=
41674 21995 01304 10290 20262 3//// 4//// 71000 333 20277 5//// 60007 70000 85%=
41675 21995 10000 10310 20254 39906 40037 70400 81030 333 20295 56090 58021 60007 70000 81360 72%=
41676 21996 30504 10305 20271 39894 40043 70400 83020 333 20290 56090 58020 60007 70000 83460 82%=
41677 21996 00000 10290 20262 39862 40022 70400 333 20270 58022 60007 70000 85%=
41678 21996 00000 10310 20214 40037 70500 333 20285 58037 60007 70000 57%=
41679 21996 31302 10270 20249 4//// 70411 83030 333 20250 56090 5//// 60007 70000 83360 88%=
41680 21695 50504 10285 20264 39865 40055 71020 84500 333 20273 56900 58030 60007 70000 84640 89%=
41685 22997 00000 10245 20209 38861 48459 333 20220 58015 60007 70000 RH.80%=
41696 22997 00000 10160 20100 37987 48493 333 20140 58007 60007 70000 RH67%=
41697 22997 00000 10320 20265 39880 40027 333 20290 58020 60007 70000 RH73%=
41700 21996 00000 10305 20251 39901 40021 70400 333 20282 58022 60007 70000 75%=
41701 21996 00000 10300 20258 39893 40030 70400 333 20277 58017 60007 70000 78%=
41710 22997 00000 10265 21071 39265 40004 333 20245 58018 60007 70000 RH10%=
41712 22997 00000 10270 20011 39116 48461 333 20255 58015 60007 70000 RH19%=
41715 21996 00502 10310 20269 39970 40033 70500 333 20285 58021 60007 70000 RH79%=
41716 21996 02304 10300 20280 39942 40040 70400 333 20275 58018 60007 70000 89%=
41718 21996 00000 10310 20254 39925 40023 70400 333 20278 58018 60007 70000 72%=
41724 21996 00000 10310 20269 39973 40048 70500 333 20280 58019 60007 70000 RH79%=
41725 22996 00000 10305 20264 39952 40027 333 20290 58016 60007 70000 RH79%=
41726 22996 00000 10295 20267 39963 40031 333 20285 58024 60007 70000 RH85%=
41738 22696 30000 10280 20237 39885 40059 83600 333 20265 56900 58011 60007 70000 83630 RH77%=
41739 22996 00000 10275 20168 38970 48451 333 20250 59008 60007 70000 RH52%=
41742 22997 00000 10285 20250 39938 40039 333 20208 58016 60007 70000 RH 81%=
41743 21996 00000 10300 20226 70500 333 20270 60007 70000 RH 77%=
41744 22996 00000 10235 20057 38693 48426 333 20200 59022 60007 70000 RH 32%=
41745 21996 01304 10280 20252 70500 333 20255 60007 70000 RH 85%=
41746 21996 01802 10285 20264 39973 40025 70500 333 20260 58016 60007 70000 RH89%=
41747 22996 00904 10305 20256 39956 40013 333 20275 58023 60007 70000 RH75%=
41748 22996 01304 10305 20256 39969 40013 333 20290 58014 60007 70000 RH75%=
41749 22996 01308 10280 20266 39989 40022 333 20270 58011 60007 70000 RH92%=
41756 21496 41802 10280 20244 39972 40035 70500 84600 333 20225 56900 58002 60007 70000 84715 RH81%=
41757 21596 20000 10265 20244 30045 40057 71000 82600 333 20250 56900 58018 60007 70000 82720 RH88%=
41759 21695 50000 10270 20249 30036 40041 71011 85500 333 20250 56900 58017 60007 70000 85640 RH88%=
41760 21595 72704 10285 20250 30045 40058 70400 87600 333 20240 56900 58020 60007 70000 87720 RH 81%=
41764 22996 02110 10275 20239 39986 40035 333 20260 58018 60007 70000 RH81%=
41765 21996 02104 10280 20237 39999 40034 70400 333 20260 58013 60007 70000 RH77%=
41766 21996 02304 10270 20241 39992 40020 70400 333 20240 59014 60007 70000 RH84%=
41767 22996 4//// 10280 20264 84530 333 20260 60007 70000 82635 82360 RH89%=
41768 22596 42304 10280 20259 30037 40044 84600 333 20260 56500 58015 60007 70000 84720 RH88%=
41780 21596 72506 10280 20252 30021 40048 70400 87600 333 20270 56900 58008 60007 79999 83720 85630 RH85%=
41783 22696 42304 10275 20239 30003 40032 82530 333 20257 56990 58018 60007 70000 82635 82360 RH 81%=
41785 22997 02302 10275 20254 30033 40046 333 20255 58010 60007 70000 RH 88%=
41786 22596 42304 10275 20254 39997 40033 84600 333 20255 56500 58012 60007 70000 84720 RH88%=
41BAG 22496 50502 10160 20090 84310 333 20130 56900 60007 70000 81718 83635 85460 63%=
41BKI 22996 30000 10270 20210 39653 40055 83030 333 20235 56090 58030 60007 79999 83360 RH 70%=
41SKP 21696 60904 10250 20220 4//// 70462 83570 333 20232 56990 5//// 69967 70006 83640 84460 84%=
43532 22696 50000 10220 20190 39234 40010 83520 333 20202 56990 58012 60007 70020 82640 83460 83%=
43533 22697 60000 10210 20195 39167 48461 82520 333 20200 56990 58026 60007 70470 82640 84460 91%=
43563 21697 80000 10239 20218 39395 40064 70262 83530 333 20220 56990 58028 60037 70060 83640 85360 88%=



Data Generated from File : D:\all data handling\Rmc_lhr\2024090703.FSU.txt
07/09/24 04:18:54
______________________________________________________________
15020 24/70 /3101 10137 20104 30029 40225 52006 333 55300 20000 60007==
15090 24961 00000 10133 20129 30134 40226 52006 333 55300 10180 20000 30000 60007 91001 90730 91101==
15108 22984 01207 10076 20056 38169 48570 52003 333 55300 20000 60007 91011 90730 91112==
15150 24968 03501 10139 20135 30016 40227 52006 333 55300 20000 60007 91002 90730 91103==
15170 21/03 13601 10058 20055 39458 42845 52004 74640 81040 333 55300 20000 60007 91001 90730 91102==
15280 22/84 31204 10041 20014 37583 47153 54001 82032 333 55300 20000 60007 91007 90730 91107==
15310 24/70 /3602 10189 20127 30113 40197 52004 333 55300 10210 20000 30000 60007==
15335 24970 00000 10167 20148 30182 40189 52005 333 55300 20000 60007 91001 90730 91103==
15350 24/70 /0103 10186 20136 30085 40202 52002 333 55300 20000 60007==
15360 24970 00611 10232 20170 30158 40174 52003 333 55300 20000 60007 91013 90730 91115==
15420 24970 00202 10192 20143 30084 40192 52007 333 55300 20000 60007 91004 90730 91106==
15460 24/66 /0103 10172 20158 30156 40180 51004 333 55300 20000 60007==
15470 24/70 50302 10196 20145 30069 40191 53003 85070 333 55300 20000 60007 91003 90730 91104==
15480 24570 60901 10216 20184 30144 40161 50001 86300 333 55300 10100 20000 30000 60007 91006 90730 91106==
15549 42570 60203 10183 20177 39769 40168 52001 86200 333 10208 20180 555 596//=
15552 42465 63403 10210 20183 30107 40154 57002 85830 333 10223 20205 555 584// 92025 92427=
15640 42772 23205 10206 20182 39864 40162 54000 81230 333 10253 20192 555 586//=
15655 42568 53404 10209 20175 30125 40157 57002 85500 333 10243 20206 555 581// 92023 92427=
15730 42970 00000 10176 20159 39785 40167 54000 333 10245 20175 555 590//=
16627 42565 10308 10234 20143 30142 40147 54000 81100 333 90730 91114==
16650 42/60 20406 10234 20197 30133 40140 52006 81041 333 90730 91110==
16667 42960 00003 10250 20118 30125 40135 54000 333 90730 91108==
16706 42960 00108 10272 20216 30109 40115 52002 333 90730 91113==
16723 42960 30111 10272 20167 30093 40106 57003 80001 333 90730 91117==
16732 46/// /0108 10264 20181 30113 40123 57005 333 90730 91111==
16742 42960 03508 10252 20150 39953 40100 53002 333 90730 91120==
16749 42960 22206 10270 20190 30075 40089 57001 80001 333 90730 91109==
16754 42960 21804 10236 20179 30086 40133 52001 80001 333 90730 91115==
16760 42460 10305 10238 20178 40138 52002 81100 333 90730 91115==
17031 42570 41503 10183 20177 30137 40143 57002 84200 333 84830 90730 91106==
17034 42670 50000 10221 20195 30104 40148 56002 83250 333 83835 85360 90730 91103==
17038 42670 52210 10235 20159 30092 40137 57003 85100 333 85835 90730 91122==
17060 42560 40103 10228 20178 30113 40152 58003 84100 333 84826 90730 91108==
17070 42665 41301 10165 20132 39306 40132 52001 84200 333 84835 90730 91103==
17084 42670 52601 10154 20128 39270 40131 58001 83250 333 83835 85360 90730 91104==
17092 42970 00000 10128 20110 38859 48510 53003 333 90730 91104==
17096 42960 01801 10096 20086 38265 48521 53001 333 90730 91118==
17098 41616 41102 10078 20078 38243 48543 52006 71022 82250 333 82840 84358 90730 91105==
17100 42670 50000 10172 20127 39204 40162 52010 82230 333 82840 85359 90730 91105==
17115 42960 00306 10225 20191 30098 40146 58001 333 90730 91112==
17116 42/65 20000 10184 20135 30031 40146 52004 82030 333 82360 90730 91103==
17124 42960 02302 10143 20102 39262 40136 50000 333 90730 91114==
17128 42/70 30604 10168 20130 39077 40112 55000 83030 333 83360 90730 91112==
17150 42960 00000 10190 20129 30021 40138 55000 333 90730 91103==
17160 42970 03605 10176 20100 39010 48511 56002 333 90730 91109==
17170 42660 10704 10129 20069 38350 48513 53002 81100 333 81840 90730 91107==
17184 42970 03201 10204 20122 30022 40127 53001 333 90730 91104==
17190 42970 00000 10125 20078 38992 48516 58001 333 90730 91103==
17190 42970 00000 10125 20078 38992 48516 58001 333 90730 91103==
17195 42970 00804 10135 20099 38964 48511 51002 333 90730 91110==
17200 42970 02304 10160 20099 39157 40078 53005 333 90730 91107==
17202 42/70 22506 10183 20097 39103 40077 52004 82040 333 82360 90730 91107==
17203 42670 42101 10169 20117 38866 48538 53002 84200 333 84840 90730 91105==
17219 42965 00110 10250 20107 39984 40119 55000 333 90730 91121==
17237 42970 02301 10221 20092 39643 40113 58001 333 90730 91104==
17240 42970 03601 10159 20089 39030 40108 55000 333 90730 91106==
17244 42970 01904 10173 20055 38990 48516 52002 333 90730 91115==
17260 42960 00000 10217 20155 39271 40029 53001 333 90730 91109==
17280 42960 02803 10206 20105 39329 40064 52005 333 90730 91108==
17292 42970 03001 10227 20071 39379 40082 58003 333 90730 91106==
17300 42960 03109 10276 20088 30022 40088 58001 333 90730 91113==
17310 42970 00501 10280 20188 30060 40067 56003 333 90730 91103==
17350 42660 50804 10243 20217 30002 40075 51001 83130 333 83835 85360==
17370 42670 40000 10280 20238 30084 40088 53002 84200 333 84835 90730 91104==
33088 42960 00902 10127 20078 30065 40253 52002==
33135 42960 01001 10080 20058 30140 40288 52004 333 55108==
33177 42960 00501 10155 20100 30000 40231 52004==
33317 429// 01202 10131 20067 39917 40248 54000 333 55112==
33393 42960 01203 10188 20090 39837 40213 52003==
33415 42960 00000 10143 20103 39846 40234 52003==
33429 42960 00802 10132 20068 39825 40239 52001==
33466 42968 00801 10128 20039 30079 40264 52005 333 30///==
33506 42960 00801 10116 20026 30082 40277 53003 333 55105==
33562 42960 00000 10117 20089 39955 40256 52005==
33587 42960 00000 10123 20055 39993 40253 52007==
33658 42981 00000 10135 20099 39934 40227 52004==
33663 42960 00000 10136 20093 30138 40232 53005==
33664 42997 00502 10149 20065 39916 40225 53004 333 55107 555 20147 7000/=
33678 42998 02802 10133 20059 30043 40249 52007 555 20133 7000/=
33679 42997 00701 10164 20126 30054 40239 52005 555 20162 7000/=
33711 42960 00603 10128 20039 30040 40247 52002==
33745 42997 00901 10143 20081 30053 40239 52012 333 55098 555 20143 7000/=
33748 42997 01202 10154 20123 39942 40219 52005 555 20149 7000/=
33754 42997 00000 10139 20103 30084 40227 53006 333 55089 555 20138 7000/=
33761 42970 00502 10121 20076 30018 40238 52004==
33791 42986 00504 10156 20011 30113 40238 55001==
33815 42998 00201 10173 20097 30016 40217 52006 333 55076 555 20173 7000/=
33837 42980 00608 10194 20087 30154 40204 53003 333 55073==
33881 42998 00203 10167 20113 30025 40215 53006 555 20166 7000/=
33883 42997 03502 10152 20119 30051 40210 52004 555 20151 7000/=
33885 42997 00404 10168 20103 30084 40216 52003 333 55021 555 20162 7004/=
33892 42997 00402 10132 20091 30002 40209 54000 333 55098 555 20127 7000/=
33902 42960 00303 10152 20041 30154 40212 53002 333 55108==
33924 22570 60707 10202 20151 30165 40177 54000 86900 333 20201 60002 91012 90730 91112==
33946 22/82 70810 10202 20132 39953 40164 53002 87030 333 20201 55104 60002 91014 90730 91117==
33983 22/60 20609 10202 20120 30113 40171 57001 82031 333 20201 55101 60002 91012 90730 91114==
34300 42960 00000 10123 20033 30117 40292 52005==
34336 22970 00000 10068 20019 30197 40301 52004 333 20068 30/// 60002==
34344 22970 00000 10059 20059 30210 40299 52006 333 20056 30/// 60002==
34356 22960 00000 10060 20016 30154 40303 52004 333 20053 30/// 55099 60002==
34357 22/70 11101 10090 20020 30139 40293 52004 81030 333 20086 30/// 60002==
34398 22970 00503 10080 20018 30279 40289 52004 333 55120 60002==
34415 42965 00000 10092 20039 30180 40276 52003==
34438 22960 00503 10096 20013 30096 40286 52004 333 20096 39/// 60002==
34445 22970 02702 10031 21012 30181 40298 52005 333 20030 36/// 60002==
34461 22960 00000 10059 20011 30242 40298 52005 333 20058 30/// 60002==
34473 32997 00801 10089 20024 30256 40295 52005 333 55130 555 20082 30005 7000/=
34476 22970 00703 10119 20013 30284 40291 53005 333 20113 30/// 55124 60002==
34504 42982 00704 10153 20013 30082 40252 58001==
34535 22970 00000 10095 20008 30203 40274 54001 333 20095 30/// 60002==
34545 22970 00603 10102 20016 30170 40281 52003 333 20093 30/// 60002==
34555 22970 00602 10139 20062 30201 40283 53007 333 20138 30/// 60002==
34560 42960 00804 10113 20069 30104 40292 52005 333 20088==
34578 22960 00402 10112 20041 30278 40285 52003 333 20109 30/// 60002==
34579 22970 00202 10109 20006 30245 40289 52004 333 20090 30/// 55117 60002==
34644 22960 00503 10121 20033 30187 40263 52002 333 20121 30/// 60002==
34646 22970 00902 10154 20068 30188 40267 52004 333 20154 30/// 55123 60002==
34655 22960 01301 10080 20000 30215 40275 52003 333 20077 30/// 60002==
34662 22970 03201 10096 20013 30273 40284 53005 333 20089 60002==
34691 22970 00000 10087 20015 30298 40286 53003 333 55121 60002==
34720 22970 00303 10154 20067 30201 40240 54001 333 20154 30/// 55105 60002 90730 91110==
34727 22960 20905 10161 20040 30194 40223 52002 80001 333 20161 30/// 60002 90730 91111==
34743 22960 00702 10095 21007 30177 40266 52004 333 20094 30/// 60002==
34759 22960 00702 10085 20041 30134 40264 53002 333 20076 30/// 55124 60002==
34772 22970 00602 10085 20014 30274 40277 53002 333 20084 30/// 60002==
34785 22970 10502 10103 20021 30299 40277 53003 80001 333 20079 30/// 60002==
34798 22960 00402 10081 20040 30303 40274 54000 333 60002==
34824 22560 50705 10183 20075 30193 40198 57003 85500 333 20182 30/// 55080 60002 90730 91110==
34838 22660 70604 10169 20064 30118 40211 52002 82430 333 20169 30/// 60002 91010 90730 91110==
34845 22/84 50803 10123 20059 30133 40239 52003 80031 333 20122 30/// 60002==
34858 22960 50901 10111 20055 30141 40247 54000 80001 333 20107 30/// 60002==
34861 22670 30904 10100 20040 30019 40259 52001 82201 333 20099 30/// 55121 60002==
34866 22/70 30504 10106 20050 30266 40257 53001 80031 333 20102 30/// 60002==
34880 22960 50602 10121 20060 30295 40269 52006 80001 333 20116 30/// 55119 60002==
34887 22970 60302 10122 20097 30281 40262 53003 80006 333 20108 30/// 60002==
34936 12598 80810 10180 20088 30079 40205 52002 60002 889// 333 20180 30018 91019 91121 555 53012 7000/=
34949 22/70 50807 10136 20091 39689 40220 54000 85030 333 20136 30/// 55045 60002 90730 91112==
34954 22570 50702 10154 20084 30063 40231 53002 83501 333 20154 30/// 55091 60002==
34958 22570 50702 10151 20091 30039 40232 54000 85500 333 20151 30/// 60002==
34975 22570 50803 10139 20095 30245 40241 54001 83531 333 20135 30/// 60002==
34984 22560 60303 10143 20115 30281 40252 53003 82960 333 20127 30/// 60002==
35217 12960 00701 10080 20032 30251 40291 52005 60002==
35302 12970 00000 10075 20035 30271 40292 52004 60002==
35315 32998 00201 10090 20031 30230 40286 53010 555 20069 30005 7000/=
35344 32998 62903 10053 20036 39973 40258 53001 80009 333 55027 555 20051 30004 7000/=
35358 12/60 72503 10119 20051 30071 40235 58008 60002 87040==
35368 32599 52605 10112 20053 39971 40228 52003 85500 333 55029 555 20103 30009 7993/=
35386 32598 52802 10092 20058 39689 40191 52005 85500 555 20072 30006 7993/=
35394 42570 72703 10074 20052 39537 40193 52012 86930 333 55036==
35404 32998 00503 10100 20056 30282 40290 52006 555 20100 30006 7000/=
35406 12960 00201 10094 20033 30283 40285 53004 60002 333 55126==
35416 12970 00702 10084 20021 30166 40284 52006 60002 333 55127==
35426 12984 20000 10048 20010 39994 40284 52003 60002 80001==
35437 32998 21701 10048 20001 39969 40280 52003 80004 333 55060 555 20034 30002 7000/=
35449 32998 32502 10109 20064 30153 40253 52003 80001 555 20092 30006 7000/=
35497 12570 72703 10074 20054 39432 40205 52013 60002 87900==
35498 /2598 82904 10068 20036 39349 40201 52013 889// 555 20047 31004 69932 7993/=
35514 32998 01101 10096 20015 30283 40279 52002 555 20077 30004 7000/=
35522 32998 00502 10082 20030 30030 40277 52003 555 20077 30006 7000/=
35542 32999 52703 10077 20027 30117 40261 52005 80002 333 55071 555 20045 30004 7000/=
35563 32598 82803 10090 20036 39490 40235 52011 87502 333 55056 555 20082 30008 7000/=
35576 12670 83104 10112 20039 39793 40224 52011 60002 8457/==
35582 32598 82702 10090 20041 39633 40212 52013 889// 555 20059 30005 7000/=
35594 32599 72805 10078 20038 39398 40208 52014 87900 555 20048 30003 7000/=
35605 32998 00702 10106 20030 30301 40280 52005 555 20073 30005 7000/=
35633 32998 00000 10082 20007 30064 40274 52008 333 55100 555 20060 30004 7000/=
35671 12/70 42301 10076 20012 39825 40244 52011 60002 84040==
35699 12960 03602 10093 20024 39478 40206 52020 60002==
35700 12970 00901 10116 20043 30300 40277 52004 60002 333 55125==
35715 32999 00701 10118 20009 30293 40279 52006 555 20110 30008 7000/=
35739 32999 00501 10067 20014 30139 40276 53010 555 20050 38004 7000/=
35746 12970 00000 10090 20013 30198 40264 52008 60002 333 55119==
35777 32997 00000 10077 20004 39866 40202 52003 555 20030 30002 7000/=
35796 12960 03102 10096 20024 39796 40216 52018 60002 333 55075==
35849 12970 00000 10114 20038 30181 40265 52010 60002 333 55114==
35895 32998 03402 10108 20025 39803 40231 52021 555 20065 30006 7000/=
35907 32998 60805 10161 20082 30389 40260 54000 80001 555 20157 7000/=
35925 12970 00701 10079 21019 30169 40279 53011 60002==
35927 32998 01601 10106 21010 30268 52006 555 20081 7000/=
35953 12984 00000 10101 20021 30132 40258 52015 60002==
35969 12984 00000 10116 20015 30083 40251 52017 60002==
35997 32698 40501 10154 20078 39801 40211 52021 84500 555 20109 30009 7000/=
36259 42584 81703 10062 20013 38196 48461 52010 86902 333 20036==
36335 /1599 82703 10052 20027 39202 40195 52016 70282 8731/ 555 20044 31006 60022 7003/=
36358 32699 82002 10057 20027 39192 40175 52013 885// 555 20048 30004 7000/=
36394 32597 62905 10112 20039 39751 40152 52007 85341 555 20042 30003 7000/=
36397 12684 32702 10090 20029 39601 40141 58008 60002==
36403 32698 70801 10094 20060 39804 40148 52011 87900 333 55065 555 20032 30003 7000/=
36418 /2799 73603 10131 20071 39556 40133 52006 82530 555 20054 30006 69942 7994/=
36421 32699 70000 10116 20078 39608 40141 52006 83530 555 20054 30005 7000/=
36428 42684 60501 10106 20086 39670 40145 52009 82941 333 55022==
36439 /2698 71402 10083 20063 38935 48483 53011 83931 555 20053 31006 60062 7009/=
36498 32598 52605 10074 20028 39422 40184 52019 85300 555 20037 30001 7000/=
36501 32699 72705 10081 20031 39442 40163 52012 87500 555 20050 30003 7000/=
36535 12584 63202 10095 20032 39554 40157 52009 60002 84330 333 55079==
36546 32699 60000 10109 20063 39632 40143 52009 82383 555 20100 30008 7000/=
36619 32999 52702 10108 20037 82031 555 20088 30005 7000/=
36622 32998 33202 10087 20011 39397 40166 52020 83040 555 20071 30006 7000/=
36639 12584 80000 10125 20110 39587 40159 52018 60002 889//==
36643 32598 72801 10116 20062 39523 40148 52013 87900 555 20070 30005 7994/=
36665 /2699 80302 10148 20093 39450 40126 52012 889// 333 55000 555 20129 30012 69942 7004/=
36666 /2599 82704 10136 20072 39679 40141 52013 8697/ 333 55000 555 20112 31009 69982 7002/=
36729 32998 82004 10143 20082 39716 40169 52018 8802/ 555 20124 31011 7002/=
36736 /1599 82804 10129 20086 39654 40177 52030 72582 8695/ 333 55000 555 20109 31009 60032 7010/=
36744 32998 52802 10107 20053 39768 40199 53030 85080 555 20077 30005 7000/=
36770 /2599 72601 10122 20078 39514 40206 52026 82331 555 20110 31010 69942 7001/=
36786 /1699 82301 10104 20080 39315 40192 52021 70282 889// 555 20090 32010 60032 7004/=
36796 /1598 80000 10078 20053 39041 48517 51016 70282 889// 555 20073 31008 60082 7016/=
36803 /1599 83011 10151 20061 39746 40169 52018 70282 889// 333 91015 91115 555 20142 69952 7005/=
36806 /1598 80401 10144 20030 39712 40153 52013 70282 889// 555 20098 69962 7996/=
36819 /2998 52307 10125 20092 39631 40215 52021 85030 333 55031 555 20115 31010 60082 7009/=
36821 41540 62402 10132 20109 39753 40222 52029 71022 84932==
36839 /1599 82701 10091 20060 39124 40212 52024 72582 85941 555 20088 32009 60062 7006/=
36843 /1598 82401 10085 20067 39081 40215 52028 70282 86932 555 20080 31009 60052 7005/=
36846 /1596 81102 10054 20048 38637 48531 52023 78082 889// 555 20054 31008 60062 7006/=
36859 41570 82402 10110 20103 39447 40195 52043 70282 8697/==
36870 41560 82301 10120 20089 39235 40203 52015 70282 83972==
36874 /1599 60904 10137 20097 39471 40210 52019 70182 83930 555 20105 32010 60052 7005/=
36877 /1698 50000 10120 20105 39284 40218 58015 70282 85500 555 20098 31009 60042 7004/=
36885 /1599 62704 10110 20093 39125 40208 52013 72884 82931 555 20084 32011 60082 7008/=
36889 /1499 80503 11033 21043 37093 47115 52019 70282 886// 333 48015 555 21036 60122 7012/=
36894 /1598 80000 10114 20095 39506 40216 52029 70282 8697/ 555 20113 31011 60022 7002/=
36905 /1596 82501 10069 20054 38778 48536 52033 78182 883// 333 55103 555 20067 31008 60172 7017/=
36911 11698 80901 10110 20088 39300 40245 58001 6//// 702// 889// 333 20095 31009 555 50182 530// 7009/=
36927 11699 72720 10082 20011 38348 48510 52026 6//// 715// 87900 333 20075 555 50173 530// 7000/=
36934 12599 83101 10137 20046 38256 48382 52024 6//// 889// 333 2//// 555 10175 5//// 530// 7000/=
36953 /1598 82702 10064 20047 38215 48508 52041 78182 889// 555 20064 31006 60042 7004/=
36963 11697 82303 10009 21005 37064 48/// 52013 60062 783// 889// 333 2//// 555 5//// 530// 7////=
36974 11697 82702 10175 20169 37980 48499 52006 6//// 780// 889// 333 2//// 555 10181 5//// 530// 7990/=
36982 12598 72104 10035 21028 36551 47098 53011 6//// 83960 333 20011 555 5//// 530// 7////=
37018 22670 60302 10215 20142 30082 40153 57002 85930 333 20215 30/// 55103 69902==
37031 22560 50803 10166 20112 30014 40202 52003 85500 333 20166 30/// 55037 60002==
37054 21460 80000 10140 20127 39852 40225 54000 70282 885// 333 20140 31/// 60022==
37061 22560 70704 10155 20106 30066 40230 54000 87500 333 20154 30/// 55068 60002==
37085 22570 80607 10203 20131 30249 40223 57001 885// 333 20195 30/// 60002 90730 91110==
37171 22/70 20705 10198 20147 30129 40147 57002 82030 333 20196 60002==
37228 22460 82901 10143 20137 39395 40202 52003 885// 333 20140 31/// 55000 60012==
37235 22/60 60000 10166 20158 39899 40203 52005 8004/ 333 20165 31/// 60012==
37472 22560 81503 10215 20162 30228 40207 52003 8557/ 333 20192 31/// 55000 60022==
38149 12970 00301 10102 20023 30188 40264 52011 60002==
38178 12970 00203 10123 20019 39956 40236 52005 60002 333 55036==
38262 12970 30302 10090 20027 30173 40254 52012 60002 80004 333 55104==
38264 12970 20404 10124 20011 30162 40254 52010 60002 80001==
38345 12999 70901 10105 20058 38838 48543 52011 69972 85032 333 20085 30009 555 5//// 530// 7997/=
38353 12597 70901 10128 20094 39352 40223 52025 60072 86930 333 20107 31011 4//// 55/// 555 5//// 530// 7007/=
38388 32998 00201 10140 20030 30169 40238 52018 333 20138 38012 55115 555 7000/=
38392 32997 20504 10122 20045 30142 40243 52011 82030 333 20100 30010 55088 555 7000/=
38396 12960 00503 10126 20043 30125 40248 52015 60002 333 20091==
38403 12960 00202 10144 20019 30112 40230 52012 60002==
38413 12970 00502 10143 21022 39946 40230 52010 60002 333 55117==
38457 12584 10902 10163 20036 39628 40195 52020 60002 81100 333 55098==
38462 42984 00000 10130 20029 38790 48533 52008 333 20125==
38462 42984 00000 10130 20029 38790 48533 52008 333 20125==
38507 32998 00808 10193 21007 30095 40193 52003 333 20192 30018 55094 555 7000/=
38545 32998 20303 10129 20015 30051 40223 52012 82060 333 20114 30010 55103 555 7000/=
38565 12970 00402 10130 20030 39620 40194 52013 60002 333 20084==
38579 12984 00000 10167 20055 39796 40199 52011 60002 333 55108==
38583 12560 22702 10128 20053 39895 40210 52022 60002 82200==
38599 32998 32507 10164 20021 39707 40205 52019 83030 333 20149=
38611 42760 41402 10190 20061 39641 40186 52029 82340 333 55078==
38613 11998 83501 10156 20100 40194 52028 69952 702// 8802/ 333 20156 30017 555 5//// 530// 7995/=
38616 11598 70901 10166 20069 39228 40203 52036 6//// 780// 83500 333 2//// 30/// 555 5//// 530// 7000/=
38618 11660 81802 10200 20040 39519 40175 52035 60002 78082 8497/ 333 55093==
38647 32998 00906 10188 20004 30146 40187 52006 333 20186 30017 555 7000/=
38656 32998 00502 10168 21002 30115 40221 52024 333 20165 30017 55070 555 7000/=
38683 12960 03406 10145 20041 39928 40198 52010 60002==
38687 32997 00504 10145 20021 39975 40206 53014 333 20140 30016 55125 555 7000/=
38696 12984 00903 10143 20021 39359 40191 52011 60002 333 55105==
38713 32998 21803 10118 20023 39062 48540 52026 82030 333 20104 30007 55103=
38750 32597 22702 10263 20247 30184 40157 53013 82100 333 20247 30024 55104 555 7000/=
38763 32998 00906 10190 21009 30097 40198 52007 333 20190 30018 55058 555 7000/=
38774 32898 31401 10185 20023 30025 40214 52010 83080 333 20181 30017 555 7000/=
38799 32997 00503 10166 20025 39982 40207 52019 333 20149 30014 555 7000/=
38806 32997 00000 10132 20056 39918 40173 52012 333 20126 30012 555 7000/=
38812 12960 0//01 10162 20025 39721 40159 52010 60002==
38836 32699 70000 10199 20077 39209 40089 52017 86932 333 20180=
38880 12997 63302 10212 21012 39960 40204 53011 60002 86030 333 20190 30020 555 7000/=
38886 32997 03601 10158 20061 39988 40210 52018 333 20144 30011 555 7000/=
38895 32996 00302 10164 20029 39926 40207 52018 333 20164 30014 555 7000/=
38911 32998 03303 10184 20046 39834 40116 58003 333 20170 30015 55116 555 7000/=
38915 32997 22303 10176 20065 39848 40160 52028 333 20166 30015 555 7000/=
38927 11/38 32506 10213 20023 39786 40144 52028 60002 70530 83030 333 55111==
38933 31995 23602 10192 20126 39659 40149 52022 70500 80002 333 20190 30015 55093=
38944 31996 42002 10234 20025 39575 40079 52021 70500 84030 333 20222=
38954 32899 30000 10150 20015 37947 48520 58001 82901 333 20137=
38974 32998 03202 10160 20036 39856 40181 52017 333 20159 30017 55108 555 7000/=
38987 32996 00601 10196 20041 39463 40174 52023 333 20149 30012 55110 555 7000/=
40030 42970 00000 10244 20202 40098 54000=
40080 42965 02205 10193 20177 39400 4//// 54000=
40100 43/60 01304 10272 20220 30091 40106 50001 333 58///=
40180 02560 11601 10247 20206 30052 40099 52005 81400 333 70000==
40199 02/// /0302 10284 20189 30070 40094 52006 333 70000==
40255 46/// /0000 10215 29090 3//// 4//// 5////=
40265 41510 80000 10190 20181 39352 40109 52005 71022 888// 333 88620=
40270 41957 00000 10208 20126 39241 40095 52005 70500=
40272 41950 00000 10185 20152 39300 40094 57001 70500=
40296 46/// /0000 10303 29063 4//// 5////=
40340 42960 03507 10276 20179 30041 40102 52033=
40356 42960 03004 10210 20130 39146 48497 333 58016 555 04410 50063=
40357 42960 00000 10270 20030 39449 40039 333 58021=
40360 42960 03010 10219 20180 39522 40081 333 58011=
40361 42960 03505 10268 20080 39330 40088 333 58021=
40362 42960 01108 10295 20050 39559 40033 333 58012=
40373 42960 02704 10290 20040 39656 40044 333 58012=
40375 42960 03008 10252 20100 39238 40059 333 58015=
40394 42960 02402 10288 20080 38989 48502 333 58018 555 04410 50035=
40394 42960 02402 10288 20080 38989 48502 333 58018 555 04410 50035=
40400 42960 00303 10269 20220 30055 40083 333 58023=
40405 42660 41103 10297 20050 39342 40029 84500 333 58002 84640=
40417 42960 02907 10290 20070 30014 40028 333 58013=
40420 42960 03010 10317 20050 39834 40031 333 58011=
40430 42960 02805 10311 20080 39367 40076 333 58022=
40437 42960 01502 10268 20020 39384 40045 333 58007=
40439 42960 10000 10272 20200 30050 40068 80001 333 58022 81070=
40582 32960 03609 10347 20129 40033 53012 333 55300 00000 10127 20045 30019 41227 51373 60064 55407 40025 90400 91011 91111 91209 91307=
40703 42960 00000 10158 20057 38927 40123 52009 333 10278 20150 70000 555 10107 29051 66666 00230 10240 20276 30280 50280 90262=
40706 42965 00708 10160 20050 38673 40131 52005 333 10246 20156 70000 555 10104 29048 66666 00220 10266 20304 30310 50305 90289=
40712 42960 02803 10121 20060 38691 40122 52006 333 10253 20118 70000 555 10090 29066 66666 00209 10238 20244 30245 50238 90228=
40713 42964 01006 10161 20043 38669 40095 53004 333 10290 20159 70000 555 10102 29045 66666 00261 10282 20288 30285 50281 90260=
40718 42460 73407 10248 20191 30214 40187 52011 83520 222// 0//// 20203 333 10263 20215 70174 83615 87457 555 10212 29071 66666 00246 10280 20284 30288 50284 90266=
40723 42460 19901 10179 20134 38998 40171 53025 81600 333 10237 20168 70000 81717 555 10152 29075 66666 00200 10216 20246 30250 50254 90244=
40726 42960 00000 10152 20055 38672 40113 53008 333 10278 20148 70000 555 10102 29052 66666 00230 10248 20278 30274 50270 90256=
40727 42960 00000 10149 20046 38500 40103 52016 333 10278 20116 70000 555 10097 29050 66666 00184 10221 20255 30258 50252 90233=
40732 42965 02401 10224 20161 30185 40161 52007 333 10270 20220 70000 555 10186 29068 66666 00260 10268 20284 30288 50282 90265=
40736 42560 62301 10242 20213 30192 40168 52007 85330 333 10276 20235 70022 84720 82925 85359 555 10223 29084 66666 00272 10282 20298 30300 50296 90289=
40737 41559 81902 10229 20192 30151 40168 52007 72162 8132/ 333 10249 20223 70014 81922 84625 88456 555 10206 29080 66666 00264 10267 20270 30265 50256 90246=
40738 42560 20000 10222 20194 30182 40184 51011 82200 333 10259 20217 79999 82830 555 10204 29084 66666 00256 10270 20282 30290 50292 90276=
40739 42965 00803 10178 20092 38708 40129 53009 333 10228 20172 70000 555 10130 29057 66666 00228 10226 20270 30286 50288 90278=
40741 42960 00000 10170 20042 39869 40189 52013 333 10282 20150 70000 555 10109 29043 66666 00232 10266 20299 30311 50318 90316=
40743 42962 00907 10203 21004 39081 40129 52018 333 10330 20195 70000 555 10107 29025 66666 00256 10286 20318 30326 50321 90316=
40745 42962 02005 10177 20046 39074 40174 53012 333 10238 20168 70000 555 10112 29042 66666 00188 10222 20254 30272 50270 90270=
40747 42960 03405 10198 20022 38636 40076 53012 333 10309 20189 70000 555 10111 29031 66666 00223 10272 20300 30305 50298 90292=
40754 41958 02804 10197 20080 38822 40082 52016 70500 333 10345 20193 70000 555 10133 29047=
40762 42962 00406 10183 21020 38572 40103 52020 333 10273 20166 70000 555 10091 29025 66666 00205 10240 20264 30278 50278 90272=
40766 42980 00000 10145 21014 38674 40075 52010 333 10351 20133 70000 555 10075 29033 66666 00196 10254 20292 30298 50296 90286=
40768 42965 01501 10111 21027 38266 40079 52009 333 10288 20105 70000 555 10053 29038 66666 00206 10212 20280 30292 50285 90282=
40769 42960 03102 10188 20013 38303 40057 52013 333 10287 20185 70000 555 10102 29031 66666 00234 10262 20300 30304 50304 90290=
40780 42960 00702 10180 20006 38647 40057 53003 333 10296 20171 70000 555 10098 29031 66666 00262 10300 20320 30322 50320 90308=
40782 42960 01302 10174 20001 38827 40056 53008 333 10316 20165 70000 555 10094 29031 66666 00226 10272 20304 30304 50310 90290=
40785 42960 00000 10220 20058 39070 40091 52023 333 10345 20217 70000 555 10135 29035 66666 00300 10335 20350 30360 50370 90380=
40791 42965 01503 10275 21121 39285 40045 52019 333 10373 20246 70000 555 10119 29007 66666 00290 10302 20340 30352 50356 90354=
40792 42962 01101 10199 21077 38701 40061 52014 333 10320 20168 70000 555 10087 29015 66666 00234 10262 20294 30314 50332 90308=
40798 42960 02401 10081 21065 37976 40086 53013 333 10276 20069 70000 555 10025 29035 66666 00167 10213 20264 30274 50265 90256=
40800 42960 02401 10186 21069 38451 40057 53014 333 10318 20154 70000 555 10081 29017 66666 00156 10176 20250 30302 50302 90296=
40809 42960 01004 10209 21096 38489 40051 52017 333 10299 20153 70000 555 10087 29012 66666 00226 10260 20290 30306 50306 90296=
40811 42960 02901 10278 20096 39995 40020 52017 333 10410 20256 70000 555 10176 29032 66666 00306 10344 20368 30380 50384 90382=
40812 42960 01303 10291 20011 39662 40010 52014 333 10291 20291 70000 555 10152 29016 66666 00334 10352 20386 30406 50404 90390=
40818 42965 03403 10165 21031 37989 40038 52013 333 10288 20129 70000 555 10077 29026 66666 00232 10264 20281 30287 50300 90298=
40821 42970 02802 10227 21081 38764 40051 52025 333 10350 20191 70000 555 10100 29012 66666 00254 10288 20336 30344 50338 90347=
40829 41915 03517 10269 20006 39508 40040 52018 70700 333 10356 20261 70000 555 10141 29018 66666 00274 10292 20334 30332 50314 90300=
40831 42960 03203 10310 20117 30024 40031 52012 333 10414 20300 70000 555 10196 29030 66666 00318 10352 20376 30382 50376 90368=
40833 42960 01903 10267 20153 39990 40020 53006 333 10423 20256 70000 555 10198 29050 66666 00314 10348 20366 30372 50386 90370=
40835 42960 00000 10231 20118 39257 40036 52011 333 10356 20225 70000 555 10165 29049 66666 00296 10324 20350 30358 50360 90350=
40841 42970 01402 10150 21160 38242 40054 53013 333 10371 20090 70000 555 10047 29010 66666 00232 10226 20286 30292 50294 90290=
40845 41957 01301 10289 20275 30020 40025 52014 71000 333 10342 20280 70000 555 10279 29092 66666 00314 10332 20360 30370 50372 90362=
40848 42960 00000 10198 20118 38499 40033 52017 333 10308 20186 70000 555 10150 29060 66666 00246 10272 20302 30308 50304 90290=
40851 42960 00000 10222 21008 38251 40015 52011 333 10310 20216 70000 555 10110 29022 66666 00204 10246 20294 30312 50320 90320=
40856 42962 02002 10208 21080 38618 40051 52012 333 10310 20149 70000 555 10090 29014 66666 00184 10230 20286 30302 50314 90312=
40859 42960 03103 10212 20084 38670 40031 52016 333 10338 20202 70000 555 10140 29044 66666 00232 10270 20290 30296 50298 90294=
40875 41540 20304 10299 20263 30026 40037 52014 71000 81501 333 10335 20291 70000 81630 555 10273 29081 66666 00336 10356 20370 30370 50375 90372=
40879 42960 00103 10302 20120 39400 40028 52016 333 10394 20287 70000 555 10192 29033 66666 00336 10354 20386 30386 50400 90400=
40882 41930 00000 10306 20282 39995 40028 53013 71000 333 10334 20298 70000 555 10288 29087 66666 00322 10334 20374 30380 50374 90366=
40883 41930 00000 10304 20293 30008 40030 52017 71000 333 10333 20296 70000 555 10296 29094 66666 00341 10357 20373 30383 50383 90375=
40893 41956 01008 10292 20259 30030 40036 52014 71000 333 10319 20291 70000 555 10269 29082 66666 00360 10363 20369 30369 50369 90372=
40898 41558 31502 10288 20245 30035 40044 52017 70500 83600 222// 00302 20900 333 10292 20282 70000 83720 555 10258 29078 66666 00306 10324 20362 30376 50378 90368=
41024 42960 03507 10306 20250 30047 40072 333 58013=
41036 42960 02606 10242 20010 38555 48506 333 58008 555 04410 50074=
41055 42560 23105 10244 20050 38362 48504 82400 333 58012 82630 555 04410 50061=
41061 42960 03008 10264 21020 39373 40040 333 58016=
41084 42960 02702 10275 20120 38828 48499 333 58014 555 04410 50030=
41112 42960 03505 10207 20120 37950 48504 333 58005 555 04410 50061=
41114 42960 00406 10204 20080 37982 48502 333 58005 555 04410 50055=
41128 42560 30000 10264 20020 38780 48499 83400 333 58010 83630 555 04410 50043=
41136 42960 00000 10271 20010 39262 40032 333 58015=
41140 42960 01205 10308 20260 30054 40062 333 58002=
41150 42964 03202 10317 20221 40028 333 58014=
41170 41959 09901 10309 20263 30016 40029 70500 333 58013=
41176 44/55 /0201 10281 20241 30024 40030 333 58013=
41184 41965 19901 10275 20246 40037 70500 80001 333 58017 81070=
41194 41957 00704 10312 20250 30025 40032 70500 333 58018=
41196 41930 00401 10275 20265 39997 40036 71000 333 58018=
41216 41956 01406 10304 20267 30031 40035 70500 333 58019=
41217 41956 01407 10288 20253 30002 40030 70500 333 58018=
41255 36/// /1902 10264 20220 39541 40035 333 0E028 58013=
41256 31958 09903 10296 20269 30023 40040 70500 333 58020 55462 55407 55408 55507 55508=
41258 36/// /0703 10299 20291 30032 40035 333 0E/// 55300 20003 58019=
41267 39483 40029 333 0E027 55300 20001 58012 70000=
41268 36/// /2213 10273 20236 39994 40040 333 0E028 55300 25022 58018=
41275 36/// /1111 10261 20234 39894 40059 333 0E026 55300 20001 58010=
41480 41956 29902 10305 20258 30044 40053 70544 82030 333 58001 82360=
41497 10511 10260 20232 40170 54000 70299 81107 22213 06250 20201 80240=
41506 12960 00000 10190 20159 38472 48710 60001 333 20182 58012 70000==
41508 12460 20000 10206 20178 38618 48940 60001 82200 333 20174 56800 58013 70000==
41515 12460 20000 10240 20153 38484 48470 60001 82200 333 20210 56800 58012 70000==
41523 12460 40000 10230 20200 39038 48780 60001 82530 333 20210 56880 58026 70100==
41535 12460 40000 10180 20174 38670 48450 60031 84600 333 20154 56800 58008 71400==
41536 12460 30000 10230 20200 38972 48630 60001 83200 333 20186 58001 70700==
41560 12960 30000 10210 20183 38241 48570 60001 83030 333 20190 56080 58005 70000==
41571 11640 61802 10235 20198 39510 40076 60001 70522 82830 333 20198 56880 58024 75500==
41598 12460 50000 10240 20233 39788 40053 60011 84570 333 20228 56880 58011 78050==
41600 11440 80901 10240 20225 39772 40059 60151 72095 8652/ 333 20236 5688/ 58029 71500==
41620 12940 03602 10245 20185 38536 48420 60001 333 20220 58020 70000==
41624 11440 50000 10240 20218 39852 40048 60141 70496 83520 333 20224 56880 58031 71400==
41630 11940 32301 10270 20234 30000 40048 60001 70410 83030 333 20248 56080 58014 70000==
41640 11940 50501 10250 20235 39819 40061 60051 72996 83570 333 20244 56880 58028 71180==
41660 11940 00902 10220 20133 38404 48900 60001 70500 333 20180 58013 70000==
41678 11940 00000 10310 20214 30000 40037 60001 70500 333 20284 58037 70000==
41696 12960 00000 10160 20100 37987 48930 60001 333 20140 58007 70000==
41697 12960 00000 10320 20265 39880 40027 60001 333 20290 58020 70000==
41700 11940 00000 10305 20251 39901 40021 60001 70400 333 20282 58022 70000==
41710 12960 00000 10265 21071 39265 40004 60001 333 20244 58018 70000==
41712 12960 00000 10270 20011 39116 48610 60001 333 20254 58015 70000==
41715 11940 00501 10310 20269 39970 40033 60001 70500 333 20284 58021 70000==
41718 11940 00000 10310 20254 39925 40023 60001 70400 333 20278 58018 70000==
41725 12940 00000 10305 20264 39952 40027 60001 333 20290 58016 70000==
41739 12940 00000 10275 20168 38970 48510 60001 333 20250 59008 70000==
41744 12940 00000 10235 20057 38693 48260 60001 333 20200 59022 70000==
41749 12940 01304 10280 20266 39989 40022 60001 333 20270 58011 70000==
41756 11240 41801 10280 20244 39972 40035 60001 70500 84600 333 20224 56800 58002 70000==
41759 11420 50000 10270 20249 30036 40041 60001 71011 85500 333 20250 56800 58017 70000==
41764 12940 02105 10275 20239 39986 40035 60001 333 20260 58018 70000==
41768 12340 42302 10280 20259 30037 40044 60001 84600 333 20260 56800 58015 70000==
41780 11440 72503 10280 20252 30021 40048 60001 70400 85600 333 20270 56800 58008==
41785 12960 02301 10275 20254 30033 40046 60001 333 20254 58010 70000==
41859 02450 60000 10333 20260 30008 40044 83520 333 20280 59012 70000 83618 86458==
41883 02450 80000 10312 20280 30018 40038 8452/ 333 20285 59017 70000 84618 88458==
41891 41440 61704 10317 20260 30006 40043 70522 84330 333 20269 59011 83616 85365 81930==
41907 02450 50000 10320 20270 30020 40034 85800 333 20280 59018 70000 82615 83825==
41923 01450 53302 10315 20260 30029 40039 70196 82530 333 20255 59010 70142 82615 85365==
41936 41440 40403 10330 20260 30020 40027 70552 82830 333 20262 59020 82615 83362==
41943 02435 72302 10294 20250 30035 40042 84520 333 20258 59008 70360 84615 86458==
41950 01450 50000 10308 20260 30038 40040 70162 82570 333 20264 58001 70047 82167 85459==
41978 02458 50506 10304 20260 30036 40042 82502 333 20267 59604 70070 82618 84080==
41992 01435 30000 10315 20270 30041 40043 70511 81530 333 20267 59005 70120 81616 83362==
42001 07031 99259 70897 46/// /1602 10301 20285 30085 40088 90240 22200 00308 333 91203 555 11024 22025 8//03 90237=
42027 31595 80501 10188 20155 38394 48477 70522 8552/ 333 10276 20171 58015 555 10164=
42044 32596 70000 10168 20149 38267 48499 84530 333 20134 58015 555 10117=
42045 32596 80000 10188 20170 38303 48427 8452/ 333 20162 58020 555 10209=
42056 21696 60902 10232 20223 39633 75096 84520 333 20206 58023 6025/ 84635 83458 555 00254 11041=
42071 21596 20505 10266 20255 40060 71096 82500 333 20254 58020 6997/ 82625 555 00007 10480=
42097 07031 99257 70837 46/// ///// 1//// 90256 22200 00301 10501 20501 70006=
42101 22596 80000 10264 20255 40068 8682/ 333 20254 58019 6993/ 83625 86830 88458 555 00003 10547=
42111 21496 82701 10256 20248 39360 40038 71062 8583/ 333 10328 20240 58010 6996/ 84618 85830 88360 555 00006 11870=
42123 32596 31101 10278 20264 40052 82520 333 10358 20264 58023 82630 83460 555 10407=
42131 31696 70000 10268 20257 40056 71022 84510 333 10331 20247 58018 555 10505=
42165 22696 20000 10278 20246 40036 82500 333 10368 20248 58016 6998/ 82635=
42182 31595 70903 10268 20254 40052 71022 83330 333 10326 20245 58015 83630 81935 86360 555 00000 10909=
42189 21695 30000 10286 20272 40045 71021 83500 333 10323 20250 58003 6026/ 83635 555 00260 10883=
42309 32596 31801 10330 20275 40047 81131 333 20235 59016 555 11749=
42314 32996 20503 10326 20262 40044 82030 333 20272 59016 82360 555 11492=
42328 31595 32303 10280 20252 40021 70500 83500 333 10355 20264 58014 83630 555 10449=
42339 21695 53202 10270 20241 40050 70522 85800 333 10325 20248 58014 6999/ 82635 83840 555 00009 10511=
42348 21495 80905 10250 20241 40048 71065 8632/ 333 10300 20243 56299 57961 58011 6005/ 83712 84620 81935 88458 555 00050 11321=
42361 31596 50000 10280 20266 40041 70510 83530 333 20261 58006 83620 85360 555 10792=
42369 31996 01102 10314 20267 40045 71000 333 20260 59002 555 10607=
42379 31995 00000 10328 20270 40040 70500 333 20263 59012 555 10698=
42398 32596 89901 10341 20254 40041 83530 333 20258 59011 555 11836=
42410 31596 21402 10338 20272 40049 70510 82500 333 20266 59015 82620 555 10928=
42415 32596 20000 10316 20272 40055 82400 333 20265 59018 81620 555 10875=
42452 21596 80000 10254 20251 40039 76262 8652/ 333 10308 20251 58012 6012/ 555 00116 10988=
42492 21995 01402 10306 20281 40046 71000 333 20280 59008 6992/ 555 00002 10539=
42559 22596 80000 10266 20249 40031 8452/ 333 20248 58006 6990/ 84620 88458 555 00000 11003=
42571 22596 70000 10270 20259 40046 84530 333 20250 58004 6020/ 84625 85360 555 00200 11025=
42623 32496 20000 10280 20229 39207 40046 81530 333 10323 20203 59006 81618 82360 555 10745=
42634 31595 20000 10270 20247 40064 70500 82500 333 20254 58010 82620 555 10727=
42647 21496 70000 10276 20259 40061 71022 84730 333 20260 56690 58007 6996/ 82715 83620 85358 555 00006 11037=
42667 21496 72305 10250 20236 39466 40044 75052 84730 333 20238 58010 6992/ 82710 84620 85360 555 00002 11389=
42675 31596 60000 10272 20246 40043 70521 84530 333 20249 58001 84625 87360 555 11117=
42701 21595 50000 10270 20256 39325 40033 71022 85400 333 20240 59012 6990/ 83620 83825 555 11046=
42724 31496 51103 10308 20257 40040 71022 82531 333 20268 59008 82618 83360 555 11542=
42737 32496 72505 10266 20252 40068 83630 333 20252 58011 82712 83620 86356 555 11294=
42754 21495 62709 10248 20231 39429 40054 70522 84630 333 10294 20226 58016 6010/ 82710 83620 85360 555 00098 10789=
42779 22595 50000 10264 20247 39363 40043 84530 333 20228 59002 6990/ 84620 555 00000 11178=
42798 21496 63202 10304 20268 40034 71021 84530 333 20259 59008 6001/ 84615 86360 555 00012 10724=
42809 31596 50903 10327 20273 40036 70521 81501 333 20280 59013 81620 84070 555 10877=
42840 22596 50000 10276 20259 40069 83230 333 20254 58007 6027/ 83825 83360 555 00270 11459=
42867 31496 62902 10290 20247 40049 70522 82520 333 20245 58007 82618 85458 555 10950=
42874 32596 23201 10284 20256 40041 81130 333 20254 59006 81825 555 10837=
42886 21596 30000 10304 20262 40042 70090 82530 333 20254 59007 6990/ 82620 83360 555 10789=
42895 22996 20502 10336 20273 40036 81031 333 20263 59009 6005/ 81360 555 00047 10555=
42909 22496 62506 10280 20266 40071 83730 222// 20000 333 20263 58008 6003/ 81715 85358 555 00025 10814=
42971 21496 73202 10294 20269 40037 70596 85430 333 20260 59012 6008/ 84618 87360 555 00078 10873=
43003 21495 70000 10290 20256 40078 75022 85830 333 20258 58005 6006/ 82618 83825 85360 555 00056 12506=
43014 21495 72705 10240 20226 39426 40066 70542 84730 333 20221 58011 6996/ 83712 84620 86360 555 00006 10539=
43041 21595 80202 10254 20243 39439 40045 71022 8451/ 333 20236 58000 6013/ 84620 88458 555 00130 11160=
43063 22597 32702 10250 20212 39462 40080 83700 333 20220 56600 58003 6994/ 81722 83626 555 00004 10941=
43086 22597 63201 10280 20254 39872 40047 83531 333 10328 20255 59002 6995/ 555 00005 10939=
43110 22997 02503 10280 20252 40094 333 20252 58005 6013/ 555 00131 13729=
43117 32997 32302 10256 20242 40076 81031 333 20225 58007 555 10645=
43128 21496 72706 10250 20229 39462 40062 70522 85730 333 10308 20225 56690 59002 6005/ 82710 84615 87360 555 00046 10720=
43150 22596 50000 10288 20254 39971 40031 82531 222// 20000 333 10336 20265 59005 6990/ 82620 83360 555 10614=
43185 22597 62705 10284 20252 30041 40044 83530 333 10325 20261 58007 6996/ 83620 86360 555 00006 10937=
43189 22597 62302 10290 20256 30030 40039 82531 333 10342 20254 59003 6003/ 555 00034 10686=
43192 21596 73203 10274 20266 40095 70261 8377/ 333 20256 58005 6015/ 555 00148 13756=
43198 32396 72710 10236 20212 39271 40090 84631 333 10278 20208 56699 58005 83707 84612 85358 555 10877=
43201 32497 62702 10240 20214 39344 40063 84630 333 10308 20204 56690 59001 82710 83612 85358 555 10365=
43213 22597 52303 10266 20230 39747 40061 82530 333 10316 20248 59001 6002/ 555 00018 10594=
43233 32497 72508 10238 20215 39285 40097 84610 333 10290 20218 56690 59001 555 10407=
43237 22597 82905 10264 20225 39661 40049 8157/ 333 10338 20249 59004 6994/ 81620 85360 555 00004 10327=
43245 32597 82504 10288 20242 30037 40063 84478 333 10320 20275 59002 555 10311=
43279 22596 72702 10296 20235 30052 40069 83531 333 10324 20255 59008 6991/ 83620 85360 555 00001 10611=
43284 21296 83605 10254 20245 39990 40106 72864 85971 333 10288 20244 56896 57973 58004 6029/ 82705 83612 81925 88458=
43295 32496 62302 10220 20190 39086 48494 84630 333 10268 20212 56590 59003 83710 83612 555 10527=
43310 22496 62302 10286 20269 40056 84321 333 20260 59008 6008/ 555 00076=
43314 21596 80000 10278 20258 40109 70262 84408 222// 21001 333 10334 20261 58003 6001/ 555 00010 11850=
43321 31496 62306 10266 20218 39652 40096 71022 82507 333 10330 20236 58003 82612 86270 555 10100=
43329 32997 62703 10278 20243 30063 40076 80001 333 10329 20266 58001 555 10362=
43333 21495 82306 10286 20258 40072 72162 8442/ 333 20258 58002 6005/ 82618 83820 88458 555 00050 11550=
43344 31496 52710 10302 20229 39986 40085 70522 82531 333 10365 20264 58002 82616 83360 555 10268=
43353 21496 49901 10284 20264 40113 71021 81520 333 10300 20256 56790 58001 6001/ 81610 83612=
43369 21597 52702 10280 20263 40109 70261 83530 333 10326 20254 59009 6002/ 83620 85358 555 00022 11234=
43371 22497 33602 10270 20250 30039 40112 81431 333 10311 20250 58002 6001/ 81618 555 00012 10923=
43404 22470 72103 10300 20274 30080 40083 51023 85/// 333 10338 20280 553// 20156 58004 60008 70000 82920 91006==
43410 22470 8//// 10290 20231 30083 40087 52/// 82000 333 10249 20272 3/027 58001 60008 70000==
43413 22/70 72105 10294 20259 30089 40094 5/022 333 10314 20279 3/027 553// 20233 58003 60008 70000 82818 91010==
43415 22470 62703 10290 20250 39984 40092 83000 333 20259 59006 60008 70000==
43418 22470 62302 10298 20234 30044 40085 51014 82106 333 10318 20272 58005 60008 70000==
43421 22470 42403 10293 20260 39992 40096 52018 84000 333 10337 20261 3/025 553// 20243 58002 60008 70000 91008==
43422 22470 62303 10285 20245 39964 40097 53017 85100 333 10290 20259 3/024 58002 60008 70003==
43424 22470 62104 10290 20249 30091 40093 52015 86100 333 20276 3/026 58004 60008 70000==
43436 22470 60000 10308 20235 30082 40085 52015 81000 333 10320 20262 3/025 58005 60008 70000==
43441 22470 72302 10284 20249 39968 40100 51017 83000 333 20256 58001 60008 70031==
43444 22470 62302 10252 20223 39577 40107 52014 86000 333 10262 20216 58004 60008 70013==
43450 22470 82306 10294 20254 30101 40113 52013 85107 333 10295 20266 3/024 58005 60008 70001==
43466 21470 52202 10293 20234 30106 40114 5/017 70382 84200 333 10316 20274 3/026 553// 20244 58005 60008 70001 84/18 91004==
43467 21464 42303 10298 20259 30109 40115 52019 70382 84200 333 20280 58007 69928 70002==
43473 21268 82806 10158 20158 38131 48497 52014 75052 87000 333 10189 20146 3/013 553// 20089 58005 60008 70005 91010==
43475 22/70 42303 10311 20224 30088 40092 52013 333 10386 20240 553// 20253 58010 60008 70068 91007==
43476 21464 72302 10240 20170 38777 48525 52013 70522 85000 333 10240 20191 58009 60008 70000 91004==
43479 22470 41202 10264 20199 39258 81000 333 10271 20214 58008 60008 70000==
43486 21460 60201 10288 20288 30017 40116 51018 70582 84000 333 10316 20238 553// 20243 58007 60008 70000 91002==
43495 22468 62503 10290 20259 30103 40116 52021 85000 333 20280 58010 60008 70000==
43497 22470 12303 10293 20000 30093 40110 5/019 81000 333 10321 20260 553// 20325 58017 60008 70000 91007==
44212 42584 61602 10153 20014 39013 40074 52013 86548==
44213 42684 73105 10160 20050 38691 40051 52013 86540==
44214 41/60 80000 10114 20041 38221 40096 52014 76062 8802/==
44215 41660 72502 10151 20026 38332 40058 52007 71522 87800==
44217 41596 80000 10054 20014 37819 40169 53016 76362 8802/ 333 91202=
44218 42684 70403 10202 20031 38516 40029 53004 83106==
44219 32999 41104 10234 21062 38528 40008 57008 80009 333 91208=
44265 42984 02602 10198 21007 38762 40061 53005==
44266 32999 52006 10182 21048 37743 40037 57010 80008 333 91207=
48010 42557 32201 10290 20259 39890 40031 82410 333 59018==
48020 42458 30901 10299 20253 82801==
48025 42356 60000 10287 20259 31004 40061 59010 84870==
48031 41257 71401 10230 20181 70144 87800==
48048 42557 61803 10297 20253 30002 40057 85950 333 59001==
48052 22456 70000 10289 20248 83476 333 56999=
48062 42557 51306 10300 20266 30033 40040 83931 333 58002==
48064 42456 71401 10270 20256 39983 40039 85831 333 59001==
48071 42457 51807 10303 20253 30046 40054 85900 333 58008==
48109 41440 82305 10265 20256 30060 40063 70265 8697/ 333 59008==
50557 14/80 /2504 10180 20099 39808 40095 57008 60001 333 10239 20052 3/005 58035 70000 90761 91107==
51076 14/80 /1301 10121 20107 39281 40121 52013 60021 72065 333 10214 20114 3/013 58034 70017 90761 91108==
51087 14/80 /3308 10176 20055 39122 40084 52015 60001 333 10295 20142 3/014 58004 70000 90761 91114==
51156 14/80 /2709 10105 20028 38649 40113 52014 69921 333 10203 20102 3/009 58016 70009 90761 91117==
51243 14/67 /3203 10138 20098 39613 40136 52033 60031 76000 333 10292 20138 3/014 58057 70030 90761 91116==
51334 14/62 /1502 10139 20111 39780 40168 52046 60061 76250 333 10285 20139 3/014 58093 70056 90761 91107==
51379 14/80 /2706 10194 20065 39206 40098 52019 60001 333 10291 20141 3/012 58023 70000 90761 91112==
51463 14/80 /3202 10155 20073 38985 40112 52009 60001 333 10266 20137 3/011 58028 70000 90761 91106==
51573 14/65 /2401 10296 20097 39978 40023 52007 60001 333 10362 20245 3/023 59062 70000 90761 91104==
51644 14/58 /3101 10205 20137 38858 40043 52007 60001 333 10273 20120 3/014 59053 70000 90761 91102==
51656 14/61 /1202 10220 20128 39050 40041 52006 60001 333 10285 20131 3/008 59056 70000 90761 91104==
51709 14/61 /2702 10224 20099 38551 40019 52004 60001 333 10274 20167 3/015 59048 70000 90761 91104==
51711 14/78 /2203 10160 20080 37969 49996 57002 60001 333 10221 20116 3/009 59048 70000 90761 91108==
51716 14/60 /0800 10230 20104 38820 40029 52004 60001 333 10302 20141 3/014 59054 70000 90761 91103==
51765 14/64 /0601 10241 20118 39100 40033 57002 60001 333 10303 20126 3/011 59065 70000 90761 91104==
51811 14057 00000 10191 20096 38701 40032 52006 60001 333 10292 20158 3/014 59054 70000 90761 91103==
51818 14/61 /2101 10214 20117 38561 40023 52003 60001 333 10287 20156 3/015 59053 70000 90761 91103==
51828 14/58 /1801 10235 20095 38553 40005 57005 60001 333 10281 20193 3/016 59057 70000 90761 91106==
51886 14/78 /2201 10162 21081 37129 40005 57001 60001 333 10216 20089 3/006 59049 70000 90761 91108==
52203 14/73 /1403 10269 20040 39215 40041 52004 60001 333 10298 20136 3/011 59059 70000 90761 91105==
52602 14/80 /1302 10182 21045 37289 40053 57002 60001 333 10212 20037 3/000 59043 70000 90761 91105==
52681 14/80 /0903 10176 20127 38620 40114 57007 60001 333 10192 20115 3/010 59054 70000 90761 91107==
52818 14/80 /1102 10187 20041 37250 40040 57003 60001 333 10215 20058 3/003 59054 70000 90761 91104==
52908 14/80 /0702 10075 20009 35848 40064 52003 60001 333 10105 21008 3/103 59014 70000 90761 91104==
53463 14/80 /1502 10176 20121 38884 40172 52002 60001 333 10187 20131 3/011 59010 70078 90761 91109==
54857 14/77 /2802 10273 20172 30067 40156 57003 60001 333 10299 20208 3/020 58012 70000 90761 91105==
55228 14/80 /3202 10120 21002 36080 49949 52008 60001 333 10186 20080 3/006 58006 70000 90761 91104==
55299 14/80 /1502 10111 20046 35926 40004 52009 69911 333 10133 20070 3/006 59002 70001 90761 91105==
55578 14/80 /0203 10161 20071 36430 49979 52013 60001 333 10223 20116 3/011 58005 90761 91106==
55591 14/80 /1102 10177 20083 36576 49961 52010 69921 333 10232 20126 3/013 58000 70005 90761 91104==
55664 14/80 /1702 10130 20017 36075 49991 52010 60001 333 10198 20084 3/009 58005 70000 90761 91107==
55773 14/80 /1106 10102 20048 36083 40041 52008 60001 333 10144 20050 3/004 58004 70000 90761 91109==
56004 14/80 /1204 10089 20031 35903 40018 52006 60001 333 10135 20022 3/101 59015 70000 90761 91106==
56018 14/75 /2101 10141 20065 36253 40007 57001 60001 333 10181 20063 3/005 58003 70000 90761 91104==
56116 14/80 /1801 10118 20054 36412 40045 52002 60001 333 10184 20081 3/009 58014 70073 90761 91108==
56312 14/80 /1302 10182 20090 37129 40039 52004 60001 333 10234 20154 3/015 58001 70000 90761 91106==
57494 14/63 /0703 10323 20238 30090 40118 57001 60001 333 10349 20254 3/026 58010 70000 90761 91107==
58847 14/67 /0703 10323 20241 30014 40110 52001 60001 333 10332 20283 3/027 58025 70004 90761 91106==
62306 42960 02407 10247 20220 40120 57004==
62332 42960 02607 10271 20244 40105 52003==
62366 45960 03604 10260 20219 40105 52005==
62387 32960 03203 10250 20178 40107 52005=
62393 42960 03504 10245 20135 40135 52008==
62405 42960 00000 10267 20133 40100 52006==
62414 42960 03604 10279 20100 40109 52008==
62420 32960 03604 10241 20193 40120 52008=
62435 42960 03101 10224 20126 40103 52006==
62458 32960 03305 10278 20204 40095 52006=
