SIPK OPKC 081500=
41504 22995 02304 10230 20048 37805 48409 333 58013 60007 RH31%=
41504 22995 02304 10230 20048 37805 48409 333 58013 60007 RH31%=
41506 22995 01802 10285 20108 38440 48436 333 58014 60007 33%=
41506 22995 01802 10285 20108 38440 48436 333 58014 60007 33%=
41506 22995 01802 10285 20108 38440 48436 333 58014 60007 33%=
41507 22996 00000 10270 20212 39196 49688 333 58008 60007 71%=
41508 22696 30000 10244 20168 38606 48483 83500 333 56900 58000 60007 83635 62%=
41509 22996 01806 10310 20135 38674 48430 333 58004 60007 RH34%=
41510 22996 00000 10170 20146 37887 48462 333 58014 60007 86%=
41515 22996 02304 10280 20114 38448 48409 333 59002 60007 36%=
41516 22696 30000 10245 20159 38458 48416 83500 333 56900 59019 60007 83640 RH59%=
41517 21696 30000 10200 20136 37760 48442 70411 83500 333 56900 59029 60007 83640 67%=
41517 21696 30000 10200 20136 37760 48442 70411 83500 333 56900 59029 60007 83640 67%=
41518 22696 61802 10311 20059 38/// 48/// 83520 333 56990 5//// 60007 83640 83462 21%=
41518 22696 61802 10311 20059 38/// 48/// 83520 333 56990 5//// 60007 83640 83462 21%=
41519 22696 30000 10305 20128 38674 48429 83500 333 56900 59032 60007 83640 RH34%=
41519 22696 30000 10305 20128 38674 48429 83500 333 56900 59032 60007 83640 RH34%=
41520 22695 21802 10175 20077 37603 48196 82500 333 56900 59009 60007 82640 53%=
41520 22695 21802 10175 20077 37603 48196 82500 333 56900 59009 60007 82640 53%=
41523 22996 00000 10270 20212 39012 48460 333 59005 60007 71%=
41524 22996 00000 10300 20198 39237 40017 333 59004 60007 RH 54%=
41525 22996 00000 10170 20111 37678 48364 333 58006 60007 68%=
41528 22997 00000 10290 20203 39148 48475 333 58001 60007 59%=
41529 22996 23102 10310 20246 39665 40025 82030 333 56090 58000 60007 82362 RH 69%=
41530 216// 13104 10310 20214 39621 40012 70500 81400 333 56900 59013 60007 81840 57%=
41530 216// 13104 10310 20214 39621 40012 70500 81400 333 56900 59013 60007 81840 57%=
41534 22996 00000 10300 20258 39618 40010 333 59016 60007 RH78%=
41535 22996 00000 10240 20195 38660 48439 333 59001 60007 RH76%=
41536 22996 00000 10260 20209 38966 48462 333 59003 60007 74%=
41560 22996 00000 10250 20151 38256 48469 333 58005 60007 Rh54%=
41562 22996 00000 10325 20240 39588 40026 333 58003 60007 61%=
41565 22996 00000 10250 20229 38615 48489 333 58004 60007 88%=
41567 21996 00000 10300 20235 39619 40015 70400 333 58014 60007 68%=
41572 21996 02104 10270 20242 39410 40007 70400 333 59010 60007 RH85%=
41573 22996 00000 10190 20159 37955 48460 333 59004 60007 82%=
41574 22997 00000 10230 20178 38308 48477 333 58003 60007 73%=
41576 21996 00000 10310 20261 40030 70400 333 59011 60007 75%=
41577 21996 00000 10270 20242 40028 70400 333 59012 60007 RH 85%=
41593 21996 00000 10320 20265 39810 40011 70400 333 59011 60007 73%=
41597 21996 00000 10320 20286 40029 70400 333 59013 60007 82%=
41598 21996 00000 10315 20274 39749 40006 70400 333 59016 60007 79%=
41599 21696 20000 10310 20239 39746 40021 70411 82400 333 56900 59012 60007 82640 66%=
41600 21996 00000 10315 20281 40012 70400 333 59010 60007 82%=
41620 32996 01803 10315 20142 38508 48413 333 58000 60007 35%=
41620 32996 01803 10315 20142 38508 48413 333 58000 60007 35%=
41624 21996 30000 10330 20261 40010 70400 83020 333 56090 59001 60007 83460 67%=
41625 21996 00000 10320 20250 40003 70400 333 58004 60007 67%=
41630 21996 20000 10320 20258 40027 70400 82030 333 56090 59004 60007 82360 70%=
41633 22997 00000 10340 20265 4//// 333 5//// 60007 65%=
41634 22997 00000 10300 20245 3//// 4//// 333 5//// 60007 72%=
41635 21996 00000 10330 20286 3//// 4//// 70400 333 5//// 60007 76% =
41636 21996 00000 10325 20270 39846 40018 70400 333 59003 60007 73%=
41638 21996 00000 10320 20258 4//// 70400 333 5//// 60007 70%=
41639 21996 00000 10330 20253 4//// 70400 333 5//// 60007 64%=
41640 21996 32702 10315 20252 39785 40022 70400 83030 333 56090 59011 60007 83360 69%=
41641 21996 03304 10315 20244 39763 40023 70400 333 59012 60007 66%=
41642 21996 20502 10305 20264 4//// 70400 82030 333 56090 5//// 60007 82360 79%=
41643 21996 00000 10300 20251 39755 40018 70400 333 59008 60007 75%=
41644 22997 00000 10310 20276 4//// 333 5//// 60007 82%=
41646 21996 00000 10335 20266 39832 40032 70400 333 59007 60007 67%=
41652 21696 63604 10315 20244 39865 40035 70400 82530 333 56990 58007 60007 82640 85360 66%=
41660 219// 02314 10270 21069 38396 48481 70500 333 58007 60007 RH10%=
41660 219// 02314 10270 21069 38396 48481 70500 333 58007 60007 RH10%=
41661 21996 00000 10280 20020 38351 48470 70500 333 58009 60007 19%=
41669 22996 40000 10340 20286 3//// 4//// 85430 333 56090 5//// 60007 84360 74%=
41670 21996 40000 10320 20272 3//// 4//// 70400 84030 333 5//// 56090 60007 84360 76%=
41674 21996 20000 10320 20265 3//// 4//// 70400 82030 333 56090 5//// 60007 82360 73% =
41675 21996 21804 10340 20249 39881 40017 70410 82030 333 56090 59006 60007 82360 59%=
41676 21996 00000 10340 20286 39900 40049 70400 333 59007 60007 74%=
41677 21996 00000 10320 20265 39853 40011 70400 333 59001 60007 73%=
41678 21996 00000 10340 20208 40036 70500 333 58008 60007 46%=
41679 21996 00000 10315 20260 4//// 70411 333 5//// 60007 72%=
41680 21996 00000 10330 20276 40014 70400 333 59003 60007 73%=
41685 22997 00000 10290 20168 38852 48456 333 59002 60007 RH.48%=
41696 22996 00000 10210 20077 37991 48490 333 58007 60007 RH45%=
41696 22996 00000 10210 20077 37991 48490 333 58007 60007 RH45%=
41697 22996 01304 10355 20251 40013 333 59003 60007 RH55%=
41697 22996 01304 10355 20251 40013 333 59003 60007 RH55%=
41700 21996 00000 10340 20257 40009 70400 333 59004 60007 62%=
41701 21996 00000 10330 20261 40027 70400 333 59002 60007 67%=
41710 21996 03106 10355 21124 49979 70600 333 58007 60007 RH04%=
41710 21996 03106 10355 21124 49979 70600 333 58007 60007 RH04%=
41712 22996 00000 10375 20049 39108 48474 333 58005 60007 RH13%=
41712 22996 00000 10375 20049 39108 48474 333 58005 60007 RH13%=
41715 21996 00000 10340 20286 40016 70500 333 58001 60007 RH74% =
41716 21996 00000 10330 20261 39927 40025 70400 333 59002 60007 67%=
41718 21996 00000 10350 20283 40030 70400 333 58008 60007 68%=
41724 21996 00000 10340 20272 40030 70500 333 59002 60007 RH68%=
41724 21996 00000 10340 20272 40030 70500 333 59002 60007 RH68%=
41725 22996 00000 10365 20246 40014 333 58002 60007 RH51%=
41726 22996 00000 10340 20279 39959 40026 333 59001 60007 RH71%=
41726 22996 00000 10340 20279 39959 40026 333 59001 60007 RH71%=
41726 22996 00000 10340 20279 39959 40026 333 59001 60007 RH71%=
41726 22996 00000 10340 20279 39959 40026 333 59001 60007 RH71%=
41738 22996 02318 10350 20237 40033 333 58002 60007 RH52%=
41738 22996 02318 10350 20237 40033 333 58002 60007 RH52%=
41739 22996 03608 10340 21021 38977 48469 333 58015 60007 RH10%=
41739 22996 03608 10340 21021 38977 48469 333 58015 60007 RH10%=
41742 22996 21304 10310 20254 40028 82010 333 56090 59014 60007 82460 RH72%=
41742 22996 21304 10310 20254 40028 82010 333 56090 59014 60007 82460 RH72%=
41743 21996 00000 10365 20250 70500 333 60007 RH53%=
41743 21996 00000 10365 20250 70500 333 60007 RH53%=
41744 22996 00000 10295 20075 38716 48453 333 58024 60007 RH25%=
41744 22996 00000 10295 20075 38716 48453 333 58024 60007 RH25%=
41745 21996 01304 10325 20255 70500 333 60007 RH67%=
41745 21996 01304 10325 20255 70500 333 60007 RH67%=
41746 02996 01804 10315 20267 40023 333 58004 60007 RH76%=
41746 02996 01804 10315 20267 40023 333 58004 60007 RH76%=
41747 22996 00000 10360 20279 40006 333 58004 60007 RH63%=
41747 22996 00000 10360 20279 40006 333 58004 60007 RH63%=
41748 22996 01804 10355 20251 40039 333 58012 60007 RH55%=
41748 22996 01804 10355 20251 40039 333 58012 60007 RH55%=
41749 22996 01308 10330 20253 40024 333 59010 60007 RH64%=
41749 22996 01308 10330 20253 40024 333 59010 60007 RH64%=
41756 21496 62308 10280 20237 40043 70500 86600 333 56900 58006 60007 86715 RH77%=
41756 21496 62308 10280 20237 40043 70500 86600 333 56900 58006 60007 86715 RH77%=
41757 21596 52310 10290 20248 30047 40059 70400 85600 333 56900 58006 60007 85720 RH78%=
41757 21596 52310 10290 20248 30047 40059 70400 85600 333 56900 58006 60007 85720 RH78%=
41759 21996 02306 10295 20245 40045 70500 333 58006 60007 RH75%=
41759 21996 02306 10295 20245 40045 70500 333 58006 60007 RH75%=
41764 22996 02112 10310 20254 39984 40032 333 59003 60007 RH72%=
41764 22996 02112 10310 20254 39984 40032 333 59003 60007 RH72%=
41765 22996 02108 10310 20269 39997 40031 333 59001 60007 RH79%=
41766 22696 02302 10300 20258 40032 333 58012 60007 RH78%=
41766 22696 02302 10300 20258 40032 333 58012 60007 RH78%=
41767 22996 0//// 10310 20269 333 60007 RH79%=
41768 22996 02304 10310 20276 30024 40031 333 58007 60007 RH82%=
41768 22996 02304 10310 20276 30024 40031 333 58007 60007 RH82%=
41780 22596 32308 10290 20248 30015 40041 83600 333 56900 59006 60007 83720 RH78%=
41780 22596 32308 10290 20248 30015 40041 83600 333 56900 59006 60007 83720 RH78%=
41783 22996 32306 10290 20248 39998 40027 83030 333 56090 58002 60007 83360 RH 78%=
41783 22996 32306 10290 20248 39998 40027 83030 333 56090 58002 60007 83360 RH 78%=
41785 22996 02302 10300 20258 30038 40051 333 58004 60007 RH78%=
41785 22996 02302 10300 20258 30038 40051 333 58004 60007 RH78%=
41786 22696 22306 10320 20250 40032 82500 333 56900 58007 60007 82630 RH67%=
41786 22696 22306 10320 20250 40032 82500 333 56900 58007 60007 82630 RH67%=
41BKI 22996 00000 10320 20242 39613 40007 333 59007 60007 64%=
41SKP 21996 00000 10315 20267 4//// 70400 333 5//// 60007 76%=
43532 22996 00000 10290 20203 39228 49986 333 59001 60007 59%=
43533 22996 00000 10285 20229 39134 48441 333 59009 60007 72%=
43563 22997 00000 10300 20245 40013 333 59008 60007 72%=






Data Generated from File : D:\all data handling\Rmc_lhr\2024090815.FSU.txt
08/09/24 15:56:08
______________________________________________________________
15020 24970 01302 10268 20002 39997 40184 57015 333 55310 21493 60007 91005 90730 91105==
15090 24970 00602 10264 20030 30102 40190 57013 333 55310 00830 21536 30216 60007 91004 90730 91104==
15108 22984 01203 10096 21027 38153 48552 57007 333 55308 21272 60007 91005 90730 91105==
15150 24970 01901 10266 20044 39982 40183 57013 333 55310 21422 60007 91002 90730 91104==
15170 24970 01303 10234 20004 39421 42822 57011 333 55310 21609 60007 91005 90730 91106==
15280 22284 41802 10073 20027 37573 47150 57003 84500 333 55307 21507 60007 91004 90730 91106==
15310 24570 30101 10276 20078 30090 40171 57011 82230 333 55310 00550 21525 31407 60007 91004 90730 91106==
15335 24961 00704 10249 20115 30167 40174 56006 333 55310 21374 60007 91006 90730 91106==
15350 24/70 10405 10271 20012 30065 40178 57012 81040 333 55310 21097 60007 91009 90730 91110==
15360 26970 00407 10228 20153 30153 40169 57006 333 55310 21397 60007 91009 90730 91110==
15420 24970 00702 10282 20023 30063 40168 57013 333 55310 21548 60007 91006 90730 91108==
15460 24570 40303 10270 20123 30145 40168 57010 84500 333 55310 21497 60007 91007 90730 91109==
15470 24970 00804 10285 21001 30043 40161 57016 333 55310 21701 60007 91007 90730 91108==
15480 24570 60602 10231 20155 30152 40169 57002 86900 333 55305 00440 20855 30759 60007 91007 90730 91107==
15549 42570 20703 10246 20082 39764 40156 57008 82100 333 10263 20167 555 535//=
15552 42470 50503 10245 20167 30115 40161 58005 85800 333 10261 20208 555 562// 92034 92438=
15640 42674 10209 10266 20131 39862 40155 58006 81100 333 10284 20207 555 543//=
15655 42570 60512 10248 20172 30121 40152 57002 84232 333 10278 20195 91116 555 563// 92037 92438=
15730 42670 10504 10271 21005 39774 40146 57011 81100 333 10282 20200 555 516//=
16627 42965 00210 10306 20078 30130 40135 57013 333 90730 91122==
16650 42960 00310 10278 20080 30135 40143 57012 333 90730 91122==
16667 42560 23211 10292 20161 30115 40126 57011 82100 333 90730 91120==
16706 42960 00111 10290 20170 30102 40109 57016 333 90730 91118==
16723 42560 23316 10300 20147 30079 40093 57016 81130 333 90730 91124==
16732 46/// /3621 10257 20192 30112 40122 57009 333 90730 91130==
16742 42/60 23117 10276 20183 39940 40087 56009 81041 333 90730 91128==
16749 42560 12515 10302 20217 30054 40067 57009 81101 333 90730 91121==
16754 42560 13113 10280 20215 30086 40131 58007 81100 333 90730 91120==
16760 42560 33612 10254 20173 40131 57004 82101 333 90730 91121==
16765 42560 12822 10278 20197 40096 57007 81106 333 90730 91134==
17022 42570 52704 10240 20173 39972 40130 58001 83230 333 83833 84360 90730 91111==
17024 41670 60000 10226 20201 30046 40120 55000 70198 82230 333 82835 85360 90730 91108==
17026 41570 63001 10230 20205 30094 40131 53002 70298 84250 333 84830 86358 90730 91104==
17031 41570 70604 10257 20214 30110 40116 51002 71722 87900 333 85830 82920 90730 91114==
17034 42670 60601 10250 20206 30080 40124 57008 83250 333 83835 86360 90730 91108==
17038 41670 72103 10241 20200 30078 40124 58002 72598 87200 333 87835 90730 91114==
17042 41560 72101 10243 20228 30099 40137 52016 79522 86950 333 84830 87358 83928 90730 91110==
17050 42970 03604 10305 20063 30091 40150 57012 333 90730 91112==
17056 42970 00411 10273 20166 30136 40140 57004 333 90730 91123==
17060 42560 40113 10254 20184 30105 40144 58002 84200 333 84830 90730 91126==
17070 42665 52303 10221 20127 39284 40115 50001 83250 333 83834 85360 90730 91111==
17074 41570 70000 10167 20160 39228 40128 51019 79599 859/0 333 85830 82922 90730 91116==
17084 42670 32801 10275 20155 39225 40081 57010 83100 333 83840 90730 91106==
17085 42670 40509 10276 20145 39622 40084 53004 84200 333 84840 90730 91120==
17092 42660 63302 10205 20152 38841 48491 57009 84950 333 83845 86358 81940 90730 91108==
17096 41560 62010 10240 20051 38237 48488 55003 71722 86900 333 85835 81925 90730 91120==
17098 41560 61113 10201 20104 38214 48509 50000 71711 84940 333 83840 85358 81925 90730 91118==
17100 42570 50000 10258 20137 39162 40104 57005 83930 333 83840 85360 81925 90730 91106==
17112 42670 20506 10298 20057 30127 40129 57011 82200 333 82835 90730 91115==
17115 42660 30215 10260 20160 30095 40144 57006 83100 333 83835 90730 91125==
17116 42665 53504 10251 20174 30023 40139 56001 83250 333 83840 85360 90730 91111==
17124 42660 43211 10234 20132 39239 40114 56001 84200 333 84835 90730 91120==
17128 41570 63412 10246 20104 39046 40087 55001 72922 86950 333 84840 85360 81930 90730 91121==
17135 42570 53009 10246 20122 39249 40080 55003 85900 333 84840 81930 90730 91115==
17140 42665 50601 10231 20104 38682 48479 57006 85200 333 85835 90730 91108==
17150 42660 30316 10259 20163 30009 40126 55004 83100 333 83835 90730 91124==
17160 42670 32204 10275 20062 38976 48479 57006 83200 333 83840 90730 91113==
17170 42660 42503 10242 20095 38346 48509 52003 82150 333 82840 83358 90730 91116==
17175 42965 00204 10297 20150 30109 40113 57010 333 90730 91110==
17184 42670 23508 10278 20136 30000 40105 56007 82100 333 82840 90730 91117==
17190 42670 33403 10259 20087 38956 48483 57007 83100 333 83835 90730 91109==
17190 42670 33403 10259 20087 38956 48483 57007 83100 333 83835 90730 91109==
17195 42570 63006 10281 20055 38933 48481 55003 86300 333 85835 81927 90730 91119==
17200 41560 72108 10216 20126 39156 40097 52013 79599 85950 333 84833 86359 81927 90730 91128==
17202 42570 63007 10295 20115 39083 40059 53001 86900 333 85835 81927 90730 91122==
17203 42670 51702 10279 20095 38847 48524 57002 83150 333 83840 85360 90730 91114==
17210 42670 60000 10320 20089 39096 40051 57004 84101 333 84840 86070 90730 91109==
17219 42565 23517 10305 20153 39963 40099 57011 82100 333 82830 90730 91129==
17234 42670 13604 10335 20134 30015 40079 57011 81100 333 81840 90730 91109==
17237 42670 13304 10321 20122 39601 40071 57014 81100 333 81840 90730 91109==
17240 42570 51412 10271 20141 38990 40069 55003 85300 333 84830 81927 90730 91122==
17244 42570 60204 10263 20071 38960 48486 57007 86900 333 85840 82930 90730 91125==
17248 42670 53203 10283 20052 38936 48475 57007 85200 333 85840 90730 91109==
17250 42970 01702 10278 20075 38774 48483 56002 333 90730 91113==
17260 42560 42310 10310 20141 39271 40035 53001 84900 333 83840 81930 90730 91117==
17270 42970 01905 10344 20078 39454 40053 55003 333 90730 91113==
17275 42670 32003 10294 20115 38955 48508 58003 83100 333 83840 90730 91116==
17280 42660 12212 10336 20106 39319 40053 57004 81100 333 81840 90730 91123==
17290 42970 03307 10322 20147 30050 40080 57008 333 90730 91123==
17292 42670 23203 10304 20103 39347 40053 56006 82100 333 82840 90730 91112==
17300 42560 51306 10304 20203 30012 40079 55004 85900 333 84830 81920 90730 91115==
17310 42970 01702 10318 20250 30057 40064 56007 333 90730 91109==
17330 42670 11601 10317 20228 30056 40073 56007 81100 333 81840 90730 91108==
17350 42660 40213 10302 20106 30002 40076 51010 84200 333 84835==
17370 42670 32606 10305 20249 30086 40090 53008 83200 333 83835 90730 91110==
17375 42670 33503 10307 20204 30053 40055 56006 83200 333 83836 90730 91116==
33088 42960 01104 10260 20055 30018 40197 57015==
33135 42970 00701 10245 20076 30084 40223 57011==
33177 42970 01104 10260 20061 39956 40178 57015==
33317 42970 01304 10248 20040 39876 40193 57014==
33393 42960 21405 10256 20010 39800 40167 57013 80001==
33415 42970 01105 10248 21007 39808 40182 57014==
33429 42960 00803 10239 20033 39789 40187 57013==
33466 42970 01103 10249 20011 30028 40205 57012 333 30///==
33506 42/60 30706 10249 21023 30021 40206 57012 83031==
33562 42960 01103 10261 20044 39912 40197 57013==
33587 42970 00902 10250 21007 39946 40194 57010==
33658 42984 01204 10259 20012 39898 40179 57014==
33663 42970 01202 10272 20019 30108 40198 57010==
33664 42998 00802 10260 21035 39881 40178 57013=
33678 42998 02802 10257 21025 39999 40200 57018=
33679 42997 00402 10264 20025 30006 40185 57012=
33711 42960 00806 10255 20013 39991 40188 57011==
33745 42997 00301 10262 20000 30010 40192 57011=
33748 42997 01202 10253 20045 39917 40184 57012=
33754 42998 00502 10267 20023 30047 40184 57011=
33761 42970 00505 10249 20036 39974 40184 57011==
33791 42/83 60505 10249 20025 30065 40185 57008 84031==
33815 42998 00402 10257 20011 39977 40172 57010=
33837 42983 30802 10239 20095 30120 40169 57010 80001==
33881 42998 03403 10265 20037 39992 40176 57010=
33883 42598 20302 10268 20052 30014 40169 57012 82100=
33885 42598 40503 10253 20054 30051 40177 57007 82130=
33892 42998 50502 10239 20075 39971 40169 57007 85050=
33902 42/70 60705 10267 20042 30107 40163 57009 80051==
33924 22/70 70508 10220 20144 30141 40153 57003 87070 333 60002 91012 90730 91113==
33946 22781 70708 10221 20162 39923 40131 57004 81530 333 60002 91012 90730 91114==
33983 21560 80702 10226 20162 30080 40137 58008 70298 8695/ 333 60012==
34300 42/60 60901 10242 20024 30051 40218 57012 86030==
34336 22970 20801 10249 20023 30131 40228 57012 80001 333 10269 60002==
34344 22970 21202 10257 20038 30142 40224 57012 80001 333 10278 60002==
34356 22960 01102 10253 20036 30095 40233 57007 333 10273 60002==
34357 22970 01203 10238 20039 30080 40226 56012 333 10267 60002 90730 91111==
34398 22970 20000 10251 20104 30231 40240 57006 80001 333 10282 60002==
34415 42/70 60901 10246 20014 30115 40206 56008 83086==
34438 22960 61005 10240 20016 30036 40216 57007 80009 333 10267 60002 90730 91111==
34445 21970 21004 10247 20011 30117 40224 57008 70731 80001 333 10268 60002 90730 91111==
34461 22960 21203 10249 20016 30181 40233 57007 80001 333 10277 60002==
34473 32997 21103 10253 20044 30206 40242 57003 80001 333 10275=
34476 22970 11202 10252 20015 30233 40240 56005 80001 333 10273 60002==
34504 42/82 60906 10244 20008 30028 40192 57008 86030==
34535 22970 31104 10238 21013 30141 40208 57006 80001 333 10269 60002 90730 91112==
34545 22970 20903 10245 21007 30110 40215 57007 80001 333 10264 60002 90730 91112==
34555 22/70 30903 10220 20087 30143 40229 57008 81032 333 10254 60002==
34560 42960 01204 10232 20029 30052 40232 57007 333 10262 90730 91110==
34578 22960 01601 10245 20032 30224 40230 57007 333 10270 60002==
34579 22970 00702 10245 20007 30194 40236 57006 333 10271 60002==
34644 22960 30703 10249 21043 30125 40197 57009 80001 333 10267 60002 90730 91111==
34646 22970 11003 10236 20095 30127 40204 57009 80001 333 10255 60002==
34655 22960 00805 10253 21044 30157 40213 56008 333 10273 60002 91010 90730 91112==
34662 22970 11003 10245 21012 30216 40226 57007 80001 333 10267 60002 90730 91111==
34691 22970 31102 10254 20006 30252 40240 57005 80002 333 10282 60002==
34720 22570 70603 10238 20049 30141 40179 57010 84544 333 10247 60002==
34727 22560 60905 10253 20042 30139 40167 57008 86300 333 10263 60002 90730 91111==
34743 22960 10904 10252 21042 30115 40199 57008 80001 333 10271 60002 90730 91112==
34759 21960 20805 10240 20006 30077 40200 57005 70230 80001 333 10268 60002 90730 91113==
34772 22970 51004 10249 21008 30225 40228 57006 80005 333 10268 60002 90730 91110==
34785 22570 61305 10232 20035 30254 40233 57002 82909 333 10270 60002==
34798 22960 51103 10207 20075 30268 40240 57003 80005 333 10265 60002==
34824 21560 80602 10225 20135 30150 40155 57003 70282 883// 333 10273 69932 90730 91110==
34838 22660 60903 10268 20067 30060 40150 57006 82989 333 10286 60002 90730 91112==
34845 22/70 61104 10260 20031 30069 40169 57006 80034 333 10280 60002 90730 91113==
34858 22960 41005 10252 20021 30082 40183 57005 80005 333 10276 60002 91013 90730 91113==
34861 22/70 11107 10229 21012 39969 40198 57005 81030 333 10261 60002 91010 90730 91115==
34866 22770 21106 10238 21005 30219 40211 57003 82130 333 10270 60002 91010 90730 91113==
34880 22560 71102 10211 20077 30256 40231 57004 84930 333 10250 60002 90730 91110==
34887 22/70 70703 10212 20043 30248 40230 56001 83036 333 10249 60002==
34949 22970 20911 10232 20086 39643 40154 57003 80001 333 10259 60002 91015 90730 91117==
34954 22970 00803 10250 20046 30005 40168 55002 333 10283 60002 90730 91113==
34958 22970 01105 10244 20037 39975 40176 885// 333 10275 60002 90730 91115==
34975 22/70 21105 10225 20044 30207 40203 57001 80070 333 10271 60002 91010 90730 91113==
34984 22670 60505 10205 20076 30247 40218 57005 82960 333 10249 60002 90730 91111==
35217 12960 10502 10250 20080 30207 40244 57002 60002 80001 333 10284==
35302 12/70 20503 10242 20120 30225 40244 57003 60002 82040 333 10283==
35315 32998 23601 10240 20090 30195 40248 53004 80002 333 10286=
35344 32997 00701 10185 20073 39975 40247 54000 333 10223=
35358 12/// 30501 10160 20056 30075 40236 53008 60002 83040 333 10189==
35368 329// 50302 10161 20089 39983 40237 52007 85030 333 10168=
35386 329// 00101 10142 20049 39729 40224 53008 333 10184=
35394 12970 00202 10128 20036 39580 40227 53006 60002 333 10199==
35404 32998 00000 10258 20131 30235 40243 57007 333 10272=
35406 12660 40602 10256 20073 30237 40239 57005 60002 84200 333 10287==
35416 12970 51902 10243 20099 30125 40237 57001 60002 80005 333 10276==
35426 12984 00501 10204 20058 39974 40247 53003 60002 333 10245==
35437 32998 20601 10195 20061 39950 40244 53002 80004 333 10225=
35449 32998 30104 10175 20112 30141 40239 53003 83030 333 10203=
35497 129// 00000 10104 20027 39461 40229 53008 60002 333 10195==
35498 326// 32101 10110 20019 39385 40227 52004 83500 333 10190=
35514 32598 23603 10264 20097 30239 40235 57005 82200 333 10286=
35522 32998 40602 10233 20064 30003 40237 54000 80001 333 10252=
35542 32998 00902 10175 20081 30105 40245 52006 333 10241=
35563 32998 00202 10125 20054 39491 40226 52006 333 10146=
35576 126// 52901 10176 20039 39793 40215 52008 60002 85500 333 10211==
35582 329// 52702 10145 20089 39649 40217 57016 80003 333 10199=
35594 329// 01801 10131 21017 39421 40219 53007 333 10199=
35605 32998 02001 10245 20114 30252 40232 57010 333 10274=
35633 32998 00403 10194 20025 30038 40238 53005 333 10231=
35671 12570 50402 10168 20050 39811 40215 53006 60002 85500 333 10184==
35699 129// 00000 10102 20025 39509 40236 53006 60002 333 10184==
35700 12970 01702 10235 20082 30275 40253 57005 60002 333 10265==
35715 32998 03602 10257 20082 30242 40228 57005 333 10291=
35739 32999 13602 10203 20069 30098 40229 53006 81080 333 10236=
35746 12970 00105 10190 20070 30164 40227 53012 60002 333 10221==
35777 325// 60000 10175 20045 39883 40207 52003 86400 333 10200=
35796 12960 60402 10155 20061 39807 40218 53006 60002 80002 333 10196==
35849 125// 33203 10186 20095 30135 40215 52013 60002 83300 333 10247==
35895 32597 60903 10175 20075 39792 40209 53001 84302 333 10204=
35907 32998 60410 10207 20111 30252 40224 57009 80002 333 10234=
35925 12670 60705 10237 20086 30120 40223 53002 60002 82484 333 10278==
35927 32698 30503 10249 20084 30215 57004 83400 333 10279=
35953 425// 20604 10172 20057 30090 40212 53012 82400 333 10213==
35969 125// 53201 10146 20006 30051 40217 53003 60002 85900 333 10176==
35997 329// 20502 10198 20078 39782 40186 53006 82040 333 10255=
36259 42584 63203 10081 21047 38278 48541 52013 83902==
36335 329// 00000 10102 20018 39262 40243 53008 333 10180=
36358 326// 60000 10144 20022 39265 40224 53007 86500 333 10169=
36394 325// 80000 10115 20083 39832 40236 53003 883// 333 10193=
36397 129// 00000 10132 20062 39698 40235 53003 60002 333 10193==
36403 326// 71202 10133 20065 39891 40234 53003 83981 333 10180=
36418 327// 62803 10121 20043 39656 40242 53004 82533 333 10191=
36421 329// 50000 10067 20054 39714 40262 53005 80001 333 10155=
36428 127// 50302 10104 20066 39770 40251 53005 60002 82541 333 10184==
36439 326// 51502 10066 20032 39037 48571 53012 82941 333 10145=
36498 329// 30102 10135 20041 39477 40226 53005 80001 333 10196=
36501 329// 20000 10133 20064 39513 40225 53002 82030 333 10173=
36535 12/// 20000 10096 20024 39644 40252 53011 60002 82030 333 10188==
36546 329// 02701 10111 20043 39726 40242 53002 333 10215=
36619 329// 00901 10179 20068 333 10236=
36622 329// 30000 10140 20001 39461 40220 53002 82041 333 10195=
36639 129// 00000 10102 20048 39641 40222 53006 60002 333 10214==
36643 329// 01403 10124 20052 39606 40235 53005 333 10197=
36665 329// 20000 10137 20041 39539 40226 52004 80001 333 10193=
36666 329// 00000 10108 20049 39768 40240 53007 333 10193=
36729 32998 00000 10130 20076 39749 40206 53003 333 10226=
36736 329// 23501 10134 20071 39696 40221 53002 80001 333 10211=
36744 329// 00501 10183 20016 39774 40194 53004 333 10242=
36770 329// 03603 10172 20038 39504 40183 54000 333 10230=
36786 32999 00000 10109 20062 39332 40210 53004 333 10212=
36796 329// 00000 10078 20013 39064 48535 52006 333 10217=
36803 32999 01207 10193 20062 39782 40199 53001 333 10216=
36806 329// 01606 10155 20022 39771 40213 53004 333 10229=
36819 329// 00705 10187 20031 39607 40178 53004 333 10247=
36821 129// 20202 10178 20021 39732 40191 53007 60002 80002 333 10252==
36839 32998 03301 10159 20063 39122 40183 52007 333 10222=
36843 329// 02903 10126 20037 39081 40200 53002 333 10218=
36846 329// 00802 10105 20022 38653 48544 52008 333 10204=
36859 129// 00000 10147 20079 39455 40195 53007 60002 333 10249==
36870 129// 00501 10160 20080 39220 40174 53008 60002 333 10230==
36874 329// 00502 10164 20060 39449 40180 53011 333 10268=
36877 329// 00000 10129 20071 39262 40192 53003 333 10238=
36885 329// 01104 10137 20058 39116 40189 53004 333 10220=
36889 329// 00000 10038 21058 37126 47160 52003 333 10080=
36894 329// 00000 10182 20011 39485 40178 53004 333 10248=
36905 329// 01401 10111 20056 38783 48546 52009 333 10185=
36911 129// 00701 10176 20110 39256 40174 52010 6//// 333 10266 555 530//=
36927 12997 00502 10142 20029 38384 48536 53002 6//// 333 10198 555 530//=
36934 12997 03502 10134 20077 38292 48412 58003 6//// 333 1//// 555 530//=
36953 329// 01901 10076 20029 38256 48508 52012 333 10172=
36963 129// 01602 10058 21060 37104 48/// 53009 6//// 333 10127 555 530//=
36974 129// 00000 10134 21030 38004 48529 53011 6//// 333 10210 555 530//=
36982 129// 02701 10006 21111 36611 47171 52011 6//// 333 10087 555 530//=
37018 22970 31701 10272 20183 30049 40119 52002 80001 333 10313 60002==
37031 22/60 60904 10265 20105 39961 40142 57003 83089 333 10282 60002 90730 91111==
37054 22/70 60000 10223 20125 39800 40161 55003 80042 333 10253 60002 90730 91111==
37061 21960 20807 10231 20099 30022 40181 53003 70711 80005 333 10273 60002 91011 90730 91114==
37085 22570 60808 10225 20119 30219 40193 57003 86500 333 10258 60002 91013 90730 91117==
37171 22670 81302 10280 20222 30101 40118 54000 81101 333 10298 60002==
37228 21440 80000 10165 20150 39367 40164 57003 71022 885// 333 10169 60022==
37235 22/70 30702 10216 20158 39858 40156 57004 8004/ 333 10245 60002==
37472 22/70 71407 10232 20181 30195 40174 57001 85081 333 10250 60002 91014 90730 91114==
38149 12970 20101 10228 20034 30134 40206 57002 60002 80002 333 10272==
38178 12/// 60403 10187 20011 39923 40196 57002 60002 86070 333 10206==
38262 12/// 23201 10208 20068 30130 40208 53001 60002 82030 333 10262==
38264 12970 02302 10211 20030 30115 40203 57007 60002 333 10242==
38345 12998 00000 10138 20034 38821 48527 52006 6//// 333 10235 555 530//=
38353 129// 01701 10179 20036 39317 40170 53006 6//// 333 10251 555 530//=
38388 12998 00201 10240 20046 30126 40192 57003 6//// 333 10268 555 530//=
38392 12997 03202 10214 20045 30107 40205 57003 6//// 333 10246 555 530//=
38396 12960 03102 10182 20058 30087 40207 57002 60002 333 10246==
38403 129// 03603 10242 20053 30079 40192 57002 60002 333 10256==
38413 12/// 30602 10214 21030 39892 40167 57012 60002 83030 333 10246==
38457 12/60 22301 10220 20013 39603 40156 57001 60002 82030 333 10272==
38462 126// 22502 10167 21012 38768 48524 52008 60002 82500 333 10256==
38462 126// 22502 10167 21012 38768 48524 52008 60002 82500 333 10256==
38507 12998 00000 10300 20027 30079 40174 53007 6//// 333 10320 555 530//=
38545 12998 03303 10165 20076 30026 40196 54000 6//// 333 10250 555 530//=
38565 129// 00000 10188 20071 39593 40167 53002 60002 333 10258==
38579 12/// 30000 10206 20078 39760 40156 54000 60002 83070 333 10268==
38583 12560 62902 10208 20074 39856 40161 57001 60002 82241 333 10288==
38599 32997 82307 10225 20050 39666 40151 52004 84032 333 10275=
38611 12/60 70000 10236 20092 39605 40139 52003 60002 87070 333 10282==
38613 129// 00401 10200 20076 40149 53007 6//// 333 10272 555 530//=
38616 125// 60901 10160 20106 39192 40163 53002 6//// 86300 333 10258 555 530//=
38618 126// 80000 10198 20131 39484 40136 52002 60002 82531 333 10287==
38647 12998 00703 10269 20013 30125 40165 57001 6//// 333 10316 555 530//=
38656 12998 00504 10268 21050 30090 40192 54000 6//// 333 10294 555 530//=
38683 12960 03404 10218 20015 39910 40172 53002 60002 333 10269==
38687 12997 03603 10240 20036 39961 40183 54000 6//// 333 10275 555 530//=
38696 12/// 10502 10200 20051 39338 40151 53002 60002 81040 333 10280==
38713 329// 81101 10170 20015 39051 48540 54000 84034 333 10250=
38750 12997 02703 10277 20208 30208 40181 57005 6//// 333 10297 555 530//=
38763 12999 00704 10288 21014 30079 40177 57006 6//// 333 10310 555 530//=
38774 12998 01101 10276 20038 39997 40180 57003 6//// 333 10308 555 530//=
38799 32997 00203 10260 20004 39963 40181 54000 333 10293=
38806 32997 03601 10232 20029 39905 40150 53001 333 10281=
38812 12960 03002 10212 20021 39722 40152 57001 60002 333 10280==
38836 319// 00902 10240 20058 39219 40091 58011 70500 333 10313=
38880 12997 00603 10278 21021 39940 40178 54000 60002 333 10305 555 530//=
38886 12997 00000 10260 20046 39979 40173 57001 6//// 333 10302 555 530//=
38895 32996 00000 10238 20041 39912 40186 53001 333 10286=
38911 32997 03203 10240 20055 39878 40156 54000 333 10296=
38915 32997 00000 10245 20045 39861 40166 53003 333 10304=
38927 12960 02502 10246 21012 39791 40145 53004 60002 333 10309==
38933 329// 01801 10250 20140 39655 40135 57009 333 10305=
38944 319// 01801 10246 20046 39577 40077 53006 70500 333 10314=
38954 329// 02702 10210 20029 37932 48480 53020 333 10280=
38974 12998 00202 10262 21017 39858 40172 53003 6//// 333 10307 555 530//=
38987 32996 00102 10246 21007 39459 40158 53006 333 10284=
40100 43/70 02307 10299 20244 30085 40100 55007 333 58///=
40180 02660 13105 10306 20225 30038 40084 57005 81100 333 70000==
40199 02/// /1903 10361 20177 30032 40056 57009 333 70000==
40255 46/// /2704 10301 29051 3//// 4//// 5////=
40265 41556 13007 10312 20150 39335 40088 57004 70511 81200 333 81830=
40270 41656 13111 10310 20137 39227 40074 57007 70500 81100 333 81835=
40272 41950 02810 10320 20147 39291 40083 57007 70500=
40296 46/// /0000 10390 29030 4//// 5////=
40340 42960 02008 10372 20156 30000 40061 57014=
40356 42660 12608 10360 20030 39129 48482 81100 333 59005 81840 555 04410 50038=
40357 42960 00000 10404 20020 39433 40019 333 59001=
40360 42660 23406 10368 20040 39494 40048 82100 333 59003 82840=
40361 42960 02003 10391 20030 39312 40038 333 59003=
40362 41656 50109 10429 20030 39531 40004 70600 85500 333 59015 85640=
40373 42960 31210 10424 20030 39641 40027 83030 333 58004 83360=
40375 42960 02605 10356 20060 39211 40031 333 59005=
40394 42660 22708 10394 20070 38971 48485 82100 333 59009 82840 555 04410 50012=
40394 42660 22708 10394 20070 38971 48485 82100 333 59009 82840 555 04410 50012=
40400 42960 02711 10323 20240 30039 40066 333 59010=
40405 42660 61306 10410 20060 39325 40001 86500 333 58003 86640=
40417 42960 00606 10368 20220 30025 40039 333 58013=
40420 42960 00408 10394 20110 39839 40031 333 58014=
40430 42960 02910 10407 21020 39342 40028 333 59004=
40437 42960 00406 10399 20000 39377 40030 333 58004=
40439 42960 02618 10360 20210 30031 40049 333 59008=
40582 32960 03507 10441 20087 40032 56004 333 55300 00000 10160 20173 30049 41457 51731 60222 55407 40124 90400 91009 91117 91211 91309=
40703 42660 30000 10284 20096 38885 40076 56007 83100 333 10304 20140 70000 83835 555 10174 29031 66666 00356 10356 20300 30278 50278 90260=
40706 42562 42703 10290 20075 38641 40079 56005 84300 333 10310 20168 70000 83830 81932 555 10167 29026 66666 00407 10326 20293 30298 50300 90288=
40712 42660 20801 10244 20114 38661 40089 57008 82400 333 10283 20112 70000 82640 555 10166 29044 66666 00308 10274 20244 30237 50235 90227=
40713 42665 10000 10311 20038 38643 40057 57008 81400 333 10334 20174 70000 555 10162 29018 66666 00336 10294 20279 30278 50278 90260=
40718 42460 51101 10252 20184 30200 40173 56003 83370 222// 0//// 20202 333 10291 20215 70008 81915 83620 555 10209 29066 66666 00304 10288 20274 30270 50280 90266=
40723 42665 13107 10242 20122 38973 40149 53001 81500 333 10286 20146 70000 555 10170 29047 66666 00302 10304 20264 30250 50252 90244=
40726 42660 20000 10292 20113 38640 40073 56004 82500 333 10314 20134 70000 82635 555 10182 29033 66666 00320 10318 20292 30268 50266 90257=
40727 42965 02805 10299 20022 38478 40089 55002 333 10325 20097 70000 555 10151 29017 66666 00343 10320 20267 30251 50248 90232=
40732 42560 62801 10260 20195 30180 40157 58010 86300 333 10280 20234 70000 82921 84627 555 10218 29068 66666 00290 10288 20288 30286 50278 90266=
40736 42560 82501 10260 20212 30196 40172 57003 8562/ 333 10278 20227 70026 85720 88459 555 10228 29075 66666 00280 10284 20288 30290 50292 90289=
40737 42560 81902 10235 20211 30152 40169 58001 8352/ 333 10282 20225 70000 83627 88458 555 10219 29086 66666 00272 10270 20266 30266 50261 90254=
40738 41557 62503 10263 20210 30180 40182 51001 70522 84350 333 10319 20245 70000 82930 84635 555 10228 29073 66666 00312 10324 20304 30292 50288 90278=
40739 42965 00205 10230 20112 38708 40127 53001 333 10280 20178 70000 555 10160 29047 66666 00298 10300 20290 30282 50278 90277=
40741 42960 00000 10260 21023 39870 40192 52019 333 10312 20167 70000 555 10132 29015 66666 00335 10338 20320 30311 50320 90334=
40743 42965 00000 10303 20025 39052 40103 56003 333 10329 20192 70000 555 10157 29017 66666 00360 10358 20328 30315 50318 90316=
40745 42960 01507 10223 20024 39065 40170 53011 333 10278 20160 70000 555 10124 29027 66666 00294 10304 20278 30266 50263 90260=
40747 42660 12504 10320 21034 38614 40048 53002 81400 333 10360 20203 70000 555 10147 29010 66666 00390 10368 20322 30300 50296 90291=
40754 42662 11703 10298 20064 38822 40082 56002 81100 333 10317 20229 70000 81840 555 10166 29023=
40762 42962 00705 10243 21011 38566 40106 53006 333 10308 20176 70000 555 10120 29019 66666 00314 10330 20300 30266 50272 90270=
40766 42980 13006 10326 21114 38669 40063 53001 81030 333 10368 70000 555 10137 29005 66666 00375 10367 20318 30295 50290 90281=
40768 42662 10805 10275 20025 38259 40070 54000 81400 333 10333 20123 70000 81640 555 10142 29020 66666 00367 10364 20305 30288 50282 90278=
40769 41657 10704 10261 20027 38309 40071 53002 70600 81400 333 10317 20188 70000 81640 555 10137 29022 66666 00374 10358 20322 30304 50300 90291=
40780 42960 03004 10318 20000 38670 40077 58001 333 10364 20183 70000 555 10154 29013 66666 00392 10368 20330 30320 50316 90306=
40782 42970 02503 10331 21026 38827 40055 53001 333 10382 20164 70000 555 10154 29010 66666 00372 10370 20302 30302 50306 90290=
40785 42960 00605 10332 21025 39052 40075 55002 333 10364 20201 70000 555 10157 29010 66666 00410 10410 20380 30360 50364 90378=
40791 42962 03504 10357 21069 39288 40053 57003 333 10403 20254 70000 555 10160 29006 66666 00416 10410 20380 30362 50354 90353=
40792 42962 00306 10293 21046 38702 40069 55001 333 10349 20206 70000 555 10134 29011 66666 00380 10344 20304 30310 50330 90308=
40798 42660 12404 10255 21099 37975 40089 53002 81400 333 10331 81640 555 10103 29009 66666 00362 10358 20298 30268 50263 90255=
40800 42960 01202 10308 21008 38448 40058 55001 333 10359 20183 70000 555 10147 29013 66666 00344 10354 20324 30300 50300 90294=
40809 42962 03603 10286 21174 38485 40057 53006 333 10366 20187 70000 555 10113 29004 66666 00366 10364 20324 30306 50302 90298=
40811 42960 02203 10416 20097 30000 40025 55003 333 10457 20255 70000 555 10225 29015 66666 00428 10416 20380 30380 50380 90380=
40812 42960 03001 10396 20051 39680 40030 55001 333 10443 20264 70000 555 10202 29012 66666 00480 10466 20432 30406 50394 90388=
40818 42965 03003 10288 21072 37979 40037 53006 333 10332 20145 70000 555 10122 29009 66666 00330 10317 20293 30282 50308 90296=
40821 42960 23103 10330 21010 38761 40049 56003 81032 333 10362 20232 70000 81359 555 10157 29011 66666 00398 10388 20349 30339 50336 90344=
40829 42960 03411 10320 21021 39517 40055 53002 333 10378 20240 70000 555 10156 29011 66666 00356 10360 20330 30326 50312 90298=
40831 42960 02702 10420 20100 30024 40032 56003 333 10458 20262 70000 555 10228 29015 66666 00436 10430 20390 30380 50376 90368=
40833 42960 02903 10419 20062 30007 40037 56003 333 10461 20243 70000 555 10215 29012 66666 00406 10396 20382 30376 50384 90368=
40835 42960 02703 10365 20074 39269 40048 53003 333 10416 20236 70000 555 10196 29017 66666 00428 10412 20386 30356 50360 90350=
40841 42670 10607 10302 21034 38240 40046 53006 81500 333 10355 20114 70000 555 10137 29011 66666 00322 10314 20296 30292 50290 90290=
40845 42960 02502 10345 20264 30033 40038 58004 333 10390 20290 70000 555 10286 29063 66666 00398 10404 20380 30374 50370 90362=
40848 42960 12804 10318 20036 38499 40042 52005 81030 333 10378 20176 70000 81360 555 10162 29017 66666 00362 10354 20328 30306 50302 90290=
40851 42660 50000 10316 20009 38253 40016 53003 85400 333 10356 20220 70000 85640 555 10152 29014 66666 00400 10400 20362 30332 50332 90318=
40854 42960 03602 10355 21076 38903 40016 52004 333 10406 20282 70000 555 10156 29006 66666 00416 10434 20394 30374 50368 90366=
40856 42960 00204 10290 21028 38620 40061 51006 333 10368 20192 70000 555 10136 29012 66666 00374 10378 20334 30312 50312 90312=
40859 42560 52104 10344 20046 38662 40022 54000 85300 333 10384 20210 70000 81930 84635 555 10176 29016 66666 00358 10346 20316 30300 50296 90293=
40875 41956 11903 10322 20270 30025 40036 51002 70510 81030 333 10353 20300 70000 81360 555 10284 29074 66666 00392 10388 20380 30372 50374 90372=
40879 42662 12903 10405 20046 39376 40003 53001 81400 333 10442 20304 70000 81640 555 10202 29011 66666 00466 10464 20420 30404 50400 90400=
40882 41940 03104 10326 20288 39999 40032 58002 71000 333 10374 20310 70000 555 10298 29081 66666 00418 10416 20388 30386 50372 90364=
40883 41950 02204 10335 20260 30007 40029 50000 70500 333 10386 20315 70000 555 10281 29065 66666 00399 10406 20390 30385 50382 90375=
40893 41958 01903 10303 20251 30028 40033 54000 70500 333 10316 20289 70000 555 10266 29074 66666 00375 10381 20367 30365 50368 90368=
40898 41556 21106 10290 20261 30021 40030 51008 71000 82600 222// 00306 20802 333 10327 20290 70000 82720 555 10269 29084 66666 00378 10418 20402 30380 50378 90368=
41024 42960 23114 10362 20200 30030 40055 82030 333 59010 82360=
41036 42560 23116 10324 20030 38546 48497 82100 333 59003 82830 555 04410 50055=
41055 42560 40107 10330 21030 38343 48484 84300 333 58000 81925 83630 555 04410 50037=
41061 42960 00510 10408 21010 39347 40009 333 59002=
41084 42960 00314 10373 21050 38803 48473 333 58001 555 04410 50001=
41112 41558 32009 10234 20170 37936 48486 70540 83400 333 59001 83620 555 04410 50038=
41114 42560 20606 10287 21080 37968 48486 82400 333 58000 82622 555 04410 50022=
41128 42960 00608 10356 21090 38762 48480 333 59001 555 04410 50023=
41136 42960 00208 10392 21070 39246 40016 333 59002=
41140 41959 03010 10333 20270 30037 40042 70500 333 59004=
41150 42962 00107 10344 20270 40041 333 58012=
41170 41957 00309 10353 20271 30023 40036 333 58016=
41176 44/58 /0508 10349 20261 30022 40028 333 58015=
41184 42660 13606 10360 20219 40035 81500 333 58019 81635=
41194 42960 13209 10357 20249 30024 40029 80001 333 58018 81075=
41196 42960 23205 10346 20254 39997 40036 80001 333 58018 82075=
41216 42960 13608 10350 20284 30027 40031 81030 333 58015 81368=
41217 42960 13413 10352 20288 39998 40025 81030 333 58015 81368=
41246 36/// /1210 10305 20279 30037 40039 333 0E032 55300 25022 58014=
41255 32960 02306 10333 20175 39539 41028 333 5////=
41256 32960 00402 10307 20256 30023 40040 333 58011 55122 55407 55408 55507 55508=
41257 36/// /0705 10354 20189 39568 40036 333 0E032 55300 20263 58013=
41258 36/// /1008 10296 20269 30031 40035 333 0E/// 55307 20362 58014=
41263 26/// /1613 10311 20189 39484 40022 333 0E026 55300 20191 58020 70000=
41268 36/// /2504 10342 20221 39991 40036 333 0E028 55300 25022 58015=
41275 36/// /1321 10342 20206 39891 40052 333 0E026 55300 20492 58019=
41315 26/50 /0000 10234 20231 39249 47372 333 0E025 55300 27865 58006 70000=
41396 42665 41508 10386 20142 39324 49995 83801 333 58008 83835=
41480 41557 12416 10344 20228 30021 40029 70544 81130 333 58005 81820=
41506 12920 01801 10285 20108 38440 48360 60001 333 58014==
41508 12440 30000 10244 20168 38606 48830 60001 83500 333 56800 58000==
41515 12940 02302 10280 20114 38448 48090 60001 333 59002==
41523 12940 00000 10270 20212 39012 48600 60001 333 59005==
41535 12940 00000 10240 20195 38660 48390 60001 333 59001==
41536 12940 00000 10260 20209 38966 48620 60001 333 59003==
41560 12940 00000 10250 20151 38256 48690 60001 333 58005==
41571 11600 23103 10300 20198 39473 40025 60001 70500 81530 333 56880 59007==
41598 11940 00000 10315 20274 39749 40006 60001 70400 333 59016==
41600 11940 00000 10315 20281 30000 40012 60001 70400 333 59010==
41620 12940 01802 10315 20142 38508 48130 60001 333 58000==
41624 11940 30000 10330 20261 30000 40010 60001 70400 83020 333 56080 59001==
41630 11940 20000 10320 20258 30000 40027 60001 70400 82030 333 56080 59004==
41640 11940 32701 10315 20252 39785 40022 60001 70400 83030 333 56080 59011==
41660 11900 02307 10270 21069 38396 48810 60001 70500 333 58007==
41678 11940 00000 10340 20208 30000 40036 60001 70500 333 58008==
41696 12940 00000 10210 20077 37991 48900 60001 333 58007==
41697 12940 01302 10355 20251 30000 40013 60001 333 59003==
41700 11940 00000 10340 20257 30000 40009 60001 70400 333 59004==
41710 11940 03103 10355 21124 30000 49979 60001 70600 333 58007==
41712 12940 00000 10375 20049 39108 48740 60001 333 58005==
41715 11940 00000 10340 20286 30000 40016 60001 70500 333 58001==
41718 11940 00000 10350 20283 30000 40030 60001 70400 333 58008==
41725 12940 00000 10365 20246 30000 40014 60001 333 58002==
41739 12940 03604 10340 21021 38977 48690 60001 333 58015==
41744 12940 00000 10295 20075 38716 48530 60001 333 58024==
41749 12940 01304 10330 20253 30000 40024 60001 333 59010==
41756 11240 62304 10280 20237 30000 40043 60001 70500 86600 333 56800 58006==
41759 11940 02303 10295 20245 30000 40045 60001 70500 333 58006==
41764 12940 02106 10310 20254 39984 40032 60001 333 59003==
41768 12940 02302 10310 20276 30024 40031 60001 333 58007==
41780 12340 32304 10290 20248 30015 40041 60001 83600 333 56800 59006==
41785 12940 02301 10300 20258 30038 40051 60001 333 58004==
41859 02930 00000 10290 20280 39993 40029 333 59007 70000==
41883 02/30 40000 10306 20270 30007 40027 84030 333 59010 70000 84362==
41891 01930 02703 10306 20280 39994 40032 70521 333 59005 70005==
41907 02940 00000 10300 20270 30008 40023 333 59010 70018==
41923 02/45 30000 10308 20260 30024 40034 83030 333 59008 70008 83360==
41936 01450 31304 10304 20260 30013 40020 70521 82830 333 59011 70000 82615 83362==
41943 02430 61802 10294 20260 30029 40036 83530 333 59008 70020 83616 83362==
41950 02450 20000 10297 20270 30022 40025 82500 333 59017 70018 82617==
41978 02459 41304 10300 20260 30034 40040 82330 333 59009 70010 82618 83362 81930==
41992 01425 31502 10284 20260 30038 40040 70522 82530 333 59007 70010 82616 83362==
42027 32596 41801 10222 20188 38369 48450 82501 333 59013=
42056 32996 00502 10284 20259 39600 333 59010=
42071 32996 09902 10304 20284 40024 333 59012=
42101 32696 40000 10290 20279 40030 82530 333 59017 82635 83360=
42111 21594 71401 10268 20257 39333 40006 71096 84830 333 59020 6059/ 83620 84830 87360=
42123 32996 00000 10312 20259 40023 333 59010=
42131 32996 31603 10288 20248 40034 80001 333 59006=
42165 32696 20000 10334 20246 40015 82500 333 59002 82640=
42182 21694 50000 10282 20271 40026 71022 82530 333 59012 6992/ 82635 85360=
42189 31595 80000 10276 20253 40023 71022 8451/ 333 59012 84625 88460=
42309 31995 30000 10302 20288 40025 71010 83030 333 59007=
42328 31595 30000 10334 20240 40001 70500 83500 333 59007 83630=
42339 21595 52702 10284 20241 40028 70522 83530 333 59011 6990/ 83630=
42348 21595 59903 10266 20252 40033 71022 82530 333 59007 6002/ 82630 84360=
42361 31596 40000 10280 20260 40026 70522 84500 333 59010 84620=
42369 21596 60000 10285 20275 40019 71022 84330 333 59017 6018/ 83620 81930 86360=
42379 31995 30000 10312 20279 40015 71020 83030 333 59014 83360=
42410 21595 50000 10270 20262 40033 71021 83530 333 59016 6018/ 83620 84360=
42415 32996 00000 10308 20263 40037 333 59009=
42452 21596 52702 10268 20257 39714 40019 71022 82530 333 59010 6005/=
42492 21496 60000 10288 20271 40023 71022 83530 333 59010 6016/ 83618 85360=
42559 22596 30000 10272 20246 40016 83030 333 59013 6001/ 83360=
42571 31596 50000 10284 20256 40021 70292 83530 333 59015 83625 84360=
42623 31495 40000 10262 20239 39190 40030 71311 82330 333 59010 82618 81925 84360=
42634 32596 42702 10292 20240 40054 84800 333 59007 83620=
42647 31896 30000 10290 20262 40047 70521 83030 333 59005 83358=
42667 21596 72506 10250 20244 39463 40041 70562 83730 333 59013 6004/ 83620 86360=
42675 21595 81402 10286 20264 40023 70562 85530 333 59013 6004/ 85620 87360=
42701 21495 70000 10256 20253 39306 40019 79596 84330 333 59030 6007/ 83618 81930 85360=
42724 31496 50000 10300 20275 40035 71322 83330 333 59003 83618 81930 84360=
42737 32896 32505 10286 20243 40055 83030 333 59004 83358=
42754 32596 42704 10250 20230 39420 40045 82530 333 59008 82620 83360=
42779 21595 70000 10258 20247 39344 40025 70296 84520 333 59020 6003/ 84620 87458=
42798 21495 71104 10274 20260 40012 71096 84530 333 59020 6012/ 84615 86360=
42809 21995 11103 10293 20268 40023 70500 81030 333 59014 6002/ 81360=
42840 32596 20000 10290 20262 40060 82500 333 59006 82620=
42867 21496 62703 10280 20260 40033 70522 83520 333 59021 6990/ 83618 85458=
42874 21496 80000 10262 20262 40019 76196 8572/ 333 59021 6031/ 82712 84618 88458=
42886 21495 83603 10272 20258 40017 76096 8652/ 333 59022 6003/ 86618 88458=
42895 21495 70000 10278 20264 40007 76066 84530 333 59024 6016/ 84618 86360=
42971 21495 60505 10280 20263 49994 70522 84530 333 59036 6007/ 84618 86360=
43003 31595 42304 10286 20243 40070 70522 84800 333 59010 82620 83825=
43014 21596 52902 10256 20224 39413 40049 70541 85800 333 59015 6993/ 82620 84825=
43041 21495 80000 10238 20232 39413 40022 76166 8672/ 333 59024 6022/ 83715 86620 88458=
43063 22596 22902 10242 20219 39451 40069 82500 333 59011 6002/ 82626=
43086 22596 80000 10270 20250 39861 40036 8457/ 333 59011 6996/=
43110 21496 82703 10266 20249 40083 72162 8672/ 333 59013 6003/ 85712 83618 88456=
43117 21596 61802 10254 20237 40055 70162 84630 333 59017 6002/=
43128 21496 72703 10250 20227 39452 40052 70522 85730 333 56690 59014 6004/ 82710 84615 87360=
43150 21495 82703 10254 20251 39946 40006 76165 8482/ 333 59019 6061/ 84618 88458=
43185 21596 82902 10264 20255 30024 40027 75052 8487/ 333 59013 6003/ 83620 85458=
43189 21595 80000 10258 20243 30017 40026 75065 8352/ 333 59016 6010/=
43192 21496 82303 10256 20253 40085 72162 8477/ 333 59008 6018/=
43201 22496 52304 10230 20215 39340 40062 82530 333 56690 59004 6998/ 82612 83358=
43213 22596 72304 10260 20239 39737 40052 83871 333 59010 6004/=
43237 21596 82306 10260 20221 39658 40047 70262 8357/ 333 59007 6005/ 83620 87458=
43245 32596 82503 10294 20233 30025 40051 83478 333 59010=
43279 32596 51403 10290 20256 30043 40060 83430 333 59013 83620 84360=
43284 21196 82905 10252 20240 39983 40099 72162 8592/ 333 57912 59005 6028/ 82703 83612 81925 88458=
43295 32496 62305 10240 20208 39083 48495 83531 333 56599 59009 83612 83358=
43314 22596 70000 10270 20253 40109 82831 333 58050 6016/=
43321 31496 62517 10262 20214 39640 40083 71022 82531 333 59011 82612 83358 85070=
43329 21596 80000 10294 20266 30050 40063 70252 8397/ 333 57972 59003 6990/=
43333 21495 72306 10280 20252 40087 70522 84431 333 58004 6994/ 82618 83820 85360=
43344 31496 62714 10314 20217 39977 40075 70522 83531 333 59003 83616 85360=
43353 21496 79902 10258 20249 40112 71065 83520 333 56790 59001 6006/ 81712 85459=
43369 21496 83203 10266 20255 40113 72162 8453/ 333 59002 6005/ 84618 88358=
43371 21496 62903 10260 20249 30040 40113 70262 82478 333 58001 6001/ 81618 83457=
43413 22470 52207 10286 20248 30086 40091 51017 85100 333 553// 20006 59002 60008 91012==
43415 22470 52303 10278 20237 39987 40095 52013 84000 333 60008 555 60008==
43418 22/70 62301 10290 20232 30045 40086 52014 333 58001 60008 555 60008==
43421 22470 12403 10272 20271 39991 40096 52019 81000 333 553// 20000 59002 60008 91008 555 60008==
43424 22470 52104 10285 20249 30096 40098 52016 83000 333 58005 60008 555 60008==
43436 22/70 60000 10302 20265 30077 40080 52018 333 59005 60008 555 60008==
43441 22470 62301 10262 20247 39972 40105 51018 86000 333 58002 60008 555 60188==
43444 21470 70000 10242 20222 39578 40106 52019 70282 87100 333 58001 69958 555 69988==
43450 22470 22305 10286 20249 30103 40115 52015 81100 333 58005 60008 555 69908==
43466 22/70 32402 10285 20233 30107 40115 52019 333 58002 60008 82/18 91003==
43467 21465 52502 10287 20256 30109 40115 52021 70382 85100 333 58004 69958 555 69958==
43473 21268 82805 10150 20150 38131 48498 51014 70352 88000 333 553// 20006 59002 60008 91010 555 69958==
43479 21/68 32101 10248 20179 39256 52021 70521 333 60008 83/16 555 60008==
43486 21465 8//// 10265 20265 30015 40115 5/018 70522 87000 333 553// 20000 58000 60008 91000==
43495 22470 62505 10288 20255 30102 40115 52/// 86000 333 58002 60008==
43497 22/70 22402 10277 20000 30093 40110 51024 333 58001 60008 82818 82/18 91005==
44212 429// 31703 10104 21016 39126 40221 52015 80004==
44213 429// 00000 10065 20006 38815 40245 52011==
44214 42970 02906 10090 21066 38314 40229 52016==
44215 429// 00703 10078 21043 38437 40234 52012==
44217 32998 10000 10031 21036 37908 40308 53009 80004 333 91202=
44218 429// 03201 10087 21032 38630 40231 52011==
44219 32999 01202 10091 21031 38657 40243 52013 333 91204=
44265 429// 02404 10103 21017 38876 40239 52018==
44266 329// 01202 10052 21068 37831 40275 52020 333 91110 91208=
44454 41457 62106 10242 20216 38620 48461 71792 83330 333 59022=
48064 42440 41401 10287 20259 39975 40031 84831 333 58005==
48094 41450 80000 10260 20255 30055 40065 76066 8597/ 333 58004==
50557 14/80 /1302 10157 20126 39816 40099 57009 60001 333 10265 20084 3/014 55300 58011 70000 90761 91106==
51076 14/80 /0201 10084 20038 39386 40252 52008 60001 333 10170 20054 3/009 58027 70000 90761 91106==
51087 14/80 /3002 10112 20012 39244 40244 52011 60001 333 10165 20081 3/009 58020 70002 90761 91110==
51156 14/68 /1302 10099 20020 38753 40253 52010 60001 333 10151 20027 3/009 58019 70000 90761 91107==
51243 14/80 /3101 10147 20089 39707 40237 52008 60001 333 10208 20104 3/015 59007 70002 90761 91106==
51463 14/80 /0102 10115 20058 39084 40248 52008 60001 333 10160 20085 3/008 59016 70020 90761 91110==
51573 14/62 /0001 10253 20050 30119 40166 52015 60001 333 10305 20210 3/025 58130 70000 90761 91105==
51644 14/62 /0101 10132 20061 38959 40164 52015 60001 333 10257 20089 3/017 58060 70000 90761 91107==
51656 14/65 /1202 10181 20112 39153 40164 52010 60001 333 10266 20146 3/014 58095 90761 91105==
51709 14/74 /1601 10216 20071 38630 40115 52012 60001 333 10266 20129 3/022 58030 70000 90761 91106==
51716 14/68 /0601 10191 20048 38906 40134 52017 60001 333 10285 20117 3/022 58052 70000 90761 91107==
51765 14/45 /1101 10181 20057 39217 40166 52016 60001 706// 333 10283 20181 3/016 58102 70000 90761 91110==
51811 14/77 /0502 10227 20028 38777 40104 52014 60001 333 10288 20189 3/023 58025 70000 90761 91106==
51828 14/50 /0000 10213 20072 38628 40105 52012 60001 706// 333 10268 20195 3/020 58040 90761 91107==
51886 14/75 /0804 10136 21012 37179 40102 52011 60001 333 10186 20121 3/015 58062 70000 90761 91111==
52203 14/73 /0802 10181 20003 39328 40174 52019 60001 333 10263 20164 3/015 58125 70000 90761 91108==
52602 14/80 /0502 10115 21003 37325 40094 52017 60001 333 10206 20114 3/009 58065 70000 90761 91118==
52681 14/69 /2805 10154 20125 38662 40164 52018 69981 760// 333 10231 20140 3/015 58080 70008 90761 91111==
52818 14/80 /2502 10149 20037 37298 40097 52016 69911 333 10213 20130 3/013 58079 70008 90761 91113==
53463 14/14 /3101 10185 20185 38830 40099 54000 60021 710// 333 10185 20153 3/018 59038 70382 90761 91103==
54857 14/80 /1502 10252 20211 30053 40142 52001 60001 333 10291 20235 3/025 55300 59016 70000 90761 91107==
55228 04980 /2502 10146 21042 36068 49924 52017 60002 700// 333 10208 20086 3/013 5003/ 54405 58001 60001 70000 90720 91113=
55299 14/80 /1401 10090 20038 35920 49979 52013 60001 721// 333 10158 20061 3/007 59001 70000 90761 91109==
55578 04980 /2002 10181 20028 36403 49911 52021 60002 700// 333 10238 20108 3/016 5003/ 54405 59006 60001 70000 90720 91106=
55591 14/80 /1002 10192 20053 36552 49927 52016 60001 333 10242 20154 3/018 59001 70000 90761 91107==
55664 04980 /2403 10133 21004 36059 49958 52022 60002 700// 333 10202 20077 3/013 5002/ 54405 59007 60001 70000 90720 91108=
55773 04980 /1108 10087 20058 36076 40021 52010 60002 700// 333 10144 20044 3/009 5002/ 54405 59009 60001 70008 90720 91114=
56004 14/80 /2402 10060 20033 35908 40033 52016 60041 721// 333 10145 20047 3/006 58016 70063 90761 91117==
56116 04980 /0401 10123 20090 36394 40003 52013 69992 700// 333 10195 20097 3/011 5000/ 54405 59006 69991 70011 90720 91110=
56312 04980 /2302 10191 20084 37112 40002 52028 60002 700// 333 10265 20130 3/016 5001/ 54405 59012 60001 70000 90720 91107=
57494 14/61 /0401 10280 20242 30058 40086 52011 60001 333 10375 20265 3/029 59024 70000 90761 91105==
58847 14/67 /0501 10280 20232 30010 40107 52002 60001 333 10335 20271 3/027 59017 70000 90761 91107==
62306 42960 53309 10300 20210 40118 57007 80006==
62309 42960 33308 10306 20224 40100 57007 80002==
62332 42960 03510 10306 20239 40094 57006==
62337 42960 03208 10314 20230 40090 57004==
62366 45560 23606 10348 20141 40078 57011 82100==
62387 42/60 33407 10354 20134 40086 57011 83030==
62393 42960 00110 10342 20126 40114 57012==
62405 42960 02905 10374 20097 40074 57010==
62414 42960 03010 10384 20096 40099 57012==
62419 42960 00000 10366 20157 40066 57008==
62420 42960 03007 10356 20127 40084 57015==
62432 42960 03314 10370 20081 40109 57013==
62435 42960 03605 10374 20092 40074 57011==
62440 42960 00510 10330 20218 40085 57010==
62455 42960 03106 10355 20158 40078 57013==
62458 42960 03108 10320 20205 40076 57015==
62459 41956 03008 10328 20216 40058 57012 70500==
62465 42960 00303 10314 20245 40066 57006==
