SMPK OPKC 120000=
41504 02995 00902 10135 20054 37814 48442 60002 333 59001 60007 RH56%=
41505 22595 40000 10130 20085 38/// 48/// 60001 80030 333 56090 58/// 84360 74%=
41506 02995 00000 10165 20133 38453 48452 60002 333 58006 60007 81%=
41507 02996 00000 10230 20208 39167 49665 60002 333 58000 60007 87%=
41508 02996 00000 10161 20126 38608 48483 60002 333 58009 60007 RH 80%=
41509 02696 20000 10220 20156 38687 48438 60002 82500 333 56900 58013 60007 82640 RH 67%=
41510 02996 00000 10115 20088 37875 48465 60002 333 59008 60007 83%=
41515 02996 00000 10208 20126 38493 48457 60002 333 58002 60007 59%=
41516 02996 00000 10160 20106 38484 48443 60002 333 58011 60007 RH70%=
41517 01996 00000 10150 20098 37786 48485 60002 70600 333 58026 60007 71%=
41518 02696 41802 10194 20054 38/// 48/// 60002 82520 333 56990 5//// 60007 82640 82462 41%=
41519 02996 00000 10265 20091 38695 48448 60002 333 58014 60007 RH33%=
41520 02995 01802 10120 20063 37606 48220 60002 333 58001 60007 68%=
41523 02996 00000 10210 20179 39019 48456 60002 333 58003 60007 83%=
41524 02996 00000 10225 20179 39264 40099 60002 333 59009 60007 RH 75%=
41525 12996 00000 10130 20113 37684 48361 60002 333 58009 89%=
41528 01996 00000 10190 20174 39120 48428 60002 70400 333 59002 60007 91%=
41529 02996 00000 10250 20235 39645 40012 60002 333 59017 60007 92%=
41530 019// 00000 10260 20207 39603 40000 60002 70500 333 59029 60007 73%=
41534 02996 00000 10250 20235 39615 40014 60002 333 59020 60007 92%=
41535 02996 00000 10170 20118 38638 48414 60002 333 59028 60007 RH71%=
41536 02996 00000 10190 20158 38957 48443 60002 333 59014 60007 82%=
41560 02996 00000 10190 20151 38241 48459 60002 333 59001 60007 Rh78%=
41562 02996 00902 10280 20237 39575 40019 60002 333 58019 60007 RH 77%=
41565 02996 01302 10178 20156 38585 48457 60002 333 58003 60007 86%=
41567 21996 00000 10250 20220 39617 40020 60002 70400 333 59004 60007 84%=
41571 119// 20504 10240 20187 39443 40004 60002 70500 82030 333 56090 59029 RH72%=
41572 01996 00000 10220 20205 39378 49983 60002 70400 333 59027 60007 RH91%=
41573 02997 23602 10155 20104 37945 48454 60002 82400 333 56900 58004 60007 82640 71%=
41574 02997 00000 10130 20122 38312 48489 60002 333 58000 60007 95%=
41576 01996 03104 10270 20241 40030 60002 70400 333 59009 60007 84%=
41577 01996 00000 10210 20203 39414 40013 60002 70400 333 56000 59024 60007 RH 96%=
41593 01996 00000 10280 20259 39778 49983 60002 70400 333 59023 60007 88%=
41597 01996 00000 10280 20259 39716 49999 60002 70400 333 59031 60007 88%=
41598 01996 00000 10265 20244 39713 49973 60002 70400 333 59045 60007 88=
41599 01996 00000 10270 20241 39739 49992 60002 70400 333 59024 60007 84%=
41600 01996 00000 10265 20236 39710 49995 60002 70400 333 59019 60007 84%=
41620 32996 03602 10225 20179 38508 48413 60002 333 58000 60007 75%=
41624 01996 00000 10280 20244 39805 49998 60002 70400 333 59007 60007 81%=
41625 01996 00000 10275 20254 39785 49976 60002 70400 333 59020 60007 88%=
41630 01996 00000 10280 20244 49993 60002 70400 333 59022 60007 81%=
41633 02997 00000 10280 20259 4//// 60002 333 5//// 60007 88%=
41634 02997 00000 10260 20232 3//// 4//// 60002 333 5//// 60007 84%=
41635 01996 20000 10285 20250 3//// 4//// 60002 70400 82030 333 56090 5//// 60007 82360 81%=
41636 01996 00000 10270 20249 39815 49991 60002 70400 333 59013 60007 88%=
41638 01996 00000 10270 20241 4//// 60002 70400 333 5//// 60007 84%=
41639 01996 00502 10265 20251 3//// 4//// 60002 70400 333 5//// 60007 92%=
41640 01996 00000 10280 20252 39747 49985 60002 70400 333 59027 60007 85%=
41641 01996 02904 10280 20237 39721 49983 60002 70400 333 59033 60007 77%=
41642 01995 60000 10260 20246 3//// 4//// 60002 71000 333 5//// 60007 92%=
41643 01696 20502 10260 20246 39728 49995 60002 70410 82400 333 56900 59015 60007 82640 92%=
41644 01996 00000 10260 20246 4//// 60002 70400 333 5//// 60007 92%=
41646 01996 00000 10275 20247 39808 40012 60002 70400 333 59010 60007 85%=
41652 01996 00000 10275 20247 39818 49990 60002 70400 333 59018 60007 85%=
41660 019// 02304 10160 21029 38389 48477 60002 70600 333 58011 60007 27%=
41661 01995 00000 10170 20034 38337 48462 60002 70540 333 59002 60007 40%=
41669 01996 00000 10285 20250 3//// 4//// 60002 70400 333 5//// 60007 81%=
41670 01996 00000 10280 20244 3//// 4//// 60002 70400 333 5//// 60007 81%=
41674 01996 00000 10270 20249 3//// 4//// 60002 70400 333 5//// 60007 88=
41675 01996 00000 10295 20245 39845 49981 60002 70400 333 59016 60007 75%=
41676 01996 00000 10280 20244 39862 40014 60002 70400 333 59020 60007 81%=
41677 01996 00000 10270 20249 39816 49977 60002 70400 333 59013 60007 88%=
41678 01996 00000 10290 20224 49990 60002 70500 333 59010 60007 68%=
41679 01996 00000 10280 20273 4//// 60002 70400 333 5//// 60007 96%=
41680 01996 00000 10280 20252 39800 49990 60002 70400 333 59019 60007 85%=
41685 02997 03102 10230 20168 38833 48431 60002 333 59001 60007 RH68%=
41696 02996 00000 10160 20045 37985 48491 60002 333 58003 60007 RH46%=
41697 02996 00000 10290 20248 39849 49998 60002 333 58020 60007 RH78%=
41700 01996 00000 10295 20260 39864 49983 60002 70400 333 58006 60007 82%=
41701 01996 00000 10280 20244 39864 40002 60002 70400 333 58003 60007 81%=
41710 11996 03104 10230 21067 39286 40037 60002 70600 333 58010 RH13%=
41712 12996 00000 10250 20039 39134 48474 60002 333 58007 RH25%=
41715 01996 00000 10290 20262 39947 40010 60002 70500 333 58017 60007 RH85%=
41716 01996 00000 10280 20252 39904 40004 60002 70400 333 58001 60007 85%=
41718 01995 00000 10290 20248 39885 49983 60002 70400 333 58002 60007 78%=
41724 01996 00000 10300 20258 39949 40025 60002 70500 333 58013 60007 RH78%=
41725 12996 02302 10300 20265 39920 49996 60002 333 58000 RH82%=
41726 02996 00000 10285 20264 39954 40023 60002 333 58018 60007 RH89%=
41738 02996 00000 10270 20226 39857 40031 60002 333 58020 60007 RH77%=
41739 01996 00000 10250 21014 38991 48467 60002 70500 333 58001 60007 RH17%=
41742 12996 60000 10280 20244 39938 40040 60002 86010 333 56090 58016 86460 RH 81%=
41743 01996 00000 10265 20221 60002 70500 333 60007 RH 77%=
41744 11996 00000 10230 20075 38691 48424 60002 70600 333 59002 RH 37%=
41745 01995 01802 10260 20231 60002 70500 333 60007 RH84%=
41746 01996 00000 10290 20262 39945 49997 60002 70500 333 58002 60007 RH85%=
41747 02996 01302 10285 20250 39934 49991 60002 333 58011 60007 RH81%=
41748 02996 01802 10280 20237 39942 40004 60002 333 58013 60007 RH77%=
41749 02996 01304 10275 20261 40010 333 58012 60007 RH92%=
41756 01494 50000 10255 20241 39958 40022 60002 71000 85600 333 56900 58006 60007 85715 RH92%=
41757 11994 00000 10265 20251 30015 40027 60002 71000 333 58016 RH92%=
41759 01995 00000 10250 20226 30009 40015 60002 71011 333 58015 60007 RH88%=
41760 01595 40000 10260 20238 30020 40033 60002 70400 84600 333 56900 58013 60007 84720 RH 88%=
41764 02996 02110 10275 20239 39962 40011 60002 333 58004 60007 RH81%=
41765 02996 02110 10275 20239 39978 40013 60002 333 58007 60007 RH81%=
41766 21696 22306 10255 20233 39962 49992 82500 333 56090 58002 60007 82635 RH88%=
41767 02996 0//// 10260 20238 60002 333 60007 RH88%=
41768 02996 02304 10270 20249 30006 40013 60002 333 58007 60007 RH88%=
41780 01696 32708 10280 20244 30000 40027 60002 70400 83500 333 56900 58013 60007 83630 RH81%=
41783 02996 32302 10260 20246 39993 40022 60002 83030 333 56090 58003 60007 83360 RH 92%=
41785 02996 02306 10280 20252 30009 40022 60002 333 58007 60007 RH 85%=
41786 02996 02302 10265 20229 40008 60002 333 58009 60007 RH80%=
41BKI 02996 00000 10270 20226 39595 49995 60002 333 59029 60007 RH 77%=
41SKP 01996 00000 10270 20256 3//// 4//// 60002 70400 333 5//// 60007 92%=
43532 01996 00000 10205 20190 39223 40002 60002 70400 333 59006 60007 91%=
43533 02996 00000 10210 20179 39134 48424 60002 333 59013 60007 83%=
43563 02997 00504 10250 20229 39337 40000 60002 333 59019 60007 88%=

==================
41526 Not Received
41533 Not Received
41564 Not Received
41568 Not Received
41592 Not Received
41594 Not Received
41672 Not Received
41781 Not Received
41BAG Not Received
==================

UPPK OPKC 120000=
PPAA 62001 41598 55185 05503 77999=
PPAA 62001 41600 55185 02506 77999=
PPAA 62001 41624 55185 15505 77999=
PPAA 62001 41675 55185 29511 77999=
PPAA 62001 41678 55185 04003 77999=
PPAA 62001 41715 55185 02005 77999=
PPAA 62001 41718 55185 22506 77999=
PPBB 62001 41598 90/12 00000 02002 03003 903// 04003=
PPBB 62001 41600 90/12 00000 29501 32503 9037/ 34002 28511=
PPBB 62001 41624 90/12 09002 10004 11004 9037/ 12504 08007=
PPBB 62001 41675 90/12 00000 21004 28008 903// 29511=
PPBB 62001 41678 90/12 00000 05504 06505 9037/ 07507 01504=
PPBB 62001 41715 90/12 00000 09002 06003 9037/ 04003 36005=
PPBB 62001 41718 90/12 00000 27008 26506 903// 25005=
PPAA 6200/ 41516 MISDA DUE TO TECHNICAL FAULT=
PPAA 6200/ 41517 MISDA DUE TO D.I.S=
PPAA 6200/ 41640 MISDA DUE TO TECHNICAL PROBLEM=
PPAA 6200/ 41646 MISDA DUE TO TECHNICAL=
PPAA 6200/ 41739 NO acent due to security risk=
PPAA 6200/ 41764 NO ASCENT DUE TO 30GM BALLOON OUT OF STOCK=
PPAA 6200/ 41768 NO ASCENT DUE TO SHORTAGE OF STAFF=
PPAA 62231 41780 MISDA NO ASCENT DUE TO RED BALOON SHORTAGE=

Data Generated from File : D:\all data handling\Rmc_lhr\2024091200.FSU.txt
12/09/24 01:02:25
______________________________________________________________
15007 07/60 /3101 10170 20158 39623 40075 57006 69931 7818/ 333 4/000 55300 0//// 20000 3//// 55022 0//// 20926 3//// 69937=
15020 07/57 /3001 10179 20177 39876 40066 57009 60041 7101/ 333 55300 0//// 20000 3//// 55015 0//// 20913 3//// 60007=
15023 07/61 /3003 10168 20158 39644 40054 57010 60031 7818/ 333 55300 0//// 20000 3//// 55008 0//// 20906 3//// 60037=
15056 07/39 /3402 10172 20170 39727 40065 57008 60031 7616/ 333 4/000 55300 0//// 20000 3//// 55008 0//// 20782 3//// 60027=
15069 05/62 /2301 10128 20125 39037 42728 57005 60001 7000/ 333 4/000 55300 0//// 20000 3//// 55000 0//// 20611 3//// 60007=
15073 07/40 /3303 10159 20156 39620 40072 57010 60221 7616/ 333 4/000 55300 0//// 20000 3//// 55002 0//// 20587 3//// 60197=
15090 01465 80801 10185 20181 39975 40064 57010 60041 72998 8437/ 333 4/000 55300 10069 20000 30000 55020 00333 20852 30684 60047 91002 91103=
15107 05/60 /2801 10142 20138 39295 42729 57005 69941 7000/ 333 55300 0//// 20000 3//// 55000 0//// 20522 3//// 60007=
15108 01/91 92804 10085 20085 38042 48437 57008 69951 74564 333 55300 0//// 20000 3//// 55000 0//// 20414 3//// 60007 91007 91107=
15109 07/13 /2901 10162 20160 39648 40068 57008 60271 7636/ 333 55300 0//// 20000 3//// 55001 0//// 20589 3//// 60237=
15111 07/27 /3202 10177 20173 39803 40057 57007 60021 7616/ 333 4/000 55300 0//// 20000 3//// 55006 0//// 20666 3//// 60027=
15113 07/43 /2601 10181 20181 39904 40061 57006 60191 7236/ 333 4/000 55300 0//// 20000 3//// 55008 0//// 20709 3//// 60107=
15127 01564 82901 10145 20138 39223 42726 57005 69931 70282 8437/ 333 4/000 55300 0//// 20000 3//// 55000 0//// 20470 3//// 60007 91001 91101=
15148 01497 80601 10115 20115 38648 48429 57005 69991 70264 8557/ 333 55300 0//// 20000 3//// 55000 0//// 20348 3//// 69907 91002 91103=
15150 01566 80201 10175 20171 39862 40067 57005 60051 76186 8457/ 333 4/000 55300 0//// 20000 3//// 55001 0//// 20434 3//// 60047 91001 91102=
15154 01559 81301 10184 20184 39921 40058 57005 60071 71086 8457/ 333 4/000 55300 0//// 20000 3//// 55016 0//// 20722 3//// 69987 91002 91102=
15168 07/31 /3501 10156 20153 39472 42726 57003 60061 7616/ 333 4/000 55300 0//// 20000 3//// 55000 0//// 20387 3//// 60067=
15170 01558 82201 10148 20144 39314 42721 57005 60011 76162 8657/ 333 55300 0//// 20000 3//// 55000 0//// 20462 3//// 69947 91001 91101=
15194 07/56 /2401 10170 20169 39783 40067 57005 60051 7526/ 333 4/000 55300 0//// 20000 3//// 55000 0//// 20337 3//// 60047=
15197 05/63 /2800 10183 20180 39864 40067 57004 60081 7000/ 333 4/001 55300 0//// 20000 3//// 55013 0//// 20696 3//// 69917=
15215 07/31 /2101 10156 20152 39490 42727 57004 60011 7818/ 333 4/000 55300 0//// 20000 3//// 55000 0//// 20391 3//// 69987=
15217 07/63 /2002 10153 20150 39422 42726 57002 60051 7616/ 333 4/000 55300 0//// 20000 3//// 55000 0//// 20514 3//// 60017=
15219 07/22 /3102 10178 20173 39940 40061 57003 60071 7626/ 333 4/000 55300 0//// 20000 3//// 55000 0//// 20372 3//// 60037=
15238 05/70 /1601 10156 20150 39473 42727 57003 69921 7000/ 333 4/000 55300 0//// 20000 3//// 55000 0//// 20413 3//// 69917=
15261 07/59 /2702 10144 20140 39286 42741 54000 69951 7818/ 333 55300 0//// 20000 3//// 55000 0//// 20401 3//// 69947=
15262 01/90 92904 10090 20088 38158 48435 57004 69931 76164 333 55300 0//// 20000 3//// 55000 0//// 20223 3//// 69927 91006 91106 96045=
15265 07/10 /2000 10183 20183 39991 40063 57002 60181 7636/ 333 4/000 55300 0//// 20000 3//// 55007 0//// 20655 3//// 60157=
15280 01/90 93305 10051 20051 37473 47038 57004 69951 74586 333 55300 0//// 20000 3//// 55000 0//// 20363 3//// 69957 91008 91108=
15300 01470 81400 10154 20147 39462 42728 57002 69931 76166 885// 333 55300 0//// 20000 3//// 55000 0//// 20282 3//// 69917 91001 91102=
15301 01/02 90602 10111 20109 38571 48456 57002 69991 75165 333 55300 0//// 20000 3//// 55000 0//// 20252 3//// 69957 91004 91105 96043=
15302 07/02 /3201 10122 20122 38862 48440 54001 60031 7616/ 333 55300 0//// 20000 3//// 55000 0//// 20217 3//// 69927=
15307 07/57 /0500 10178 20174 39884 40064 57002 60031 7616/ 333 4//// 55300 0//// 20000 3//// 55008 0//// 20493 3//// 60037=
15310 07558 71301 10180 20179 39984 40067 55003 60001 7042/ 83570 333 4/000 55300 10056 20000 30000 55013 00116 20688 30578 60007 91002 91105=
15324 05/63 /2001 10138 20138 39296 42725 57003 69911 7000/ 333 4/000 55300 0//// 20000 3//// 55000 0//// 20184 3//// 60007=
15325 07495 83401 10102 20100 38423 48435 57003 60021 72162 8572/ 333 4/000 55300 0//// 20000 3//// 55000 0//// 20131 3//// 60027 91003 91104=
15328 07/22 /3400 10166 20166 39732 40071 54000 60061 7616/ 333 4//// 55300 0//// 20000 3//// 55000 0//// 20330 3//// 60027=
15335 01961 20901 10162 20160 30065 40072 54001 60001 72891 80001 333 4/000 55300 0//// 20000 3//// 55017 0//// 20779 3//// 60007 91002 91102=
15336 07/56 /1301 10165 20163 30066 40068 54001 60001 720// 333 4/000 55300 0//// 20000 3//// 55010 0//// 20710 3//// 60007=
15349 07/68 /3401 10152 20150 39536 40073 54001 69931 7238/ 333 4/000 55300 0//// 20000 3//// 55000 0//// 20159 3//// 69937=
15350 01538 80102 10185 20182 39955 40070 57002 60071 78082 8237/ 333 4/000 55300 0//// 20000 3//// 55001 0//// 20251 3//// 69977 91003 91103=
15360 05970 22403 10213 20187 30052 40068 50003 69971 7000/ 82060 222// 0//// 2//// 333 55028 60007 91003 91103 92418=
15375 01597 82801 10164 20161 39725 40073 54001 69931 70262 885// 333 4/000 55300 0//// 20000 3//// 55000 0//// 20259 3//// 69927 91002 91102=
15377 05/61 /3201 10178 20178 39857 40066 54001 69901 7000/ 333 55300 0//// 20000 3//// 55000 0//// 20167 3//// 60007=
15387 05/64 /2202 10184 20178 30074 40077 53011 60031 7000/ 333 4/000 55300 0//// 20000 3//// 55032 0//// 21104 3//// 60007=
15402 05/61 /2402 10189 20180 39993 40065 54000 60001 7000/ 333 55300 0//// 20000 3//// 55012 0//// 20621 3//// 60007=
15405 07/38 /1502 10180 20177 30014 40075 52003 60001 7101/ 333 4/000 55300 0//// 20000 3//// 55010 0//// 20530 3//// 60007=
15406 07/56 /1802 10175 20170 30025 40071 55001 69911 7101/ 333 4/000 55300 0//// 20000 3//// 55011 0//// 20601 3//// 69917=
15408 07/56 /2204 10169 20167 39816 40074 54000 60001 7101/ 333 4/000 55300 0//// 20000 3//// 55013 0//// 20666 3//// 60007=
15409 07/62 /2201 10170 20165 30028 40075 52004 69911 7616/ 333 4//// 55300 0//// 20000 3//// 55012 0//// 20605 3//// 69917=
15419 01557 82201 10182 20180 39889 40077 52002 69911 71082 8437/ 333 4/000 55300 0//// 20000 3//// 55000 0//// 20229 3//// 60007 91002 91102=
15420 01597 82302 10187 20184 39960 40067 54001 69961 70282 8437/ 333 4/000 55300 0//// 20000 3//// 55000 0//// 20323 3//// 60007 91004 91104=
15421 01561 82501 10195 20179 39970 40077 52002 69911 70282 883//
15422 02597 82302 10194 20179 39970 40068 52002 60001 8437/ 333 55300 0//// 20000 3//// 55001 0//// 20357 3//// 60007 91004 91104=
15425 07958 81904 10183 20175 30010 40072 52002 60001 7101/ 8807/ 333 4/000 55300 0//// 20000 3//// 55008 0//// 20535 3//// 60007 91005 91105=
15434 05/70 /2601 10177 20165 39870 40073 57002 60001 7000/ 333 55300 0//// 20000 3//// 55000 0//// 20467 3//// 60007=
15444 07/59 /2001 10175 20171 30006 40076 52004 60001 7101/ 333 4/000 55300 0//// 20000 3//// 55008 0//// 20418 3//// 60007=
15455 07/57 /2202 10181 20176 39947 40074 54001 60001 7101/ 333 4/000 55300 0//// 20000 3//// 55011 0//// 20529 3//// 60007=
15460 05570 82102 10193 20173 30050 40074 52002 60001 7000/ 8457/ 333 4/000 55300 0//// 20000 3//// 55016 0//// 20624 3//// 60007 91004 91104=
15462 05566 62504 10177 20164 39994 40077 52005 60001 7000/ 86500 333 4/000 55300 0//// 20000 3//// 55014 0//// 20595 3//// 60007 91005 91105=
15470 01965 62304 10173 20162 39952 40074 54001 69901 70282 86070 333 55300 0//// 20000 3//// 55010 0//// 20731 3//// 60007 91005 91106=
15475 06/// /2403 10192 20175 30053 40072 52002 69961 333 55300 0//// 20000 3//// 55002 0//// 20665 3//// 69937=
15479 05/64 /2303 10169 20159 39892 40079 52005 60001 7000/ 333 55300 0//// 20000 3//// 55017 0//// 20721 3//// 60007=
15480 05964 62601 10190 20175 30060 40077 52005 60001 7000/ 86060 222// 0//// 2//// 333 4/000 55300 10108 20000 30000 55010 00006 20512 30455 60007 91002 91102 92417=
15489 05/68 /2303 10178 20162 39987 40077 52003 69911 7000/ 333 55300 0//// 20000 3//// 55003 0//// 20478 3//// 60007=
15491 05570 72202 10186 20162 30047 40076 54001 60001 7000/ 83370 333 55300 0//// 20000 3//// 55000 0//// 20424 3//// 60007 91005 91106=
15499 05/69 /2701 10192 20181 30070 40078 52006 69971 7000/ 222// 0//// 2//// 333 55017 69967=
15549 12570 52504 10166 20151 39676 40074 52004 60001 85500 333 10179 20164 591//=
15552 12560 52902 10186 20180 30029 40076 52005 60071 85500 222// 0//// 10301 333 10216 20186 40050 596// 70043 92024 92427=
15640 12562 80000 10163 20158 39783 40084 52001 60001 886// 333 10179 20163 597//=
15655 11568 22702 10184 20174 30052 40084 52006 60011 70281 82500 222// 00248 10201 333 10221 20184 40180 594// 70051 92024 92427=
15730 12665 50000 10159 20154 39719 40101 52011 60001 82531 333 10187 20159 597//=
16627 11560 30000 10190 20177 30085 40090 51007 60491 70196 83200 333 90730 91140 40000 47597 44240 50000 50182 60000 60357 60100 70000 77/// 7TRY/=
16650 12860 30000 10208 20196 30085 40093 51005 60001 82051 333 90730 91106 40000 47600 44270 50000 50200=
16723 12560 20000 10216 20187 30098 40111 52005 60001 82200 333 90730 91105 40000 47612 44270 50000 50198=
16732 36/// /1206 10248 20208 30085 40095 57002 333 90730 91110=
16742 12460 41204 10238 20211 39963 40113 52003 60001 84100 333 90730 91110 40000 47512 44270 50000 50220=
16749 12460 30000 10226 20201 30090 40103 52001 60001 83800 333 82818 83620 90730 91105 40000 47604 44250 50000 50210=
16754 12560 11609 10230 20206 30066 40113 52001 60001 81200 333 90730 91113=
16760 36/// /9901 10191 20174 39719 40122 52001 333 90730 91106=
16765 36/// /3102 10237 20199 30090 40109 52001 333 90730 91104=
17022 11970 01302 10206 20178 39937 40094 52008 60021 70191 333 91111 92428=
17031 11457 22203 10222 20212 30076 40082 52007 60001 71000 82600 333 82713 91106=
17034 12670 40000 10237 20218 30044 40087 52006 60001 82130 333 82835 84360 91108 92428=
17038 12970 02105 10235 20199 30027 40072 50002 60001 333 91109 92428=
17050 11970 30000 10187 20168 30044 40103 52008 60011 70282 83030 333 83359 91104=
17056 11560 63002 10213 20175 30091 40095 52010 69911 78011 84250 333 84830 86359 91108 92427=
17060 11560 42611 10235 20184 30060 40098 52007 60011 70281 84200 333 84832 91114=
17070 12965 00000 10161 20151 39267 40084 51006 60001 333 91104=
17084 12970 00000 10175 20142 39229 40076 52007 60001 333 91102=
17085 12970 03601 10199 20097 39617 40072 52010 60001 333 91106=
17092 12960 02802 10122 20074 38838 48493 52005 60001 333 91107=
17096 12960 02602 10088 20055 38252 48504 52002 60001 333 91107=
17098 12660 11002 10098 20079 38218 48510 58002 60001 81100 333 81840 91114=
17100 12970 00000 10190 20120 39151 40083 50003 60001 333 91106=
17115 12960 00000 10172 20151 30055 40104 52008 60001 333 91106=
17116 12665 30000 10222 20201 39984 40098 51007 60001 83100 333 83835 91106=
17124 12960 40000 10164 20123 39233 40099 52006 60001 84030 333 84360 91115=
17128 11670 42404 10176 20140 39051 40080 52005 69921 72581 83230 333 83840 83360 91109=
17150 12960 00000 10185 20183 39985 40102 52008 60001 333 91108=
17170 12660 10603 10152 20088 38345 48507 58002 60001 81100 333 81840 91108=
17184 12670 23401 10200 20184 39999 40105 51003 60001 82100 333 82840 91102=
17190 12670 10000 10166 20122 38968 48495 50000 60001 81100 333 81835 91104=
17190 12670 10000 10166 20122 38968 48495 50000 60001 81100 333 81835 91104=
17195 12970 00000 10144 20062 38953 48503 51005 60001 333 91110=
17200 12960 02204 10187 20040 39150 40065 52006 60001 333 91114=
17202 12970 02307 10150 20000 39096 40068 52006 60001 333 91108=
17203 12970 02301 10181 20050 38859 48538 52003 60001 333 91104=
17219 12965 01602 10199 20199 39974 40112 51002 60001 333 91107=
17237 12970 02601 10212 20174 39631 40104 50004 60001 333 91108=
17240 12570 22101 10176 20141 39021 40107 55000 60001 82100 333 82830 91116=
17244 12970 00204 10161 20093 38978 48504 51006 60001 333 91117=
17248 12970 03601 10179 20083 38964 48505 50002 60001 333 91109=
17250 12970 02502 10189 20093 38799 48510 52001 60001 333 91108=
17260 12960 02711 10221 20151 39284 40042 57002 60001 333 91116=
17280 12960 02002 10190 20069 39333 40063 52005 60001 333 91105=
17292 12670 60000 10189 20188 39387 40106 50002 60001 84250 333 84835 86360 91102=
17300 11460 73402 10241 20241 30051 40118 57001 60091 70282 87900 333 81915 86825 91114=
17310 12970 00702 10270 20178 30094 40101 58001 60001 333 91104 92428=
17330
17350 12660 20305 10222 20172 30031 40105 54000 60001 82100 333 82835=
17370
17375 12670 20000 10242 20195 30099 40101 57004 60001 82200 333 82835 91103 92428=
33088 /1597 83202 10168 20155 39901 40083 57004 70282 885// 555 1/017 69901=
33135 329// 50000 10173 20147 39961 40102 57001 80001 555 1/017=
33177 32597 80101 10166 20150 39860 40086 58006 885// 555 1/017=
33317 325// 83301 10159 20151 39754 40076 57007 8555/ 555 1/017=
33393 32560 80000 10161 20155 39709 40083 57003 885// 333 88627=
33415 32697 83602 10177 20143 39698 40075 57004 889// 555 1/017=
33429 /1697 80201 10163 20150 39668 40070 57007 70282 8535/ 333 84633 1/016 69931=
33466 31566 70902 10200 20160 39909 40086 57001 71322 82335 10020=
33506 32997 70601 10193 20143 39919 40105 50001 87030 555 1/018=
33562 /1560 81404 10191 20149 39794 40082 53001 72582 8595/ 1/019 69911=
33587 /15// 80000 10195 20175 39828 40076 57005 71798 8695/ 333 86923 1/020 60021=
33658 /1662 82903 10179 20169 39784 40068 57006 72582 8437/ 333 84936 1/018 69931=
33663 /1597 81201 10193 20170 39980 40071 54000 78082 8695/ 1/019 60021=
33664 41596 80101 10174 20171 39760 40060 57008 71082 885//=
33678 41596 80802 10172 20171 39884 40087 57001 72998 889//=
33679 41497 80701 10181 20169 39896 40077 57003 72998 889//=
33711 32960 71102 10212 20150 39885 40082 54000 87030 555 1/020=
33745 41597 70000 10180 20180 39890 40074 57005 72582 86930 11019=
33748 41597 81002 10172 20165 39793 40063 57008 70298 883//=
33754 41597 61201 10178 20164 39930 40069 56002 72598 82330=
33761 33761 /1496 82301 10190 20180 39870 40081 57002 79598 883// 1/020 60081=
33791 32985 51204 10210 20158 39973 40093 53004 85030 555 1/019=
33815 41596 70802 10164 20159 39868 40066 58014 71098 87900 11018=
33837 /1560 60000 10178 20167 30021 40070 57003 72998 82350 1/019 60111=
33881 41597 70702 10168 20161 39880 40067 53002 70298 87300=
33883 41597 71301 10169 20169 39912 40065 52004 70198 87500 11017=
33885 41996 41502 10163 20162 39946 40078 57003 71098 84030=
33892 41597 80000 10160 20160 39867 40069 52001 70198 85350=
33902 /1596 80601 10205 20189 30029 40085 52003 78082 889// 1/020 69981=
33924 41597 81402 10220 20191 30075 40087 52007 71792 8697/=
33946 42980 81404 10221 20193 39882 40089 52002 8805/=
33983 42997 00000 10232 20178 30021 40078 53004=
34300 32997 21002 10216 20143 39953 40120 53005 80001 555 1/018=
34336 42997 50702 10198 20048 30069 40167 52010 85030=
34344 82998 01302 10178 20073 30083 40167 52008=
34356 82998 01004 10183 20025 30060 40201 52013=
34357 82998 01104 10166 20049 30034 40183 52011=
34398 429// 01005 10163 20067 30228 40238 52009 16015=
34415 32997 01801 10197 20142 30024 40115 53005 1/017=
34438 82997 01005 10206 20065 39969 40150 52006=
34445 82998 31105 10201 20047 30063 40171 52008 83030=
34461 82997 01202 10188 20023 30145 40198 52013=
34473 429// 00904 10171 20057 30185 40222 52010 10013=
34476 82998 00804 10181 20030 30210 40217 52009=
34504 32980 01003 10212 20159 39935 40098 53003=
34535 82998 01103 10197 20060 30072 40140 52004=
34545 82998 50904 10198 20049 30052 40157 52004 80030=
34555 82998 01003 10189 20079 30097 40184 52008=
34560 42997 01205 10194 20044 30013 40194 52009=
34578 82997 01303 10181 20031 30191 40197 52007=
34579 82998 00503 10175 20017 30163 40205 52006=
34601 33562 /1560 81404 10191 20149 39794 40082 53001 72582 8595/ 1/019 69911=
34644 82997 00703 10198 20061 30063 40136 52005=
34646 82998 00904 10206 20096 30071 40148 54000=
34655 82997 00806 10194 20019 30104 40161 54001 333 91110=
34662 82998 00804 10168 20036 30170 40181 52002=
34691 42998 00000 10191 20065 30225 40213 52006 10017=
34712 38141 42998 00504 10182 20081 30014 40165 57007 10016=
34720 82998 00403 10216 20120 30069 40107 52007=
34727 82997 01005 10231 20117 30064 40092 52003=
34743 82997 00804 10185 20050 30059 40144 54000 333 91110=
34759 82997 00804 10168 20073 30025 40150 58001=
34772 82997 00705 10185 20054 30178 40181 52001=
34785 82997 00705 10186 20052 30206 40185 52002=
34798 42997 00605 10182 20119 30215 40187 53002 10017=
34824 82997 00802 10233 20140 30076 40081 52001=
34838 42997 00702 10227 20083 30000 40090 54001=
34845 82998 01104 10189 20078 30015 40116 57002=
34858 42997 00901 10175 20087 30031 40134 54001=
34861 82997 01005 10158 20058 39918 40151 57003=
34866 82997 00804 10176 20079 30160 40151 54000=
34880 82997 00603 10191 20116 30193 40169 54000=
34887 82998 00403 10184 20125 30174 40156 57002=
34949 82998 00905 10174 20114 39593 40112 57005=
34954 82998 00701 10189 20130 39958 40122 51003=
34958 42998 00902 10186 20149 39941 40130 54000=
34975 42998 00803 10173 20116 30141 40137 57002=
34984 82998 00504 10188 20136 30175 40147 57002=
35217 429// 00703 10152 20075 30223 40262 52007 10012=
35302 429// 01103 10148 20082 30235 40255 52007 10011=
35315 429// 00604 10136 20052 30201 40256 52005 10011=
35344 429// 40405 10116 20086 39998 40277 53002 82033 10011=
35358 429// 20202 10133 20056 30097 40260 58008 82040 10011=
35368 429// 00508 10128 20081 39997 40254 53001 10012=
35386 429// 00603 10076 20044 39778 40287 53004 10008=
35394 42998 00404 10073 20058 39626 40288 53003 10007=
35404 429// 01004 10168 20080 30229 40237 52006 10014=
35406 429// 00903 10156 20075 30238 40240 52003 10015=
35416 429// 21903 10163 20062 30137 40252 52004 80005 10015=
35426 429// 00603 10133 20078 39980 40260 54000 10010=
35437 429// 20404 10129 20074 39953 40254 53002 80003 10012=
35449 429// 50306 10152 20096 30141 40239 57002 85050 10012=
35497 429// 00505 10098 20060 39489 40260 53001 10007=
35498 429// 00101 10072 20033 39416 40272 52002 10005=
35514 42998 00504 10155 20046 30236 40232 52002 10014=
35522 429// 00806 10155 20035 30003 40244 57002 10015=
35542 429// 20504 10148 20058 30102 40242 53002 82040 10014=
35563 42998 00000 10100 20067 39504 40245 53003 10005=
35576 428// 20903 10126 20059 39801 40230 53013 82060 10010=
35582 429// 30502 10097 20083 39677 40257 52005 80003 10008=
35594 429// 00901 10063 20035 39447 40266 52003 10004=
35605 42998 00406 10166 20040 30234 40214 53002 10014=
35633 429// 00404 10162 20033 30018 40220 57002 10015=
35671 42998 00204 10134 20080 39812 40221 53003 10012=
35699 429// 00503 10109 20079 39515 40240 54000 10007=
35700 42998 01004 10184 20046 30229 40207 53004 10015=
35715 42997 00805 10178 20058 30218 40204 54000 10015=
35739 429// 00000 10168 20091 30061 40193 56002 18013=
35746 429// 00305 10182 20065 30126 40189 57001 10015=
35777 429// 00000 10112 20032 39903 40235 52006 10009=
35796 42997 20504 10124 20093 39812 40228 53002 80001 10011=
35849 429// 00000 10145 20064 30093 40175 57001 10011=
35895 42997 03603 10106 20079 39803 40230 53003 10010=
35907 42998 00809 10202 20142 30191 40163 52005=
35925 429// 20203 10132 20040 30079 40186 56001 80001 10014=
35927 429// 00902 10175 20039 30176 54000=
35953 429// 00303 10154 20047 30054 40176 53004 10013=
35969 429// 00000 10116 20021 30022 40188 53005 10009=
35997 429// 00703 10140 20084 39787 40199 57003 333 91106 10011=
36259 62599 80901 10053 20039 38240 48505 57002 69952 86902 333 20051 31005 55092=
36335 429// 33503 10059 20032 39290 40290 53002 83400 11007=
36358 42698 73602 10068 20029 39283 40271 53002 87500 10006=
36394 42697 23408 10051 20032 39824 40237 57001 81530=
36397 42699 23202 10058 20024 39683 40234 57003 82540 10005=
36403 42698 52502 10053 20044 39844 40195 54000 83982 10004=
36418 42999 73401 10079 20005 39584 40175 53002 82033 10007=
36421 42699 80000 10067 20051 39632 40176 57001 885// 10008=
36428 42799 63402 10051 20042 39698 40185 53001 83541 333 95000 555 10005=
36439 42698 71502 10065 20061 38949 48489 57007 86931 10008=
36498 426// 20106 10086 20029 39480 40243 53004 82500 10007=
36501 42999 52301 10081 20031 39524 40254 54000 85030 11006=
36535 42999 33006 10063 20020 39593 40205 54000 80001 10004=
36546 42999 22701 10036 20008 39664 40191 57006 80001 10002=
36619 429// 32701 10101 20048 83030 10009=
36622 42998 63602 10067 20027 39456 40235 56001 86040 10007=
36639 42999 00000 10070 20052 39598 40183 57006 10005=
36643 429// 02807 10087 20013 39575 40211 53002 10006=
36665 42699 53204 10130 20065 39496 40181 58001 85900 10011=
36666 42599 32708 10107 21010 39724 40194 53002 82530=
36729 42998 52401 10138 20071 39734 40188 53001 80001 333 91108 555 10014=
36736 42599 50502 10111 20089 39658 40185 57003 83550 10008=
36744 429// 00403 10093 20044 39782 40216 54000 333 91103 10007=
36770 429// 00000 10048 20036 39504 40214 57003 333 91109 11005=
36786 42699 30000 10072 20055 39324 40214 57001 83900 333 91105=
36796 42998 50000 10033 20011 39054 48516 56002 80005 333 91100=
36803 42599 82603 10140 20056 39778 40204 54000 889// 333 91111=
36806 42999 61501 10155 20083 39737 40176 58013 86050 333 91109=
36819 429// 00901 10103 20046 39614 40203 53010 333 91114=
36821 429// 00202 10088 20048 39731 40204 57003 333 91108=
36839 42998 00000 10046 20009 39114 40220 57003 333 91110=
36843 429// 02803 10072 20016 39071 40212 57006 333 91106=
36846 429// 00902 10031 20017 38634 48521 57005 333 91110=
36859 42999 20000 10084 20063 39448 40204 57003 82040 333 91105 555 10007=
36870 429// 00401 10118 20066 39211 40178 57004 333 91103 11007=
36874 429// 01802 10071 20037 39445 40201 57005 333 91106=
36877 42999 00000 10041 20027 39260 40222 57004 333 91106=
36885 42999 01402 10079 20040 39108 40203 57006 333 91108=
36889 429// 01603 10004 21163 37092 47115 53002 333 91104=
36894 42999 00000 10101 20057 39482 40194 57008 333 91104=
36905 42999 01202 10085 20035 38763 48516 57006 333 91105=
36911 429// 00701 10099 20062 39237 40180 57007 555 10009=
36927 42997 03202 10066 20014 38369 48530 53001=
36934 42697 13402 10095 20007 38273 48392 58008 81500=
36953 42999 03401 10038 20015 38238 48508 57008 333 91104 1/002=
36963 429// 01602 11017 21055 37073 48/// 57008 555 14105=
36974 429// 00902 10046 21005 38007 48555 54000 555 10002=
36982 42999 20000 11060 21083 36579 47156 57005 8////=
37018 82997 00502 10252 20159 30000 40070 52018 333 91112=
37031 82997 81103 10223 20142 39906 40089 52004 82034=
37054 82597 80000 10196 20143 39757 40119 57003 8653/=
37061 82597 20601 10175 20130 39975 40136 53001 82500=
37085 82996 00302 10163 20153 30153 40127 57004=
37171 42996 01004 10238 20176 30050 40067 52006 333 91113=
37228 82997 00000 10178 20163 39320 40110 57004=
37235 81496 81201 10202 20196 39815 40113 57001 71011 886//=
37472 81996 71401 10226 20209 30138 40117 57001 71011 83081=
38149 42998 03201 10108 20030 30081 40157 57014 10010=
38178 427// 30502 10170 20002 39871 40144 57009 83080 10012=
38262 429// 20201 10146 20040 30081 40160 57006 82030 10010=
38264 42998 03401 10155 20038 30054 40144 57007 333 00014 10013=
38345 42998 00000 10072 21019 38793 48492 57016 555 10006=
38353 429// 00000 10092 20034 39295 40174 57008=
38388 42998 20501 10184 20041 30067 40134 58002 82030 555 18016=
38392 42997 30403 10154 20061 30032 40131 57011 83030 555 10015=
38396 42997 20302 10146 20048 30014 40134 57004 80001 333 00011 555 10010=
38403 429// 00203 10201 20050 30025 40139 57007 10016=
38413 429// 01103 10197 21025 39865 40141 57004 10012=
38457 42997 20401 10143 20043 39548 40114 57007 80001 10005=
38462 429// 00501 10089 20017 38738 48486 57009 10002=
38462 429// 00501 10089 20017 38738 48486 57009 10002=
38507 42996 00905 10244 21057 30001 40097 54000 333 91005 555 10020=
38545 42997 00000 10155 20110 39950 40119 57005 555 10013=
38565 329// 00000 10126 20034 39541 40150 58009 10007=
38579 329// 00000 10124 20074 39706 40111 57003 10009=
38583 32997 01101 10123 20093 39804 40116 54000 333 00007 10008=
38599 42997 00000 10126 20066 39624 40124 55002=
38611 42997 03303 10157 20066 39574 40112 57013 333 00012 10012=
38613 429// 00102 10118 20015 39268 40145 57004 555 10009=
38616 429// 01801 10093 20053 39153 40146 57014=
38618 429// 01301 10126 20073 39457 40125 57005 333 00008 10008=
38647 42997 00806 10226 21025 30040 40080 52003 555 10020=
38656 42998 00702 10184 21030 30008 40113 57006 555 10016=
38683 42997 03602 10136 20040 39838 40105 57006 333 00/// 10009=
38687 42997 00203 10171 20032 39878 40104 57008 555 10171=
38696 329// 00902 10149 20056 39289 40112 57001 333 00010 10010=
38713 429// 01801 10100 21002 39006 48490 56012=
38750 42997 03202 10216 20196 30114 40087 53005 555 10021=
38763 42997 00000 10203 20011 39993 40093 57002 555 10018=
38774 42995 02401 10191 20046 39914 40100 57006 555 10017=
38799 42997 03401 10120 20009 39883 40109 54000 555 10013=
38806 42997 00000 10116 20074 39830 40084 57007 555 10011=
38812 42997 00703 10138 20011 39657 40136 57008 10008=
38836 429// 00000 10133 20046 39171 40076 58021=
38880 42997 01801 10186 20023 39856 40100 57006 555 10018=
38886 42997 03101 10152 20045 39893 40113 57006 555 10012=
38895 42996 00000 10134 20068 39830 40113 57007 555 10011=
38911 42997 00000 10155 20051 39813 40096 57002 555 10014=
38915 42997 00000 10175 20053 39795 40105 53008 555 10014=
38927 32960 00203 10148 20053 39733 40096 55001 10011=
38933 429// 03601 10117 20080 39624 40125 52006=
38944 429// 03603 10170 20021 39530 40042 57005=
38954 429// 00000 10096 21027 37943 48510 52005=
38974 42998 03401 10174 20043 39780 40101 57010 555 10017=
38987 42996 02101 10122 21036 39402 40128 57002 555 10008=
40080 32965 03002 10181 20074 39430 4//// 55010=
40083
40100 43/80 00903 10265 20131 30104 40119 58008 6///1 333 58///=
40103 53011 70000 83800 333 10326 83820=
40180 12960 00903 10248 20151 30053 40100 57010 60001 333 70000=
40199 129// /0204 10304 20112 30073 40097 52003 60001 333 70000=
40255 36/// /2607 10257 29032 3//// 4//// 5////=
40265 32960 00000 10180 20093 39362 40116 52002=
40270 31958 02104 10248 20072 39254 40099 54000 70500=
40272 31950 03004 10180 20109 39314 40118 52002 70500=
40296 36/// /0000 10311 29047 4//// 5////=
40310 40265 32960 00000 10180 20093 39362 40116 52002=
40340 32960 03508 10288 20121 30042 40103 54000=
40356 32960 00109 10248 20030 39159 48513 333 58016 555 04410 50069=
40357 32960 00000 10298 20040 39459 40046 333 58020=
40360 32960 02908 10247 20080 39532 40085 333 58020=
40361 32960 03404 10299 20070 39339 40090 333 58014=
40362 32960 00204 10318 20030 39564 40036 333 58012=
40373 32960 00204 10312 20010 39647 40030 333 58017=
40375 32960 03310 10285 20020 39245 40062 333 58011=
40394 32960 00402 10314 20070 38999 48515 333 58010 555 04410 50038=
40394 32960 00402 10314 20070 38999 48515 333 58010 555 04410 50038=
40400 32910 03506 10292 20230 30036 40063 333 59001=
40405 32660 23204 10320 20000 39345 40044 82500 333 58011 82640=
40417 31950 03503 10285 20260 39997 40011 71000 333 58012=
40420 32960 03203 10319 20120 39813 40009 333 58007=
40430 32960 00000 10347 20040 39350 40050 333 58002=
40437 32960 02802 10307 21010 39374 40024 333 58007=
40439 32960 22503 10314 20170 30011 40029 82030 333 59001 82360=
40582 32960 03512 10377 20118 40020 54000 333 00036 55300 00000 10194 20000 30000 41408 51606 60000 55407 40000 90467 91015 91117 91213 91311=
41024 32960 03306 10330 20210 30011 40036 333 58001=
41036 32960 03205 10283 20050 38542 48494 333 58007 555 04410 50031=
41055 32960 03108 10260 20060 38349 48489 333 58004 555 04410 50034=
41061 32960 03304 10281 21040 39350 40008 333 58003=
41084 32960 01504 10263 21040 38805 48475 333 58003 555 04410 50001=
41112 32960 00000 10189 20010 37942 48491 333 58007 555 04410 50024=
41114 32960 00000 10211 21010 37973 48487 333 58004 555 04410 50014=
41128 32960 00604 10250 21030 38763 48481 333 59002 555 04410 50022=
41136 32660 20000 10315 20020 39252 40013 82400 333 58014 82640=
41140 31558 20903 10319 20280 30032 40042 70500 82400 333 58005 82630=
41150 31958 00602 10328 20286 40012 70500 333 58015=
41176 34/56 /3603 10309 20272 30004 40010 333 58010=
41184 32960 09902 10255 20075 40016 333 58013=
41194 12960 00606 10337 20029 30001 40008 60001 333 58004 70000=
41196 12960 00603 10296 20109 39973 40013 60001 333 58006=
41216 31957 00603 10314 20284 39998 40002 70500 333 59001=
41217 31957 00304 10307 20274 39970 49998 70500 333 59004=
41244 36/// /1203 10325 21054 39596 49992 333 0E036 55300 25022 58002=
41246 36/// /1603 10296 20275 30018 40020 333 0E031 55300 25022 58009=
41255 36/// /1803 10285 20195 39520 40010 333 0E030 58011 =
41256 329// 02304 10294 20265 30002 40019 92345 333 58011 55000 55407 55408 55507 55508=
41258 36/// /1007 10300 20277 30012 40015 333 0E/// 55300 20000 58011=
41262 36/// /1012 10310 20174 39817 40005 333 0E031 55300 20000 58006 =
41263 36/// /1002 10287 20177 39463 40004 333 0E028 55300 20000 58010 =
41268 36/// /2315 10265 20243 39973 40019 333 0E028 55300 25022 58023=
41275 36/// /1013 10254 20235 39865 40030 333 0E026 55300 20000 58013 =
41288 36/// /2110 10259 20239 30014 40036 333 0E027 58014 =
41304 36/// /2608 10307 20081 39711 40007 333 0E030 55300 20000 58001 =
41315 36/61 /1600 10221 20215 39249 47371 333 0E026 55300 27865 58004 =
41316 32560 72104 10270 20251 30027 40056 87500 333 58004 55000 55407 55408 55507 55508 87625=
41396 12965 19902 10244 20099 39341 40048 60002 80001 333 58014 81070=
41397 72707 10300 2//// 40100 53009 702// 857// 22200 00300 2////=
41398 62414 10260 20231 40102 53001 70300 85770 22264 00270 20501 320// 41003 80240=
41480 40582 32960 03512 10377 20118 40020 54000 333 00036 55300 00000 10194 20000 30000 41408 51606 60000 55407 40000 90467 91015 91117 91213 91311=
41497 32421 10260 20218 40040 56020 71800 83466 22243 02270 20702 32020 40804 50804 6//// 8/230 ICE /////=
41498 2//// 10200 20169 40290 54000 70111 811// 22244 06170 20502 80180=
41506 02995 00000 10165 20133 38453 48452 60002 333 58006 60007=
41508 02996 00000 10161 20126 38608 48483 60002 333 58009 60007=
41515 02996 00000 10208 20126 38493 48457 60002 333 58002 60007=
41523 02996 00000 10210 20179 39019 48456 60002 333 58003 60007=
41535 02996 00000 10170 20118 38638 48414 60002 333 59028 60007=
41536 02996 00000 10190 20158 38957 48443 60002 333 59014 60007=
41560 02996 00000 10190 20151 38241 48459 60002 333 59001 60007=
41571 119// 20504 10240 20187 39443 40004 60002 70500 82030 333 56090 59029=
41598 01996 00000 10265 20244 39713 49973 60002 70400 333 59045 60007=
41600 01996 00000 10265 20236 39710 49995 60002 70400 333 59019 60007=
41620 32996 03602 10225 20179 38508 48413 60002 333 58000 60007=
41624 01996 00000 10280 20244 39805 49998 60002 70400 333 59007 60007=
41630 01996 00000 10280 20244 49993 60002 70400 333 59022 60007=
41640 01996 00000 10280 20252 39747 49985 60002 70400 333 59027 60007=
41660 019// 02304 10160 21029 38389 48477 60002 70600 333 58011 60007=
41678 01996 00000 10290 20224 49990 60002 70500 333 59010 60007=
41696 02996 00000 10160 20045 37985 48491 60002 333 58003 60007=
41697 02996 00000 10290 20248 39849 49998 60002 333 58020 60007=
41700 01996 00000 10295 20260 39864 49983 60002 70400 333 58006 60007=
41710 11996 03104 10230 21067 39286 40037 60002 70600 333 58010=
41712 12996 00000 10250 20039 39134 48474 60002 333 58007=
41715 01996 00000 10290 20262 39947 40010 60002 70500 333 58017 60007=
41718 01995 00000 10290 20248 39885 49983 60002 70400 333 58002 60007=
41725 12996 02302 10300 20265 39920 49996 60002 333 58000=
41739 01996 00000 10250 21014 38991 48467 60002 70500 333 58001 60007=
41744 11996 00000 10230 20075 38691 48424 60002 70600 333 59002=
41749 02996 01304 10275 20261 40010 333 58012 60007=
41756 01494 50000 10255 20241 39958 40022 60002 71000 85600 333 56900 58006 60007 85715=
41759 01995 00000 10250 20226 30009 40015 60002 71011 333 58015 60007=
41764 02996 02110 10275 20239 39962 40011 60002 333 58004 60007=
41768 02996 02304 10270 20249 30006 40013 60002 333 58007 60007=
41780 01696 32708 10280 20244 30000 40027 60002 70400 83500 333 56900 58013 60007 83630=
41785 02996 02306 10280 20252 30009 40022 60002 333 58007 60007=
41859 32440 60000 10268 20260 39979 40016 83570 333 56990 59010 70132 83618 85458=
41883 32430 70000 10282 20260 30005 40025 85520 333 56690 58000 70000 85616 87458=
41891 31440 50000 10275 20260 39974 40012 70522 81501 333 56909 59026 70000 81616 85082=
41898 21016 10240 20210 40120 54000 70222 82002 22253 06240 21002 80180=
41907 32945 00000 10281 20270 30001 40016 333 59003 70055=
41923 21340 80000 10284 20270 30002 40012 76196 8532/ 333 56999 59012 6004/ 70040 82709 84614 81930 88458=
41936 31420 60000 10282 20270 30006 40013 70522 84630 333 56990 59002 70120 81710 83615 85362=
41943 11435 80000 10255 20250 30007 40014 60528 70296 8662/ 333 56499 59018 70545 83710 83615 88458=
41950 11330 80000 10270 20270 30021 40024 60044 79596 8692/ 333 56999 58003 70183 82707 84616 81928 88458=
41978 11457 60000 10269 20260 30009 40015 60016 70162 84320 333 56990 59019 70030 83617 81930 85460=
41992 11420 82408 10270 20260 30014 40016 60029 75196 8592/ 333 56999 59020 70570 84615 81925 88458=
42001 11231 99259 70897 46/// /2109 10301 20289 30041 40044 92330 22200 00299 333 91211 555 11096 22102 8//10 92328=
42027 32996 00000 10144 20126 38362 48447 333 59016=
42044 32996 00000 10128 20114 38232 48467 333 59012=
42045 32996 00000 10144 20127 38258 48384 333 59019=
42056 32996 02302 10258 20206 39556 333 59029=
42071 31995 02904 10254 20239 49984 71000 333 59029=
42097 12001 99257 70837 46/// ///// 1//// 92356 22200 00315 10801 20801 70006=
42101 22996 40000 10274 20260 49988 84030 333 59033 6991/ 84360=
42111 21494 80502 10258 20255 30302 49976 76162 8682/ 333 59029 6996/ 83712 84618 84830 88458=
42123 32996 00000 10284 20259 49985 333 59021=
42131 32696 80000 10268 20248 49989 8542/ 333 59021=
42165 32996 30000 10270 20247 49988 80001 333 59008 83070=
42182 21595 80904 10254 20254 49986 76162 85320 333 59022 6015/ 84630 81935 88458=
42189 21495 80902 10254 20254 49976 71096 8682/ 333 59029 6075/ 85618 83825 88458=
42309 22996 20000 10252 20249 40037 82030 333 59036 6001/=
42314 21596 49902 10272 20258 40030 71021 82430 333 59028 6994/ 82825 84360=
42328 31595 52306 10274 20257 49983 70522 83530 333 58001 83630 84360=
42339 31995 23202 10266 20252 40006 70510 80001 333 58000 82070=
42348 21595 63208 10266 20249 49997 71022 84530 333 59013 6006/ 84630 85360=
42361 21495 83203 10250 20250 49931 76166 8532/ 333 59051 6172/ 84618 81930 88458=
42369 21595 71103 10270 20249 49975 75022 84520 333 59012 6030/ 82618 86458=
42379 21495 80902 10278 20267 40013 76062 8672/ 333 56290 58006 6021/ 85712 86618 88460=
42415 22596 60000 10264 20250 40036 83530 333 58001 6018/ 83620 85360=
42452 21595 42310 10262 20239 49982 71052 81530 333 59005 6997/=
42492 31495 70904 10286 20278 40017 71022 84330 333 57980 58012 82710 83618 81930 85360=
42559 21495 83201 10240 20237 49975 76066 8672/ 333 59004 6047/ 83714 86618 88458=
42571 22496 81601 10270 20259 49984 8563/ 333 58034 6003/ 82715 85625 87360=
42623 31495 50000 10232 20214 39181 40030 71022 83530 333 59010 83618 85360=
42634 22996 00000 10260 20237 40034 333 58007 6002/=
42647 31596 32704 10274 20245 40033 70521 83500 333 56500 58011 83620=
42667 21495 82310 10244 20233 39434 40009 76062 85920 333 58016 6061/ 83710 84620 81930 88458=
42675 21495 72303 10254 20233 49999 70522 85630 333 58053 6006/ 82712 84620 86360=
42701 31495 62304 10242 20236 39312 40028 71022 83530 333 58022 83618 85360=
42724 21495 50000 10276 20259 40013 71022 83530 333 59017 6990/ 83618 84360=
42737 32896 12705 10258 20241 40046 81030 333 58013 81358=
42754 21495 62511 10232 20214 39397 40023 70522 83630 333 58016 6996/ 81710 83618 85360=
42779 22495 82302 10242 20239 39333 40016 8461/ 333 58044 6005/ 81710 84618 87458=
42798 31495 72704 10276 20262 40019 71022 83530 333 58017 83615 86360=
42809 31495 70000 10296 20284 40017 70522 84510 333 58002 84618 87459=
42840 22596 70000 10276 20250 40047 84830 333 58012 6003/ 83620 87360=
42867 31495 72302 10250 20235 40029 70522 83520 333 58032 83618 86458=
42874 31995 50000 10256 20247 40036 70522 83031 333 58037 83360 84075=
42886 21495 30000 10262 20248 40035 70500 82530 333 58026 6002/ 82617 83360=
42895 32596 50000 10286 20275 40023 83530 333 58017 83620 85360=
42971 21496 73203 10272 20258 40034 71022 84430 333 58017 6004/ 84618 87360=
43041 21595 30000 10230 20224 39445 40057 71020 82530 333 58027 6991/ 81620 83360=
43063 21596 62704 10224 20203 39441 40062 70265 84530 333 58012 6993/ 84626 83356=
43086 32596 40000 10260 20236 39868 40044 81531 333 58024=
43128 31496 72703 10240 20208 39462 40064 70522 84730 333 56690 58020 82710 83615 86360=
43150 32596 52508 10280 20254 39995 40055 82531 333 58028 82620 83360=
43185 32596 52003 10282 20270 30047 40050 82530 333 58025 82620 84360=
43189 32596 40000 10274 20248 30052 40061 82531 333 58026=
43192 21596 60000 10250 20247 40077 70262 81532 333 58019 6008/=
43201 22396 72303 10216 20207 39334 40059 85630 333 56690 58014 6999/ 83708 83612 86358=
43213 32996 10000 10244 20210 39748 40064 81030 333 58019=
43237 32996 19902 10234 20206 39672 40064 81030 333 58025 81360=
43245 32596 42502 10290 20231 30043 40069 82501 333 58023=
43279 32596 40000 10284 20256 30058 40075 84400 333 58014 83620=
43284 21095 50703 10242 20233 39976 40092 71062 83631 333 56599 58018 6018/ 82701 83612=
43295 32496 52703 10206 20181 39082 48489 83630 333 56690 58015 82710 83615=
43314 21596 20000 10250 20241 40097 70162 82500 333 58013 6017/=
43321 31496 52308 10236 20224 39647 40094 71022 83501 333 58016 83612=
43329 22596 40000 10274 20251 30063 40076 82531 333 58021 6003/=
43333 21495 72705 10266 20258 40086 70565 86401 333 58004 6002/ 83618 85820=
43344 21496 52710 10276 20220 39986 40085 70522 82531 333 58017 6002/ 82616 83360=
43353 21496 79902 10254 20248 40103 71065 83520 333 56790 58013 6002/ 83714 86458=
43369 22596 40000 10266 20260 40099 82530 333 58011 6009/ 82620 85358=
43371 21497 40000 10250 20247 30030 40103 70162 83501 333 58009 6007/ 42101 22996 40000 10274 20260 49988 84030 333 59033 6991/ 84360=
44212 11598 83403 10103 20062 39124 40219 52002 69902 70262 885// 333 20103 55081 91204 30097 80016=
44213 32699 62502 10084 20015 38795 40211 52006 86500 333 20083 91202 30081=
44214 32698 71103 10084 20022 38281 40194 53006 84840 333 20080 91204 30055=
44215 32698 72303 10081 20010 38416 40207 52004 82570 333 20064 91204 30052=
44217 31697 82302 10059 21014 37875 40237 54000 71522 8802/ 333 20056 91204 30050=
44218 32999 82301 10116 20008 38603 40181 52007 8801/ 333 20112 91203 30091=
44219 32999 41003 10102 21038 38600 40170 52010 82079 333 20094 91203 30063=
44265 32999 80202 10130 20033 38835 40178 52009 8802/ 333 20126 91203 30110=
44266 32699 72604 10094 21058 37801 40196 53008 84820 333 20077 91204 30065=
44404 41/01 90920 10180 20180 38063 48393 760// 89/// 333 59026=
44416 41556 80304 10233 20229 39253 49988 7606/ 8572/ 333 59017=
44424 41458 80401 10166 20157 37624 47029 75052 8361/ 333 59034=
44434 41558 70304 10232 20215 39169 48480 79596 84970 333 58012=
44438 41457 80914 10268 20252 39902 40024 79595 8497/ 333 58012=
44449 41357 80901 10260 20257 39881 40030 79796 8792/ 333 58016=
44454 41457 52002 10207 20200 38618 48460 70390 84330 333 58007=
44462 42460 20902 10192 20172 38229 48444 82200 333 58010=
44474 42056 70000 10188 20172 38233 48469 87700 333 58017=
44477 42556 50000 10210 20204 38773 48491 83161 333 58008=
44478 41550 10000 10260 20253 39941 40023 710// 81100 333 58005=
48010 21540 70000 10265 20246 39895 40045 70196 84770 333 20255 56330 58017 60132=
48020 21230 80000 10253 20241 79596 8692/ 333 20242 56899 60112=
48025 21320 81401 10260 20246 39901 40040 75055 8587/ 333 20216 56999 58015 60152 00731=
48031 21/03 91401 10180 20180 76266 89/// 333 20170 56999 60082=
48048 21440 81801 10245 20240 39957 40013 76166 8692/ 333 20240 56889 58006 61482=
48052 21450 81403 10244 20209 70266 8587/ 333 20230 5699/ 60602=
48064 21440 83201 10255 20255 39954 40011 75065 8572/ 333 20237 5699/ 59040 60282=
48071 21340 82302 10255 20255 30027 40035 76266 8692/ 333 20225 5659/ 59003 61352=
48094 21456 82201 10260 20255 30053 40063 76066 8597/ 333 20228 5699/ 58018 60062=
48109 32496 62303 10288 20259 30070 40073 86900 333 20238 56900 58001=
50557 04980 /0702 10100 20044 39904 40194 52015 60002 76000 333 10264 20077 3/005 5006/ 54417 58031 60001 70000 90720 91109=
51076 04974 /2604 10128 20093 39331 40173 52012 60002 70000 333 10226 20080 3/013 5001/ 54405 59007 60001 70000 90720 91108=
51087 04980 /2802 10138 20067 39191 40166 57003 60002 70000 333 10228 20119 3/014 5001/ 54405 59009 60001 70000 90720 91111=
51156 04980 /0603 10087 20062 38696 40169 52001 69992 70000 333 10187 20087 3/007 5000/ 54415 59021 69931 70009 90720 91111=
51243 04980 /3401 10177 20069 39640 40160 57001 60002 70000 333 10242 20163 3/016 5000/ 54405 59018 60001 70000 90720 91108=
51334 04975 /2102 10113 20096 39784 40172 57007 69922 70000 333 10239 20112 3/011 5000/ 59017 60001 70002 90720 91109=
51379 04980 /1501 10125 20080 39276 40181 54000 60002 70000 333 10233 20124 3/012 5000/ 54415 59006 60001 70000 90720 91105=
51463 04980 /1502 10137 20070 39037 40176 57007 69902 70000 333 10208 20132 3/012 5000/ 59013 60001 79999 90720 91109=
51573 04980 /1102 10242 20029 30083 40129 52011 60002 70000 333 10307 20218 3/021 5001/ 58016 60001 70000 90720 91109=
51644 04978 /3101 10100 20086 38933 40142 57002 69932 70060 333 10238 20100 3/011 5000/ 54415 58012 69931 70003 90720 91119=
51656 04960 /1401 10132 20079 39124 40132 52002 60002 70000 333 10285 20121 3/010 5002/ 58013 60001 70000 90720 91107=
51709 04965 /2702 10131 20069 38616 40120 57003 60002 70000 333 10235 20130 3/012 5002/ 54415 59023 60001 70000 90720 91105=
51711 04980 /2503 10082 20009 38034 40100 57005 60002 70000 333 10182 20057 3/004 5002/ 54405 59016 60001 70000 90720 91107=
51716 04059 00202 10125 20074 38892 40124 54000 60002 70000 333 10258 20124 3/012 5002/ 54415 59011 60001 70000 90720 91105=
51765 04973 /2301 10133 20108 39191 40148 52005 60002 70000 333 10233 20133 3/012 5001/ 54415 58022 60001 79999 90720 91102=
51811 04060 03600 10104 20082 38773 40130 52001 60002 70000 333 10242 20104 3/008 5001/ 54416 59018 60001 70000 90720 91104=
51818 04962 /0000 10100 20067 38628 40130 57001 60002 70000 333 10236 20100 3/006 5001/ 54416 59013 60001 70000 90720 91103=
51828 04957 /2101 10150 20060 38626 40118 57004 60002 70000 333 10230 20150 3/009 5001/ 54415 59007 60001 70000 90720 91104=
51886 04975 /1402 10094 20008 37157 40098 52017 60002 70000 333 10160 20089 3/009 5002/ 54415 58026 60001 70021 90720 91107=
52203 04970 /0901 10160 20112 39311 40154 52013 60002 70000 333 10265 20147 3/016 5001/ 54405 58031 60001 79999 90720 91113=
52602 04980 /1100 10105 20021 37290 40095 52012 60002 70000 333 10226 20075 3/008 54415 58013 60001 79999 90720 91116=
52681 04950 /2703 10149 20147 38605 40104 52012 60012 71000 333 10149 20129 3/015 5001/ 54405 59053 69921 70021 90720 91105=
52818 04980 /2902 10088 20061 37273 40053 52010 60092 70000 333 10282 20082 3/010 5001/ 54415 58032 60021 70092 90720 91120=
52908 04966 /1901 10035 20026 35826 49995 52007 60012 70000 333 10146 20030 3/001 54415 59011 60001 70015 90720 91120=
53463 04980 /3101 10168 20135 38884 40168 57004 60002 70000 333 10181 20126 3/015 5000/ 54405 59053 60001 70007 90720 91103=
54857 04974 /0302 10257 20220 30048 40137 57001 69902 70065 333 10301 20247 3/026 5001/ 59030 60001 79999 90720 91107=
55228 04980 /0101 10083 21066 36063 49939 57001 60002 70000 333 10173 20057 3/005 5002/ 54405 59002 60001 70000 90720 91110=
55299 04980 /0700 10062 20037 35916 40016 52007 69942 72100 333 10176 20060 3/004 5000/ 59002 69921 70019 90720 91107=
55578 04980 /3600 10114 20067 36416 49970 52005 60002 70000 333 10229 20083 3/013 5001/ 54405 59003 60001 70000 90720 91107=
55591 04980 /1801 10129 20076 36566 49974 52005 60012 70000 333 10223 20105 3/012 5001/ 54405 59010 60011 70011 90720 91106=
55664 04959 /0101 10041 20018 36066 40027 52002 60002 70000 333 10196 20041 3/004 5002/ 54415 59001 60001 70000 90720 91105=
55773 04980 /2301 10060 20043 36068 40048 57003 60022 70000 333 10141 20017 3/006 5001/ 54405 59004 60001 70024 90720 91112=
56004 04971 /0402 10037 20028 35883 40041 52001 60002 70000 333 10141 20034 3/001 54415 59009 60001 70074 90720 91115=
56018 04980 /1600 10089 20067 36240 40005 52009 60002 70000 333 10178 20070 3/008 54405 59011 60001 70001 90720 91104=
56116 04962 /0201 10064 20034 36398 40024 52007 60002 70000 333 10212 20062 3/004 5002/ 54415 59002 60001 70000 90720 91106=
56299 58006 70002 81815 83070=
56312 04980 /2501 10145 20089 37125 40043 52003 60002 70000 333 10228 20138 3/014 5000/ 54405 58007 60001 70000 90720 91108=
57494 04459 /3604 10240 20215 30085 40114 52008 60002 70000 333 10297 20238 3/024 5001/ 54415 59022 60001 70000 90720 91107=
58847 04957 /3001 10292 20256 30005 40102 52016 60002 70500 333 10379 20279 3/028 5001/ 58018 60001 70000 90720 91105=
62306 35960 00806 10325 20093 40079 57008=
62309 32960 03504 10264 20236 40104 57004=
62332 32960 01109 10294 20229 40102 57004=
62387 32960 02504 10278 20143 40083 57002=
62393 32960 01304 10288 20079 40114 57003=
62405 32960 00000 10299 20096 40082 57006=
62414 32960 00000 10313 20087 40090 57005=
62419 32960 00000 10318 20165 40075 57003=
62420 32960 03606 10292 20193 40097 52003=
62423 41217 31957 00304 10307 20274 39970 49998 70500 333 59004=
62435 32960 00000 10287 20109 40074 54000=
62440 62309 32960 03504 10264 20236 40104 57004=
62458 32960 02903 10315 20053 40086 57002=
62459 62420 32960 03606 10292 20193 40097 52003=
