SMPK OPKC 111200=
41504 02697 31306 10250 20025 37778 48374 60002 83200 333 10290 56900 58004 60007 83845 RH 23%=
41505 12696 60000 10185 20079 38/// 48/// 60012 83520 333 10300 56990 58/// 60017 83640 86460 RH 50%=
41516 02696 30510 10305 20033 38453 48410 60002 83400 333 10330 56900 58031 60007 83840 RH 18%=
41517 02697 30000 10230 20085 37742 48412 69902 83400 333 10266 56900 58032 60007 83835 RH 39%= 
41518 02696 73604 10311 20059 38/// 48/// 60002 84920 333 10350 56990 5//// 60007 81935 83640 85461 RH 21%= 
41519 02697 30000 10365 20129 38651 48408 60002 83200 333 10370 56900 58026 60007 83840 RH 24%=
41520 02697 51802 10240 20005 37589 48170 60002 82470 333 10260 56990 58009 60007 82840 83762 RH 21%= 
41530 02697 20510 10350 20183 39605 49990 82400 333 10360 56900 58019 60007 82840 RH 37%=
41571 12997 12308 10335 20150 39455 49999 60002 81030 333 10347 56090 58015 RH 33%=
41620 32696 21802 10345 20015 38495 48400 60002 82500 333 10350 56900 58013 60007 82640 RH 12%=
41660 01996 03112 10305 21095 38373 48455 60002 70600 333 10315 58013 60007 RH 07%=
41661 01995 03102 10310 20015 38331 48447 60002 70540 333 10325 58022 60007 RH 15%=
41685 02997 02302 10295 20183 38828 48432 60002 333 10325 58006 60007 RH.51%=
41696 02997 03102 10280 20020 37969 48450 60002 333 10290 59014 60007 RH 19%=
41697 02997 02306 10410 20143 39841 49986 60002 333 10420 58016 60007 RH 21%= 
41710 11996 00000 10365 21045 39261 49973 60002 70600 333 10370 58013 RH.07%=
41712 11996 00000 10355 20020 39106 48468 60002 70500 333 10365 58015 RH 12%=
41715 01996 00000 10360 20256 39934 49995 60002 70500 333 10380 58016 60007 RH 55%=
41724 01996 00000 10380 20272 39937 40011 60002 70500 333 10390 58018 60007 RH 54%=
41725 12996 00504 10375 20250 39915 49989 60002 333 10380 58018 RH 49%=
41726 02996 00000 10390 20268 39935 40002 60002 333 10400 58006 60007 RH 50%=
41738 02996 00516 10445 20065 39825 49989 60002 333 10445 58013 60007 RH 10%=
41739 01996 03114 10340 20002 38980 48472 60002 70500 333 10345 58013 60007 RH 12%=
41742 12697 31804 10375 20225 39890 49987 60002 83100 333 10377 56900 58006 RH 42%=
41743 21996 00000 10380 20256 60002 70500 333 10390 60007 RH 50%= 
41744 11996 00000 10325 20073 38688 48473 60002 70600 333 10345 59002 RH 21%=
41745 01996 01802 10370 20252 60002 70500 333 10380 60007 RH 51%=
41746 02696 23604 10365 20262 39940 49991 60002 82500 333 10385 56900 58012 60007 82640 RH 56%=
41747 02996 03102 10370 20252 39937 49992 60002 333 10385 58016 60007 RH 51%= 
41748 02996 02302 10360 20264 39939 49999 60002 333 10365 58015 60007 RH 58%=
41749 02996 01304 10375 20266 39967 40000 60002 82500 333 10385 56060 58009 60007 82635 RH 54%=
41756 01996 02310 10320 20250 39939 40002 60002 70500 333 10330 58002 60007 RH 67%=
41757 11995 02310 10325 20248 30019 40031 60002 70500 333 10340 58018 RH 64%= 
41759 01996 02304 10320 20250 30001 40006 60002 70500 333 10345 58001 60007 RH 67%=
41760 01596 22314 10310 20239 30004 40017 60002 70500 82600 333 10320 56900 58019 60007 82720 RH 66%=
41764 02996 01806 10345 20255 39947 49994 60002 333 10365 58005 60007 RH 60%=
41765 02996 02308 10350 20268 39967 40000 60002 333 10370 58012 60007 RH 63%=
41766 02996 02304 10345 20270 39962 49990 60002 333 10360 58012 60007 RH 65%=
41767 02996 5//// 10345 20270 60002 85530 333 10360 56990 60007 82635 83360 RH65%=
41768 02596 41806 10340 20265 39997 40004 60002 81630 333 10355 56490 58013 60007 81720 83360 RH 65%=
41780 01995 02308 10320 20242 39987 40013 60002 70500 333 10341 58013 60007 RH 64%=
41783 02996 32304 10320 20250 39979 40008 60002 83030 333 10340 56090 58004 60007 83360 RH 67%=
41785 02697 62302 10320 20258 30008 40021 60002 83530 333 10330 56590 58011 60007 83640 83360 RH 70%= 
41786 02696 42306 10320 20250 39962 49996 60002 84500 333 10335 56900 58011 60007 84630 RH 67%=
41BAG 02696 42302 10200 20118 60002 84500 333 102600 60007 84640 RH 59%=

SMPK OPLA 111200=
=================
41506 02997 01814 10310 20076 38410 48404 60002 333 10333 58005 60007 23%=
41507 02997 02702 10330 20200 39139 49619 60002 333 10345 58016 60007 46%=
41508 02697 21302 10300 20152 38597 48475 60002 82200 333 10320 56900 58018 60007 82835 RH 41%=
41509 02697 22306 10330 20110 38655 48412 60002 82500 333 10350 56900 59001 60007 82640 RH 26%=
41510 02697 21302 10225 20089 37867 48427 60002 82200 333 10256 56900 58006 60007 82840 42%=
41515 02697 32312 10304 20105 38464 48426 60002 83200 333 10334 56900 59002 60007 83850 29%=
41523 02997 02304 10320 20205 38998 48454 60002 333 10340 58017 60007 51%=
41524 02697 21802 10345 20164 39216 40013 60002 82200 333 10370 56900 58014 60007 82845 RH 34%=
41525 12697 30000 10215 20136 37649 48316 60022 83200 333 10230 56900 58006 83840 61%=
41528 02997 00000 10365 20200 39118 48463 60002 333 10373 58003 60007 38%=
41529 02996 03102 10350 20211 39638 49993 60002 333 10375 58011 60007 RH 45%
41534 02697 00000 10330 20238 39611 49999 60002 333 10350 58021 60007 58%=
41535 02997 01802 10275 20149 38647 48428 60092 333 10295 58020 60007 RH47%=
41536 02997 00000 10295 20183 38951 48453 60002 333 10335 58015 60007 51%=
41560 02997 01302 10270 20147 38242 48452 60002 333 10300 58006 60007 Rh47%=
41562 02997 00000 10355 20235 39563 49995 60002 333 10380 58011 60007 RH 50%=
41565 02997 01302 10256 20211 38597 48471 60002 333 10305 58006 60007 77%=
41567 01996 00000 10355 20243 39628 40016 69902 70400 333 10360 58004 60007 52%=
41572 01996 03104 10340 20157 39393 49975 60002 70500 333 58015 60007 RH33%=
41573 02997 20000 10210 20139 37948 48448 60002 333 10253 58012 60007 64%=
41574 02997 00000 10260 20188 38296 48456 60002 333 10275 58011 60007 64%=
41576 01996 01802 10350 20253 40018 60002 70400 333 10360 58003 60007 57%=
41577 01996 00000 10325 20243 39428 40005 69902 70400 333 10355 56000 58017 60007 RH 62%=
41593 01696 41302 10355 20266 39790 49988 60002 70411 82570 333 10366 56990 58010 60007 82640 83460 60%=
41597 02997 30000 10340 20279 39734 40011 60002 83030 333 10350 56090 58009 60007 83362 71%=
41598 02997 00000 10350 20268 39736 49990 60002 333 10360 58005 60007 63%=
41599 01996 00000 10345 20239 39728 40000 60002 70400 333 10352 59004 60007 54%=
41600 01996 00000 10340 20249 39716 49995 60002 70400 333 10350 59004 60007 59%=
41624 02997 01802 10370 20260 39809 49995 60002 333 10380 58022 60007 54%=
41625 01996 00000 10360 20249 39791 49977 60002 70400 333 10375 58011 60007 53%=
41630 01696 50502 10350 20253 49999 60002 70422 82530 333 10363 56990 58003 60007 82640 83360 57%=
41633 02997 00000 10375 20274 4//// 60002 333 10385 5//// 60007 56%=
41634 02997 00000 10345 20210 3//// 4//// 60002 333 10350 5//// 60007 45%=
41635 02997 30502 10375 20266 3//// 4//// 60002 83030 333 10393 56090 5//// 60007 83360 54%=
41636 01996 30000 10365 20270 39829 49999 60002 70400 83030 333 10380 56090 58016 60007 83360 58%=
41638 01696 52304 10360 20249 4//// 60002 70410 85400 333 10375 56900 5//// 60007 85840 53%=
41639 02997 00902 10355 20259 3//// 4//// 60002 333 10365 5//// 60007 58%=
41640 01696 53102 10345 20247 39760 49994 60002 70410 82530 333 10355 56990 59004 60007 82640 83360 57%=
41641 01696 30508 10345 20239 39738 49995 60002 70411 83500 333 10354 56900 59004 60007 83640 54%=
41642 02997 10000 10345 20263 3//// 4//// 60002 81030 333 10357 56090 5//// 60007 81360 62%=
41643 01696 20502 10330 20261 39734 49995 60002 70410 82400 333 10345 56900 58000 60007 82640 67%=
41644 02997 00000 10340 20272 4//// 60002 333 10350 5//// 60007 68%=
41646 01996 03104 10355 20251 39812 40010 60002 70400 333 10372 58008 60007 55%=
41652 01996 21302 10365 20238 39835 40002 60002 70400 82030 333 10380 56090 58021 60007 82360 48%=
41669 02997 02302 10385 20262 3//// 4//// 60002 333 10400 5//// 60007 50%=
41670 01996 00000 10365 20262 3//// 4//// 60002 70400 333 10375 5//// 60007 56%=
41674 01696 51804 10345 20255 3//// 4//// 60022 70451 85400 333 10365 56900 5//// 69907 85840 60% =
41675 01595 53606 10370 20227 39864 49998 60002 71791 85300 333 10381 56900 58021 60007 81930 84840 44%=
41676 01996 01304 10370 20298 39876 40023 60002 70400 333 10380 59001 60007 67%=
41677 01696 50000 10360 20264 39832 49988 60002 70400 82430 333 10385 56990 58017 60007 82840 83362 58%=
41678 01996 00000 10360 20249 49990 60002 70500 333 10380 58009 60007 53%=
41679 01996 30000 10335 20266 4//// 60002 70411 83030 333 10350 56090 5//// 60007 83360 67%=
41680 01996 03604 10350 20253 39810 49996 60002 70400 333 10365 58006 60007 57%=
41700 01996 00000 10380 20248 39866 49982 60002 70500 333 10392 58012 60007 47%=
41701 01696 20506 10370 20260 39869 40003 60002 70400 82500 333 10390 56900 58024 60007 82640 54%=
41716 01996 00000 10375 20242 39904 40000 60002 70500 333 10385 58014 60007 47%=
41718 01996 00000 10380 20287 39892 49988 60002 70400 333 10392 58004 60007 59%=
41BKI 02996 31006 10360 20177 39600 49988 60002 333 10375 58017 60007 RH 34%=
41SKP 02997 03602 10340 20257 3//// 4//// 60002 333 10348 5//// 60007 62%=
43532 02997 00000 10360 20155 39196 49927 60002 333 10375 59005 60007 32%=
43533 02997 00000 10340 20212 39118 48441 60002 333 10360 58013 60007 47%=
43563 02997 00502 10328 20241 39350 49995 60002 333 10339 58005 60007 60%=

41526 Not Received
41533 Not Received
41564 Not Received
41568 Not Received
41592 Not Received
41594 Not Received
41672 Not Received
41781 Not Received

UPPK OPKC 111200=
=================
PPAA 6112/ 41764 NO ASSCENT DUE TO PAF FLYING=
PPAA 6112/ 41715 NO ASSCENT DUE TO PAF FLYING=
PPAA 6112/ 41516 NO ASSCENT DUE TO STRONG WIND=
PPAA 6112/ 41517 NO ASSCENT DUE TO AIR MOVEMENT=
PPAA 6112/ 41739 NO ASSCENT DUE TO SECUITY RISK= 
PPAA 6112/ 41768 NO ASSCENT DUE TO SHORTAGE OF STAFF=
PPAA 61111 41780 NO ASSCENT DUE TO RED BALOON SHORTAGE=

PPAA 61121 41640 55185 16006 77999=
PPBB 61121 41640 90/12 13002 13502 13004 9037/ 14505 16007=
PPAA 61121 41675 55185 33005 77999=
PPBB 61121 41675 90/12 31006 33504 29504 9037/ 30004 36007=
PPAA 61121 41598 55185 31505 77999=
PPBB 61121 41598 90/12 00000 28003 28505 9037/ 30005 32504=
PPAA 61121 41600 55185 30504 77999=
PPBB 61121 41600 90/12 00000 33501 32502 9037/ 32004 32504=
PPAA 61121 41678 55285 06504 19002 77999=
PPBB 61121 41678 90/12 00000 06505 07504 9037/ 07503 09003 912// 14503=
PPAA 61121 41624 55285 26006 33513 77999=
PPBB 61121 41624 90/12 18002 19006 21506 9037/ 21506 27008 9125/ 22014 20015=
PPAA 61111 41718 55285 35504 03506 77999=
PPBB 61111 41718 90/12 00000 31506 31005 9037/ 33505 03004 9125/ 03508 06006=
PPAA 6112/ 41515 MISDATA DUE TO STRONG WIND=
PPAA 6112/ 41506 MISDATA DUE TO STRONG WIND=
PPAA 6112/ 41646 MISDATA DUE TO TECHNICAL REASON=


Data Generated from File : D:\all data handling\Rmc_lhr\2024091112.FSU.txt
11/09/24 13:04:45
______________________________________________________________
15007 05570 80301 10215 20131 39631 40077 57007 60001 7000/ 8487/ 333 4/000 55304 0//// 21267 3//// 60007 91003 91104=
15020 05570 80501 10233 20141 39887 40074 57008 60001 7000/ 8247/ 333 4/000 55300 0//// 21178 3//// 60007 91003 91103=
15023 05570 73601 10221 20131 39655 40058 57007 60001 7000/ 84870 333 4/000 55300 0//// 21272 3//// 60007 91003 91104=
15056 05570 70201 10224 20146 39739 40071 57006 60001 7000/ 83870 333 4/000 55301 0//// 21179 3//// 60007 91003 91104=
15069 07568 80504 10157 20137 39041 42729 57003 69931 7818/ 8457/ 333 4/000 55300 0//// 20900 3//// 69937 91005 91106=
15073 01598 83202 10209 20134 39633 40077 57008 69901 70262 8587/ 333 4/000 55301 0//// 20936 3//// 60007 91005 91105=
15090 01570 70601 10240 20172 39986 40074 58011 69911 70386 85370 333 4/000 55304 00918 21523 31100 69917 91003 91103=
15107 01566 81901 10174 20156 39300 42735 57005 69991 76186 8557/ 333 55300 0//// 20621 3//// 69987 91001 91102 95050=
15108 01/91 91104 10094 20094 38053 48447 57002 69961 74564 333 55300 0//// 20609 3//// 69927 91007 91107=
15109 01598 83401 10207 20134 39662 40076 57007 69901 70282 8487/ 333 4/000 55301 0//// 21080 3//// 69907 91002 91104=
15111 05570 80101 10229 20145 39814 40063 58010 60001 7000/ 8587/ 333 4/000 55306 0//// 21574 3//// 60007 91003 91104=
15113 05570 80601 10234 20166 39913 40068 57011 60001 7000/ 8487/ 333 4/000 55300 0//// 20742 3//// 60007 91001 91102=
15127 01570 83001 10164 20137 39228 42731 57005 69971 70282 8537/ 333 4//// 55300 0//// 20653 3//// 69917 91002 91102 95010=
15148 01/03 90502 10123 20123 38653 48433 57003 60031 74564 333 55300 0//// 20518 3//// 60017 91004 91104=
15150 01570 83402 10215 20150 39872 40075 57010 69901 70262 8557/ 333 4/000 55300 0//// 20619 3//// 60007 91003 91105=
15154 01570 83301 10243 20174 39928 40062 57013 69911 70262 8437/ 333 4/000 55307 0//// 21394 3//// 60007 91003 91103=
15168 07/63 /1802 10165 20154 39471 42726 57005 60011 723// 333 4/000 55300 0//// 20662 3//// 69957=
15170 01598 83501 10182 20143 39317 42724 57007 60011 72582 8637/ 333 55300 0//// 20885 3//// 69927 91003 91103=
15194 01570 82702 10188 20165 39794 40077 58007 60011 72582 8437/ 333 55300 0//// 20574 3//// 69957 91003 91104=
15197 05570 80302 10243 20161 39867 40065 57011 60001 7000/ 8537/ 333 4/000 55306 0//// 21650 3//// 60007 91004 91105=
15215 01597 82500 10181 20157 39487 42726 57007 69971 72582 8437/ 333 55300 0//// 20801 3//// 69937 91001 91102=
15217 01597 80605 10184 20142 39421 42726 58003 69901 70382 8637/ 333 55300 0//// 20986 3//// 69907 91008 91108=
15219 07/70 /3004 10202 20162 39947 40066 57009 69951 721// 333 4/000 55300 0//// 20694 3//// 69957=
15238 01570 81901 10182 20148 39469 42725 58005 60011 70282 8437/ 333 55300 0//// 20815 3//// 69987 91001 91102=
15261 01563 82501 10178 20148 39281 42737 57004 69901 70282 8437/ 333 55300 0//// 20752 3//// 60007 91002 91103 95070=
15262 01/90 90806 10095 20093 38160 48437 54001 60061 76164 333 55300 0//// 20417 3//// 60027 91011 91111 96045=
15265 01570 83204 10228 20176 39992 40063 56009 69971 72582 8437/ 333 4/000 55301 0//// 20792 3//// 69977 91006 91107=
15280 01/90 91705 10063 20063 37471 47038 54001 60111 78084 333 55300 0//// 20517 3//// 60037 91007 91110 96045=
15300 01597 83302 10162 20151 39458 42725 57004 60021 78082 8537/ 333 55300 0//// 20502 3//// 69987 91003 91103=
15301 01/02 90201 10117 20114 38565 48450 54001 60051 76186 333 55300 0//// 20375 3//// 60017 91002 91103 96043=
15302 01/93 93301 10130 20127 38856 48435 57002 60061 74584 333 55300 0//// 20349 3//// 60047 91002 91102=
15307 05/70 /0203 10217 20177 39883 40060 56009 60061 7000/ 333 4//// 55304 0//// 21329 3//// 69917=
15310 01570 81102 10240 20148 39980 40062 56009 69931 70262 8437/ 333 4/000 55302 00536 21007 30740 69917 91006 91106=
15324 01557 83301 10150 20147 39290 42719 54000 60121 78188 8667/ 333 55300 0//// 20145 3//// 60067 91001 91103=
15325 01295 80901 10112 20110 38421 48433 54001 60111 76186 8672/ 333 4/000 55300 0//// 20116 3//// 60017 91003 91103=
15328 01570 83201 10202 20168 39728 40063 56006 60031 70262 8552/ 333 4//// 55300 0//// 20769 3//// 69917 91002 91103=
15335 01570 61003 10238 20186 30060 40067 55009 69971 70282 83530 333 55300 0//// 20851 3//// 69947 91004 91105=
15336 05/70 /1601 10249 20186 30060 40062 55011 69951 7000/ 333 4/000 55300 0//// 21157 3//// 69947=
15349 01550 82002 10163 20159 39532 40066 55002 60101 78082 883// 333 4/000 55300 0//// 20134 3//// 60077 91003 91104=
15350 01570 80304 10216 20183 39948 40062 57009 60251 70282 8237/ 333 4/000 55300 0//// 20606 3//// 60087 91007 91109=
15360 05570 50806 10237 20186 30049 40065 55011 60001 7000/ 81263 222// 06227 20001 333 60007 91007 91108 92428=
15375 01417 82701 10169 20167 39719 40066 52004 60211 76366 86720 333 4/000 55300 0//// 20132 3//// 60197 91002 91104=
15377 01597 83601 10185 20185 39849 40056 55004 60111 78082 883// 333 55300 0//// 20095 3//// 60107 91002 91104=
15387 01570 61003 10257 20187 30062 40065 56013 69901 70282 86200 333 4/000 55307 0//// 22090 3//// 69907 91004 91107=
15402 01559 80303 10211 20195 39979 40050 57009 69951 79582 8597/ 333 55300 0//// 20431 3//// 69917 91006 91109=
15405 01560 81107 10199 20187 30000 40060 55006 60041 71796 889// 333 4/000 55300 0//// 20056 3//// 60007 91010 91112=
15406 07570 81203 10215 20186 30016 40061 53007 60031 7818/ 889// 333 4/000 55300 0//// 20338 3//// 69937 91005 91106=
15408 05561 81105 10195 20179 39810 40066 53005 60091 79582 889// 333 4//// 55300 0//// 20225 3//// 60017 91006 91109=
15409 01570 80101 10215 20181 30018 40064 55002 60071 79598 889// 333 4/000 55300 0//// 20222 3//// 69937 91001 91102=
15419 01597 83401 10185 20180 39878 40065 50002 60171 78182 883// 333 4/000 55300 0//// 20374 3//// 60137 91001 91102=
15420 01535 83102 10189 20188 39948 40055 54001 60211 78188 883// 333 4/000 55300 0//// 20132 3//// 60207 91003 91104=
15421 01466 82802 10194 20194 39958 40065 55002 60231 78082 883// 333 55300 00052 20173 30160 60237 91003 91104=
15422 01549 82501 10199 20187 39957 40054 54001 60011 78082 8537/ 333 55300 0//// 20218 3//// 69977 91004 91104=
15425 01557 81106 10186 20178 39993 40055 58003 60111 79598 8597/ 333 4/000 55300 0//// 20025 3//// 60027 91010 91111=
15434 01570 83401 10197 20174 39857 40058 54001 60061 70382 8437/ 333 4/000 55300 0//// 20637 3//// 60007 91003 91103=
15444 07/70 /1901 10212 20180 39994 40063 53006 60021 7006/ 333 4/000 55300 0//// 20296 3//// 60017=
15455 01562 82202 10198 20174 39933 40058 54001 60061 70282 8537/ 333 4/000 55300 0//// 20369 3//// 60007 91003 91105=
15460 01570 81202 10185 20178 30032 40055 53002 60051 72998 8697/ 333 4/000 55300 0//// 20061 3//// 60057 91004 91106=
15462 01569 81105 10210 20195 39974 40056 55002 60021 79599 889// 333 4/000 55300 0//// 20370 3//// 60017 91008 91108=
15470 01567 82203 10206 20176 39935 40055 54001 60021 70282 8337/ 333 55300 0//// 20707 3//// 60007 91004 91105=
15475 01597 82503 10210 20188 30037 40056 55000 69971 78082 8637/ 333 55301 0//// 20976 3//// 69977 91006 91107=
15479 05570 81401 10211 20177 39875 40059 53003 60001 7000/ 889// 333 4/000 55301 0//// 20708 3//// 60007 91004 91112=
15480 01567 71203 10214 20192 30044 40060 56003 60051 79598 87900 222// 06230 2//// 333 4/000 55300 00015 20336 30295 69977 91007 91107 92427=
15489 02563 72404 10204 20177 39968 40058 57003 60001 84370 333 55301 0//// 20987 3//// 60007 91006 91106=
15491 01597 82303 10191 20179 30029 40058 57002 60091 76166 8672/ 333 55300 0//// 20744 3//// 60097 91005 91106=
15499 01570 70505 10222 20195 30043 40052 58008 60191 71798 85960 222// 06238 2//// 333 4/000 60197 91006 91106 92438=
15549 11568 72503 10179 20169 39652 40047 54000 60081 70282 87200 333 10186 20174 555 59401 69399 71244=
15552 11460 61602 10265 20230 39995 40040 58003 60001 71792 85939 222// 00/// 10301 333 10269 20209 555 581// 92023 92427=
15640 11668 70000 10232 20198 39754 40046 54000 60021 70152 87200 333 10233 20187 555 58100 69999 71250=
15655 11570 62704 10264 20179 30014 40045 58003 69901 70282 82262 222// 00249 10201 333 10270 20207 555 40000 560// 71200 92023 92428=
15730 11670 71804 10247 20169 39669 40038 58009 69931 70262 86931 333 10245 20175 555 562// 71200=
16627 12460 52410 10264 20193 30046 40051 54000 60001 83854 333 81818 83625 90730 91114 555 30000 10300 20286 30278 40276 50302 6//// 40000 47573 44280 50000 50218=
16650 12560 32412 10272 20143 30049 40056 50000 60001 81101 333 81820 83070 90730 91123 555 30000 10334 20304 30298 40292 50286 60286 40000 47573 44270 50000 50194=
16667 12560 41609 10278 20188 30063 40074 51001 60001 84800 333 82820 83625 90730 91116 555 40000 47584 44260 50000 50220=
16706 11460 12111 10260 20225 30058 40065 54000 69071 70169 81600 555 40000 47582 44265 50000 50236 60000 60007 60020 70000 77/// 7R///=
16723 12560 41810 10294 20224 30063 40076 51003 60001 84550 333 90730 91114 555 40000 47586 44270 50000 50246=
16732 36/// /1909 10297 20200 30062 40073 54000 333 90730 91112=
16742 12460 22111 10292 20198 39933 40079 51002 60001 82250 333 90730 91118 555 40000 47490 44280 50000 50230=
16749 11460 61307 10262 20230 30066 40079 52001 69901 76096 85660 333 82710 85620 90730 91114 555 40000 47587 44255 50000 50240 60000 65555 60035 70000 77R// 7RV//=
16754 12560 33607 10300 20218 30035 40080 54000 60001 83100 333 90730 91116=
16757 12560 29906 10288 20217 39953 40078 57002 60001 82200 333 90730 91109=
16760 12460 40107 10282 20181 40075 55004 60001 84800 333 82818 83625 90730 91112=
16765 12460 22209 10298 20219 40084 54000 60001 82100 333 90730 91115=
17022 12670 63304 10264 20201 39907 40063 53001 60001 84201 333 84835 86070 91107 92428=
17024 12670 43003 10297 20271 39984 40057 52005 60001 82130 333 82835 84360 91110 92438=
17026 12570 51903 10289 20241 30029 40065 52004 60001 83240 333 83830 85360 91113 92428=
17031 12970 00708 10312 20235 30040 40046 56003 60001 333 91113=
17034 12970 00502 10276 20227 30020 40063 56003 60001 333 91106 92428=
17038 12970 00404 10279 20231 30009 40054 57003 60001 333 91109 92428=
17042 12970 02903 10287 20239 30021 40058 58003 60001 333 91107 92428=
17050 11670 71701 10257 20187 30000 40059 57004 69901 70392 84270 333 84833 87357 91104=
17056 11670 41409 10249 20198 30052 40056 50004 69931 70182 83230 333 83835 84360 91112 92428=
17060 12660 52008 10274 20169 30025 40063 58002 60001 82150 333 82835 85360 91117=
17070 12665 61804 10294 20094 39228 40039 55003 60001 83250 333 83834 86360 91111=
17074 12570 60101 10308 20148 39163 40038 57012 60001 83240 333 83830 86360 91106=
17084 12670 31903 10306 20114 39204 40049 56007 60001 83100 333 83840 91110=
17085 12670 20403 10349 20092 39583 40035 58011 60001 82100 333 82840 91110=
17092 12970 20301 10330 20033 38813 48470 57009 60001 82030 333 82360 91112=
17096 12560 42310 10284 20015 38230 48478 57010 60001 84900 333 81925 83835 91121=
17098 12660 31005 10258 20125 38201 48493 57011 60001 83100 333 83840 91113=
17100 12570 30000 10302 20136 39134 40066 57016 60001 83900 333 81925 83835 91105=
17112 11570 32415 10259 20232 30052 40054 51002 60011 70198 83200 333 83830 91118 92428=
17115 11560 72914 10239 20176 30017 40066 50001 69901 79522 85970 333 82925 84835 87360 91121 96029=
17116 11670 62503 10313 20148 39944 40058 58001 69901 70282 83250 333 83835 85360 91114=
17124 12660 61703 10276 20111 39199 40058 57008 60001 86900 333 81935 85840 91114=
17128 12670 42411 10293 20088 39024 40052 57005 60001 84100 333 84840 91118=
17135 12670 22005 10319 20087 39225 40037 57011 60001 82100 333 82840 91113=
17140 12965 02206 10280 21021 38673 48472 56003 60001 333 91113=
17150 12660 61911 10279 20163 39946 40063 57004 60001 83250 333 83835 86360 91123=
17160 12970 12207 10297 20075 38971 48477 56007 60001 81030 333 81360 91118=
17170 12660 32203 10256 20124 38335 48497 57006 60001 82250 333 82840 83360 91118=
17175 12665 62005 10284 20194 30057 40061 50001 60001 83250 333 83840 86360 91115 92427=
17184 11670 53201 10249 20179 39970 40076 57011 60021 70282 84250 333 84840 85360 91108=
17190 12570 62506 10248 20113 38942 48470 55000 60001 86900 333 81930 85835 91112=
17190 12570 62506 10248 20113 38942 48470 55000 60001 86900 333 81930 85835 91112=
17195 12670 13209 10309 21021 38921 48473 57011 60001 81100 333 81840 91116=
17200 12960 01706 10332 20053 39128 40043 57012 60001 333 91112=
17202 12670 21511 10344 20014 39077 40038 57009 60001 82100 333 82835 91122=
17203 12670 12003 10326 20067 38841 48521 57007 60001 81100 333 81840 91116=
17210 12670 42303 10347 20075 39090 40038 57009 60001 84100 333 84840=
17219 11565 41306 10259 20201 39942 40079 58004 60241 70298 84200 333 84825 91114=
17234 11670 72503 10305 20211 30010 40074 50001 69911 70282 84270 333 84840 87360 91110=
17237 12670 52005 10312 20134 39591 40062 57012 60001 83250 333 83840 85360 91111=
17240 12570 71709 10249 20147 38995 40072 50000 60001 85250 333 85830 87360 91124=
17244 12670 22709 10289 20071 38952 48479 55007 60001 82100 333 82840 91117=
17248 12970 02606 10308 20017 38936 48476 57009 60001 333 91114=
17250 12970 02307 10280 20025 38775 48485 58005 60001 333 91116=
17260 12660 32408 10324 20080 39273 40030 57008 60001 81230 333 81840 83360 91115=
17270 12670 12205 10353 20026 39462 40057 57006 60001 81100 333 81840 91113=
17275 12670 22108 10330 20070 38958 48516 56002 60001 82100 333 82840 91120=
17280 12960 22115 10371 20036 39317 40041 57007 60001 82030 333 82360 91126=
17290 12970 01608 10297 20204 30052 40082 50000 60001 333 91113 92428=
17292 11670 71402 10246 20191 39369 40085 52003 60061 70298 84270 333 84835 87360 91109=
17300 12460 61515 10293 20220 30032 40099 58004 60001 86900 333 81915 85825 91119=
17310 12570 22403 10318 20214 30085 40092 57005 60001 82200 333 82830 91106 92428=
17330 12670 22304 10316 20188 30077 40094 57007 60001 82100 333 82840 91113=
17350 12560 42113 10333 20171 30002 40075 58009 60001 84200 333 84830=
17370 12670 32506 10313 20226 30097 40101 57003 60001 83200 333 83835 91111 92428=
17375 12670 42105 10293 20219 30077 40079 58006 60001 84200 333 84835 91115 92428=
33088 /1597 72702 10195 20161 39903 40084 52001 72582 84974 555 1/025 69951=
33135 32698 61201 10255 20155 39958 40095 57004 82101 555 1/031=
33177 /1598 83501 10187 20155 39861 40086 58006 70282 889// 555 1/024 60011=
33317 32598 73101 10204 20146 39765 40082 54000 85975 555 1/029=
33393 /1360 80701 10179 20157 39712 40083 58006 76186 8672/ 333 86709 555 69961=
33415 /1698 70401 10217 20131 39702 40074 58007 70282 84550 555 1/035 69901=
33429 /1697 73304 10231 20141 39675 40068 58008 70282 83530 555 1/037 69901=
33466 32598 80902 10276 20146 39909 40081 57007 82339 555 10039=
33506 32697 61402 10276 20156 39913 40093 58002 86201 555 1/047=
33562 32760 61505 10293 20124 39790 40068 57008 84201 555 1/041=
33587 32598 81302 10283 20154 39829 40071 57008 83201 555 1/042=
33658 32981 63201 10222 20146 39793 40073 57008 86030 555 1/035=
33663 32598 61102 10274 20142 39979 40067 57005 84930 555 1/037=
33664 42598 72002 10253 20129 39764 40057 58010 84232=
33678 42698 61804 10260 20110 39884 40080 57008 82231=
33679 42597 71302 10263 20136 39900 40076 58006 84131=
33711 32660 71102 10285 20145 39882 40074 57006 87300 333 87940 555 1/042=
33745 42597 72102 10246 20147 39902 40077 57005 87900 555   10035=
33748 42597 62601 10240 20162 39801 40065 58003 82331=
33754 42698 71302 10281 20150 39929 40063 58010 82132=
33761 32670 61804 10279 20131 39865 40070 57008 82131 555 1/044=
33791 32586 51204 10308 20169 39968 40084 58004 82330 555 1/048=
33815 42598 71103 10255 20137 39866 40058 58013 87900 555   10033=
33837 32367 61401 10232 20200 30032 40080 54000 82860 333 82709 555 1/033=
33881 41598 71703 10236 20174 39881 40064 57011 70282 87300=
33883 42598 71104 10263 20164 39908 40058 57008 87300 555   10036=
33885 42598 71005 10246 20169 39940 40068 57017 84340 333   91112=
33892 41598 81102 10231 20188 39868 40065 57008 72522 883//=
33902 32897 71002 10266 20186 30026 40081 58005 86051 555 1/031=
33924 42597 63603 10246 20219 30061 40073 57004 82109=
33946 42982 62204 10330 20155 39854 40053 57007 82031 333 91111=
33983 42597 00505 10300 20172 30023 40078 58005 333 91110=
34300 32697 61302 10283 20149 39944 40107 57005 82230 555 1/050=
34336 42998 51204 10299 20038 30041 40136 57006 83044 333 91111=
34344 82998 81304 10305 20050 30054 40135 57006 80007 333 91112=
34356 82997 51305 10292 20028 30027 40162 57001 85070 333 91112=
34357 82598 61106 10295 20028 30005 40147 57004 81532 333 91013 91114=
34398 41998 41410 10290 20045 30199 40208 58004 70732 84041 333 91018 91117 555 16041=
34415 32670 61102 10277 20168 30017 40106 54000 82139 555 1/033=
34438 82997 81106 10289 20115 39949 40124 57005 83082 333 91112=
34445 82998 51207 10300 20034 30034 40138 57004 82071 333 91012 91113=
34461 82997 21204 10301 20020 30110 40161 57003 82030 333 91112=
34473 42697 31207 10295 20017 30150 40185 57002 81162 333 91015 91118 555 10040=
34476 82998 21206 10303 20000 30175 40182 56002 81031 333 91010 91112=
34504 32684 61303 10275 20146 39933 40093 57003 82204=
34535 82998 41005 10299 20117 30052 40118 57005 82081 333 91110=
34545 82998 71208 10310 20027 30025 40127 57005 80039 333 91013 91113=
34555 82598 71205 10269 20105 30064 40148 57003 82141=
34560 42997 31209 10292 20066 39981 40156 57003 80001 333 91010 91112=
34578 82997 21305 10307 20024 30156 40162 57004 82080 333 91010 91110=
34579 82998 20805 10310 21004 30128 40168 57003 80001 333 91010 91111=
34644 82997 01004 10310 20094 30042 40112 57004=
34646 82998 81205 10296 20102 30044 40119 57007 82031 333 91110=
34655 82597 61007 10325 20022 30075 40129 57004 82430 333 91012 91116=
34662 81998 61106 10315 20058 30139 40149 57004 70711 80002 333 91011 91114=
34691 42998 01404 10306 21017 30196 40185 57005 555 10042=
34720 82798 10703 10305 20185 30060 40096 58005 81100=
34727 82597 20404 10254 20191 30061 40089 57005 82200=
34743 82997 61105 10316 20036 30035 40116 57004 80005 333 91011 91112=
34759 81597 60905 10315 20053 30000 40119 57001 70731 82501 333 91011 91114=
34772 81996 20908 10311 20014 30150 40153 57003 73133 80001 333 91013 91114=
34785 81998 01109 10305 20025 30185 40164 57002 70700 333 91013 91114=
34798 42999 01007 10275 20065 30202 40175 53003 555 10034=
34824 82997 03303 10269 20215 30080 40084 57002=
34838 42997 00604 10326 20139 39995 40082 57005=
34845 82998 21204 10323 20128 39994 40091 57009 80001 333 91111=
34858 42997 70904 10312 20077 30008 40106 57005 80005 333 91111=
34861 81997 21310 10309 21006 39895 40116 57003 70711 82030 333 91015 91116=
34866 82998 51008 10314 20018 30139 40131 54000 80031 333 91012 91113=
34880 82997 10904 10288 20072 30180 40156 57002 81030 333 91112=
34887 82998 10704 10289 20064 30167 40149 54000 80002 333 91111=
34949 82998 30807 10306 20133 39582 40076 57003 80001 333 91010 91112=
34954 82998 50903 10326 20125 39934 40091 57003 80001=
34958 42598 60905 10320 20139 39914 40094 57004 83501 333 91111=
34975 41997 51107 10301 20041 30129 40125 53001 70722 86031 333 91013 91115=
34984 82998 50606 10266 20093 30171 40143 53001 80082 333 91010 91112=
35217 41997 60906 10290 20046 30203 40240 57002 70732 84041 555 10038=
35302 41998 51307 10285 20055 30212 40231 57002 70731 80003 333 91117 555 10032=
35315 42598 70907 10285 20049 30184 40236 57004 82530 555 10033=
35344 42699 50706 10238 20042 39989 40256 58003 83201 555 10029=
35345 46/// /0707 10230 20045 39959 40259 55000=
35358 42697 50205 10244 20109 30087 40245 57003 85200 555 10028=
35368 42599 40407 10233 20098 39994 40242 57002 84100 555 10029=
35386 42598 60305 10200 20082 39758 40244 52007 86500 555 10020=
35394 42998 40507 10181 20093 39614 40249 53011 83031 555 10020=
35404 41698 71606 10298 20055 30204 40211 57005 70732 86504 555 10040=
35406 41997 71306 10282 20049 30222 40224 57001 70732 87030 555 10040=
35416 42698 62007 10288 20052 30122 40232 58008 86200 555 10043=
35426 42699 60604 10258 20112 39972 40240 57007 82101 555 10037=
35437 41998 60611 10252 20019 39947 40235 57008 70732 80004 333 91015 91115 555 10033=
35449 42698 30306 10250 20109 30136 40231 57007 83100 555 10034=
35497 42698 60202 10223 20035 39473 40210 53005 85530 555 10031=
35498 42698 60703 10208 20041 39403 40217 52006 86500 555 10023=
35514 42598 51108 10284 20056 30226 40222 57001 85201 555 10034=
35519 41998 60911 10276 20076 30164 40230 57008 70733 86040 555 10032=
35522 42698 71007 10259 20072 39999 40231 57009 83130 555 10030=
35542 42999 30506 10245 20062 30092 40228 57008 80001 555 10034=
35563 42598 50302 10202 20077 39508 40223 57001 85800 555 10025=
35576 42698 50303 10246 20037 39800 40212 53001 84260 555 10028=
35582 42598 61005 10246 20036 39652 40202 53003 86900 555 10034=
35594 42699 50903 10219 20035 39432 40205 53005 85100 555 10026=
35605 42998 21005 10281 20041 30221 40201 57002 80004 555 10040=
35633 42998 20406 10256 20064 30023 40219 57005 80001 555 10035=
35671 42598 50503 10258 20064 39815 40207 52001 85900 555 10033=
35699 42997 60503 10201 20031 39516 40219 53006 86030 555 10023=
35700 41996 51208 10288 20015 30218 40196 57002 73132 82065 555 10039=
35715 41999 61306 10281 20027 30219 40206 57006 70233 86040 555 10035=
35739 42999 60703 10263 20078 30070 40197 56012 82038 555 18033=
35746 42698 60502 10285 20074 30137 40198 57008 83201 555 10036=
35777 42597 63605 10273 20076 39885 40199 53002 86100 555 10030=
35796 42597 52302 10212 20081 39812 40215 53005 84301 555 10027=
35816 46/// /1006 10283 20039 30201 40212 57009=
35849 42998 50402 10287 20085 30109 40187 57010 80002 555 10040=
35895 42598 30203 10210 20079 39807 40219 53003 82301 555 10027=
35907 42998 00612 10266 20111 30171 40143 57006=
35925 42998 60705 10282 20046 30085 40187 57011 84045 555 10032=
35927 42598 70908 10295 20009 30177 57008 87500=
35953 42999 53602 10296 20044 30064 40181 57007 84032 555 10039=
35969 42999 01103 10302 20036 30027 40183 57008 555 10038=
35997 42698 20205 10232 20105 39803 40202 53002 82100 555 10032=
36259 62599 80405 10135 21002 38238 48496 57001 60002 85902 333 10167=
36335 41597 83202 10119 20096 39295 40272 53015 78082 883// 555 11015=
36358 42599 73602 10150 20090 39286 40244 53009 87300 555 10017=
36394 42697 53610 10189 20059 39824 40218 53011 82541=
36397 42999 13606 10194 20048 39683 40207 53009 81040 555 10023=
36403 42698 33005 10190 20067 39855 40190 53009 82941 555 10017=
36418 42799 72506 10206 20047 39597 40162 53001 83533 555 10026=
36421 42699 72801 10208 20120 39640 40157 57006 82501 555 10025=
36428 42799 71805 10200 20097 39702 40163 57006 83584 333 95000 555 10022=
36439 42698 72603 10157 20058 38978 48531 53001 85931 555 10017=
36467 42699 50903 10188 20024 39346 40225 53003 83570 555 10024=
36498 42598 73607 10152 20087 39486 40230 53010 87300 333 91117 555 10016=
36501 42699 60000 10161 20120 39520 40225 53005 86300 555 12017=
36535 42999 53302 10194 20080 39597 40181 53004 85030 555 10023=
36546 42699 60603 10207 20083 39668 40163 57003 82331 555 10023=
36619 42599 52702 10217 20091 82950 555 10024=
36622 42598 63505 10182 20062 39453 40200 53006 83941 555 10020=
36639 42599 50000 10225 20063 39606 40160 53002 85500 555 10024=
36643 42599 63104 10202 20081 39567 40176 53005 86900 555 10021=
36665 42699 62501 10197 20080 39496 40164 54000 83901 555 10021=
36666 42599 72506 10203 20056 39716 40169 57002 84971=
36729 42998 62002 10222 20068 39738 40180 53004 86031 555 10025=
36736 42599 70204 10213 20066 39673 40182 53011 86965 555 10023=
36744 42998 50603 10241 20053 39786 40198 53006 85080 555 10036=
36770 42599 33602 10187 20078 39523 40200 53007 83900 555 10021=
36786 41699 70000 10156 20121 39343 40206 53009 70282 87900=
36796 41598 80000 10122 20073 39071 48552 53011 70282 889//=
36803 41599 82306 10225 20118 39775 40187 56001 72582 889//=
36806 42599 63501 10217 20049 39753 40184 53005 86900=
36819 42998 23602 10226 20053 39627 40191 53007 80001=
36821 42599 43602 10220 20070 39749 40201 53005 82302=
36839 42699 20203 10174 20066 39132 40189 57003 82100=
36843 41698 70601 10158 20080 39094 40200 53009 70282 83932=
36846 42699 70502 10121 20064 38659 48554 53012 87900=
36859 42599 70000 10188 20109 39453 40181 53008 84935 555 10020=
36870 42697 30201 10197 20119 39236 40178 53008 82101 555 10022=
36874 42699 23601 10226 20030 39461 40180 53001 82200=
36877 42699 21602 10198 20080 39282 40191 53005 81201=
36885 42999 12702 10196 20053 39136 40189 53008 81030=
36889 42499 83602 10004 21001 37122 47149 52008 886//=
36894 42599 22702 10217 20027 39504 40189 53008 81302=
36905 42999 61101 10159 20057 38785 48556 53009 84032=
36911 42699 12501 10230 20088 39258 40159 53005 81100 555 10021=
36927 42699 23204 10154 20048 38374 48526 53012 82100=
36934 41599 41402 10148 20045 38293 48405 53003 70298 82932=
36953 41699 62701 10114 20036 38247 48508 53011 70182 84941 555 1/012=
36963 42799 63202 10060 21045 37086 48/// 53009 82550 555 11009=
36974 42798 32702 10176 20019 38001 48521 54000 83500 555 10020=
36982 41598 70000 10001 21036 36596 47159 53021 72681 87900=
37018 82998 00302 10381 20055 39985 40052 57009=
37031 82597 20802 10349 20161 39892 40066 57009 81101=
37054 82998 60802 10295 20159 39737 40087 57002 80031=
37061 82997 70705 10309 20121 39945 40098 57003 80009 333 91010 91110=
37085 82598 60709 10263 20145 30145 40120 53002 85531 333 91013 91113=
37171 42998 02703 10310 20210 30033 40050 57008=
37228 82999 13202 10307 20156 39302 40055 57002 80001=
37235 82998 00804 10294 20196 39795 40083 57005=
37472 81596 71204 10251 20218 30132 40111 53002 71011 84481=
38149 42998 60604 10304 20036 30104 40175 57009 80002 555 10042=
38178 42998 03603 10295 20048 39895 40157 57011 555 10045=
38262 42998 70402 10285 20058 30101 40176 57005 87032 555 10039=
38264 42998 40507 10310 21030 30069 40154 57013 80003 555 10038=
38345 42799 12602 10223 20025 38820 48536 57001 81200 555 10032=
38353 42698 13502 10238 20029 39327 40164 53002 81100=
38388 42998 50904 10334 20071 30058 40122 57014 80003 555 18044=
38392 42997 61006 10302 20043 30055 40150 57015 86031 555 10038=
38396 42997 30604 10299 20025 30038 40153 57010 80001 555 10048=
38403 42997 70204 10310 20077 30046 40156 57010 80001 555 10040=
38413 42998 00806 10305 21009 39865 40131 57009 555 10036=
38457 42997 02501 10288 20009 39584 40124 57009 555 10038=
38462 42999 02306 10231 21012 38753 48504 57005 555 10030=
38462 42999 02306 10231 21012 38753 48504 57005 555 10030=
38507 42965 20901 10344 20019 30011 40104 58008 82030 333 91004 555 10049=
38545 42998 60403 10304 20094 39975 40136 57011 80003 555 10044=
38565 32898 30306 10283 20100 39561 40133 56008 80004 555 10034=
38579 32999 00703 10284 20053 39738 40124 57008 555 10037=
38583 32997 00201 10294 20146 39836 40133 57007 555 10042=
38599 42998 01003 10278 20028 39651 40127 56006=
38611 42997 02002 10280 20072 39603 40120 57013 555 10042=
38613 42999 01801 10257 20038 39287 40123 56007 555 10035=
38616 42999 03601 10249 20043 39193 40137 56003=
38618 42999 01501 10270 20062 39483 40120 57007 555 10032=
38647 42998 20908 10350 20002 30040 40078 57020 82030 555 10045=
38656 42998 00904 10332 21027 30023 40123 57011 555 10049=
38683 42997 63606 10313 21002 39860 40113 57011 80001 555 10038=
38687 42997 20702 10314 21025 39903 40118 57010 80001 555 10045=
38696 32999 00902 10269 20051 39318 40110 57002 555 10039=
38713 42999 00502 10244 20036 39037 48540 56001=
38750 42997 02703 10320 20249 30138 40112 54000 555 10046=
38763 42998 00906 10338 21027 39994 40089 57014 555 10042=
38774 42998 01205 10337 20021 39944 40122 57011 555 10045=
38799 42997 00703 10325 20019 39901 40112 57012 555 10046=
38806 32997 02703 10328 20084 39858 40095 57017 555 10043=
38812 42997 03302 10304 20004 39693 40110 58016 555 10040=
38836 42999 02503 10279 20077 39170 40028 57015=
38880 42997 01006 10326 21008 39865 40098 57013 555 10046=
38886 42997 01002 10319 20025 39915 40124 57009 555 10044=
38895 42996 00000 10308 20073 39856 40123 57011 555 10047=
38911 42998 20000 10308 20104 39838 40108 57017 80001 555 10046=
38915 42997 03103 10331 20080 39810 40105 57014 555 10049=
38927 32960 01602 10321 21009 39741 40084 57019 555 10046=
38933 42999 03602 10312 20178 39638 40105 57016=
38944 42997 01601 10297 20009 39537 40027 57018=
38954 42999 00000 10255 21025 37918 48480 57021=
38974 42998 03401 10323 20006 39797 40103 57018 555 10054=
38987 42996 00202 10290 21027 39409 40095 57012 555 10038=
40030 32970 00000 10340 20129 40103 57010=
40066 32570 30000 10280 20170 4//// 5//// 83400 333 83626=
40080 32965 02105 10361 21009 39400 4//// 57010=
40100 43/80 09906 10302 20215 30109 40124 58002 6///1 333 58///=
40180 12960 03206 10335 20144 30050 40096 57003 60001 333 70000=
40199 129// /1702 10399 20168 30046 40069 57019 60001 333 70000=
40265 31957 03008 10332 21006 39349 40102 57006 70600=
40270 31957 02412 10320 21023 39244 40090 57005 70500=
40272 31950 02812 10330 20061 39302 40084 57010 70500=
40340 32960 00104 10404 20121 30016 40076 57018=
40356 32960 03505 10360 20020 39151 48505 333 58025 555 04410 50060=
40357 32960 00000 10409 20030 39451 40037 333 58020=
40360 32960 03206 10379 20050 39512 40064 333 58015=
40361 32960 03504 10401 20050 39333 40058 333 58012=
40362 32960 03208 10439 20020 39557 40030 333 58012=
40373 32660 23609 10463 21010 39633 40014 82500 333 58003 82635=
40375 32960 02506 10371 20060 39231 40048 333 58009=
40394 32960 03310 10408 20070 38986 48499 333 58003 555 04410 50013=
40394 32960 03310 10408 20070 38986 48499 333 58003 555 04410 50013=
40400 32960 02914 10338 20250 30039 40066 333 58000=
40405 32660 21106 10440 20020 39335 40005 82500 333 58001 82640=
40417 32960 00612 10439 20080 39982 49996 333 58002=
40420 32960 03611 10466 20000 39800 49988 333 59005=
40430 32660 42705 10444 21010 39335 40012 84500 333 59005 84640=
40437 32660 53610 10432 21040 39360 40010 85100 333 58000 85840=
40439 32660 12717 10442 20150 30004 40022 81500 333 59011 81640=
40582 32860 20115 10485 20094 40002 56014 82030 333 00055 55310 00735 10000 22121 30753 41657 52185 62874 55407 41369 82358 90400 91021 91125 91215 91313=
40703 12660 33305 10320 20122 38857 40028 57025 60001 83300 333 70000 82935 555 10197 29030=
40706 12562 22405 10336 20052 38618 40034 57013 60001 82260 333 70000 82830 555 10175 29017=
40712 12665 10803 10316 20092 38635 40028 57018 60001 81200 333 70000 81835 555 10182 29025=
40713 12662 12803 10349 20053 38624 40011 57013 60001 81100 333 70000 555 10180 29016=
40718 12960 00603 10311 20234 30111 40084 57013 60001 222// 0//// 20300 333 70000 555 10258 29064=
40723 12970 01503 10324 21117 38924 40089 57014 60001 333 70000 555 10138 29005=
40726 12660 21805 10354 20015 38617 40024 57016 60001 82500 333 70000 82640 555 10170 29012=
40727 12665 12806 10337 20044 38460 40045 57010 60001 81100 333 70000 81840 555 10172 29016=
40732 12560 41004 10296 20236 30100 40077 57014 60001 84300 333 70000 82922 83626 555 10254 29070=
40736 12960 00301 10313 20234 30112 40088 57011 60001 333 70000 555 10258 29063=
40737 12960 03403 10324 20236 30058 40075 57012 60001 333 70000 555 10263 29060=
40738 12960 00000 10369 20147 30089 40091 57013 60001 333 70000 555 10229 29027=
40739 12965 01202 10330 20023 38671 40063 56013 60001 333 70000 555 10164 29014=
40741 12960 03202 10330 21006 39796 40112 57013 60001 333 70000 555 10165 29012=
40743 12970 00000 10349 21103 39025 40068 57015 60001 333 70000 555 10151 29005=
40745 12962 01206 10286 20048 39014 40108 55012 60001 333 70000 555 10157 29022=
40747 12660 12505 10361 21034 38600 40032 57012 60001 81100 333 70000 81840 555 10162 29008=
40754 12660 11703 10348 21013 38796 40034 57018 60001 81100 333 70000 81840 555 10163 29010=
40762 12965 01103 10311 21152 38531 40059 56011 60001 333 70000 555 10125 29004=
40766 12960 13003 10370 21134 38656 40026 57018 60001 81030 333 70000 81359 555 10152 29004=
40768 12660 22704 10340 21049 38245 40029 57015 60001 82100 333 70000 82840 555 10149 29008=
40769 12660 11202 10344 21003 38292 40025 57013 60001 81100 333 70000 81840 555 10160 29011=
40780 12960 02904 10365 20037 38656 40038 58011 60001 333 70000 555 10181 29013=
40782 12970 13203 10391 20032 38814 40020 57016 60001 81030 333 70000 81359 555 10190 29011=
40785 12960 02502 10387 21033 39028 40037 57022 60001 333 70000 555 10176 29007=
40791 12970 03504 10376 21152 39279 40047 57014 60001 333 70000 555 10158 29003=
40792 12965 02604 10329 21172 38680 40047 57016 60001 333 70000 555 10132 29003=
40798 12662 11503 10304 21088 37977 40068 57018 60001 81100 333 70000 81840 555 10125 29007=
40800 12960 02002 10352 21010 38453 40047 57016 60001 333 70000 555 10163 29010=
40809 12965 03507 10329 21226 38456 40029 56013 60001 333 70000 555 10127 29002=
40811 12960 00703 10476 20097 39967 49991 57019 60001 333 70000 555 10244 29011=
40812 12960 02806 10462 20023 39648 49991 57015 60001 333 70000 555 10217 29007=
40818 12962 03505 10294 21030 37986 40044 57009 60001 333 70000 555 10133 29012=
40821 12970 03105 10348 21015 38758 40046 57011 60001 333 70000 555 10163 29010=
40829 12960 03509 10358 21025 39502 40037 56013 60001 333 70000 555 10170 29009=
40831 12960 00110 10488 20070 39999 40006 57011 60001 333 70000 555 10240 29009=
40833 12960 03004 10483 20062 39971 40000 57017 60001 333 70000 555 10236 29008=
40835 12960 02505 10417 20098 39233 49999 57015 60001 333 70000 555 10221 29015=
40841 12965 03304 10312 21081 38226 40041 57015 60001 333 70000 555 10132 29007=
40845 12960 02404 10402 20276 39995 40000 57012 60001 333 70000 555 10308 29049=
40848 12960 01502 10354 20011 38485 40013 56017 60001 333 70000 555 10168 29011=
40851 12960 03407 10324 21048 38238 40009 57012 60001 333 70000 555 10142 29009=
40854 12960 03004 10346 21082 38889 40009 57008 60001 333 70000 555 10151 29006=
40856 12960 00605 10298 21083 38596 40044 56003 60001 333 70000 555 10129 29008=
40859 12962 03404 10368 21017 38649 40001 57016 60001 333 70000 555 10168 29009=
40875 11940 02006 10404 20130 39989 49999 57013 60001 70500 333 70000 555 10233 29020=
40879 12960 02105 10396 21062 39363 49997 57017 60001 333 70000 555 10177 29005=
40882 11950 02203 10374 20274 39970 40003 57015 60001 70500 333 70000 555 10300 29057=
40883 11940 02205 10384 20240 39974 49996 56015 60001 70500 333 70000 555 10281 29044=
40893 11957 02303 10338 20252 39995 40000 56013 60001 70500 222// 00305 20300 333 70000 555 10276 29061=
40898 11956 01605 10319 20267 39979 49988 56015 60001 70500 222// 00306 20901 333 70000 555 10281 29074=
41024 32960 02913 10378 20230 30009 40033 333 59007=
41036 32560 43503 10356 21010 38536 48487 84300 333 58004 81925 83830 555 04410 50031=
41055 32560 31103 10346 21060 38339 48478 83400 333 58004 83630 555 04410 50019=
41061 32960 03002 10444 21030 39336 49994 333 59005=
41084 32560 20512 10395 21050 38797 48469 82200 333 58003 82830 555 04410 59983=
41112 32560 40513 10310 21070 37930 48478 84400 333 58001 84620 555 04410 50004=
41114 32560 30514 10308 21060 37960 48471 83400 333 58001 83622 555 04410 59990=
41128 32560 30310 10380 21060 38750 48470 83200 333 58004 83830 555 04410 59998=
41136 32660 33304 10428 20000 39227 49985 83400 333 58005 83635=
41140 32960 02408 10354 20270 30018 40022 333 59001=
41150 32962 00607 10371 20265 40004 333 58001=
41176 34/70 /0707 10372 20246 39990 49996 333 59001=
41184 32960 01115 10438 20004 49995 333 59007=
41194 12960 03610 10396 20230 39981 49986 60001 333 59013=
41196 12960 00407 10396 20238 39951 49989 60001 333 59016=
41216 32960 03408 10371 20265 39992 49996 333 59007=
41217 32960 03111 10366 20275 39964 49991 333 59007=
41244 36/// /0910 10431 21025 39579 49961 333 0E035 55300 25022 59008=
41246 36/// /0506 10337 20287 30004 40006 333 0E031 55300 25022 58011=
41253 36/// /0107 10390 20135 39650 49987 333 0E030 55300 25022 58007 =
41255 32560 12408 10431 20018 39483 40018 81500 333 58000 81625=
41256 32960 00412 10324 20271 39991 40008 91145 333 58006 55407 55408 55507 55508=
41258 36/// /0714 10314 20286 30001 40004 333 0E/// 55310 22555 58007=
41265 36/// /0802 10425 21010 39429 49951 333 0E030 55300 22677 58002 =
41267 36/// /0105 10310 20284 30001 40013 333 0E028 58015 =
41275 36/// /3107 10447 20006 39837 49993 333 0E027 55300 22879 59002 =
41288 36/// /2111 10344 20241 39989 40010 333 0E026 58000 =
41304 36/// /0508 10439 20067 39697 49980 333 0E025 55300 22897 59003 =
41315 26/70 /1703 10252 20229 39239 47279 333 0E025 55300 27865 58006 70000 =
41316 32470 61910 10291 20256 30013 40042 86500 91145 333 58005 55407 55408 55507 55508 81615 86625=
41398 82612 10290 20248 40081 51019 70222 887// 22243 00300 2//// 80260=
41480 41640 33005 10343 20281 30020 40028 60002 70544 81960 333 58009 81935 83360=
41497 71808 10250 2//// 40101 5//// 702// 877// 22212 0//// 2//// 302// 41504=
41498 71610 10280 20237 40142 50/// 70311 8727/ 22264 00300 20502 80250=
41506 02997 01814 10310 20076 38410 48404 60002 333 10333 58005 60007=
41508 02697 21302 10300 20152 38597 48475 60002 82200 333 10320 56900 58018 60007 82835=
41515 02697 32312 10304 20105 38464 48426 60002 83200 333 10334 56900 59002 60007 83850=
41523 02997 02304 10320 20205 38998 48454 60002 333 10340 58017 60007=
41535 02997 01802 10275 20149 38647 48428 60092 333 10295 58020 60007=
41536 02997 00000 10295 20183 38951 48453 60002 333 10335 58015 60007=
41560 02997 01302 10270 20147 38242 48452 60002 333 10300 58006 60007=
41571 12997 12308 10335 20150 39455 49999 60002 81030 333 10347 56090 58015=
41598 02997 00000 10350 20268 39736 49990 60002 333 10360 58005 60007=
41600 01996 00000 10340 20249 39716 49995 60002 70400 333 10350 59004 60007=
41620 32696 21802 10345 20015 38495 48400 60002 82500 333 10350 56900 58013 60007 82640=
41624 02997 01802 10370 20260 39809 49995 60002 333 10380 58022 60007=
41630 01696 50502 10350 20253 49999 60002 70422 82530 333 10363 56990 58003 60007 82640 83360=
41640 01696 53102 10345 20247 39760 49994 60002 70410 82530 333 10355 56990 59004 60007 82640 83360=
41660 01996 03112 10305 21095 38373 48455 60002 70600 333 10315 58013 60007=
41678 01996 00000 10360 20249 49990 60002 70500 333 10380 58009 60007=
41696 02997 03102 10280 20020 37969 48450 60002 333 10290 59014 60007=
41697 02997 02306 10410 20143 39841 49986 60002 333 10420 58016 60007=
41700 01996 00000 10380 20248 39866 49982 60002 70500 333 10392 58012 60007=
41710 11996 00000 10365 21045 39261 49973 60002 70600 333 10370 58013=
41712 11996 00000 10355 20020 39106 48468 60002 70500 333 10365 58015=
41715 01996 00000 10360 20256 39934 49995 60002 70500 333 10380 58016 60007=
41718 01996 00000 10380 20287 39892 49988 60002 70400 333 10392 58004 60007=
41725 12996 00504 10375 20250 39915 49989 60002 333 10380 58018=
41739 01996 03114 10340 20002 38980 48472 60002 70500 333 10345 58013 60007=
41744 11996 00000 10325 20073 38688 48473 60002 70600 333 10345 59002=
41749 02996 01304 10375 20266 39967 40000 60002 333 10385 56060 58009 60007=
41756 01996 02310 10320 20250 39939 40002 60002 70500 333 10330 58002 60007=
41759 01996 02304 10320 20250 30001 40006 60002 70500 333 10345 58001 60007=
41764 02996 01806 10345 20255 39947 49994 60002 333 10365 58005 60007=
41768 02596 41806 10340 20265 39997 40004 60002 81630 333 10355 56490 58013 60007 81720 83360=
41780 01995 02308 10320 20242 39987 40013 60002 70500 333 10341 58013 60007=
41785 02697 62302 10320 20258 30008 40021 60002 83530 333 10330 56590 58011 60007 83640 83360=
41859 11450 80000 10285 20280 39978 40015 60134 72996 8562/ 333 10365 56999 58016 70132 82710 84618 88458=
41883 32956 50000 10326 20270 39986 40006 80001 333 10354 56009 58008 70000 85080=
41891 31440 73203 10321 20270 39972 40009 70522 84370 333 10348 56990 58004 70040 84615 81930 86460=
41898 21016 10260 20230 40110 54000 70222 82002 22253 06240 21002 80180=
41907 32450 80000 10322 20270 39987 40002 8552/ 333 10359 56499 58010 70055 85615 88458=
41923 31450 40000 10320 20260 39996 40006 70192 81531 333 10346 56999 58004 70000 81616 83360=
41936 31440 51804 10324 20270 39991 49998 70522 83830 333 10354 56990 58012 70120 83615 85362=
41943 32435 61802 10320 20270 30003 40010 82570 333 10355 56490 58002 70000 82616 84458=
41950 11450 60000 10310 20280 30002 40005 60145 70162 84301 333 10330 56909 58004 70141 83617 81928 84080=
41978 32458 71608 10298 20260 30015 40021 84320 333 10330 56990 58004 70014 83617 81928 87460=
41992 11320 80000 10265 20265 30020 40022 60449 76366 8692/ 333 10315 56999 58000 70730 83707 85612 81925 88458=
42001 11111 99259 70897 46/// /1611 10298 20286 30060 40063 91130 22200 00300 333 91214 555 11115 22122 8//12 91129=
42027 32596 10501 10290 20127 38351 48428 81100 333 10300 59001=
42044 32596 30000 10262 20173 38227 48448 83200 333 10288 58000=
42045 32596 10000 10262 20152 38266 48382 81400 333 10288 59010=
42056 32696 12302 10336 20222 39577 81100 333 10345 59001 81840=
42071 32596 13206 10330 20238 49995 81400 333 10340 59003 81630=
42097 11121 99257 70837 46/// ///// 1//// 91156 22200 00305 11001 21001 70006=
42101 21596 50000 10336 20276 49996 70296 82530 333 10352 59010 6991/ 82630 83360=
42111 31596 72702 10312 20240 39306 49966 70522 85830 333 10342 59011 84620 85830 87360=
42123 32596 30000 10340 20250 49993 83200 333 10364 58006 83870=
42131 32696 30000 10326 20265 49992 82501 333 10340 59002=
42165 32696 43602 10326 20240 49987 84500 333 10366 58012 84640=
42182 21595 80000 10304 20271 49984 76062 8567/ 333 10326 59013 6002/ 85630 88458=
42189 21594 83201 10250 20250 49982 79596 889// 333 10321 57980 59005 6025/ 86620 83830 81935=
42309 21596 31803 10290 20271 40016 71021 81830 333 10314 58022 6001/=
42314 22596 49902 10304 20262 40010 81430 333 10338 58018 6994/ 81825 83360=
42328 31595 50904 10350 20219 49970 70520 85400 333 10374 58008 83630 84835=
42339 31595 70000 10328 20252 49988 70522 86801 333 10350 58004 83630 85835=
42348 21596 69903 10296 20241 49991 70562 84530 333 10308 58003 6006/ 84630 85360=
42361 21495 80502 10254 20254 49953 76366 8672/ 333 10265 59026 6060/ 84712 86618 88458=
42369 21596 70904 10298 20270 49955 71062 83530 333 10316 59015 6006/ 83620 84360=
42379 21495 61104 10314 20270 49979 72998 84970 333 10343 56220 57960 58009 6990/ 83714 81920 85358=
42398 32596 69902 10340 20272 40005 81931 333 10368 58015=
42410 21495 70000 10280 20257 40027 71062 83330 333 10350 58020 6996/ 83618 81925 86360=
42415 21596 50000 10272 20252 40033 70162 83420 333 10275 58023 6018/ 82620 84459=
42452 31596 72301 10278 20246 49979 71022 84820 333 10290 58005=
42492 31496 61110 10314 20273 49995 71022 83530 333 10343 58020 83618 84360=
42559 21494 83202 10250 20247 49967 76065 8572/ 333 10260 59007 6005/ 83715 85620 88458=
42571 21596 70000 10270 20264 49955 70165 85530 333 10281 58004 6003/ 85625 87360=
42623 31495 60000 10288 20249 39169 40002 81092 84530 333 10327 58013 84618 86360=
42634 21496 52502 10304 20250 40026 70352 82700 333 10337 58013 6002/ 82718 83825=
42647 31495 82502 10304 20256 40016 70522 8377/ 333 10307 5669/ 58013 83718 87358=
42667 21295 82008 10248 20245 39417 49992 76062 8472/ 333 10259 58000 6048/ 84706 85618 88458=
42675 21495 72304 10264 20241 40078 70562 85630 333 10281 58022 6006/ 83710 84620 86360=
42701 31496 62006 10278 20224 39291 49994 70522 83530 333 10298 58029 83618 84360=
42724 31596 70000 10332 20280 40007 70522 82331 333 10356 58000 82620 81930 85360=
42737 32596 62505 10324 20230 40022 84430 333 10339 58014 83620 85358=
42754 21496 72710 10254 20234 39383 40003 76062 85730 333 10266 58013 6996/ 83710 84618 85360=
42779 21495 81402 10260 20243 39314 49993 72162 8572/ 333 10284 58044 6005/ 82710 84620 88458=
42798 31496 72903 10330 20257 49994 70522 85330 333 10348 57930 58027 84615 81930 86360=
42809 31596 71803 10316 20278 40003 70592 82531 333 10350 58017 82620 85360=
42840 21596 52503 10284 20262 40036 70162 83830 333 10316 58017 6003/ 82620 83360=
42867 31496 72503 10280 20249 40012 70522 85920 333 10304 58034 82710 83618 81930 88458=
42874 32596 22304 10294 20254 40008 82200 333 10308 58049 82825=
42886 21496 62305 10294 20272 40011 70562 84530 333 10334 58045 6001/ 84618 86360=
42895 32596 52302 10320 20279 40005 83530 333 10344 58028 83620 84360=
42909 32596 19902 10300 20267 40035 81530 222// 20000 333 10320 58013 81825=
42971 21496 70000 10304 20265 40020 70562 85330 333 10344 57972 58040 6004/ 85618 81930 87360=
43003 21495 82304 10278 20243 40045 70562 8572/ 333 10313 58019 6006/ 83712 84618 85458=
43014 31596 72306 10288 20213 39385 40011 70542 85830 333 10300 59022 83620 84825 85360=
43041 21596 41802 10288 20234 39423 40021 70522 82530 333 10306 58034 6991/ 82620 84360=
43063 21597 72704 10252 20211 39429 40043 70265 87700 333 10292 56600 58010 6990/ 84722 85626=
43086 32597 50000 10314 20260 39845 40017 83531 333 10324 58033=
43110 21496 83202 10266 20249 40066 75062 8577/ 333 10296 58020 6008/ 83712 84618 88456=
43117 32597 72702 10300 20223 40029 84430 333 10320 58024=
43128 31496 52303 10290 20205 39441 40032 70521 82730 333 10304 56690 58028 81710 86315 85360=
43185 32597 42703 10324 20247 30027 40030 84500 333 10345 58029 84620=
43192 22596 82902 10284 20253 40067 8377/ 333 10300 58019 6004/=
43198 21396 72714 10238 20196 39242 40057 70262 85631 333 10264 56699 58018 6990/ 84707 84612 85358=
43201 21497 52005 10258 20202 39327 40041 70262 82530 333 10296 58020 6996/ 82612 84358=
43213 32597 42706 10320 20209 39718 40026 82832 333 10336 58026=
43233 32497 62708 10256 20218 39264 40069 83832 333 10287 58014=
43237 32597 62306 10330 20211 39634 40013 84530 333 10342 58024 84620 86360=
43284 21396 72508 10280 20254 39967 40081 70262 84631 333 56599 58021 6006/ 81708 83612 85358=
43295 32497 72705 10274 20142 39066 48487 84831 333 10292 58022 82612 83818 85358=
43310 22596 52302 10298 20267 40063 82211 333 10302 58011 6992/=
43314 21496 72302 10304 20259 40087 76022 84831 333 10335 58015 6002/=
43321 31496 52313 10304 20201 39625 40061 70522 82438 333 10324 58018 82612 85270=
43333 21495 72708 10276 20253 40081 70562 85431 333 10295 58009 6990/ 83618 84820=
43353 22496 72507 10288 20251 40091 83720 333 10302 56790 58017 6994/ 83714 81825 85459=
43369 21596 62703 10280 20260 40095 70262 84530 333 10308 58019 6006/ 84620 86358=
43371 21497 42902 10282 20254 30016 40088 70162 82441 333 58014 6003/ 81618 83825=
43404 22470 62105 10296 20258 30058 40061 51005 82000 333 10327 20280 3/027 553// 20042 58023 60008 91012 555 60008==
43410 22/70 7//// 10330 20219 30064 40067 53012 86/6/ 333 10364 20298 3/026 58022 60008 81/18 555 60008==
43413 22470 62106 10290 20247 30073 40078 55006 83150 333 10313 20279 553// 20046 58023 60008 91011==
43415 22470 71702 10308 20226 39973 40081 52004 85000 333 10353 20281 3/024 58018 60008 555 60008==
43418 22470 62302 10328 20216 30031 40072 52010 81106 333 10357 20304 3/025 58018 60008 555 60008==
43421 22470 22503 10297 20227 39977 40081 52009 82000 333 10350 20257 553// 20029 58018 60008 91007 555 60008==
43422 22470 62303 10294 20241 39953 40085 52011 83202 333 10323 20271 3/024 58021 60008 555 60008==
43424 22470 32305 10298 20250 30083 40085 51002 83000 333 10315 3/026 58016 60008 555 60008==
43436 21470 70000 10308 20266 30066 40069 52003 70282 86/// 333 10333 20288 3/023 58019 60008 81920 555 69908==
43441 21470 82301 10258 20238 39948 40081 55002 70282 88120 333 10315 20256 3/024 58007 69928 555 69938==
43444 21470 82302 10256 20224 39563 40093 52007 78022 88000 333 10286 20236 3/023 58018 60008 555 69918==
43450 22/70 62303 10289 20247 30093 40105 52003 83/2/ 333 10312 58016 60008 83/16 555 60008==
43466 21470 62601 10272 20257 30091 40099 52005 78022 84000 333 10300 20253 553// 20051 58017 60048 91002 555 60048==
43467 21/65 72902 10298 20251 30092 40098 52004 78022 333 10312 3/025 58014 69908 83712 85/16 82918 555 60088==
43473 21140 82904 10162 20162 38120 48484 51006 75055 88000 333 10191 20152 3/014 553// 20019 58014 60008 91007 555 69908==
43475 22570 82203 10324 20203 30071 40075 52018 83500 333 10373 20262 553// 20030 58022 60008 91007 555 60008==
43476 22470 62702 10238 20169 38765 48511 5/008 84000 333 10266 20230 58013 60008 555 60008==
43479 22470 63401 10274 20195 39244 52009 84000 333 10314 20262 58015 60008 555 60008==
43486 21470 62802 10278 20227 30000 40099 53009 70382 83131 333 10315 20242 553// 20055 58015 60008 91005==
43495 21470 62501 10280 20259 30083 40096 5/020 70381 83000 333 10299 20250 58150 60018 555 60188==
43497 22470 72403 10273 20000 30075 40092 5/017 85000 333 10308 20261 553// 20036 58020 60008 91007==
44212 32599 63501 10177 21000 39096 40157 52008 82570 333 10210 91205=
44213 32999 63502 10161 21006 38778 40151 52006 86030 333 10191 91204=
44214 32698 82705 10172 21045 38262 40108 54000 82570 333 10193 91110 91206=
44215 32698 70505 10137 20000 38402 40151 52008 82570 333 10205 91110 91208=
44217 32698 62304 10121 21018 37868 40170 56007 85840 333 10154 91208=
44218 32699 70602 10201 21034 38581 40106 52003 87500 333 10222 91204=
44219 32999 63102 10209 20007 38592 40098 57001 83086 333 10234 91206=
44265 32699 72503 10204 21040 38820 40125 55002 87500 333 10234 91203=
44266 32999 62105 10139 21099 37798 40150 54000 83048 333 10172 91209=
44404 22358 70903 10221 20206 38076 48397 84270 333 10273 59005 69928 70002=
44416 21358 73605 10258 20246 39247 49973 72162 86611 333 10339 58003 60228 70256=
44424 22460 62706 10218 20158 37612 47029 83450 333 10266 58001 60008 70049=
44434 22560 61703 10300 20234 39139 48452 83830 333 10323 58015 60008 70013=
44438 22558 61016 10327 20265 39868 49989 82931 333 10354 58009 60008 70000=
44449 22560 30704 10314 20286 39847 49996 82270 333 10347 58018 60008 70000=
44454 22460 42309 10255 20217 38596 48437 84830 333 10316 58014 60008 70000=
44462 21250 70903 10224 20210 38216 48427 79500 87800 333 10262 58010 60008 70000=
44474 21010 80908 10231 20196 38213 48444 71752 85906 333 10295 58009 69908 79999=
44477 21440 52702 10256 20232 38750 48468 71040 85200 333 10326 58004 60008 70000=
44478 22560 11108 10328 20273 39918 40000 81100 333 10350 59013 60008 70000=
48010 32540 81802 10295 20239 39852 40000 8597/ 333 10353 56449 58018 69902=
48020 21240 80401 10265 20251 71796 86920 333 10360 56190 60212=
48025 21320 73202 10263 20246 39869 40006 75095 84970 333 10335 56290 58008 60582=
48031 21256 80000 10190 20190 76266 888// 333 10240 56999 60112=
48048 21440 81801 10250 20250 39944 40000 79696 8692/ 333 10290 56889 58001 61022=
48052 21450 81804 10252 20233 70296 8597/ 333 10278 5699/ 61102=
48062 21450 81402 10270 20256 30014 40021 75255 86920 333 10285 56990 59004 60322=
48064 22440 81401 10260 20246 39946 40003 8572/ 333 10280 5699/ 58006 60472=
48071 21340 82302 10268 20256 30025 40033 72162 8692/ 333 10270 5659/ 59008 60852=
48094 22456 80000 10270 20260 30048 40058 85970 333 10295 56990 58001 60022=
48109 32496 52302 10295 20266 30070 40074 85900 333 10318 56900 58009=
50557 04980 /3002 10183 20083 39854 40139 52013 60002 70000 333 10264 20094 3/016 5002/ 54405 58035 60001 70000 90720 91112=
51076 04980 /2703 10195 20048 39318 40165 52002 60002 70000 333 10226 20080 3/008 5002/ 59013 60001 70000 90720 91108=
51087 04979 /2907 10200 20028 39176 40152 52002 60002 70000 333 10228 20116 3/012 5004/ 59015 60001 70000 90720 91112=
51156 04980 /2405 10163 20027 38705 40177 54000 60002 70000 333 10187 20083 3/008 5006/ 54405 59013 60001 70000 90720 91108=
51243 04980 /3104 10211 20084 39648 40170 52005 60002 70000 333 10242 20159 3/016 5004/ 59010 60001 70000 90720 91113=
51334 04980 /0203 10225 20075 39795 40183 52007 60002 70000 333 10239 20108 3/011 5003/ 54405 59012 60001 70000 90720 91106=
51379 04980 /2402 10207 20030 39258 40160 52001 60002 70000 333 10233 20128 3/011 5001/ 54415 59005 60001 70000 90720 91106=
51463 04980 /3105 10191 20029 39034 40173 52010 60002 70000 333 10208 20130 3/010 5004/ 54405 59005 60001 70000 90720 91110=
51573 04980 /2802 10283 20052 30050 40096 54000 60002 70000 333 10310 20233 3/022 5002/ 54415 58003 60001 70000 90720 91105=
51644 04964 /1901 10212 20101 38926 40129 52003 60002 70000 333 10238 20117 3/013 5001/ 54415 58001 60001 70000 90720 91104=
51656 04962 /2905 10237 20036 39112 40120 52012 60002 70000 333 10285 20121 3/010 5005/ 58000 60001 70000 90720 91110=
51709 04965 /1503 10224 20070 38613 40115 52004 60002 70000 333 10235 20132 3/014 5005/ 54405 59005 60001 70000 90720 91107=
51711 04980 /2602 10173 20013 38024 40093 52006 60002 70000 333 10182 20064 3/006 5002/ 54405 59014 60001 70038 90720 91108=
51716 04959 /1903 10247 20050 38884 40106 52002 60002 70000 333 10258 20163 3/016 5004/ 54405 59006 60001 70001 90720 91107=
51765 04974 /2001 10205 20120 39179 40129 52013 69902 70000 333 10255 20161 3/016 5001/ 54415 58025 60001 79999 90720 91105=
51811 04960 /1602 10230 20059 38774 40117 52001 60002 70000 333 10242 20159 3/016 5004/ 54405 58008 60001 70000 90720 91105=
51818 04958 /2101 10218 20080 38635 40121 52003 60002 70000 333 10236 20159 3/016 5003/ 58016 60001 70000 90720 91106=
51828 04056 02702 10212 20051 38635 40123 52012 60002 70600 333 10230 20170 3/015 5002/ 58016 60001 79999 90720 91110=
51886 04974 /0804 10141 20014 37123 40040 52009 60022 70000 333 10202 20089 3/011 5004/ 54416 58005 60001 70021 90720 91107=
52203 04970 /0607 10223 20065 39283 40125 52013 69902 72160 333 10265 20147 3/013 5006/ 58023 69901 79999 90720 91111=
52602 04965 /2710 10116 21012 37250 40031 52016 60002 76000 333 10226 20116 3/011 54419 59012 60001 70000 90720 91117=
52681 04922 /0902 10147 20145 38605 40109 57008 60012 76060 333 10147 20128 3/013 5000/ 54405 59064 69991 70012 90720 91108=
52818 04980 /0301 10234 20090 37189 49931 52006 60002 70000 333 10282 20098 3/009 5001/ 54405 59047 60001 70000 90720 91106=
52908 04964 /2302 10114 20048 35814 49959 52004 69922 70000 333 10146 20045 3/005 54405 59014 69921 70035 90720 91112=
53463 04980 /3302 10160 20135 38904 40201 57003 69972 70000 333 10181 20118 3/013 5002/ 54415 59006 60001 70015 90720 91104=
54857 04957 /1104 10262 20231 30069 40158 52012 60002 76000 333 10301 20245 3/027 5000/ 58015 60001 70000 90720 91108=
55228 04980 /2506 10159 21041 36045 49931 57002 60002 70000 333 10173 20051 3/004 5004/ 54415 58006 60001 70000 90720 91116=
55299 04974 /0903 10103 20040 35900 49988 52008 60022 72100 333 10176 20052 3/006 5000/ 54405 59004 60011 70043 90720 91109=
55578 04980 /1302 10191 20020 36385 49943 52002 60002 70000 333 10229 20083 3/009 5001/ 54405 59009 60001 70000 90720 91109=
55591 04980 /2602 10193 20057 36538 49949 52001 60002 70000 333 10223 20102 3/011 5002/ 54405 58003 60001 70065 90720 91106=
55664 04980 /1802 10160 21003 36038 49972 52006 60002 70000 333 10196 20049 3/005 5000/ 58006 60001 70000 90720 91118=
55773 04980 /1106 10088 20055 36063 40078 52006 60002 70000 333 10141 20014 3/101 5001/ 54405 58004 60001 70000 90720 91113=
56004 04977 /0503 10071 20042 35871 40007 52008 60072 76050 333 10141 20052 3/000 54415 59012 60071 70076 90720 91114=
56018 04976 /2803 10136 20065 36224 49994 52006 69912 72100 333 10178 20070 3/007 54405 59011 60001 70044 90720 91110=
56116 04980 /0401 10178 20063 36358 49953 57001 60002 70000 333 10212 20071 3/007 5002/ 54405 58001 60001 70000 90720 91104=
56299 59002 60062=
56312 04980 /1103 10196 20067 37100 40013 52005 60002 70000 333 10228 20137 3/014 5002/ 54405 58006 60001 70001 90720 91111=
57494 04758 /3602 10246 20207 30099 40128 52011 60002 70000 333 10337 20246 3/026 5003/ 54419 58041 60001 70000 90720 91111=
58847 04958 /1402 10311 20235 39976 40072 52023 60002 70000 333 10379 20264 3/031 5003/ 54405 58007 60001 70000 90720 91107=
62306 32560 43110 10306 20229 40101 57001 84800=
62309 32560 43313 10328 20240 40074 57005 84500=
62325 32960 00000 10376 20219 40090 57008=
62332 32960 00608 10337 20212 40099 57006=
62337 32960 03603 10369 20096 40094 57004=
62366 35960 03506 10392 20097 40075 57014=
62387 32960 03205 10390 20116 40087 57014=
62393 32960 00305 10401 20110 40116 57014=
62405 32960 03104 10396 20122 40078 57022=
62414 32960 03511 10416 20081 40084 57020=
62419 32960 00808 10404 20097 40065 57019=
62420 32960 02004 10419 20110 40068 57016=
62435 32960 03301 10418 20099 40073 57020=
62440 32960 00508 10352 20225 40088 57011=
62455 32960 02608 10363 20200 40088 57012=
62458 32960 03306 10330 20180 40088 57010=
62459 31956 03013 10341 20201 40071 57017 70700=
62465 32960 03608 10329 20223 40076 57016=

42747 Not Received
42686 Not Received
43189 Not Received
43245 Not Received
43245 Not Received
43279 Not Received
43344 Not Received
