SMPK OPKC 180000=
41504 02995 00000 11065 21117 37888 48569 333 58013 60007 RH63%=
41505 22595 40000 11045 21077 38/// 48/// 60001 80070 333 56090 58/// 84760 78%=
41506 02695 40000 10000 21026 38542 48539 60002 84020 333 56090 58014 60007 84460 82%=
41507 02996 00000 10015 21011 39280 49826 60002 333 59004 60007 82%=
41508 02695 60000 11017 21045 38695 48556 60002 83520 333 56990 58014 60007 83635 83460 RH 80%=
41510 02996 60000 11020 21032 37935 48565 60002 86030 333 56090 58008 60007 86360 90%=
41515 02695 60000 10008 21032 38606 48564 60002 82520 333 56990 58004 60007 82650 84460 73%=
41516 02696 50000 11040 21074 38586 48539 60002 82530 333 56990 58021 60007 82640 84360 RH77%=
41517 01696 70000 11060 21091 37839 48592 60002 70422 83530 333 56990 58038 60007 83635 85360 76%=
41518 02996 00000 11011 21040 38/// 48/// 60002 333 5//// 60007 80%=
41519 02996 00000 10030 21058 38804 48533 60002 333 59013 60007 RH52%=
41520 02695 51802 11035 21116 37667 48335 60002 82530 333 56990 58037 60007 82640 83362 49%=
41523 02996 30000 11005 21051 39118 48505 60002 80001 333 56009 58019 60007 83070 71%=
41524 02996 00000 10050 20001 39389 40288 60002 333 58023 60007 70%=
41525 12996 01304 11010 21070 37682 48422 60002 333 59004 64%=
41528 01696 70000 10030 20005 39235 48496 60002 70421 84520 333 56990 58002 60007 84640 85460 84%=
41529 01995 41802 10040 20028 39803 40205 60002 71000 80001 333 56009 58013 60007 84070 RH 92%=
41530 019// 60000 10050 21003 39764 40197 60002 70511 80001 333 56009 58015 60007 86075 68%=
41530 019// 60000 10050 21003 39764 40197 60002 70511 80001 333 56009 58015 60007 86075 68%=
41534 01694 60000 10040 20028 39764 40200 60002 71000 83520 333 56990 58001 60007 83640 83460 92%=
41535 02996 50000 10010 21068 38725 48486 60002 85020 333 56090 58007 60007 85460 RH56%=
41536 02996 00000 10020 21036 39067 48514 60002 333 58019 60007 66%=
41560 02996 00000 11010 21023 38319 48553 60002 333 58006 60007 RH91%=
41562 02996 63102 10090 20003 39710 40189 60002 86030 333 56090 58015 60007 86362 RH54%=
41565 22996 03102 10028 21024 38657 48520 60002 333 59003 60007 68%=
41567 01996 00000 10050 20025 39744 40182 60002 70400 333 58025 60007 84%=
41571 119// 50000 10050 21014 39595 40206 60002 70511 80001 333 56009 58011 RH63%=
41572 01996 00000 10040 21027 39533 40189 60002 70400 333 58012 60007 RH 62%=
41573 02697 60000 10025 21077 37984 48523 60002 84520 333 56990 58016 60007 84640 82460 47%=
41574 02997 00000 11020 21034 38380 48564 60002 333 58006 60007 90%=
41576 01996 30000 10035 20009 40219 60002 70400 83030 333 56090 58013 60007 83360 83%=
41577 01996 00000 10025 20013 39561 40208 60002 70400 333 56000 58012 60007 RH 92%=
41593 01995 00000 10060 20048 39955 40182 60002 71000 333 58016 60007 92%=
41597 01996 00000 10070 20047 39891 40194 60002 70400 333 58010 60007 85%=
41598 01995 00000 10040 20014 39887 40173 60002 71000 333 58003 60007 83%=
41599 01995 20000 10060 20036 39879 40184 60002 70400 82030 333 56090 58005 60007 82360 85%=
41600 01994 30000 10030 20030 39871 40183 60002 71011 83020 333 56090 59006 60007 83460 100%=
41620 32996 03602 10025 21047 38601 48501 60002 70400 333 59006 60007 59%=
41624 01995 00502 10075 20027 39967 40176 60002 70400 333 58004 60007 72%=
41625 01996 00000 10060 20036 39953 40164 60002 70400 333 58009 60007 85%
41630 01995 00000 10060 20036 40186 60002 70400 333 58011 60007 85%=
41633 01996 00000 10050 20038 3//// 4//// 60002 70400 333 5//// 60007 92%=
41634 02996 33102 10050 20001 3//// 4//// 60002 83030 333 56090 5//// 60007 83360 70%=
41635 01995 00000 10050 20038 3//// 4//// 60002 71000 333 5//// 60007 92%=
41636 01996 00000 10050 20025 30001 40196 60002 70400 333 58006 60007 84%=
41638 01995 00000 10070 20059 4//// 60002 71000 333 5//// 60007 93%=
41639 01995 00502 10045 20033 3//// 4//// 60002 71000 333 5//// 60007 92% =
41640 01995 00000 10070 20047 39923 40183 60002 71000 333 58015 60007 85%=
41641 01995 03404 10065 20042 39886 40173 60002 71000 333 58004 60007 85%=
41642 01993 00000 10045 20033 3//// 4//// 60002 74240 333 5//// 60007 92%=
41643 01994 00000 10060 20048 39884 40175 60002 71000 333 58006 60007 92%=
41644 01993 00000 10050 20038 4//// 60002 71000 333 5//// 60007 RH 92%=
41646 01994 00000 10050 20038 39974 40199 60002 71000 333 58011 60007 92%=
41652 01995 03102 10060 20036 39998 40186 60002 71000 333 58013 60007 85%=
41660 029// 01304 11020 21104 38443 48535 60002 333 59024 60007 RH53%=
41661 01995 00000 10020 21164 38391 48522 60002 70540 333 59025 60007 24%=
41669 01995 00000 10055 20043 3//// 4//// 60002 71000 333 5//// 60007 92%=
41670 01995 00000 10055 20031 3//// 4//// 60002 71000 333 5//// 60007 84%=
41674 01994 00000 10065 20042 3//// 4//// 60002 71000 333 5//// 60007 85%=
41675 01995 00000 10075 20053 30025 40175 60002 71000 333 58013 60007 86%=
41676 01994 00000 10075 20053 30029 40193 60002 71000 333 58004 60007 86%=
41677 01995 00000 10060 20048 39998 40173 60002 71000 333 58009 60007 92%=
41678 01995 00000 10070 20047 40181 60002 71000 333 58007 60007 85%=
41679 01994 00000 10065 20054 4//// 60002 71000 333 5//// 60007 92%=
41680 01994 00000 10050 20025 39970 40180 60002 71000 333 58010 60007 84%=
41685 02997 00000 10050 21090 38935 48504 60002 333 58011 60007 RH.35%=
41696 02996 00000 11055 21104 38044 48588 60002 333 58001 60007 RH 65%=
41697 02996 00000 10095 20051 30006 40169 60002 333 58011 60007 RH74%=
41700 01993 00000 10065 20054 30025 40161 60002 74640 333 58010 60007 92%=
41701 01994 00000 10050 20025 30019 40170 60002 71000 333 59011 60007 84%=
41712 12996 00000 11020 21069 39245 48513 60002 333 59043 RH69%=
41715 01994 00000 10080 20058 30095 40167 60002 70400 333 58002 60007 RH86%=
41716 01995 00000 10080 20069 30073 40182 60002 71000 333 58010 60007 93%=
41718 01994 00000 10065 20042 30064 40173 60002 71000 333 58015 60007 85%=
41724 01994 00000 10080 20046 30119 40202 60002 70400 333 58019 60007 RH79%=
41725 21995 00000 10115 20074 30089 40171 60002 70500 333 58018 RH76%=
41726 01993 00000 10080 20058 30100 40174 60002 71000 333 59008 60007 RH86%=
41738 02996 00000 10090 21104 30022 40213 60002 333 59010 60007 RH24%=
41739 01996 00000 10000 21062 39108 48529 60002 70500 333 59005 60007 RH63%=
41742 12996 30000 10075 20013 30077 40187 60002 83030 333 56090 59001 83360 RH 65%=
41743 01996 00000 10080 20045 60002 70400 333 60007 RH 79%=
41744 02996 00000 10040 21027 38806 48519 60002 333 58003 60007 RH62%=
41745 01995 00000 10080 20058 60002 71000 333 60007 RH 86%=
41746 01995 00000 10100 20079 30107 40163 60002 71000 333 58007 60007 RH87%=
41747 01996 00000 10060 20036 30101 40164 60002 70400 333 58018 60007 RH85%=
41748 01995 00504 10065 20029 30098 40164 60002 70500 333 59002 60007 RH78%=
41749 01995 00000 10100 20063 30144 40177 60002 71000 333 59004 60007 RH80%=
41756 01996 03602 10145 20097 30097 40165 60002 70500 333 59021 60007 RH73%=
41757 22996 00000 10115 21010 30156 40169 60002 333 59030 60007 RH42%=
41764 01996 03610 10150 20069 30106 40158 60002 70400 333 58014 60007 RH58%=
41765 02996 03606 10130 20068 30124 40160 60002 333 58007 60007 RH66%=
41766 01995 03602 10105 20085 30133 40164 60002 71000 333 58022 60007 RH87%=
41767 02996 05006 10110 20068 3//// 4//// 60002 333 60007 RH75%=
41768 02996 00000 10070 20035 30143 40150 60002 333 58007 60007 RH78%=
41780 01996 00210 10155 20020 30132 40160 60002 70500 333 58009 60007 RH40%=
41783 02996 00000 10120 20079 30129 40160 60002 333 58000 60007 RH 76%=
41785 02996 00000 10130 20091 30148 40161 60002 333 59014 60007 RH 77%=
41786 02996 00000 10025 21002 30105 40144 60002 333 59005 60007 RH 82%=
41BAG 02696 50502 11040 21072 60002 84510 333 56990 60007 84635 85460 79%=
41BKI 01996 00000 10060 20009 39774 40212 60002 70400 333 58024 60007 Rh70%=
41SKP 01/92 90000 10035 20035 3//// 4//// 60002 74744 333 5//// 60007 89//// 100%=
43532 01696 70000 10040 20016 39363 40203 60002 70400 84520 333 56990 58001 60007 84640 85460 84%=
43533 01996 00000 10020 21006 39233 48471 60002 70400 333 58004 60007 83%=
43563 02997 00000 10044 21005 39481 40206 60002 333 58008 60007 70%=
=======
41710 Not Received
41759 Not Received
41760 Not Received
==========
UPPK OPKC 180000=
PPAA 6800/ 41517 MISDA DUE TO LOCAL AIR MOVEMENT=
PPAA 6800/ 41646 MISDA DUE TO TECHNICAL PROBLEM =
PPAA 6800/ 41715 NO ASENT DUE TO BALLOONS OUT OF STOCK=
PPAA 6800/ 41739 no acent due to security risk=
PPAA 6800/ 41764 NO ASCENT DUE TO 30GMS BALLOON OUT OF STOCK=
PPAA 68001 41598 55185 12502 77999=
PPAA 68001 41600 55185 30005 77999=
PPAA 68001 41624 55185 03505 77999=
PPAA 68001 41640 55185 35006 77999=
PPAA 68001 41678 55185 30505 77999=
PPAA 68001 41718 55185 03007 77999=
PPAA 68231 41780 MISDA NO ASCENT DUE TO RAD BALLOON SHORTAGE=
PPBB 68001 41598 90/12 00000 09002 10003 903// 11003=
PPBB 68001 41600 90/12 00000 30502 33002 903// 35003=
PPBB 68001 41624 90/12 04502 04504 05503 9037/ 07004 01506=
PPBB 68001 41640 90/12 00000 29003 31003 903// 32004=
PPBB 68001 41678 90/12 00000 34503 34505 9037/ 33007 27004=
PPBB 68001 41718 90/12 00000 04005 04505 903// 02505=



Data Generated from File : D:/all data handling/Rmc_lhr/2024121800.FSU.txt
18/12/2024   01:04:41
____________________________________________________________________________________________
15020 04/70 /2903 10086 20013 30017 40216 52009 60001 333 55040 20490 55300 20000 60007==
15090 01570 82701 10080 20017 30127 40221 53013 69901 72161 885// 333 55050 10017 20590 30124 55300 10040 20000 30000 69907 91002 90760 91105==
15108 06/// /3011 11040 21040 38085 48501 51011 69951 333 55001 20164 55300 20000 69947==
15150 04970 02701 11002 21017 30016 40239 52012 60001 333 55047 20521 55300 20000 60007 91001 90760 91103==
15170 04570 72306 10047 20016 39459 42844 52005 60001 87300 333 55000 20162 55300 20000 60007 91009 90760 91109==
15280 01/00 9//// 11072 21081 37522 47064 51022 60001 73843 89/// 333 49039 55014 20340 55300 20000 60007==
15310 04970 02303 10048 20007 30145 40233 51015 60001 333 55022 10102 20414 30282 55300 10170 20000 30000 60007 91007 90760 91107==
15335 04/70 22903 10075 20015 30221 40228 52013 60001 82030 333 55060 20786 55300 20000 60007 91004 90760 91105==
15350 04/70 /3207 10104 20009 30120 40241 53010 60001 333 55029 20345 55300 20000 60007==
15360 04970 02706 10061 20020 30203 40220 52013 60001 333 55059 60007 91008 90760 91108==
15420 02960 02601 10010 20007 30133 40249 51011 60001 333 55049 20657 55300 20000 60007 91001 90760 91102==
15460 04/70 /2503 10065 20037 30217 40243 52007 60001 333 55300 20000 60007==
15470 04970 02705 10042 20030 30125 40255 51013 60001 333 55063 20693 55300 20000 60007 91005 90760 91105==
15480 04970 02402 10062 20035 30216 40234 51014 60001 333 55069 10012 20780 30694 55300 10210 20000 30000 60007 91003 90760 91104==
15549 12970 02703 10068 20033 39828 40249 52011 60001 333 10116 20068 555 578//=
15552 12970 43203 10094 20044 30189 40238 52019 60001 82031 222// 00099 10301 333 10138 20093 555 571// 92024 92428=
15640 12670 13203 10135 20086 39926 40235 52005 60001 81500 333 10164 20134 555 572//=
15655 12968 02502 10099 20047 30207 40240 52014 60001 222// 00108 10201 333 10119 20090 555 570// 92023 92427=
15730 12970 60000 10029 20016 39860 40268 52002 60001 84036 333 10085 20029 555 591//=
16627 12960 00000 10036 20021 30254 40260 51001 60001 333 90730 91104==
16650 12960 00000 10064 20050 30253 40262 52004 60001 333 90730 91105==
16723 12960 00003 10074 20042 30250 40265 57001 60001 333 90730 91107==
16742 12960 03503 10116 20066 30099 40256 54000 60001 333 90730 91107==
16749 12960 00000 10106 20077 30238 40253 54000 60001 333 90730 91104==
16754 12560 21707 10090 20077 30224 40274 58004 60001 82200 333 90730 91111==
16760 26/// /0000 10047 20036 39852 40282 57004 333 60005 90730 91103==
16765 26/// /3008 10114 20074 30239 40259 57001 333 60005 90730 91111==
17022 16/// /2205 10128 20016 30075 40237 50000 60001==
17024 16/// /2212 10173 20117 30130 40206 50003 60001==
17026 16/82 /3211 10126 20079 30177 40216 50000 60001==
17031 12970 02007 10111 20021 30218 40224 52008 60001 333 90760 91114==
17034 12670 70901 10107 20048 30181 40227 53005 60001 83250 333 83835 87360 90760 91105==
17038 12/70 60000 10111 20007 30170 40218 53003 60001 86030 333 86358 90760 91113==
17042 17/69 /1204 10085 20051 30183 40223 50000 69931 751//==
17050 12970 03501 10040 20016 30199 40262 51008 60001 333 90760 91105==
17056 12970 00607 10109 20084 30258 40262 53008 60001 333 90760 91115==
17060 12960 02307 10106 20071 30222 40262 53005 60001 333 90760 91115==
17070 12565 50000 10010 20000 39376 40261 56001 60001 85500 333 85630 90760 91104==
17074 16/// /2502 10065 20054 39293 40237 50000 60001==
17085 12970 00000 10026 20004 39762 40261 53002 60001 333 90760 91107==
17092 11945 00801 11061 21061 38927 48545 56007 60001 71000 333 90760 91105==
17096 12660 42502 11100 21107 38255 48528 57015 60001 84500 333 84640 90760 91106==
17098 12960 02214 11047 21085 38182 48496 57021 60001 333 90760 91121==
17100 11/20 50000 11028 21056 39213 40236 57017 60001 71022 85030 333 85360 90760 91103==
17112 16/81 /0905 10069 20060 30260 40267 50000 60001==
17115 12960 00002 10016 20009 30221 40273 52005 60001 333 90760 91105==
17116 12960 00000 10013 20012 30152 40277 53003 60001 333 90760 91103==
17124 11956 00000 11031 21031 39348 40297 54000 60001 71000 333 90760 91104==
17128 11956 00104 11028 21036 39155 40291 52002 60001 71000 333 90760 91107==
17135 16/61 /2002 10019 20006 39377 40272 50000 60001==
17140 12965 00000 11028 21042 38760 48539 55002 60001 333 90760 91106==
17150 11920 00000 11003 21003 30153 40281 52008 60001 71000 333 90760 91104==
17160 16/61 ///// 11013 21045 39092 40285 56004 60001==
17170 12560 21404 11035 21054 38358 48530 57009 60001 82500 333 82630 90760 91106==
17175 16/// /1702 10065 20010 30259 40262 50003 60001==
17184 12960 00201 10013 20005 30167 40282 53004 60001 333 90760 91103==
17190 11940 00000 11005 21010 39071 48559 55000 60001 71000 333 90760 91103==
17195 11958 00702 11037 21042 39045 48552 56003 60001 71000 333 90760 91107==
17200 12960 02603 11052 21061 39268 40287 55003 60001 333 90760 91108==
17202 12970 02305 11047 21047 39206 40288 56007 60001 333 90760 91107==
17203 12970 00000 11044 21070 38937 48577 57006 60001 333 90760 91103==
17210 17/29 /0000 11008 39201 40269 57006 69911 704//==
17219 11959 00501 10019 20009 30128 40276 50001 60001 71000 333 90760 91105==
17234 16/60 /0203 10065 20037 30200 40267 50000 60001==
17237 12970 00000 10053 20019 39767 40280 58002 60001 333 90760 91103==
17240 12970 03301 10001 21021 39115 40284 50000 60001 333 90760 91103==
17244 11957 01602 11018 21028 39073 48557 50000 60001 71000 333 90760 91107==
17248 12970 01001 11004 21015 39057 48554 50003 60001 333 90760 91104==
17250 12970 00402 11017 21031 38879 48562 52005 60001 333 90760 91108==
17260 12960 02503 11013 21021 39394 40229 58004 60001 333 90760 91107==
17270 12970 03001 10042 21004 39603 40262 50004 60001 333 90760 91105==
17275 16/83 /0000 10040 21071 39038 40257 50000 60001==
17280 12960 00102 11013 21143 39454 40265 57004 60001==
17290 16/// /0203 10112 20023 30228 40260 50000 60001==
17292 12970 00000 10012 21002 39497 40266 55000 60001 333 90760 91102==
17300 12960 00204 10072 20028 30190 40262 55002 60001 333 90760 91110==
17310 12970 00702 10127 20054 30232 40239 56005 60001 333 90760 91103==
17330 16/// /0202 10112 20013 30233 40245 56005 60001==
17350 12960 00204 10045 20018 30160 40239 56004 60001==
17370 12965 00000 10097 20023 30247 40251 56001 60001 333 90760 91103==
17375 12970 00000 10089 20043 30244 40246 55000 60001 333 90760 91104==
33088 32997 02804 10028 20012 39979 40173 52011 555 1/101=
33135 329// 62905 10028 21020 39956 40105 52014 86030 555 1/001=
33177 32597 82702 10055 20035 39963 40202 52006 889// 555 1/003=
33317 329// 62905 10036 20023 39845 40185 52012 86030 555 1/001=
33393 /1560 82906 10069 20044 39827 40219 52006 70282 885// 333 88620 555 60011=
33415 /1456 82804 10055 20041 39806 40206 52009 75165 886// 333 88710 555 1/004 69941=
33429 32997 52906 10034 20014 39771 40198 52009 85050 555 1/001=
33466 32964 02704 10025 21005 39949 40139 52014 555 14101=
33506 32997 62605 10012 21002 39887 40085 52012 86030 555 1/000=
33562 32560 53105 10044 20019 39882 40189 52013 85500 555 1/002=
33587 329// 02702 10032 20003 39900 40166 52012 555 1/101=
33658 32984 62806 10089 20022 39913 40211 52006 86030 333 91119 555 1/005=
33663 /1997 62902 10062 20028 30100 40196 52012 70282 86030 555 1/002 69981=
33664 41496 83104 10060 20051 39884 40202 52008 76162 8872/ 333 91113=
33678 41996 02805 10035 20025 39998 40212 52008 71082 333 91112=
33679 41497 42702 10047 20037 39987 40180 52001 70281 84900=
33711 32960 02905 10026 20008 39926 40138 52011 555 1/101=
33745 42597 73105 10061 20035 30025 40216 52012 86930 333 91112 555 12005=
33748 42597 83205 10069 20031 39920 40205 52016 885//=
33754 42997 52702 10061 20037 30039 40186 52010 85030 333 91112=
33761 /1996 03003 10027 20017 39954 40180 52013 71060 555 1/101 69991=
33791 /1989 02805 10024 20008 30012 40141 52015 70261 555 1/000 69901=
33815 42598 63006 10086 20010 39991 40198 52015 86500 333 91116 555 11005=
33837 32984 03006 10074 20025 30138 40190 52016 555 1/002=
33881 42598 62802 10067 20002 30024 40222 52015 86500=
33883 42897 52702 10059 20011 30052 40213 52013 85030 555 11002=
33885 42997 42802 10060 21005 30101 40238 52014 84030=
33892 42997 62902 10059 20024 39990 40202 52013 86050=
33902 32997 02903 10040 20020 30110 40170 52023 555 1/002=
33924 42/60 52709 10100 20052 30172 40185 52012 85050 333 91013 90760 91117==
33946 42687 82906 10077 20041 39965 40186 53013 8655/ 333 86635 90760 91112==
33983 42/60 52711 10074 20037 30077 40137 53013 85030 333 91017 90760 91117==
34300 /1597 62705 10019 21014 39875 40053 52011 70282 86500 555 1/000 69901=
34336 42/60 82804 10016 21027 39895 49998 52016 8803/==
34344 42570 82803 10019 21001 39901 49989 52018 885//==
34356 41570 72905 10010 21007 39810 49956 53002 72272 87500 333 90760 91110==
34357 42570 82603 10013 21019 39816 49970 53015 885// 333 91010 90760 91111==
34398 429// 62203 11024 21043 39951 49964 57021 80001==
34415 /1697 82905 10024 21009 39957 40054 53021 70286 885// 555 1/001 69931=
34438 41460 72805 10015 21003 39825 40016 53020 70182 87300 333 90760 91112==
34445 42570 82607 10016 20001 39880 49993 53017 8657/ 333 91010 90760 91112==
34461 41460 82804 10018 21007 39904 49959 57005 72162 885//==
34473 414// 82106 10003 21008 39907 49946 57031 78581 883// 555 1/100=
34476 41440 81806 10003 21005 39948 49955 58033 78581 889//==
34504 32984 03006 10025 21008 39931 40106 52017=
34535 41570 62904 10036 20008 39956 40028 53020 72582 82930 333 90760 91110==
34545 41570 72807 10022 20001 39896 40007 53013 70382 85330 333 90760 91112==
34555 41570 62807 10021 20000 39901 49991 55000 70162 86500 333 91012 90760 91112==
34560 41460 72808 10014 20002 39776 49965 57008 78582 87300 333 84710 90760 91112==
34578 41540 82003 10011 20006 39960 49967 56036 78182 889//==
34579 41410 81603 10001 21002 39924 49967 57039 77171 8872/==
34644 41560 82806 10039 20010 39952 40028 52023 70262 8657/ 333 91010 90760 91113==
34646 41570 82907 10035 20017 39935 40015 52021 70282 885// 333 91013 90760 91113==
34655 41/60 22706 10029 20008 39945 40005 53007 70160 82030 333 91010 90760 91113==
34662 41/70 72706 10032 20008 39968 49979 55014 70262 80070 333 91010 90760 91112==
34691 42/70 81802 10003 21021 30155 40142 57025 8802/==
34720 42/// /3004 10051 20011 30029 40069 53021 333 90760 91112==
34727 41960 02910 10043 20022 30062 40092 53018 70181 333 91013 90760 91114==
34743 41460 82705 10045 20028 39933 40021 52012 70262 885// 333 91011 90760 91115==
34759 41440 72507 10055 20045 39885 40013 57007 78082 86901 333 91012 90760 91114==
34772 41/40 82005 10026 20016 39980 49983 57044 76166 8802/==
34785 41440 81805 10004 21004 30021 49999 58043 77176 8772/ 333 90760 91111==
34798 41540 81905 10017 20006 30063 40034 58034 76162 885//==
34824 41540 62805 10056 20038 30108 40113 52019 71082 86400 333 90760 91111==
34838 41660 82605 10067 20037 39990 40085 53010 70282 884// 333 91010 90760 91114==
34845 41/60 82906 10068 20043 39941 40046 53001 76186 8802/ 333 91012 90760 91116==
34858 41/40 82605 10068 20051 39925 40030 56013 76162 8802/ 333 91012 90760 91117==
34861 41540 83010 10049 20023 39771 40010 57014 78088 889// 333 91016 90760 91116==
34866 41460 82606 10064 20053 30016 40007 57025 72582 889// 333 91010 90760 91111==
34880 41310 81804 10006 20001 30039 40013 57043 77176 8672/ 333 90760 91110==
34887 41440 82304 10022 20019 30046 40023 57045 76376 8872/==
34949 41/40 82413 10050 20036 39531 40071 54000 76362 8802/ 333 91019 90760 91126==
34954 41460 82507 10071 20050 39886 40057 55009 78082 889// 333 91015 90760 91119==
34958 41560 82505 10063 20048 39858 40054 58028 78082 889// 333 91012 90760 91117==
34975 41440 82505 10056 20048 30037 40033 57028 78082 889// 333 88910 91011 90760 91112==
34984 41440 82005 10044 20036 30061 40032 57044 76167 8672/==
35217 425// 82106 11025 21038 39943 49983 52001 885//==
35302 42/// 62406 11015 21032 39952 49973 58008 86080==
35315 425// 72106 11009 21019 39948 40005 53007 87500 555 1/101=
35344 415// 81905 11020 21035 39741 40027 54000 70273 885// 555 1/103=
35358 42/// 82003 11059 21081 39900 40072 57018 8802/==
35368 419// 61807 11066 21112 39844 40116 57007 73631 80006 555 1/108=
35386 419// 51505 11104 21145 39630 40169 57027 70232 82071 555 1/113=
35394 42970 61703 11086 21155 39496 40192 57018 80001==
35404 429// 82205 11013 21022 39974 49982 57016 8807/ 555 1/102=
35406 429// 82303 11012 21027 39995 49997 57011 885//==
35416 425// 82304 11005 21017 39898 40017 52001 885//==
35426 415// 82005 11007 21041 39741 40028 52004 70273 885//==
35437 415// 72403 11013 21042 39739 40049 53007 70273 87020 555 1/105=
35449 414// 81604 11048 21065 39966 40070 57014 77172 8802/ 555 1/106=
35497 42/// 61406 11116 21156 39547 40391 57018 86040==
35498 429// 21502 11130 21191 39335 40255 57013 80001 555 1/123=
35514 42998 01804 11033 21044 30117 40113 57002 555 1/105=
35522 426// 82408 11008 21030 39781 40030 58001 885// 555 1/102=
35542 414// 81804 11031 21038 39915 40062 57009 77177 8802/ 555 1/104=
35563 41598 81004 11104 21130 39348 40139 57001 70232 885// 555 1/111=
35576 42/// 71606 11111 21157 39705 40171 57016 87010==
35582 426// 81405 11105 21164 39586 40208 57011 885// 555 1/112=
35594 419// 81409 11133 21168 39342 40218 57013 73632 8801/ 555 1/115=
35605 42998 01704 11008 21020 30045 40024 57011 555 1/103=
35633 415// 82306 11004 21019 39851 40063 54000 71022 885// 555 1/102=
35671 42570 81503 11082 21109 39709 40149 57010 885//==
35699 429// 30201 11143 21186 39454 40249 57007 80003==
35700 42470 52305 10000 21014 30060 40037 57016 85700==
35715 42997 02304 11006 21030 30072 40057 57005 555 1/101=
35739 419// 62304 11016 21043 39971 40111 53009 70272 86050 555 1/104=
35746 41/// 82007 11032 21042 30032 40100 57009 77172 8802/==
35777 429// 00000 11231 21249 39936 40316 57018 555 1/125=
35796 42/60 80604 11135 21162 39782 40240 57009 8801/==
35849 425// 82204 11046 21070 30042 40129 53006 885//==
35895 42997 03202 11170 21181 39768 40242 57017 555 1/118=
35907 42998 62608 10012 20001 30109 40078 57019 80001=
35925 415// 82304 10011 20006 39990 40100 53002 71022 887//==
35927 429// 32003 10013 20002 30088 57007 82032=
35953 425// 62004 11046 21070 30019 40151 53013 84530==
35969 425// 81402 11104 21140 39991 40171 53002 885//==
35997 419// 20000 11166 21192 39766 40230 57006 71000 80001 333 91105 555 1/118=
36259 12984 43101 11331 21364 38296 48589 57003 60002 80001 333 21364 47011 55047==
36335 419// 81408 11058 21185 39168 40203 57022 73632 80005 555 1/109=
36358 429// 00000 11219 21243 39203 40303 57021 555 1/124=
36394 419// 01407 11129 21149 39839 40283 57020 73630=
36397 41/// 21618 11130 21170 39676 40265 57019 73633 82040 333 91020 90760 91122==
36403 429// 03002 11200 21216 39914 40305 57015 555 1/124=
36418 429// 00000 11227 21249 39689 40363 57015 555 1/128=
36421 429// 00000 11324 21343 39752 40397 57014 555 1/135=
36428 427// 30402 11258 21291 39815 40372 57010 82541==
36439 419// 01308 11132 21191 39002 48500 57013 73630 555 1/118=
36498 429// 11002 11185 21242 39445 40291 57016 80001 555 1/123=
36501 429// 01403 11150 21238 39472 40265 57017 555 1/117=
36535 42/// 60000 11248 21277 39681 40380 57012 82031==
36546 429// 03202 11271 21289 39769 40371 57015 555 1/129=
36619 429// 00904 11105 21136 555 1/111=
36622 429// 00000 11202 21226 39438 40304 57014 555 1/121=
36639 429// 00000 11226 21248 39642 40302 57010==
36643 428// 53501 11222 21239 39637 40361 57014 82071 555 1/127=
36665 429// 00801 11195 21221 39557 40340 57011 555 1/124=
36666 429// 02202 11240 21261 39815 40358 57016=
36729 42998 02301 11158 21172 39881 40399 57024 333 91123 555 1/120=
36736 419// 00909 11047 21170 39709 40273 57008 73633 555 1/107=
36744 429// 70000 11186 21198 39761 40243 54000 87040 333 91104 555 1/122=
36770 429// 01102 11236 21245 39482 40276 57005 333 91103 555 1/130=
36786 42999 02002 11117 21171 39279 40233 57011 333 91104=
36796 42998 00000 11278 21297 39014 48428 57006 333 91100=
36803 42999 02705 11105 21139 39770 40236 57008 333 91125=
36806 429// 01718 11205 21263 39808 40317 57007 333 91023 91126=
36819 419// 81802 11082 21100 39592 40223 53011 71011 8802/ 333 91106=
36821 419// 01302 11135 21145 39723 40239 57003 71000 333 90760 91105==
36839 42998 02301 11108 21207 39068 40240 57006 333 91107=
36843 429// 02501 11052 21147 39021 40213 57009 333 91109=
36846 429// 00503 11080 21166 38584 48480 57027 333 91112=
36859 429// 00101 11136 21157 39464 40290 57010 333 90760 91105==
36870 429// 20000 11088 21107 39182 40228 53006 80001 333 90760 91102==
36874 426// 21802 11174 21197 39484 40321 53003 82500 333 91106=
36877 429// 12201 11186 21195 39487 40567 53005 80001 333 91104=
36885 429// 01102 11071 21130 39067 40224 57001 333 91104=
36889 429// 01804 11082 21235 37015 47035 57003 333 91108=
36894 429// 00504 11087 21119 39470 40235 57011 333 91120=
36905 429// 01302 11057 21122 38727 48486 57008 333 91106=
36911 429// 62701 10030 21062 39217 40185 53006 86040 555 1/102=
36927 42697 53602 11084 21131 38362 48530 57004 85900=
36934 42697 73301 11037 21118 38277 48410 56006 86930=
36953 429// 00000 11205 21220 38194 48508 57006 333 91103 555 1/133=
36963 429// 01404 11164 21233 37008 48/// 58015 555 17125=
36974 429// 00000 11196 21202 38024 48595 54000 555 17124=
36982 429// 00202 11240 21296 36507 47148 57001=
37018 41540 82407 10104 20094 30073 40147 57002 70282 889// 333 91012 90760 91117==
37031 41460 82711 10073 20053 39900 40092 52004 78088 889// 333 91017 90760 91119==
37054 42660 80000 10062 20007 39700 40080 55010 885//==
37061 41/60 82710 10071 20045 39897 40064 56010 76362 8802/ 333 91015 90760 91117==
37085 41540 81904 10056 20047 30093 40066 57028 76166 8872/==
37171 41340 82204 10098 20092 30156 40174 57016 78082 889// 333 87708 90760 91111==
37228 42/60 62902 10004 21048 39240 40079 57020 86070==
37235 42/60 72802 10011 21006 39756 40075 57034 8004/==
37472 42560 60000 10045 20008 30104 40082 57040 82571==
38149 42970 21904 11020 21038 30076 40154 57006 80002==
38178 42/// 82502 11014 21062 39852 40154 52007 8801/==
38262 429// 02303 11024 21043 30087 40171 52002==
38264 42/70 21704 11015 21038 30070 40166 57005 82070==
38345 42998 81001 11040 21081 38783 48472 53002 8802/ 555 1/106=
38353 429// 81401 11042 21111 39294 40220 53005 83031=
38388 42998 50000 11010 21053 30115 40187 54000 85030 555 18103=
38392 42997 71803 11038 21040 30066 40173 57002 87030 555 14105=
38396 42/60 41703 11017 21029 30055 40184 58004 84070==
38403 42/// 82303 11009 21051 30084 40208 52004 8807/==
38413 42/// 82505 11027 21047 39881 40181 52018 8807/==
38457 42560 80702 10004 21075 39609 40209 52012 8553/==
38462 426// 80000 11033 21116 38751 48487 53005 8592/==
38507 42965 20502 10052 20023 30060 40164 58026 82030 333 91004 555 10001=
38545 42598 22102 10002 21007 30023 40203 52004 82500 555 14102=
38565 12/// 81805 10059 20017 39576 40149 52017 60002 8807/ 333 43999==
38579 125// 82810 10050 21029 39774 40194 54000 60002 8597/==
38583 12660 81103 11001 21010 39876 40205 52006 60002 885//==
38599 41995 80102 11019 21045 39696 40228 52003 71022 83031=
38611 41/20 80901 11048 21068 39642 40238 52001 71011 8807/==
38613 429// 83601 11050 21099 39304 40244 53009 80002 555 1/104=
38616 425// 70901 11062 21102 39189 40251 54000 87500=
38618 42/// 80000 11039 21054 39501 40216 52002 8807/==
38647 42997 02310 10110 20038 30123 40165 57010 555 91119 555 11006=
38656 42998 02003 10016 21022 30089 40201 58009 555 14101=
38683 42/60 81804 10009 21014 39938 40221 52011 8803/==
38687 42997 70000 10002 21009 39985 40227 52007 87030 555 10101=
38696 12/// 70701 10007 21026 39348 40222 52006 60002 87010 333 42999==
38713 429// 81802 11017 21074 39020 48480 54000 8807/=
38750 42997 01802 10019 20006 30251 40221 58013 555 10001=
38763 42997 02108 10098 20029 30085 40189 58021 555 10005=
38774 42995 01002 10064 21020 30015 40212 53007 555 12100=
38799 42997 42001 11008 21020 39993 40232 52005 82031 555 11101=
38806 42997 60000 11003 21018 39938 40207 52007 80002 555 14101=
38812 41/40 51003 10010 21022 39760 40224 52011 71022 85030==
38836 419// 30000 11006 21024 39236 40197 58015 71000 80002=
38880 42997 02002 10011 21021 39951 40213 54000 555 11001=
38886 42997 02101 10014 21027 39997 40232 52004 555 14102=
38895 42996 50000 10000 21012 39931 40230 52009 85030 555 12100=
38911 42997 71803 10010 21036 39928 40230 53014 85072 555 10001=
38915 42997 40000 10012 21023 39889 40222 54000 84050 555 12001=
38927 11938 72102 11010 21016 39838 40228 51004 60002 71022 87950 333 83966==
38933 41/// 91801 11014 21054 39714 40247 58009 74742=
38944 41/// 92901 11034 21034 39618 40176 57006 74444=
38954 428// 80000 11083 21111 37993 48600 52003 86920=
38974 42998 02702 10018 21026 39890 40234 52017 555 12004=
38987 42996 72401 10044 21034 39485 40240 52012 87070 555 11001=
40100 43/70 01005 10144 20061 30235 40251 58005 6///1 333 58000=
40180 12/// /0801 10113 20059 30174 40224 57007 60001 333 70000==
40199 12/// /0204 10137 20049 30185 40210 57008 60001 333 70000==
40265 31958 00000 10046 21054 39455 40258 57004 70500=
40270 31956 00603 10062 21060 39338 40245 57005 70500=
40272 31950 00510 10060 21064 39410 40252 54000 70500=
40340 32960 03607 10120 20034 40217 57008=
40356 32960 00808 10022 21180 39259 48552 333 58011 555 04410 50253=
40357 32960 03506 10040 21120 39600 40253 333 58018=
40360 32960 00000 10044 21130 39645 40245 333 58005=
40361 32960 00103 10061 21150 39463 40294 333 58018=
40362 32960 00000 10022 21170 39725 40254 333 58006=
40373 32960 03306 10066 21120 39811 40239 333 59006=
40375 32960 41107 10076 21120 39328 40213 80002 333 58001 84070=
40394 32960 00000 10050 21090 39087 48556 333 58005 555 04410 50224=
40400 32960 30204 10176 20010 30139 40167 80001 333 59014 83070=
40405 32960 00204 10069 21110 39469 40244 333 59008=
40417 32960 33009 10088 21060 30191 40207 80002 333 59025 83070=
40420 32960 12803 10094 21140 39997 40214 80001 333 59025 81070=
40430 32960 00408 10187 21010 39448 40196 333 59008=
40437 32960 03502 10076 21170 39508 40221 333 59012=
40439 22960 00000 10200 20090 30122 40140 333 59011 60005==
40582 32960 03607 10101 21064 40228 54000 333 00008 55300 00000 10227 20000 30000 40886 51113 60000 55407 40000 90467 91009 91117 91213 91305=
40703 12960 00000 11050 21087 38934 40232 57010 60001 333 70000 555 11059 29075=
40706 12962 10302 11038 21081 38671 40242 57007 60001 80002 333 70000 81067 555 11049 29072=
40712 12962 00000 11066 21107 38692 40231 58009 60001 333 70000 555 11074 29073=
40713 12965 00904 11022 21080 38674 40208 57009 60001 333 70000 555 11039 29065=
40718 12960 02202 10051 20040 30201 40172 57025 60001 333 70000 555 10047 29093=
40723 12960 00000 11062 21088 38986 40266 50002 60001 333 70000 555 11067 29082=
40726 12960 00000 11008 21089 38676 40219 57015 60001 333 70000 555 11033 29054=
40727 12960 00000 11062 21103 38507 40246 57008 60001 333 70000 555 11071 29073=
40732 12960 02302 10054 20019 30193 40168 57018 60001 333 70000 555 10040 29078=
40736 12960 00000 10048 20034 30207 40181 57027 60001 333 70000 555 10042 29091=
40737 12960 01201 11001 21011 30161 40179 57030 60001 333 70000 555 11004 29093=
40738 12960 00000 10022 20007 30206 40208 57023 60001 333 70000 555 10016 29090=
40739 11958 00201 11072 21084 38719 40287 57004 60001 71000 333 70000 555 11073 29091=
40741 12960 02802 10012 21039 39891 40232 52017 60001 333 70000 555 11005 29069=
40743 12965 00000 11052 21081 39106 40271 58001 60001 333 70000 555 11058 29080=
40745 12960 12103 11031 21062 39063 40252 51009 60001 80002 333 70000 81068 555 11039 29079=
40747 12960 00000 11058 21100 38677 40254 58001 60001 333 70000 555 11068 29072=
40754 11935 03102 11018 21055 38864 40256 58001 60001 70500 333 70000 555 11029 29076=
40762 12960 40000 11073 21111 38572 40260 53002 60001 80002 333 70000 84069 555 11080 29074=
40766 12960 00000 11035 21162 38740 40256 56006 60001 333 70000 555 11064 29037=
40768 12965 01203 11057 21157 38285 40237 57003 60001 333 70000 555 11079 29045=
40769 12962 00000 11040 21100 38322 40230 57004 60001 333 70000 555 11056 29063=
40780 12960 01103 11001 21115 38722 40244 56008 60001 333 70000 555 11034 29042=
40782 12962 01302 11028 21070 38914 40253 56003 60001 333 70000 555 11040 29073=
40785 12960 00000 11027 21043 39150 40287 52003 60001 333 70000 555 11031 29089=
40791 12962 00701 11006 21157 39401 40253 54000 60001 333 70000 555 11043 29031=
40792 12962 30703 11023 21164 38745 40240 50000 60001 80001 333 70000 83070 555 11056 29033=
40798 12960 02601 11096 21136 37995 40274 57002 60001 333 70000 555 11103 29073=
40800 11950 03501 11046 21156 38499 40259 51001 60001 70500 333 70000 555 11071 29042=
40809 12960 00802 11044 21114 38524 40235 52005 60001 333 70000 555 11062 29058=
40811 12960 03301 10047 21043 30181 40208 55008 60001 333 70000 555 10017 29052=
40812 12960 03202 10068 21016 39810 40190 57010 60001 333 70000 555 10036 29055=
40818 12965 03104 11054 21238 38022 40247 52004 60001 333 70000 555 11088 29022=
40821 12960 01502 11008 21086 38832 40254 51002 60001 333 70000 555 11032 29056=
40829 12960 50000 11025 21140 39665 40261 51002 60001 82052 333 70000 82359 85069 555 11052 29041=
40831 11957 03004 10033 21036 30218 40226 56004 60001 70500 333 70000 555 10010 29061=
40833 12960 00000 10046 21032 30183 40216 57008 60001 333 70000 555 10019 29057=
40835 12960 00000 10024 21026 39365 40213 57005 60001 333 70000 555 10006 29069=
40841 12970 01902 11063 21218 38267 40210 52001 60001 333 70000 555 11092 29028=
40848 12960 00000 11016 21071 38545 40214 52004 60001 333 70000 555 11032 29066=
40854 12960 02802 10013 21152 38985 40217 52003 60001 333 70000 555 11031 29028=
40856 12960 01803 11069 21199 38659 40237 58006 60001 333 70000 555 11093 29035=
40859 12960 03603 10000 21080 38718 40201 56003 60001 333 70000 555 11024 29055=
40875 11925 03404 10129 20023 30157 40169 56006 60001 70500 333 70000 555 10083 29048=
40879 12960 20502 10020 21184 39519 40218 51008 60001 80002 333 70000 82070 555 11029 29020=
40882 11957 03602 10196 20092 30126 40161 58008 60001 70500 333 70000 555 10141 29051=
40893 11956 00402 10200 20043 30155 40161 58005 60001 70500 333 70000 555 10124 29035=
40898 11958 00506 10172 21020 30164 40173 56002 60001 70500 333 70000 555 10093 29027=
41024 22960 00000 10243 20140 30117 40143 333 59010 60005==
41036 42960 02304 10133 21010 38591 48541 333 59003==
41055 22960 01603 10123 21050 38391 48539 333 59006 60005==
41061 22960 01108 10117 21090 39478 40188 333 59024 60005==
41084 22960 01803 10107 21060 38881 48532 333 59014 60005==
41112 22960 00000 10095 21040 37968 48538 333 59005 60005==
41114 22960 00000 10089 21050 38006 48543 333 59006 60005==
41128 22960 03002 10097 21050 38852 48552 333 59016 60005==
41136 22960 00000 10121 21230 39375 40198 333 59022 60005==
41140 22960 00000 10247 20190 30134 40142 333 59009 60005==
41150 32970 52907 10158 20104 40199 80001 333 59026 85075=
41176 14/66 /3006 10120 20079 30191 40197 69914 333 59024=
41184 32960 21805 10163 20053 40172 80001 333 59034 82070=
41194 11658 41704 10202 20102 30162 40168 60001 70611 84500 333 59034 70000 84645=
41196 12660 21704 10188 20082 30130 40172 60001 82500 333 59037 82645=
41216 32960 02805 10207 20120 30174 40178 333 59024=
41217 32960 02706 10204 20117 30145 40174 333 59025=
41246 36/// /2004 10187 20098 30165 40167 333 0E020 55300 25022 59029=
41255 36/// /2202 10146 20029 39632 40154 333 0E016 59025=
41258 36/// /2509 10223 20142 30154 40157 333 0E/// 55300 20000 59031=
41262 36/// /2810 10152 20114 39973 40174 333 0E016 55300 20000 59020=
41263 36/// /2600 10139 20014 39573 40151 333 0E016 55300 20000 59024=
41265 36/// /0704 10151 20073 39575 40154 333 0E018 55300 20000 59018=
41275 36/// /3009 10143 20038 30019 40194 333 0E014 55300 20000 59014=
41288 36/// /3002 10230 20161 30146 40169 333 0E023 59011=
41315 36/70 /3318 10110 21113 39345 48237 333 0E015 55300 27865 59000=
41316 32980 03413 10200 21102 30151 40181 333 59016 55000 55407 55408 55507 55508=
41396 12960 00001 10069 21087 39463 40229 60002 333 59015=
41480 11058 00105 10224 20150 30157 40165 60002 70541 333 59009=
41506 12620 40000 10000 21026 38542 48390 60001 84020 333 56080 58014==
41508 12420 60000 11017 21045 38695 48560 60001 83520 333 56880 58014==
41515 12420 60000 10008 21032 38606 48640 60001 84520 333 56880 58004==
41516 12440 50000 11040 21074 38586 48390 60001 84530 333 56880 58021==
41517 11440 70000 11060 21091 37839 48920 60001 70422 85530 333 56880 58038==
41518 12940 00000 11011 21040 30001 48010 60001 333 58000==
41519 12940 00000 10030 21058 38804 48330 60001 333 59013==
41523 12940 30000 11005 21051 39118 48050 60001 80001 333 56008 58019==
41535 12940 50000 10010 21068 38725 48860 60001 85020 333 56080 58007==
41536 12940 00000 10020 21036 39067 48140 60001 333 58019==
41560 12940 00000 11010 21023 38319 48530 60001 333 58006==
41600 11910 30000 10030 20030 39871 40183 60001 71011 83020 333 56080 59006==
41620 21996 03602 10025 21047 38601 48501 60002 70400 333 59006 60007=
41630 11920 00000 10060 20036 30000 40186 60001 70400 333 58011==
41678 11920 00000 10070 20047 30000 40181 60001 71000 333 58007==
41696 12940 00000 11055 21104 38044 48880 60001 333 58001==
41697 12940 00000 10095 20051 30006 40169 60001 333 58011==
41700 11905 00000 10065 20054 30025 40161 60001 74640 333 58010==
41718 11910 00000 10065 20042 30064 40173 60001 71000 333 58015==
41725 11920 00000 10115 20074 30089 40171 60002 70500 333 58018==
41739 11940 00000 10000 21062 39108 48290 60001 70500 333 59005==
41744 12940 00000 10040 21027 38806 48190 60001 333 58003==
41749 11920 00000 10100 20063 30144 40177 60001 71000 333 59004==
41757 12940 00000 10115 21010 30156 40169 60001 333 59030==
41780 01996 00210 10155 20020 30132 40160 60002 70500 333 58009 60007=
41785 12940 00000 10130 20091 30148 40161 60001 333 59014==
42027 31994 20000 11030 21048 38460 48548 71000 80001 333 58029=
42071 31993 09902 10052 20035 40178 71240 333 58009=
42101 31994 00000 10082 20082 40179 71000 333 58011=
42111 31994 02701 10084 20080 39437 40164 71000 333 58001=
42123 31994 00000 10066 20052 40173 71000 333 58018=
42131 31994 00000 10042 20032 40182 71000 333 58000=
42165 32996 00000 10080 20033 40173 333 58027=
42189 31991 00000 10096 20088 40157 74444 333 58001=
42309 31996 20201 10090 20086 40161 71000 82030 333 59015=
42314 31595 30203 10108 20100 40158 71000 83500 333 59015 83620=
42328 31995 00502 10084 20004 40151 70500 333 58014=
42339 31995 00203 10122 20037 40155 70500 333 58011=
42348 31994 00000 10106 20059 40166 70500 333 58000=
42361 31992 00000 10064 20055 40164 74640 333 58002=
42369 31994 00000 10106 20098 40161 71000 333 58002=
42379 31994 00000 10102 20094 40146 71040 333 59002=
42410 31594 20000 10122 20118 40149 71000 82500 333 59019 82620=
42415 31995 30000 10136 20110 40157 71011 83030 333 59011 83360=
42452 31995 00000 10084 20062 40157 70500 333 58008=
42492 31994 00000 10140 20122 40148 71000 333 59009=
42559 32996 00000 10102 20077 40144 333 59003=
42571 31995 00000 10090 20069 40159 71040 333 58001=
42634 32996 00000 10114 20038 40142 333 59001=
42647 31996 00708 10176 20087 40133 70400 333 58004=
42667 31995 00204 10068 20060 39545 40166 70500 333 58001=
42675 31995 00000 10072 20063 40152 71000 333 58012=
42701 31994 00000 10104 20085 39397 40149 71000 333 59019=
42724 31595 60000 10160 20153 40139 71022 81531 333 59007 81620 83360=
42737 32996 03603 10116 20046 40142 333 59004=
42754 31995 00805 10142 20102 39487 40138 70500 333 58001=
42779 31995 10000 10100 20068 39428 40155 70500 80001 333 59013 81075=
42798 31993 00000 10130 20119 40142 74440 333 59016=
42809 31494 43203 10176 20137 30130 40137 71022 82530 333 59011 82618 83360=
42840 32996 03202 10170 20115 40118 333 59009=
42867 31995 03201 10106 20077 40148 71000 333 59007=
42874 31995 00000 10144 20102 40144 70500 333 59011=
42886 31995 00000 10100 20088 40154 70500 333 59012=
42895 31595 53603 10174 20143 40133 70522 82530 333 59019 82620 84360=
42909 32996 00204 10170 20060 40119 333 59007=
42971 31595 50202 10202 20151 40129 70510 82530 333 59018 82620 84360=
43003 31995 00000 10170 20142 40110 70500 333 59008=
43014 31995 00000 10124 20098 39470 40140 71044 333 59002=
43041 31995 20000 10132 20114 39499 40135 71000 80001 333 59017 82075=
43063 32996 00000 10102 20098 39496 40148 333 59005=
43086 31995 00000 10136 20121 39942 40127 70500 333 59005=
43110 31995 00903 10194 20101 40104 70544 333 59014=
43117 32996 20501 10142 20110 40130 80001 333 59010=
43128 31996 00000 10154 20107 39498 40120 70500 333 59018=
43185 21596 63602 10234 20220 30089 40092 70522 84530 333 59013 6994/ 84620 84360=
43189 21596 70000 10220 20207 30095 40104 70522 83570 333 59015 6008/=
43192 32996 00502 10204 20175 40098 333 59008=
43201 32496 20000 10134 20109 39362 40110 82500 333 59007 82612=
43213 31595 40000 10210 20145 39781 40102 70521 82502 333 59011=
43245 31596 82904 10228 20209 30075 40102 70521 84572 333 59008=
43284 31995 10703 10220 20195 39976 40093 71000 80001 333 59005 81075=
43295 31496 20000 10194 20172 39084 48489 71011 82500 333 59009 82612=
43314 32996 00000 10234 20203 40086 333 59009=
43329 21495 80502 10234 20222 30072 40086 76065 8452/ 333 59006 6992/=
43333 21496 60906 10270 20235 40102 70522 82430 333 56990 58001 6003/ 81618 84360=
43344 31494 60000 10242 20221 39986 40086 71022 82531 333 59011 6990/ 82616 85360=
43369 22596 71802 10260 20251 40086 83534 333 59003 6013/ 83620 86358=
43371 22996 10000 10250 20238 30017 40090 80002 333 58003 6993/ 81071=
43404 01470 33502 10242 20241 30071 40074 56006 60008 702// 81000 333 55000 553// 20000 59004 69908 81818 83080 91004=
43410 11468 83101 10250 20233 30077 40080 52/// 60008 702// 82000 333 58002 82818 88460=
43413 11470 63503 10257 20248 30078 40083 5/006 60008 70222 83270 333 553// 20006 59004 83218 86760 91005=
43415 01470 20000 10230 20224 39984 40092 60008 701// 82000 333 59005 69958=
43418 01470 73202 10238 20227 30044 40085 57/// 60008 70311 87100 333 58001 69908 87118=
43421 11960 02601 10224 20223 39978 40085 54007 60008 71000 333 553// 20000 58000 91001=
43422 01965 00000 10220 20219 39952 40087 60008 70200 333 58003 60008=
43424 01950 00000 10234 20227 30083 40085 55007 60008 71000 333 58004 60008=
43436 01470 33201 10252 20228 30079 40082 54001 60008 70111 82000 333 58003 60008 82818=
43441 01470 70000 10234 20228 39949 40083 54040 60008 70322 82110 333 58005 69998 82118 86160=
43450 01456 60000 10239 20231 30085 40097 57001 60008 71022 82100 333 58005 69928 82116=
43466 11965 60601 10249 20208 30081 40089 5/000 60008 70511 81006 333 553// 20000 58005 81360 86680 91002=
43467 01456 70000 10251 20229 30085 40091 54000 60008 70522 81000 333 58007 60008 81816 87278=
43473 01770 72904 10145 20145 38110 48477 57002 60008 70122 84002 333 553// 20001 58000 69908 84456 87280 91007=
43475 01470 53201 10243 20235 30077 40082 57002 60008 702// 85000 333 553// 20000 58005 60358 85818 91002=
43476 01432 70000 10176 20173 38756 48499 69918 71022 83000 333 55001 59001 60068 83812 84450=
43479 01350 83200 10208 20207 39241 41/// 60008 710// 84140 333 55001 58001 69908 84108 87456=
43486 11430 52201 10233 20233 39983 40084 51002 60008 71022 82006 333 55001 553// 20000 58002 82816 85678 91002=
43495 01968 23203 10255 20237 30072 40085 52003 60008 70210 333 58004 60008 82080=
43497 11468 50301 10253 20000 30065 40082 5/007 60008 70121 85000 333 553// 20006 58006 85818=
44212 129// 31702 11275 21313 39225 40514 57007 69902 83040 333 21295 47013 55000 91203 555 31309 80235 93100=
44213 119// 50000 11264 21297 38862 40508 57003 69982 70272 85010 333 21265 47006 91200 555 31280 80946 93100=
44214 12970 00000 11235 21273 38316 40512 57005 60002 333 21179 3/120 47001 55000==
44215 129// 20000 11284 21316 38451 40548 57005 69922 82040 333 21290 47003 91202 555 31298 80150 93100=
44217 32998 00000 11297 21329 37866 40627 57008 333 21298 47003 91200 555 31346=
44218 329// 02001 11272 21303 38666 40532 55004 333 21281 47005 91202 555 31288=
44219 12999 30303 11273 21300 38691 40542 57001 69982 80008 333 21275 47004 91203 555 31268 80150 93101=
44265 429// 02901 11261 21291 38925 40516 56007 333 21276 3/133 47005==
44266 129// 23601 11249 21284 37779 40551 57005 69902 82080 333 21256 47001 91203 555 31296 80135 93100=
44404 42956 00902 10044 20006 38133 48485 80000 333 59002=
44416 42956 00000 10074 20066 39381 40163 333 59003=
44424 22960 00000 11042 21090 37685 47051 80000 333 58006=
44434 42356 10503 10090 20088 39249 48525 81100 333 59008=
44438 41920 00403 10104 20100 30021 40149 710// 80000 333 59005=
44449 42957 00000 10117 20108 39984 40142 80000 333 59010=
44454 42456 21103 10051 20047 38676 48511 82100 333 59013=
44462 42460 10901 10084 20047 38256 48479 81100 333 59018=
44474 41910 00000 10054 20028 38265 48520 710// 80000 333 59013=
44477 42956 00000 10088 20066 38824 48530 80000 333 59016=
44478 41914 00000 10103 20101 30048 40130 710// 80000 333 59019=
48010 42505 43601 10155 20144 39994 40152 82530 333 20150 59018==
48020 42210 70000 10165 20167 84840 333 20155==
48025 12210 70000 10178 20133 30017 40160 59014 60002 84870==
48048 42550 60401 10197 20185 30075 40133 85950 333 20175 59017==
48052 32450 31801 10202 20185 83800 333 20186 56900=
48064 42450 70000 10223 20212 30046 40105 85830 333 20203 59013==
48094 42956 10401 10225 20205 30110 40120 80001 333 20200 58001==
51076 14071 00001 11204 21231 39443 40421 57009 60001 333 11124 21209 3/104 4/009 59077 70000 90761 91102==
51087 14065 01201 11209 21234 39290 40428 57009 60001 333 11132 21229 3/106 4/008 59077 70000 90761 91103==
51156 14080 00004 11191 21226 38733 40408 57008 60001 333 11112 21200 3/115 4/001 59083 90761 91105==
51243 14/62 /3201 11175 21198 39792 40392 57011 60001 333 11099 21175 3/111 4/002 59087 90761 91102==
51334 14049 02001 11181 21206 39946 40393 57009 60001 77000 333 11104 21181 3/108 4/008 59076 90761 91104==
51379 14074 02703 11186 21204 39351 40395 57004 60001 333 11077 21244 3/106 4/014 59104 70000 90761 91104==
51463 14001 00000 11183 21205 39093 40389 57005 60001 74600 333 11070 21186 3/101 4/028 59093 70000 90761 91104==
51573 14/60 /3401 11092 21149 30338 40391 57001 60001 333 11002 21092 3/115 59007 70000 90761 91104==
51644 14/38 /0101 11158 21180 39050 40416 57009 60001 70500 333 11032 21168 3/106 4/006 59020 70000 90761 91103==
51656 14/07 /2201 11173 21194 39273 40436 57005 60001 74600 333 11070 21184 3/115 4/003 59007 90761 91102==
51709 14/58 /2001 11052 21104 38699 40355 57003 60001 333 11034 21065 3/105 59032 90761 91103==
51711 14/65 /2502 11143 21187 38050 40334 57006 60001 333 11044 21150 3/121 59023 90761 91106==
51716 14059 01101 11083 21116 39007 40377 57005 60001 333 11025 21095 3/111 59028 90761 91103==
51765 14/56 /3301 11174 21190 39340 40428 57005 60001 70500 333 11031 21178 3/119 59001 70000 90761 91104==
51811 14027 00000 11122 21145 38872 40382 57009 60001 333 11027 21122 3/119 59029 70000 90761 91102==
51818 14/29 /0000 11132 21155 38710 40379 57016 60001 333 11026 21134 3/120 59030 70000 90761 91102==
51886 14/80 /3502 11115 21256 37109 40308 52004 60001 333 11042 21150 3/116 59009 70000 90761 91104==
52203 14/57 /0801 11149 21177 39463 40429 52011 60001 333 11041 21164 3/121 58002 70000 90761 91103==
52602 14/80 /2001 11149 21252 37256 40321 52002 60001 333 11008 21167 3/119 59011 70000 90761 91103==
52818 14/75 /3301 11081 21202 37225 40268 52003 60001 333 11016 21108 3/114 59005 70000 90761 91104==
52908 14/80 /2507 11087 21185 35724 40125 54000 60001 333 10006 21151 3/118 59045 70000 90761 91113==
55228 04980 /0900 11161 21329 36061 40329 52010 60002 70000 333 10006 21166 3/125 54417 58034 60001 70000 90720 91114=
55299 14/77 /2804 11050 21245 35831 40076 52003 60001 333 10067 21166 3/122 59058 70000 90761 91109==
55578 04971 /3301 11087 21185 36377 40197 52007 60002 70000 333 10132 21131 3/114 54405 59042 60001 70000 90720 91107=
55591 14/71 /1001 11043 21142 36504 40132 52003 60001 333 10149 21048 3/113 59058 70000 90761 91103==
55664 04980 /3302 11043 21245 36034 40165 52013 60002 70000 333 10092 21121 3/111 54408 59025 60001 70000 90720 91111=
55773 04980 /3001 11111 21200 36027 40210 57005 60002 70000 333 10094 21133 3/118 54405 59025 60001 70000 90720 91108=
56004 14/80 /2805 11107 21193 35795 40141 52008 60001 333 10036 21185 3/119 59042 70000 90761 91109==
56018 14/72 /1101 11125 21236 36150 40146 52006 60001 333 10097 21127 3/117 59053 70000 90761 91104==
56312 04980 /2302 11047 21076 37108 40232 52004 60002 70000 333 10126 21054 3/106 59035 60001 70000 90720 91105=
62306 42560 43210 10161 20066 40248 57008 84500==
62309 42560 33205 10146 20102 40228 57008 83500==
62332 42960 00406 10184 20135 40229 57006==
62366 44556 40107 10146 20112 40225 57008 71020 84200==
62387 42960 03407 10129 20100 40217 57007==
62393 42960 03612 10114 20091 40231 54000==
62405 42960 00000 10108 21012 40186 57008==
62414 42960 03605 10151 21029 40181 57002==
62419 42960 03506 10175 20026 40163 57003==
62420 42960 33403 10166 20063 40237 57004 80002==
62435 42960 23406 10152 20093 40190 57008 80001==
62458 42960 00304 10178 20047 40196 57007==
41571 119// 50000 10050 21014 39595 40206 60002 70511 80001 333 56009 58011=
41256 32960 02206 10204 20132 30149 40166 92345 333 59031 55000 55407 55408 55507 55508=
42182 31991 00000 10084 20084 40166 74404 333 58005=
43353 31495 29902 10240 20213 40088 71021 81530 333 56390 58000 81616=
