SIPK OPKC 050900
41504 22997 00902 10280 20050 37778 48367 333 59018 60007 RH23%=
41505 22697 20000 10300 20072 38/// 48/// 82400 333 56900 58/// 60007 82840 RH 24%=
41506 22997 01808 10330 20097 38413 48407 333 59015 60007 24%=
41507 22697 40000 10310 20210 39170 49654 84100 333 56900 59041 60007 84840 55%=
41508 22697 22304 10311 20184 38591 48470 82200 333 56900 59014 60007 82835 47%=
41509 22697 12306 10345 20120 38649 48406 81100 333 56900 59011 60007 81840 RH26%=
41510 22997 01304 10250 20142 37860 48422 333 59018 60007 51%=
41515 22697 22308 10315 20108 38464 48426 82200 333 56900 59024 60007 82850 28%=
41516 22697 20902 10320 20128 38445 48400 82100 333 56900 59036 60007 82840 RH31%=
41517 22697 20000 10270 20086 37730 48386 82400 333 56900 59024 60007 82840 31%=
41518 22697 32702 10333 20095 38/// 48/// 82230 333 56990 5//// 60007 82840 81362 24%=
41519 22697 30000 10340 20124 38657 48413 83200 333 56900 59026 60007 83840 RH27%=
41520 22697 33602 10250 20054 37583 48150 83400 333 56900 59028 60007 83840 28%=
41523 22697 32704 10320 20205 38997 48453 83200 333 56900 59023 60007 83840 51%=
41524 22697 22302 10345 20210 39212 40009 82100 333 56900 59019 60007 82845 RH 45%=
41525 22697 60000 10205 20118 37656 48327 82420 333 56990 59022 60007 82640 84460 59%=
41528 22997 00000 10350 20208 39115 48456 333 59013 60007 44%=
41529 22696 50502 10350 20253 39640 49995 82520 333 56990 59022 60007 82640 83460 RH 57%=
41530 21696 50506 10340 20225 39601 49986 70522 84430 333 56990 59020 60007 84840 51%=
41534 22697 30902 10345 20255 39606 49991 83500 333 56900 59017 60007 83640 60%=
41535 22697 51302 10265 20199 38648 48428 85600 333 56900 59014 60007 85835 RH67%=
41536 22597 30000 10330 20217 38948 48456 83200 333 56900 59022 60007 83830 52% =
41560 22997 20000 10280 20161 38237 48447 82030 333 56090 59051 60007 82360 Rh48%=
41562 22997 31806 10345 20231 39568 40001 83030 333 56090 59028 60007 83360 RH 52%=
41565 22696 72302 10272 20242 38625 48500 83520 333 56990 59014 60007 83635 84460 RH 85%
41567 21696 30000 10335 20244 39589 49978 70400 83500 333 56900 59015 60007 83640 59%=
41571 21696 52306 10320 20245 39460 40009 70511 85800 333 56990 59010 60007 RH64%=
41572 21696 42108 10325 20258 39394 49978 70411 82530 333 56990 59016 60007 82640 84360 RH 68%=
41573 22091 80000 10200 20185 37938 48438 886// 333 569// 59011 60007 88700 91%=
41574 22697 52302 10255 20190 38293 48460 85500 333 56900 59015 60007 85640 67%=
41576 21696 60000 10325 20255 40023 70400 84430 333 56990 59015 60007 84840 83360 67%=
41577 21696 40000 10335 20246 39431 40008 70421 84400 333 56900 59003 60007 84840 RH 60%=
41593 21696 50000 10350 20253 39797 49995 70422 83570 333 56990 59019 60007 83640 83460 57%=
41597 22997 50000 10340 20272 40015 85070 333 56090 59020 60007 85461 68%=
41598 21696 21802 10340 20265 39742 49997 70400 82400 333 56900 59018 60007 82835 65%=
41599 21696 32304 10340 20241 39735 40007 70411 83400 333 56900 59014 60007 83640 56%=
41600 21696 60000 10330 20253 40005 70422 83570 333 56990 59019 60007 83645 83363 64%=
41620 32996 00000 10330 20068 38495 48400 333 59019 60007 20%=
41624 22997 30000 10360 20264 49995 83020 333 56090 59023 60007 83460 65%=
41625 22697 30000 10350 20261 39814 40002 60001 83500 333 56900 59007 60007 83640 60%=
41630 21696 63104 10345 20247 40007 70422 83570 333 56990 59019 60007 83640 84460 57%=
41633 22997 00000 10365 20246 4//// 333 5//// 60007 51%=
41634 22697 20000 10325 20250 3//// 4//// 82500 333 56900 5//// 60007 82640 65%=
41635 22997 40000 10360 20256 3//// 4//// 84030 333 56090 5//// 60007 84362 55%=
41636 21696 60000 10360 20279 39833 40005 70410 83470 333 56990 59034 60007 83640 84460 63%=
41636 21696 60000 10360 20279 39833 40005 70410 83470 333 56990 59034 60007 83640 84460 63%=
41636 21696 60000 10360 20279 39833 40005 70410 83470 333 56990 59034 60007 83640 84460 63%=
41638 21696 30000 10360 20256 4//// 70410 83500 333 56900 5//// 60007 83640 55%=
41639 21997 31302 10350 20253 4//// 70240 83030 333 56090 5//// 60007 83460 57%=
41640 21696 83104 10320 20250 39769 40005 76062 8452/ 333 5699/ 59023 60017 84640 88460 67%=
41641 21696 63408 10335 20244 39744 40001 70422 83470 333 56990 59021 60007 83640 85460 59%=
41642 22997 60000 10335 20274 4//// 83630 333 56990 5//// 60007 83640 83360 70%=
41643 21696 60000 10330 20261 39748 40009 70422 83470 333 56990 59012 60007 83640 83460 67%=
41644 22697 40000 10330 20253 4//// 83520 333 56990 5//// 60007 82640 83460 64%=
41646 21696 30000 10355 20259 39817 40015 70410 83500 333 56900 59017 60007 83640 58%=
41652 21696 21308 10360 20279 39832 49999 70400 82500 333 56900 59027 60007 82640 63%=
41661 21996 03102 10335 21000 38318 48431 78540 333 59025 60007 12%=
41669 22696 72302 10370 20244 3//// 4//// 83520 333 56990 5//// 60007 83640 84460 49%=
41670 21996 00000 10365 20262 4//// 70400 333 5//// 60007 56%=
41674 21696 41804 10350 20263 3//// 4//// 70410 84400 333 56900 5//// 60007 84840 60% =
41675 21696 51806 10360 20249 39862 49997 70420 85400 333 56900 59026 60007 85840 53%=
41676 21996 41302 10350 20288 39878 40025 70400 84020 333 56090 59030 60007 84460 69%=
41677 21696 40504 10350 20253 39834 49992 70400 84500 333 56900 59024 60007 84640 57%=
41678 21696 60000 10360 20232 4005 70500 83520 333 56990 59026 60007 83640 83460 48%=
41679 21996 30000 10340 20265 4//// 70422 83030 333 56090 5//// 60007 83360 65%=
41680 21696 50000 10350 20261 40008 70421 85400 333 56900 59014 60007 85840 60%=
41685 22697 32302 10315 20224 38824 48432 83200 333 56900 59019 60007 83840 RH58%=
41696 22997 00000 10270 20108 37981 48466 333 59002 60007 Rh36%=
41697 22697 40000 10390 20260 49989 60001 84500 333 56900 59032 60007 84640 RH48%=
41700 21696 32704 10365 20249 49986 70400 83400 333 56900 59025 60007 83840 53%=
41701 21696 40504 10360 20256 40001 70400 84500 333 56900 59034 60007 84640 55%=
41710 22997 03104 10400 21153 49938 333 59029 60007 RH03%=
41712 22997 00502 10380 20024 39094 48462 333 59020 60007 RH11%=
41715 21996 01302 10360 20272 49995 70500 333 59030 60007 RH61%=
41716 21696 50000 10360 20264 39903 40000 70410 85500 333 56900 59028 60007 85640 58%=
41718 21996 32304 10370 20276 49998 70400 83030 333 56090 59019 60007 83362 59%=
41724 21696 30904 10370 20260 40010 70500 83500 333 56900 59036 60007 83640 RH54%=
41725 22696 31304 10370 20260 49994 333 56900 59036 60007 83640 RH54%=
41726 02996 00000 10380 20264 39944 40011 333 59041 60007 RH52%=
41738 22996 02310 10375 20225 39843 40012 333 59032 60007 RH42%=
41739 22996 02704 10370 20018 38969 48465 333 59006 60007 RH11%=
41742 22697 21802 10355 20259 40004 82100 333 56900 59027 60007 82830 RH 58%=
41743 21996 01802 10375 20250 70500 333 60007 RH 49%=
41744 22996 00000 10310 21004 38733 48473 333 59001 60007 RH 12%=
41745 21996 01304 10360 20256 70500 333 60007 RH 55%=
41746 22996 01804 10360 20264 49999 333 59029 60007 RH58%=
41747 22996 01304 10375 20258 49991 333 59032 60007 RH52%=
41748 22996 01304 10360 20264 40014 333 59026 60007 RH58%=
41749 22996 01306 10370 20276 49991 333 59049 60007 RH59%=
41756 22497 52310 10320 20250 40027 85600 333 56900 59034 60007 85715 RH67%=
41757 22996 22318 10325 20255 30026 40038 80001 333 56009 59022 60007 82070 RH67%=
41759 21996 32308 10330 20246 40016 70511 83030 333 56090 59039 60007 83360 RH61%=
41760 21596 42514 10325 20255 40023 70500 82630 333 56990 59016 60007 82720 82458 RH 67%=
41764 22596 22318 10340 20241 39953 40001 82600 333 56500 59031 60007 82725 RH56%=
41765 22996 32306 10350 20245 39975 40008 83010 333 56090 59022 60067 83360 RH55%=
41766 22996 32304 10350 20268 40001 83030 333 56090 59024 60007 83360 RH63%=
41767 22996 5//// 10345 20263 85830 333 56990 60007 83835 82360 RH62%=
41768 22596 42302 10335 20281 39998 40005 84600 333 56500 59027 60007 84720 RH74%=
41780 22596 62512 10310 20254 39991 40018 86500 333 56900 59021 60007 86630 RH72%=
41783 22696 72306 10320 20250 39981 40010 84530 333 56990 59019 60007 84635 83360 RH 67%=
41785 22697 62306 10320 20265 30006 40019 83530 333 56590 59030 60007 83640 83360 RH 73%=
41786 22696 42306 10330 20253 39965 40000 84600 333 56900 59030 60007 84630 RH64%=
41BAG 22697 42302 10230 20096 84500 333 60007 84640 42% CORR=
41BKI 21696 63604 10350 20245 39601 49990 70420 83520 333 56990 59016 60007 83640 83460 55%=
41SKP 21996 30000 10335 20251 4//// 70400 83030 333 56090 5//// 60007 83360 62%=
43532 22697 20000 10350 20216 39222 49964 82500 333 56900 59018 60007 82640 46%=
43533 22997 23102 10340 20220 39113 48432 82020 333 56090 59006 60007 82460 50%=
43563 22697 30502 10328 20256 40002 83500 333 56900 59011 60007 83640 65%=
41660 21796 13112 10320 21069 38361 48441 70500 81400 333 56900 59027 60007 81850 08%=






Data Generated from File : D:\all data handling\Rmc_lhr\2024090509.FSU.txt
05/09/24 09:56:42
______________________________________________________________
15007 25970 70103 10226 20086 39730 40179 52003 7000/ 83038 333 55310 0//// 21723 3//// 60007 91006 91106=
15020 24/70 53601 10261 20087 39982 40169 50000 83031 333 55310 22239 60007 91005 90730 91105==
15023 25970 43601 10242 20073 39749 40152 50001 7000/ 82039 333 55308 0//// 21886 3//// 60007 91004 91106=
15056 25570 70404 10234 20079 39831 40165 50007 7000/ 82278 333 55306 0//// 21591 3//// 60007 91008 91108=
15069 25999 60703 10196 20067 39132 42814 50001 7000/ 86070 333 55306 0//// 21529 3//// 60007 91005 91105=
15090 21570 82401 10190 20134 30079 40169 50005 76162 8557/ 333 55300 00030 20580 30531 69947 91002 90730 91102==
15107 25970 51502 10234 20081 39390 42819 58006 7000/ 83071 333 55305 0//// 21651 3//// 60007 91003 91103 95000=
15108 22270 50703 10126 20036 38138 48531 52007 82541 333 55310 22313 60007==
15109 25998 73503 10245 20060 39750 40163 54000 7000/ 82038 333 55310 0//// 22098 3//// 60007 91007 91108=
15111 25570 60504 10235 20074 39909 40160 52006 7000/ 82576 333 55310 0//// 21875 3//// 60007 91008 91109=
15113 27570 80402 10193 20115 30008 40166 51009 7818/ 8557/ 333 55300 0//// 20588 3//// 69907 91005 91108=
15127 25970 43202 10206 20078 39319 42816 58004 7000/ 84070 333 55310 0//// 22507 3//// 60007 91004 91104 95000=
15148 25970 40504 10164 20054 38742 48522 52003 7000/ 84070 333 55310 0//// 22422 3//// 60007 91007 91107=
15150 24/70 70104 10241 20091 39962 40165 52004 83038 333 55310 22163 60007 91007 90730 91110==
15154 27570 83302 10188 20124 30022 40160 50010 7818/ 8557/ 333 55300 0//// 20815 3//// 69917 91005 91106=
15168 25/70 /2501 10226 20088 39562 42812 57004 7000/ 333 55308 0//// 21952 3//// 60007=
15170 24/70 33202 10211 20081 39410 42810 58005 82041 333 55308 21884 60007 91004 90730 91104==
15194 25970 23605 10255 20076 39876 40155 57003 7000/ 80001 333 55310 0//// 22042 3//// 60007 91009 91109=
15197 25570 70206 10202 20105 39958 40161 50009 7000/ 83570 333 55301 0//// 21221 3//// 60007 91009 91110=
15215 25998 31801 10215 20099 39584 42815 57005 7000/ 83070 333 55310 0//// 22376 3//// 60007 91004 91104=
15219 25/70 /3605 10240 20100 30035 40154 52004 7000/ 333 55304 0//// 21338 3//// 60007=
15238 25970 61701 10209 20091 39567 42815 57004 7000/ 84079 333 55309 0//// 22057 3//// 60007 91003 91103=
15261 25962 43402 10200 20099 39378 42827 57004 7000/ 82241 333 55309 0//// 22118 3//// 60007 91004 91104 95000=
15265 25970 70205 10224 20107 30083 40155 52008 7000/ 83038 333 55306 0//// 21476 3//// 60007 91008 91110=
15280 21270 50901 10083 20038 37555 47133 52005 70341 83230 333 55310 22668 60007 91003 90730 91105==
15301 25570 30301 10183 20084 38659 48544 53003 7000/ 81141 333 55310 0//// 22420 3//// 60007 91004 91105 95000=
15302 25570 33201 10185 20068 38950 48531 54001 7000/ 81209 333 55309 0//// 21935 3//// 60007 91003 91104 95050=
15307 25570 40405 10252 20088 39965 40142 55001 7000/ 82201 333 55310 0//// 22113 3//// 60007 91011 91111=
15310 24/70 73504 10228 20124 30063 40145 50001 82038 333 55306 00910 21715 31583 60007 91010 90730 91110==
15324 25970 02002 10235 20116 39381 42805 56004 7000/ 333 55310 0//// 22335 3//// 60007 91004 91106=
15325 25970 50202 10166 20061 38510 48521 52002 7000/ 83240 333 55310 0//// 22370 3//// 60007 91005 91106=
15328 25970 43502 10261 20072 39812 40143 58008 7000/ 84070 333 55310 0//// 22166 3//// 60007 91005 91105=
15335 24570 73603 10198 20136 30134 40141 50005 84570 333 55301 20961 60007 91005 90730 91107==
15336 25/68 /3504 10186 20151 30133 40135 50007 7000/ 333 55300 0//// 20708 3//// 60007=
15349 25970 01601 10251 20043 39619 40142 57003 7000/ 333 55310 0//// 22162 3//// 60007 91004 91104=
15350 24/70 43604 10279 20060 30033 40146 57006 83042 333 55309 21704 60007 91009 90730 91109==
15360 24565 83511 10179 20153 30110 40126 50006 8227/ 333 55300 20809 60007 91013 90730 91113==
15377 25997 00201 10276 20078 39942 40145 57005 7000/ 333 55310 0//// 21737 3//// 60007 91003 91103=
15387 25570 73206 10193 20156 30126 40130 50003 7000/ 87500 333 55300 0//// 21051 3//// 60007 91010 91110=
15402 25970 23602 10276 20094 30077 40148 57006 7000/ 81041 333 55310 0//// 22198 3//// 60007 91005 91106=
15406 25970 13505 10244 20123 30096 40141 55003 7000/ 81040 333 55310 0//// 22303 3//// 60007 91008 91108=
15408 25970 63303 10218 20134 39882 40138 51002 7000/ 80006 333 55309 0//// 22147 3//// 60007 91005 91107=
15409 25570 73606 10211 20157 30090 40136 52004 7000/ 84502 333 55305 0//// 21567 3//// 60007 91009 91110=
15419 25970 13501 10258 20114 39974 40158 58003 7000/ 80002 333 55310 0//// 22162 3//// 60007 91004 91104=
15420 24970 03301 10266 20105 30045 40150 57005 333 55310 22246 60007 91004 90730 91104==
15434 22970 20701 10255 20106 39958 40157 58003 82040 333 55310 0//// 22127 3//// 60007 91003 91105=
15460 24970 23203 10259 20112 30125 40148 58004 80001 333 55310 22379 60007 91006 90730 91106==
15462 25970 53208 10239 20126 30057 40139 57005 7000/ 80006 333 55310 0//// 22368 3//// 60007 91010 91110=
15470 24670 11103 10248 20113 30034 40154 50000 81100 333 55310 22182 60007 91006 90730 91106==
15475 22997 13501 10253 20130 30135 40154 58003 80001 333 55310 0//// 22321 3//// 60007 91004 91104=
15479 25970 23305 10239 20124 39957 40141 57004 7000/ 80001 333 55310 0//// 22373 3//// 60007 91008 91109=
15480 24970 43203 10242 20136 30118 40134 57005 80005 333 55310 01430 22436 32324 60007 91007 90730 91107==
15499 25970 13103 10254 20128 30126 40135 57005 7000/ 80001 333 55310 0//// 22346 3//// 60007 91009 91109 92428=
15549 42970 20702 10240 20114 39749 40141 54000 82030 333 10242 20173 555 545//=
15552 42970 03602 10267 20126 30091 40137 58002 333 10268 20206 555 542// 92024 92428=
15640 42776 10000 10267 20205 39843 40134 58007 81100 333 10267 20226 555 569//=
15655 42968 01102 10252 20155 30110 40141 58001 333 10252 20206 555 555// 92022 92427=
15730 42670 21801 10282 20159 39757 40125 58009 82200 333 10282 20192 555 547//=
16627 42970 01105 10300 20134 30129 40134 56002 333 90730 91109==
16650 42960 00209 10280 20205 30120 40129 52001 333 90730 91114==
16667 42960 03609 10324 20171 30111 40122 54000 333 90730 91112==
16706 42960 00214 10306 20134 30094 40100 50001 333 90730 91122==
16723 42960 00208 10318 20183 30080 40094 54000 333 90730 91112==
16732 46/// /3611 10277 20216 30102 40113 52006 333 90730 91119==
16742 42960 03311 10308 20178 39942 40089 51004 333 90730 91116==
16749 42960 02511 10300 20221 30069 40082 52006 333 90730 91116==
16754 42960 03112 10300 20194 30076 40122 52007 333 90730 91116==
16757 42960 03020 10282 20254 39979 40105 52004 333 90730 91127==
16760 42960 03510 10296 20124 40116 52003 333 90730 91116==
16765 42960 02825 10292 20214 40092 53007 333 90730 91134==
17022 42670 13205 10257 20180 39986 40143 50005 81100 333 81834 90730 91109==
17024 42970 03107 10280 20258 30054 40127 52004 333 90730 91111==
17026 42570 33309 10282 20206 30102 40139 50004 83200 333 83830 90730 91111==
17031 42570 53507 10270 20210 30126 40132 50000 83240 333 83833 85360 90730 91112==
17034 41670 72303 10253 20206 30095 40139 52003 70282 83250 333 83835 87360 90730 91109==
17038 42670 63105 10266 20210 30080 40125 54000 86200 333 86835 90730 91109==
17042 42670 43004 10277 20212 30093 40131 58001 82130 333 82835 84360 90730 91107==
17050 42970 01801 10289 20126 30088 40147 58003 333 90730 91104==
17056 42970 01006 10258 20198 30132 40136 58003 333 90730 91109==
17060 42960 00708 10283 20162 30101 40140 58001 333 90730 91113==
17070 42665 11203 10242 20118 39293 40117 58008 81100 333 81834 90730 91106==
17074 42670 33601 10238 20176 39228 40113 58006 83200 333 83835 90730 91106==
17084 42970 00504 10267 20127 39253 40105 58008 333 90730 91108==
17085 42670 33302 10284 20138 39646 40105 57014 83200 333 83840 90730 91107==
17092 42660 31803 10276 20122 38825 48479 57016 83100 333 83845 90730 91109==
17096 42660 41802 10259 20101 38229 48479 57013 84200 333 84840 90730 91109==
17098 42660 13605 10235 20115 38192 48482 57013 81100 333 81840 90730 91111==
17100 42970 00202 10302 20123 39129 40042 57012==
17112 42970 00307 10293 20197 30116 40118 58004 333 90730 91113==
17115 42960 00214 10278 20180 30087 40135 50001 333 90730 91119==
17116 42965 00502 10304 20131 30012 40126 58005 333 90730 91105==
17124 42960 03006 10265 20081 39250 40114 58004 333 90730 91111==
17128 42670 40002 10259 20129 39065 40099 58006 84100 333 84840 90730 91110==
17135 42670 21103 10269 20146 39270 40090 58008 82100 333 82840 90730 91108==
17140 42665 60403 10233 20117 38703 48501 58002 82150 333 82840 86360 90730 91110==
17150 42960 00302 10302 20141 30002 40118 58006 333 90730 91110==
17160 42670 40405 10268 20120 38999 48504 58004 82230 333 82840 84360 90730 91111==
17170 42660 12910 10248 20102 38317 48477 57010 81100 333 81840 90730 91114==
17175 42965 00105 10303 20170 30101 40105 58006 333 90730 91113==
17184 42970 03103 10319 20130 39997 40101 58010 333 90730 91107==
17190 42670 13502 10242 20111 38978 48507 58002 81100 333 81840 90730 91108==
17190 42670 13502 10242 20111 38978 48507 58002 81100 333 81840 90730 91108==
17195 42670 42304 10269 20115 38944 48496 58008 81130 333 81840 84360 90730 91112==
17200 42660 51007 10307 20104 39134 40040 58008 83130 333 83840 85360 90730 91111==
17202 42670 20703 10327 20106 39075 40033 57012 82100 333 82835 90730 91109==
17203 42670 21101 10311 20083 38831 48511 57013 82100 333 82840 90730 91105==
17210 42670 10402 10329 20076 39079 40026 58008 81100 333 81840==
17219 42965 03416 10316 20146 39964 40099 58003 333 90730 91122==
17234 42970 01301 10326 20155 30033 40096 58002 333 90730 91105==
17237 42970 03601 10305 20145 39625 40096 58003 333 90730 91105==
17240 42570 13003 10278 20144 39004 40077 58008 81100 333 81830 90730 91112==
17244 42670 43612 10259 20120 38979 48509 50001 84300 333 83840 81935 90730 91122==
17248 42970 03603 10271 20120 38954 48495 58006 333 90730 91109==
17250 42970 00405 10273 20110 38784 48496 58006 333 90730 91112==
17260 42660 11704 10320 20158 39260 40012 58004 81100 333 81840 90730 91110==
17270 42970 01104 10309 20210 39449 40048 58006 333 90730 91108==
17275 42670 11905 10295 20128 38942 48496 58002 81100 333 81840 90730 91112==
17280 42660 21305 10342 20131 39308 40031 58009 82100 333 82840 90730 91110==
17290 42970 02004 10326 20180 30057 40087 58001 333 90730 91109==
17292 42670 12901 10305 20132 39366 40074 58002 81100 333 81840 90730 91107==
17300 42560 21709 10321 20216 30015 40081 52004 82200 333 82830 90730 91113==
17310 42570 32105 10324 20256 30065 40072 52003 83200 333 83831 90730 91107==
17350 42660 31908 10325 20195 39992 40065 58004 83200 333 83835==
17370 42670 32604 10302 20253 30076 40080 58002 83200 333 83835 90730 91107==
17375 42670 12901 10323 20222 30061 40063 58003 81100 333 81835 90730 91108==
33088 42/60 60503 10227 20126 30034 40215 52001 86070==
33135 42970 70905 10238 20131 30087 40226 52001 80005==
33177 42970 60605 10238 20118 39977 40201 52001 80001==
33317 42/70 60702 10218 20110 39879 40199 52006 85075==
33393 42/60 50602 10244 20092 39818 40186 53003 85030==
33415 42/70 60706 10237 20093 39814 40189 53005 83076==
33429 42660 70604 10229 20093 39786 40185 53009 84530 333 84640==
33466 42670 60504 10255 20093 30009 40185 52002 82539 333 30///==
33506 42/60 70905 10248 20068 30014 40198 56004 85039==
33562 41/60 50805 10244 20109 39898 40184 58002 70282 85030==
33587 42570 60602 10237 20073 39919 40166 52003 83550==
33658 42/80 63302 10228 20118 39893 40176 54000 82031==
33663 42570 73403 10249 20061 30079 40169 54000 85350==
33664 42598 60404 10256 20036 39865 40161 52001 86200=
33678 42698 62803 10241 20044 39979 40180 52002 83230=
33679 42497 70502 10243 20055 39984 40163 58001 87500 333 87619=
33711 42660 80708 10278 20068 39958 40152 54000 82231 333 82842==
33745 42597 70202 10206 20074 30001 40181 52011 87900=
33748 41597 80601 10174 20120 39891 40165 52009 70382 883//=
33754 42598 80202 10205 20123 30025 40165 51005 8335/=
33761 41470 83301 10195 20115 39947 40160 52004 78098 889//==
33791 42984 30907 10287 20042 30034 40152 50004 80001==
33815 41597 83404 10151 20126 39950 40151 57001 78082 889//=
33837 42468 80202 10202 20152 30078 40127 52002 885// 333 88717==
33881 41596 83403 10163 20125 39966 40155 52005 78082 883//=
33883 41598 83504 10165 20129 39990 40147 54000 70282 883//=
33885 41597 73505 10168 20126 30035 40163 52008 72522 83940 333 91112=
33892 42598 80104 10178 20140 39937 40141 52005 85350=
33902 42560 60903 10274 20185 30072 40127 52001 86300==
33924 42570 51203 10275 20174 30108 40120 52003 83231==
33946 42673 50703 10286 20169 39908 40111 58002 85100 333 85846==
33983 42970 20806 10277 20174 30074 40130 52006 81130 333 91010 90730 91111==
34300 42/60 51004 10256 20090 30053 40219 51003 83031==
34336 42970 00804 10235 20054 30140 40238 52001 333 91010 90730 91110==
34344 42970 00704 10246 20073 30149 40231 54001==
34356 42960 00705 10226 20044 30099 40238 54000 333 91010 90730 91112==
34357 42/70 20606 10230 20047 30084 40230 54001 82030 333 91012 90730 91112==
34398 41970 00908 10219 20027 30221 40231 52003 70730 333 90730 91116==
34415 42670 30904 10274 20095 30111 40201 51001 82501==
34438 42/// /0707 10261 20104 30032 40210 52002 333 91012 90730 91113==
34445 41570 50607 10233 20062 30119 40226 52002 70731 82170 333 91011 90730 91112==
34461 42560 20605 10236 20041 30179 40231 54001 81530 333 91010 90730 91110==
34473 42997 00609 10230 20063 30189 40225 58002 333 91016 91118=
34476 41940 00608 10235 20041 30213 40220 54000 73130 333 91013 90730 91113==
34504 42970 50708 10269 20072 30011 40173 52006 80004==
34535 42970 20806 10275 20058 30131 40198 50000 80001 333 91010 90730 91111==
34545 42970 00606 10265 20072 30098 40202 52002 333 91012 90730 91112==
34555 42970 00508 10233 20117 30131 40216 52002 333 91011 90730 91112==
34560 42/60 20711 10225 20065 30039 40219 52003 82030 333 91014 90730 91113==
34578 42960 00505 10250 20060 30197 40203 51004==
34579 42970 20404 10253 20040 30163 40205 52002 80002==
34644 42960 00604 10286 20064 30113 40184 54001 333 90730 91110==
34646 42970 30605 10248 20130 30113 40190 52001 80001 333 90730 91110==
34655 42/60 20408 10278 20060 30136 40192 52003 82030 333 91012 90730 91113==
34662 41970 10406 10262 20059 30192 40202 52002 70700 80001 333 91012==
34691 42/70 20704 10251 20050 30210 40198 52009 82030==
34720 42670 70503 10262 20118 30138 40175 50005 82570==
34727 42560 61005 10257 20039 30137 40165 51006 86400==
34743 42960 60805 10294 20026 30096 40178 52001 80005 333 91010 90730 91110==
34759 42560 70505 10280 20049 30051 40172 54000 86531 333 90730 91110==
34772 41/70 50507 10284 20072 30180 40183 52004 70711 85039 333 91013 90730 91113==
34785 41570 80606 10290 20071 30194 40173 52002 70722 82189 333 91010 90730 91112==
34798 42970 60806 10271 20076 30205 40178 53011 80001==
34824 42/60 20805 10279 20078 30145 40150 52001 82040 333 90730 91110==
34838 42660 80703 10243 20009 30066 40156 52005 885//==
34845 42570 80903 10250 21028 30065 40165 52003 8257/==
34858 42/60 70401 10245 21007 30066 40166 54001 87070==
34861 42570 70907 10278 21004 39937 40161 54000 85/// 333 91012 90730 91112==
34866 42770 60808 10290 20017 30169 40161 54000 83934 333 91013 90730 91113==
34880 42560 70504 10284 20085 30188 40164 52004 82931 333 90730 91110==
34887 42/70 80303 10274 20092 30179 40162 52005 86057==
34949 42/70 20707 10265 20034 39636 40141 57002 82030 333 91011 90730 91111==
34954 42670 50703 10289 21014 39989 40149 57004 83101 333 90730 91111==
34958 42570 60804 10285 20016 39965 40149 54001 82531 333 91010 90730 91110==
34975 41/70 60403 10280 20020 30155 40151 58001 70282 86034==
34984 42670 70304 10260 20146 30182 40154 52007 83971==
35217 41/60 40206 10190 20027 30218 40256 52001 70731 84040==
35302 42570 21209 10210 20038 30231 40232 52002 82100==
35315 42598 40607 10190 20029 30190 40244 58001 84500=
35344 42599 60306 10142 20040 39952 40227 56005 83330=
35358 42/60 73407 10152 20050 30032 40194 58002 87040==
35368 42599 63004 10148 20048 39918 40170 58003 83230=
35386 42598 63003 10130 20064 39620 40112 57004 86900=
35394 41570 62805 10115 20068 39459 40102 58005 72582 86900==
35404 41998 01210 10220 20041 30221 40229 52008 70730 333 91115=
35406 41960 00506 10202 20034 30227 40229 52002 70730==
35416 42670 31607 10187 20023 30115 40229 58006 83100==
35426 42684 50504 10169 20044 39954 40229 58005 85200==
35437 42698 70509 10159 20030 39925 40223 58004 87100=
35449 42998 60106 10161 20062 30104 40202 58009 86050=
35497 42570 72903 10117 20037 39354 40109 52002 87900==
35498 41598 73205 10121 20020 39271 40099 52003 70282 87900=
35514 42998 00706 10207 20023 30222 40218 54000=
35522 42698 40403 10173 20039 39982 40220 58005 84100=
35542 42699 60205 10163 20016 30067 40206 58009 86200=
35563 42598 83304 10110 20035 39425 40159 52001 885//=
35576 42570 70404 10148 20030 39713 40135 58003 87200==
35582 42598 83206 10134 20065 39568 40134 52012 889//=
35594 42599 63306 10133 20028 39315 40102 54000 86900=
35605 42998 30409 10229 20025 30218 40198 52007 82071=
35633 42698 40112 10184 20001 30001 40202 58008 84100 333 91015 91115=
35671 42570 60104 10165 20009 39739 40142 58004 86900==
35699 42660 63203 10181 20001 39369 40066 52003 82101==
35700 42970 20810 10243 20034 30210 40188 52006 80005==
35715 41998 01009 10239 21019 30198 40184 54000 70730=
35739 42999 30707 10194 20038 30052 40182 58005 83050=
35746 42670 20206 10186 20041 30117 40180 58008 82102==
35777 42597 63403 10202 20068 39808 40127 52009 86100=
35796 42/60 62906 10222 20037 39668 40064 52004 82031==
35849 42970 30804 10198 20051 30088 40168 58003 80002==
35895 42598 73204 10222 20046 39672 40077 58003 84302=
35907 42998 70606 10210 20145 30178 40150 53017 87030=
35925 42670 60908 10227 20048 30059 40163 54000 86200==
35927 42598 60909 10252 20052 30149 58004 82543=
35953 42/84 53610 10209 20020 30032 40153 58005 82032 333 90730 91115==
35969 42984 50201 10219 20017 39979 40140 58004 80004==
35997 42598 53604 10226 20034 39675 40070 52003 84366=
36259 42584 82602 10178 21059 38183 48435 57018 86902==
36335 41599 72504 10107 20030 39125 40090 58001 70282 87300=
36358 42599 72302 10100 20059 39113 40078 57008 87300=
36394 42697 72902 10213 20076 39651 40034 57024 85541=
36397 42684 71104 10252 20017 39514 40019 57028 86401==
36403 42698 71401 10245 20109 39708 40031 57011 85971=
36418 42699 80907 10246 20050 39488 40039 57012 8295/=
36421 42699 80000 10181 20106 39548 40065 57010 885//=
36428 42684 70302 10236 20095 39599 40049 57015 85950==
36439 42698 72802 10187 20060 38892 48450 56002 85932=
36498 42598 72212 10255 21021 39295 40000 57020 85331 333 91017 91115=
36501 42699 50000 10204 20095 39336 40017 57019 85300=
36535 42584 71103 10255 20042 39472 40037 57016 86330==
36546 42699 60902 10252 20066 39560 40042 57012 85343=
36619 42599 62304 10268 20059 84950=
36622 42598 71907 10256 20031 39294 40010 57015 83940 333 91115=
36639 42584 70000 10266 20067 39492 40032 57010 84931==
36643 42598 80902 10247 20086 39440 40032 57014 889//=
36665 42699 80000 10244 20082 39389 40039 58011 889//=
36666 42599 70504 10215 20106 39604 40050 57010 87970=
36729 42598 82703 10290 20009 39607 40033 57008 82931=
36736 42599 82101 10271 20042 39556 40050 57009 8695/=
36744 42998 62904 10250 20064 39652 40057 58002 86041=
36770 42599 62704 10276 21020 39392 40040 57007 84301=
36786 42699 72901 10258 20042 39214 40037 58005 87900=
36796 42998 60000 10243 20079 38953 48459 57002 86050=
36803 42599 71203 10275 20088 39648 40048 58003 87900=
36806 42699 61604 10276 20068 39633 40050 57007 82103=
36819 42598 82010 10308 20047 39501 40043 57007 82934=
36821 42584 62404 10300 20032 39610 40044 57008 84932==
36839 42599 82402 10255 20049 39026 40041 57006 82949=
36843 42698 70801 10252 20015 38983 40042 57002 83932=
36846 42699 82002 10206 21030 38576 48479 53003 889//=
36859 42584 72301 10294 20057 39345 40040 57013 82935==
36870 42/60 62001 10284 20108 39121 40023 57009 84071==
36874 42699 63208 10300 20022 39347 40037 57008 84506=
36877 42699 23302 10292 20051 39171 40041 57008 82100=
36885 42699 63404 10267 20023 39030 40045 57002 81231=
36889 42699 70000 10105 21006 37074 47096 58003 87200=
36894 42599 63202 10300 20050 39389 40046 57008 82372=
36905 42999 30802 10242 20033 38691 48466 57010 80002=
36911 42999 52703 10280 20127 39176 40053 57003 85040=
36927 42699 21402 10222 20058 38303 48453 57018 82900=
36934 42699 21303 10201 20069 38220 48332 57016 82532=
36953 42699 32001 10244 20028 38161 48508 57012 83100=
36963 42799 31402 10156 21078 37061 48/// 57009 82550=
36974 42998 22701 10248 20062 37950 48452 57021 80002=
36982 42599 22710 10128 21112 36567 47119 57011 82200=
37018 42670 62501 10317 20224 30046 40114 58001 83804==
37031 42560 60903 10273 20092 39958 40139 57001 86500==
37054 42670 80403 10248 20150 39790 40148 52005 884//==
37061 42/60 61004 10275 20051 39994 40151 58001 86030==
37085 42570 73405 10230 20145 30172 40146 52006 8653/==
37171 42570 82704 10276 20212 30097 40114 53002 82201==
37228 42560 80202 10219 20169 39345 40124 52002 883//==
37235 42670 80502 10220 20173 39843 40140 52005 885//==
37472 42560 73203 10242 20191 30158 40137 52004 84571==
38149 42570 60505 10236 20086 30059 40131 58005 87900==
38178 42970 50205 10265 20080 39837 40100 58010 80001==
38262 42/70 60505 10259 20093 30050 40126 57002 86032==
38264 42970 40308 10290 20045 30025 40111 57012 80001==
38345 42798 72601 10250 20068 38759 48481 58010 83932=
38353 42998 63103 10271 20013 39248 40069 58005 86030=
38392 42997 30608 10306 20036 30002 40096 58003 83030=
38396 42960 50407 10302 20009 39984 40098 57002 80001==
38403 42960 00703 10323 20130 30015 40124 58003==
38413 42970 00304 10306 21017 39822 40087 58023==
38457 42660 62402 10323 21057 39526 40057 57011 81149==
38462 42684 72302 10263 20050 38706 48472 57013 85950==
38462 42684 72302 10263 20050 38706 48472 57013 85950==
38507 42998 22105 10316 20117 39982 40076 58002 80001=
38545 42998 60000 10323 20089 39916 40074 57008 83083=
38565 12970 00203 10310 20085 39501 40069 52015 60002==
38579 12984 00504 10302 20050 39684 40065 57006 60002==
38583 12/60 23402 10317 20059 39777 40069 58009 60002 82040==
38599 42998 01302 10308 20073 39586 40053 57015=
38611 42960 02503 10321 20073 39533 40048 57022==
38613 42999 01801 10321 20061 40035 56015=
38616 42998 02701 10309 20044 39115 40032 57024=
38618 42960 02401 10314 20090 39409 40031 57017==
38647 42998 00501 10336 20062 30021 40059 57010=
38656 42998 01102 10366 21057 39972 40071 58008=
38683 42960 00204 10332 20040 39805 40055 58015==
38687 42997 00704 10331 20041 39849 40062 50012=
38696 12984 03601 10324 20085 39261 40032 58010 60002==
38750 42997 52506 10310 20227 30130 40104 52003 85030=
38763 42998 02504 10350 20061 39985 40080 52005=
38774 42998 03203 10347 20029 39896 40072 58005=
38799 42997 00203 10358 20029 39849 40056 58027=
38806 42997 03201 10350 20095 39802 40035 58012=
38812 42960 03102 10341 20045 39630 40038 58012==
38836 41697 02502 10331 20115 39128 49964 57024 70500=
38880 42997 03602 10350 21016 39828 40058 54000=
38886 42997 01304 10365 20061 39855 40059 57008=
38895 42996 00702 10364 20077 39801 40061 58015=
38911 42998 00203 10336 20095 39804 40070 53004=
38915 42997 00000 10363 20078 39755 40044 58028=
38927 12960 02102 10361 20030 39694 40031 57022 60002==
38933 42998 02002 10325 20197 39580 40044 58025=
38954 42999 00000 10293 20064 37878 48400 57046=
38974 42998 00000 10367 20114 39747 40046 58011=
38987 42996 00303 10338 20011 39363 40034 58020=
40030 42570 23101 10312 20174 40051 58008 83500 333 83630=
40080 42965 02001 10286 20137 39400 4//// 54000=
40100 43970 02410 10307 20217 30089 40104 58006 333 58///=
40180 02660 22803 10313 20192 30041 40087 57008 82100 333 70000==
40199 02/// /0306 10342 20182 30054 40077 57016 333 70000==
40265 41656 13208 10286 20157 39336 40092 57015 70500 81100 333 81840=
40270 41958 00106 10277 20131 39231 40085 57007 70500=
40340 42960 03516 10334 20165 30028 40089 57008=
40356 42960 00605 10322 20090 39139 48491 333 59022 555 04410 50053=
40357 42960 00305 10375 20010 39446 40035 333 59026=
40360 42960 03008 10308 20100 39511 40071 333 59023=
40361 42960 00808 10371 20050 39321 40053 333 59034=
40362 42960 00605 10389 20050 39562 40038 333 59021=
40373 42960 03608 10395 20050 39649 40036 333 59013=
40375 42960 01203 10323 20080 39222 40041 333 59025=
40394 42960 02110 10376 20090 38980 48494 333 59025 555 04410 50023=
40394 42960 02110 10376 20090 38980 48494 333 59025 555 04410 50023=
40400 42960 02714 10332 20250 30033 40060 333 59011=
40405 42960 01405 10400 20050 39344 40023 333 59018=
40417 42960 03608 10426 20160 39996 40010 333 59017=
40420 42960 03510 10428 20060 39820 40010 333 59013=
40430 42660 12105 10400 20070 39340 40026 81100 333 59020 81840=
40437 42960 02804 10394 20020 39376 40030 333 59013=
40439 42960 02605 10434 20120 30012 40030 333 59017=
40582 32960 03515 10421 20086 40017 58017 333 55310 00904 10000 22794 31079 41424 52007 63873 55407 41714 90400 91023 91123 91217 91315=
40703 42962 00904 10304 20113 38856 40018 57016 333 70000 555 10188 29031 66666 00348 10320 20282 30284 50280 90260=
40706 42962 01803 10325 20051 38603 40009 57014 333 70000 555 10171 29018 66666 00389 10315 20306 30313 50307 90289=
40712 42962 00803 10304 20077 38625 40014 57013 333 70000 555 10172 29024 66666 00304 10244 20250 30243 50241 90229=
40713 42966 02102 10322 20037 38609 40004 58010 333 70000 555 10165 29017 66666 00286 10279 20288 30289 50283 90260=
40718 42960 03602 10301 20214 30126 40099 57013 333 70000 222// 0//// 20301 555 10243 29060 66666 00342 10302 20304 30298 50284 90264=
40723 42970 02506 10310 20006 38905 40058 58012 333 70000 555 10154 29014 66666 00340 10296 20240 30246 50254 90246=
40726 42960 00304 10318 20053 38606 49999 58009 333 70000 555 10168 29019 66666 00320 10302 20288 30280 50272 90258=
40727 42965 02602 10331 20010 38442 40020 57016 333 70000 555 10160 29013 66666 00369 10269 20252 30260 50255 90233=
40732 41557 23409 10316 20202 30106 40084 57009 70500 82200 333 70000 82826 555 10240 29051 66666 00320 10314 20298 30294 50280 90264=
40736 42560 42902 10317 20240 30118 40094 58001 84200 333 70000 84825 555 10263 29064 66666 00353 10322 20305 30304 50300 90289=
40737 42560 62902 10290 20232 30072 40089 58001 84870 333 70002 81830 83635 85360 555 10250 29071 66666 00291 10281 20276 30268 50256 90250 77777 00014 10005 20013 30020 50023 70023 99027=
40738 41540 72605 10313 20234 30099 40101 58004 70522 84370 333 70000 81925 83630 86359 555 10258 29063 66666 00316 10316 20304 30302 50296 90276=
40739 42965 02202 10339 21047 38647 40030 57009 333 70000 555 10152 29008 66666 00350 10358 20280 30284 50286 90279=
40741 42960 00000 10372 21012 39741 40051 57017 333 70000 555 10179 29009 66666 00398 10335 20305 30310 50319 90319=
40743 42970 00802 10364 21204 38992 40016 57020 333 70000 555 10148 29002 66666 00397 10337 20305 30315 50321 90318=
40745 42965 00602 10341 20064 38977 40042 56016 333 70000 555 10183 29018 66666 00368 10300 20252 30262 50266 90270=
40747 42960 01805 10351 21059 38584 40007 58023 333 70000 555 10154 29007 66666 00397 10299 20293 30306 50302 90292=
40754 42660 12004 10352 21101 38772 40009 57012 81100 333 70000 81840 555 10150 29005=
40762 42965 00000 10336 21203 38507 40013 58018 333 70000 555 10131 29002 66666 00402 10310 20260 30266 50277 90284=
40766 42960 02503 10367 21165 38642 40003 57019 333 70000 555 10148 29003 66666 00418 10320 20296 30300 50296 90284=
40768 42965 00302 10339 21020 38229 49997 57016 333 70000 555 10154 29010 66666 00351 10300 20277 30286 50284 90282=
40769 41957 00302 10343 21004 38272 49987 58018 70600 333 70000 555 10159 29011 66666 00388 10318 20296 30298 50304 90294=
40780 42960 02704 10350 20025 38639 40024 58005 333 70000 555 10172 29013 66666 00400 10330 20340 30340 50322 90308=
40782 42962 02805 10372 20005 38798 49995 57019 333 70000 555 10176 29010 66666 00366 10322 20306 30302 50316 90292=
40785 42960 00000 10375 21149 39005 40011 57022 333 70000 555 10156=
40791 42965 02301 10382 21235 39252 40008 57018 333 70000 555 10155 29001 66666 00384 10360 20328 30336 50353 90357=
40792 42965 02903 10340 21161 38660 40014 57017 333 70000 555 10138 29003 66666 00376 10340 20302 30310 50340 90322=
40798 42960 01703 10322 21190 37954 40025 58018 333 70000 555 10121 29003 66666 00417 10309 20253 30263 50267 90258=
40800 42960 01102 10360 21096 38429 40020 57018 333 70000 555 10151 29005 66666 00452 10330 20288 30294 50306 90298=
40809 42962 02902 10361 21282 38439 49986 57018 333 70000 555 10137 29001 66666 00402 10374 20338 30310 50304 90300=
40811 42960 02302 10417 20149 39973 49997 57014 333 70000 555 10245 29021 66666 00434 10376 20368 30378 50386 90382=
40812 42960 02703 10406 20162 39647 49989 57013 333 70000 555 10245 29024 66666 00470 10432 20406 30406 50404 90390=
40818 42965 00104 10309 21192 37961 49996 57017 333 70000 555 10116 29003 66666 00301 10264 20268 30283 50306 90302=
40821 42980 03002 10354 21258 38733 40015 58006 333 70000 555 10139 29001 66666 00397 10352 20325 30336 50346 90352=
40829 42960 03308 10390 20002 39469 49994 56026 333 70000 555 10187 29009 66666 00408 10378 20332 30328 50316 90302=
40831 42960 03007 10430 20110 30007 40015 58012 333 70000 555 10234 29015 66666 00460 10402 20374 30384 50378 90370=
40833 42960 01804 10411 20238 39978 40007 58015 333 70000 555 10287 29038 66666 00422 10388 20378 30382 50388 90370=
40835 41658 12804 10381 20194 39231 49993 57015 70500 81100 333 70000 81840 555 10252 29034 66666 00424 10384 20356 30358 50365 90350=
40841 42970 02802 10310 21130 38211 40015 57021 333 70000 555 10124 29005 66666 00394 10286 20272 30290 50296 90290=
40845 42960 02504 10368 20262 30006 40011 57012 333 70000 555 10291 29055 66666 00404 10382 20366 30370 50372 90364=
40848 42960 00402 10352 20068 38470 49972 57019 333 70000 555 10184 29017 66666 00380 10330 20302 30302 50302 90292=
40851 42960 00000 10320 21099 38224 49992 57024 333 70000 555 10132 29006 66666 00422 10330 20294 30310 50320 90322=
40854 42960 00303 10377 21112 38866 49974 57021 333 70000 555 10159 29004 66666 00470 10380 20358 30358 50370 90370=
40856 42960 01003 10355 21054 38571 49986 58021 333 70000 555 10156 29007 66666 00430 10336 20298 30306 50320 90316=
40859 41958 02104 10362 20024 38638 49985 57020 70500 333 70000 555 10176 29012 66666 00410 10320 20288 30286 50296 90296=
40875 41558 11305 10349 20270 30004 40015 58019 70510 81500 333 70000 81630 555 10291 29064 66666 00428 10376 20370 30368 50374 90372=
40879 42960 02002 10394 20085 39363 49989 57029 333 70000 555 10210 29016 66666 00450 10414 20384 30392 50402 90400=
40882 41550 12102 10366 20260 39984 40017 58016 70500 81100 333 70000 81830 555 10289 29055 66666 00440 10388 20378 30388 50376 90364=
40883 41956 01203 10356 20252 30001 40023 58008 70500 333 70000 555 10281 29055 66666 00390 10382 20370 30385 50385 90376=
40893 41958 02004 10317 20255 30006 40012 57023 70500 333 70000 555 10272 29070 66666 00363 10367 20362 30363 50369 90367=
40898 42560 21504 10321 20266 39989 49998 57026 82600 222// 00304 20901 333 70000 82720 555 10281 29073 66666 00446 10412 20364 30366 50376 90366=
41024 42660 23011 10379 20240 30014 40038 82500 333 59012 82640=
41036 42560 21104 10346 20030 38540 48491 81130 333 59016 81830 555 04410 50037=
41055 42560 21404 10321 21010 38350 48491 82400 333 59009 82630 555 04410 50038=
41061 42960 01606 10402 20030 39354 40012 333 59007=
41084 42960 02104 10372 21010 38809 48480 333 59010 555 04410 50005=
41112 42960 00606 10292 20000 37941 48490 333 59006 555 04410 50021=
41114 42560 20607 10283 21020 37971 48483 82200 333 59007 82822 555 04410 50005=
41128 42960 01208 10369 21010 38759 48479 333 59015 555 04410 50012=
41136 42660 41904 10415 20090 39240 49997 84500 333 59010 84635=
41140 41957 01810 10350 20260 30042 40052 70511 333 59002=
41150 42964 03006 10394 20136 40016 333 59018=
41170 42659 01009 10370 20273 30001 40014 333 59015=
41176 44/61 /1604 10375 20262 30004 40010 333 59017=
41194 42960 02508 10399 20229 30002 40010 333 59020=
41196 42960 02207 10392 20236 39974 40012 333 59020=
41216 42960 02305 10409 20187 30006 40010 333 59016=
41217 42960 02507 10415 20153 39977 40005 333 59018=
41240 36/// /0102 10364 20269 30000 40028 333 0E/// 55300 25022 59030=
41244 26/// /2109 10382 20169 39603 49991 333 0E033 55300 25022 59017 70036=
41246 32960 00710 10330 20272 30010 41011 333 59029=
41255 36/// /1203 10355 20204 39510 49989 333 0E027 59011=
41256 32960 00508 10340 20207 39996 40013 90843 333 59025 55407 55408 55507 55508=
41263 26/// /2802 10337 20218 39455 49986 333 0E025 55300 23715 59009 70154=
41265 36/// /1505 10368 20187 39446 49976 333 0E030 55300 23436 59015=
41267 36/// /3405 10309 20267 30003 40015 333 0E028 59031=
41275 36/// /1204 10353 20213 39870 40030 333 0E026 55300 23554 59010=
41288 32360 42407 10293 20251 30017 40038 84600 333 59015 84708=
41315 26/70 /0000 10250 20233 39239 47279 333 0E025 55300 27865 58000 70012=
41316 21356 81911 10273 20252 30016 40045 70522 886// 333 59001 55407 55408 55507 55508 70002 82707 84712 88620=
41397 82725 10240 20225 40196 54000 76166 8/7// 22200 00250 20502 324// 40502 80230=
41398 81228 10280 20252 40117 5//// 70222 87778 22233 00290 21106 80260=
41480 41956 12412 10344 20225 30058 40066 70544 81030 333 5802 81360=
41498 41805 10290 20248 40149 52020 70211 84145 22200 00270 299// 30000 80260=
41506 12960 01804 10330 20097 38413 48070 60001 333 59015==
41508 12460 22302 10311 20184 38591 48700 60001 82200 333 56800 59014==
41515 12460 22304 10315 20108 38464 48260 60001 82200 333 56800 59024==
41523 12460 32702 10320 20205 38997 48530 60001 83200 333 56800 59023==
41535 12460 51301 10265 20199 38648 48280 60001 85600 333 56800 59014==
41536 12460 30000 10330 20217 38948 48560 60001 83200 333 56800 59022==
41560 12960 20000 10280 20161 38237 48470 60001 82030 333 56080 59051==
41571 11640 52303 10320 20245 39460 40009 60001 70511 85800 333 56880 59010==
41598 11440 21801 10340 20265 39742 49997 60001 70400 82400 333 56800 59018==
41600 11440 60000 10330 20253 30000 40005 60001 70422 83570 333 56880 59019==
41620 12940 00000 10330 20068 38495 48000 60001 333 59019==
41624 12960 30000 10360 20264 30000 49995 60001 83020 333 56080 59023==
41630 11440 63102 10345 20247 30000 40007 60001 70422 84570 333 56880 59019==
41640 11440 83102 10320 20250 39769 40005 60011 76062 8852/ 333 5688/ 59023==
41660 21796 13112 10320 21069 38361 48441 70500 81400 333 56900 59027 60007 81850=
41678 11440 60000 10360 20232 30000 40100 60001 70500 83520 333 56880 59026==
41696 12960 00000 10270 20108 37981 48660 60001 333 59002==
41697 12460 40000 10390 20260 30000 49989 60001 84500 333 56800 59032==
41700 11440 32702 10365 20249 30000 49986 60001 70400 83400 333 56800 59025==
41710 12960 03102 10400 21153 30000 49938 60001 333 59029==
41712 12960 00501 10380 20024 39094 48620 60001 333 59020==
41715 11940 01301 10360 20272 30000 49995 60001 70500 333 59030==
41718 11940 32302 10370 20276 30000 49998 60001 70400 83030 333 56080 59019==
41725 12440 31302 10370 20260 30000 49994 60001 83000 333 56800 59036==
41739 12940 02702 10370 20018 38969 48650 60001 333 59006==
41744 12940 00000 10310 21004 38733 48730 60001 333 59001==
41749 12940 01303 10370 20276 30000 49991 60001 333 59049==
41756 12260 52305 10320 20250 30000 40027 60001 85600 333 56800 59034==
41759 11940 32304 10330 20246 30000 40016 60001 70511 83030 333 56080 59039==
41764 12340 22309 10340 20241 39953 40001 60001 82600 333 56800 59031==
41768 12340 42301 10335 20281 39998 40005 60001 84600 333 56800 59027==
41780 12440 62506 10310 20254 39991 40018 60001 86500 333 56800 59021==
41785 12460 62303 10320 20265 30006 40019 60001 83530 333 56880 59030==
41859 01450 81302 10266 20260 39978 40015 70262 8562/ 333 58005 70664 82710 84618 88458==
41883 02456 80000 10290 20260 39994 40014 8552/ 333 59001 70010 85616 88459==
41891 01450 40000 10332 20250 39971 40008 70522 82530 333 59010 70000 82616 83362==
41907 02450 80000 10312 20260 39993 40008 8452/ 333 59005 70244 84615 88458==
41923 01450 70000 10296 20260 30002 40012 70196 84370 333 59001 70111 83615 85458 81930==
41936 01450 41403 10352 20250 39999 40006 70522 83830 333 59007 70000 83615 84362==
41943 02440 51802 10340 20250 39999 40006 83530 333 59008 70000 83616 83362==
41950 02450 50902 10342 20240 30001 40003 82530 333 59009 70000 82617 84362==
41978 02559 42208 10332 20250 30002 40008 82301 333 59010 70000 82828 83080 81930==
41992 01430 71203 10305 20260 30010 40012 70522 85920 333 59014 70030 84615 87460 81925==
42001 05091 99259 70897 46/// /1207 10299 20286 30116 40119 90840 22200 00306 333 91209 555 11080 22085 8//08 90836=
42027 32596 22302 10292 20169 38339 48414 82200 333 59018=
42044 32596 22301 10287 20182 38210 48428 82200 333 59020=
42045 32596 21402 10276 20169 38254 48368 82100 333 59014=
42056 32696 43202 10316 20248 39582 84800 333 59017 82635 83840=
42071 31596 42904 10344 20289 40008 71021 84400 333 59016 84625=
42097 05091 99257 70837 46/// ///// 1//// 90856 22200 00300 10401 20401 70007=
42101 32696 60000 10320 20285 40014 83530 333 59013 83635 85360=
42111 31595 61801 10308 20250 39320 49984 70521 84830 333 59013 84620 85830 86360=
42123 32596 60501 10340 20250 49994 84430 333 59022 83630 84835 86360=
42131 21596 72701 10280 20280 40012 79596 83320 333 59017 6019/=
42165 32696 50000 10336 20249 49992 85800 333 59019 83635 85840=
42182 31596 50000 10324 20257 49996 70522 83530 333 59033 83630 84360=
42189 31595 60000 10328 20261 49994 70522 84830 333 59032 83620 83825 86360=
42309 31596 43204 10314 20278 40011 71092 82230 333 58001=
42314 32596 31804 10334 20262 40008 83130 333 59003 83825=
42328 31595 51802 10340 20256 49977 70522 85800 333 59026 83630 83835=
42339 31695 60000 10326 20256 49998 70522 84410 333 59024 81635 83838=
42348 21595 60904 10310 20260 40004 71022 84430 333 59014 6993/ 84630 85360=
42361 41520 80000 10310 20294 49998 76062 8552/ 333 59009 85620 88458==
42369 31596 69902 10344 20264 49992 70522 85401 333 59007 82620 85825=
42379 31495 60704 10330 20272 49993 70522 86400 333 59010 84618 83822=
42410 21495 73202 10326 20285 40019 71022 83330 333 58008 6004/ 83618 81925 86360=
42415 32596 50000 10316 20266 40028 82421 333 58009 82620 84459=
42452 31596 72702 10290 20250 49989 71020 84520 333 59021=
42492 21495 73601 10294 20289 49999 72196 84630 333 59010 6018/ 82710 84618 85360=
42559 32596 51802 10314 20236 49984 85200 333 59006 85825=
42571 31596 80000 10284 20270 40098 70292 8593/ 333 59001 85625 81930 87360=
42591 31496 50904 10340 20256 49996 70521 84330 333 59005 83618 81930=
42623 31496 61401 10310 20240 39170 49998 70522 84630 333 59002 81710 84618 86360=
42634 32596 62504 10326 20237 40028 85831 333 59021 83620 84825=
42647 21596 83203 10294 20251 40020 70552 8472/ 333 5669/ 59026 6993/ 82715 83618 88458=
42667 22540 61806 10302 20232 39439 40004 84630 333 59003 60005 82620 83825 85360==
42675 32596 62704 10320 20237 49990 83230 333 59007 83830 85360=
42701 21495 72004 10260 20254 39298 40009 79596 84930 333 59001 6001/ 83710 83618 81930 85360=
42724 21495 70702 10270 20270 40013 79596 84330 333 58003 6030/ 83618 81930 86360=
42737 21595 72708 10264 20258 40028 79596 81970 333 59019 6019/ 83620 81930 85456 87358=
42754 32396 62706 10288 20234 39393 40008 85630 333 59013 83708 83618 86360=
42779 32596 40000 10324 20241 39319 49982 84800 333 59012 81620 83825=
42798 21495 61409 10316 20251 49991 71792 84930 333 57960 59012 6990/ 83618 81930 86360=
42809 31595 63202 10348 20258 40004 70522 84530 333 59008 84620 86360=
42840 32596 62503 10314 20261 40034 84830 333 59020 82620 83825 85360=
42867 31496 72504 10324 20247 49996 70522 84520 333 59015 84618 87458=
42874 21596 71804 10268 20265 40004 71796 83930 333 59002 6032/ 82618 81930 85359=
42886 31596 51602 10344 20261 49995 70521 84430 333 59010 83620 84825 85360=
42895 32596 41402 10326 20262 40006 83401 333 59010 83620=
42909 32596 42713 10306 20270 40036 84800 222// 20000 333 59015 82620 83825=
42971 31496 51802 10346 20278 40005 70522 85430 333 59012 84618 85330=
43003 21495 82704 10278 20252 40049 76252 8572/ 333 59015 6003/ 82710 84615 88458=
43014 21496 72306 10298 20245 39385 40010 70554 85730 333 59019 6994/ 82712 83620 84825 84360=
43041 21596 80000 10246 20236 39414 40021 71796 8492/ 333 58011 6006/ 83620 81930 88458=
43063 21597 72703 10284 20227 39432 40039 70252 86730 333 56690 59008 6990/ 82722 83626=
43086 32597 82301 10314 20266 39842 40014 83531 333 58000=
43110 21496 72706 10286 20255 40064 72162 86770 333 59013 6011/ 83712 84618 85456=
43117 32597 62302 10310 20258 40021 84630 333 59023=
43128 31496 72903 10298 20233 39434 40023 70522 83831 333 56699 59006 83615 86360=
43150 32596 71604 10330 20275 39953 40014 84963 333 57961 58000 81620 82930 84360=
43185 22597 73206 10312 20264 30013 40016 83530 333 59004 6990/ 83620 85360=
43189 32597 62502 10312 20249 30007 40016 83870 333 58005=
43192 22596 62305 10314 20273 40062 82732 333 59015 6996/=
43198 21396 72713 10262 20231 39234 40041 72162 85631 333 56699 59015 6999/ 83707 83612 85358=
43201 21497 52003 10298 20214 39319 40022 70265 84830 333 59011 6998/ 83612 84818=
43213 32497 72908 10322 20222 39713 40020 83238 333 56699 57872 59011=
43233 32497 62506 10296 20231 39249 40042 84830 333 59017=
43237 32597 72508 10334 20216 39623 40000 83832 333 59021 82620 87360=
43245 32597 62705 10342 20226 30005 40031 82478 333 59016=
43279 32597 63206 10364 20225 30012 40029 84430 333 59021 83620 83360=
43284 21496 72510 10286 20252 39953 40067 70262 84871 333 56699 59014 6003/ 83612 83820 85358=
43295 32497 62705 10284 20174 39050 48474 84831 333 56699 59014 83612 84818=
43314 32597 62302 10320 20261 40086 83831 333 59001=
43321 31496 32316 10332 20214 39604 40034 70500 81801 333 59015 81612 83070=
43329 32597 23203 10362 20262 30016 40029 81501 333 59024=
43333 31496 72711 10288 20248 40037 70522 85411 333 56599 59019 82618 84820 86458=
43344 31496 52915 10370 20204 39934 40029 70522 83431 333 59020 82616 83860=
43353 22496 63208 10300 20249 40075 83720 333 56790 59012 6001/ 83614 83458=
43369 32597 43204 10312 20265 40079 83402 333 59014 83620=
43371 22497 43210 10318 20253 39992 40063 83401 333 59021 6002/ 83618=
43404 22470 32202 10329 20267 30035 40038 56029 81000 333 59018 60008 555 60008==
43410 22470 3//// 10325 20255 30036 40039 57030 83000 333 59016 60008==
43413 22470 52205 10314 20264 30047 40051 5/028 81106 333 553// 20494 59016 60008 91008==
43415 22470 4//// 10360 20244 39946 40054 56032 84000 333 59019 60008 555 60008==
43418 22470 62302 10370 20223 39999 40040 57028 86200 333 59021 60008 555 60008==
43422 22470 52303 10324 20237 39921 40051 58022 85200 333 59020 60008 555 60008==
43424 22470 22303 10314 20259 30058 40060 57019 82100 333 59018 60008 555 60008==
43436 22470 40904 10326 20256 30036 40039 57028 83/// 333 59024 60008 81920 555 60008==
43441 22470 42304 10316 20243 39924 40054 57024 83000 333 59031 60008 555 69908==
43444 22470 42902 10290 20224 39534 40060 53026 84000 333 59029 60008 555 69908==
43450 22460 52703 10309 20255 30073 40085 57014 85000 333 59018 60008 555 69908==
43466 22470 52302 10307 20240 30061 40069 57026 85000 333 553// 20348 59021 60008 91007==
43467 22470 42504 10320 20261 30064 40070 57026 83000 333 59021 60008 555 60008==
43473 21262 83004 10176 20174 38100 48462 53019 70252 88000 333 553// 20085 59013 60008 91009 555 60008==
43475 22470 21603 10345 20262 30038 40042 57027 81100 333 553// 20427 59019 60008 91007 555 60008==
43479 22470 61301 10294 20205 39218 57020 86000 333 59014 60008 555 60008==
43486 21460 52903 10321 20255 39966 40064 57024 72585 85000 333 553// 20462 59023 60008 91008==
43495 22470 32503 10298 20257 30056 40069 57024 83000 333 59017 60008 555 60008==
43497 22470 12207 10310 20000 30034 40051 5/028 81000 333 553// 20520 59021 60008 91011==
44212 42/84 63603 10213 21007 39030 40070 57015 86010==
44213 42/84 63403 10224 21031 38722 40055 57012 84048==
44214 42/70 72705 10199 21067 38228 40048 57011 87070==
44215 42/70 70602 10205 21079 38360 40057 57013 84078==
44217 32998 62306 10155 21078 37838 40101 57010 86070 333 91210=
44218 42684 61004 10232 21095 38543 40044 57016 83544==
44219 32999 12207 10258 21126 38559 40032 57021 80008 333 91207=
44265 42984 01403 10254 21060 38786 40063 57017==
44266 32999 02408 10184 21109 37771 40074 57011 333 91112 91209=
48010 41556 71801 10275 20253 39871 40021 72055 84870 333 58021==
48020 42358 60401 10295 20263 84970==
48025 42456 73201 10308 20267 39889 40024 58008 84370==
48031 42257 72201 10235 20209 87800==
48048 42558 53201 10345 20257 39960 40013 82950 333 59002==
48052 32460 40000 10362 20278 82230 333 56990=
48062 42558 32304 10310 20267 30001 40008 83900 333 59015==
48064 42458 40401 10330 20244 39949 40004 83801 333 59011==
48071 42459 62304 10322 20265 30000 40008 84970 333 59032==
48094 41457 81801 10280 20260 30010 40020 76066 8597/ 333 59016==
48109 42460 62305 10300 20266 30034 40037 85930 333 59008==
50557 14/80 /2803 10226 20004 39777 40062 57003 60001 333 10233 20083 3/008 58046 70000 90761 91109==
51076 14/80 /2401 10247 20050 39256 40083 57013 60001 333 10256 20085 3/007 59069 70000 90761 91109==
51087 14/80 /1702 10281 21077 39115 40062 57017 60001 333 10287 20119 3/011 59071 70000 90761 91110==
51156 14/80 /2203 10209 21010 38639 40092 57009 60001 333 10212 20063 3/005 59053 70000 90761 91108==
51243 14/80 /1002 10271 20029 39554 40065 57015 60001 333 10271 20161 3/013 59075 70000 90761 91109==
51334 14/80 /3302 10259 20084 39688 40070 57015 60001 333 10262 20096 3/009 59065 70000 90761 91104==
51379 14/80 /2401 10297 21016 39175 40062 57015 60001 333 10298 20070 3/006 59068 70000 90761 91106==
51463 14/80 /1209 10263 20009 38944 40044 57015 60001 333 10266 20159 3/015 59059 70000 90761 91124==
51573 14/80 /1502 10329 20046 30035 40081 57031 60001 333 10332 20181 3/016 59065 70000 90761 91106==
51644 14/61 /2403 10245 20085 38919 40110 57020 60001 333 10247 20121 3/014 59046 70000 90761 91107==
51656 14/50 /2606 10254 20108 39104 40103 57024 60001 70700 333 10256 20125 3/007 59056 70000 90761 91111==
51709 14/73 /1803 10257 20073 38596 40080 57024 60001 333 10261 20144 3/014 59046 70000 90761 91107==
51711 14/70 /0803 10196 20098 38011 40047 57015 60001 333 10198 20103 3/011 59035 70003 90761 91106==
51716 14/59 /1902 10271 20076 38873 40091 57024 60001 333 10275 20137 3/014 59047 70000 90761 91105==
51765 14/71 /2602 10271 20085 39168 40113 57024 60001 333 10272 20114 3/009 59048 70000 90761 91108==
51811 14/72 /1202 10268 20051 38752 40086 57022 60001 333 10269 20131 3/011 59047 70000 90761 91105==
51818 14/67 /0702 10262 20091 38609 40087 57023 60001 333 10266 20119 3/010 59045 70000 90761 91104==
51828 14/64 /1302 10262 20068 38609 40086 57019 60001 333 10262 20142 3/011 59045 70000 90761 91105==
51886 14/80 /2303 10121 21004 37170 40118 57015 60001 333 10201 20068 3/011 58024 70000 90761 91113==
52203 14/78 /2001 10268 20013 39280 40121 57019 60001 333 10274 20102 3/008 59045 70000 90761 91105==
52602 14/80 /3204 10132 21001 37306 40138 57018 60001 333 10170 20036 3/006 58013 70000 90761 91117==
52681 14/80 /1002 10155 20113 38644 40152 57013 69911 333 10161 20131 3/013 59041 70002 90761 91107==
52818 14/80 /2303 10161 20029 37269 40077 57017 69911 333 10164 20104 3/010 59016 70001 90761 91109==
52908 14/80 /0306 10069 20032 35811 40018 57011 60001 333 10092 20021 3/002 59015 70013 90761 91110==
53463 14/80 /2102 10210 20090 38888 40167 57010 60001 333 10215 20134 3/012 58052 70016 90761 91108==
54857 14/80 /3507 10253 20214 30008 40097 52013 60001 333 10308 20252 3/024 58037 70000 90761 91111==
55299 14/80 /0604 10098 20048 35887 49954 57006 60011 72100 333 10139 20063 3/007 58004 70068 90761 91109==
55591 14/80 /0701 10217 20075 36513 49888 57029 60001 333 10260 20107 3/013 58010 70088 90761 91105==
56004 14/80 /3209 10120 20042 35850 49921 57014 60001 333 10157 20049 3/005 59018 70026 90761 91115==
56018 14/80 /1301 10151 20053 36205 49934 57019 60031 333 10156 20089 3/008 58000 70099 90761 91107==
57494 14/66 /0205 10358 20250 30018 40046 57007 60001 333 10379 20277 3/028 58024 70000 90761 91111==
58847 14/80 /0403 10319 20229 39949 40045 52002 60001 333 10326 20277 3/027 58008 70000 90761 91108==
62306 42560 43013 10305 20228 40125 52002 84200==
62309 42560 42908 10318 20219 40110 52003 84500==
62325 42560 43306 10314 20216 40102 57002 84200==
62332 42560 33206 10310 20215 40104 52002 83200==
62337 42560 33204 10306 20210 40096 57005 83500==
62357=
62366 45560 53308 10294 20191 40099 57005 85200==
62387 42960 03209 10314 20186 40107 57003==
62393 42960 03508 10324 20156 40132 57002==
62405 42960 03405 10354 20144 40090 57006==
62414 42960 03609 10361 20115 40094 57008==
62419 32960 00813 10358 20164 40080 57005=
62420 42960 03306 10305 20179 40118 57001==
62423=
62435 42960 03305 10354 20132 40093 57005==
62440 32960 03410 10320 20197 40103 57005=
62455 42960 03310 10308 20205 40080 57007==
62458 42960 03012 10299 20213 40085 57007==
62459 41/50 33023 10299 20216 40066 57003 70700 83070==
62465 32960 03414 10329 20211 40070 54000=
