SIPK OPKC 172100=
41504 22995 00000 11040 21124 37880 48554 333 58012 60007 48%=
41516 22996 42302 11035 21088 38596 48548 84030 333 56090 58021 60007 84360 66%=
41517 21696 10000 11060 21091 37845 48597 70400 81500 333 56900 58044 60007 81635 76%= 
41518 22996 01802 10011 21049 38/// 48/// 333 5//// 60007 65%= 
41519 22996 00000 10040 21044 38795 48525 333 59014 60007 54%=
41520 22995 00000 11035 21116 37670 48338 333 58031 60007 49%= 
41620 32996 03603 10050 21048 38605 48506 70400 333 58005 60007 49%=
41660 229// 01304 10005 21103 38447 48539 333 59033 60007 49%=
41661 21995 03102 10050 21098 38397 48527 70500 333 59025 60007 33%=
41685 22997 00000 10075 21090 38948 48520 333 58014 60007 30%=
41696 22996 00000 11045 21091 38038 48580 333 58002 60007 67%=
41697 22996 00000 10110 20043 40183 333 58018 60007 63%= 
41710 22996 03102 10035 21071 40227 333 59042 60007 46%=
41712 22996 00502 10005 21056 39240 48514 333 59044 60007 64%=
41715 21994 00000 10090 20069 40176 70400 333 58002 60007 86%=
41724 21995 00000 10110 20068 40199 70400 333 58015 60007 75%=
41725 21995 00000 10125 20085 40177 70500 333 58016 60007 77%=
41726 11995 03604 10110 20068 30106 40180 70500 333 58001 60007 75%=
41738 22996 00000 10120 21162 30033 40222 333 59018 60007 12%=
41739 21996 00000 10030 21040 39106 48533 70500 333 59002 60007 60%=
41742 22996 20000 10105 20037 40172 82030 333 56090 58004 60007 82360 63%= 
41744 22996 03106 10060 21016 38829 48542 333 58012 60007 58%=
41745 21995 03102 10110 20056 70400 333 60007 69%=
41746 22996 00000 10120 20079 40175 333 58015 60007 76%=
41747 21996 00000 10080 20033 40167 70400 333 58015 60007 72%=
41748 21995 00504 10100 20057 40178 70500 333 58009 60007 74%=
41749 21995 00000 10120 20079 40178 70400 333 59002 60007 76%=
41756 21996 03602 10160 20069 40174 70500 333 59026 60007 55%=
41757 22996 00000 10130 21003 30163 40176 333 59029 60007 40%=
41764 21996 03606 10165 20063 30104 40156 70400 333 59003 60007 51%=
41765 22996 03608 10150 20081 30129 40165 333 58008 60007 63%=
41766 21995 03602 10115 20085 40178 70400 333 58011 60007 82%=
41767 22996 05006 10120 20079 3//// 4//// 333 60007 76%=
41768 22996 00000 10095 20038 40153 333 58006 60007 68%=
41780 21996 00204 10155 20020 30134 40162 70500 333 58004 60007 40%=
41786 22996 00000 10050 20012 30109 40148 333 59002 60007 76%=

41565 22996 03102 10044 21020 38661 48524 333 59002 60007 62%=
41506 22695 40000 10015 21023 38555 48551 84020 333 56090 58027 60007 84460 76%=
41524 22996 00000 10060 20013 39392 40290 333 59020 60007 72%=
41525 22996 01304 10000 21057 37678 48415 333 59001 60007 65%=
41599 21995 00000 10070 20047 39877 40179 70400 333 58000 60007 85%=
41675 21995 00000 10090 20069 30027 40176 71000 333 58019 60007 86%=
41630 21996 00000 10070 20035 40185 70400 333 58013 60007 78%=
41534 21994 00000 10055 20043 39765 40198 71000 333 58018 60007 92%=
41641 21995 00000 10085 20063 39889 40174 71000 333 58007 60007 86%=
41528 21696 60000 10035 20010 39250 48510 70410 83520 333 56990 58003 60007 83640 83460 84%=
41567 21996 00000 10070 20021 39744 40179 70400 333 58022 60007 71%=
41573 22697 43602 10030 21051 37988 48525 84500 333 56900 58010 60007 84640 55%=
41576 21996 00000 10055 20018 40216 70400 333 58014 60007 77%=
41593 21995 00000 10075 20053 39954 40180 71000 333 58015 60007 86%=
41597 21996 00000 10080 20058 40195 70400 333 58011 60007 86%=
41598 21995 00000 10060 20036 39886 40170 71000 333 58000 60007 85%=
41600 21994 30000 10050 20050 40185 71011 83020 333 56090 59006 60007 83460 100%=
41624 21695 31302 10090 20045 40191 70400 83500 333 56900 58018 60007 83637 73%=
41625 21996 00000 10070 20047 39957 40166 70400 333 58011 60007 85%=
41633 21996 00000 10060 20048 4//// 70400 333 5//// 60007 92%=
41634 22996 00000 10060 20013 3//// 4//// 333 5//// 60007 72%=
41635 21995 00000 10060 20036 3//// 4//// 71000 333 5//// 60007 85%=
41636 21996 00000 10075 20053 30009 40201 70400 333 58006 60007 85%=
41638 21996 00000 10090 20069 4//// 70400 333 5//// 60007 86%=
41639 21996 00000 10070 20047 4//// 71000 333 5//// 60007 85%=
41640 21995 00000 10080 20058 40182 71000 333 58015 60007 86%=
41642 21994 00000 10065 20042 4//// 71000 333 5//// 60007 85%=
41643 21995 00000 10080 20058 39883 40172 71000 333 58001 60007 86%=
41644 21994 00000 10065 20054 4//// 71000 333 5//// 60007 RH 92%=
41646 21994 00000 10070 20047 40199 71000 333 58011 60007 85%=
41652 21995 03102 10075 20027 40185 70400 333 58011 60007 72%=
41669 21996 00000 10080 20058 3//// 4//// 70400 333 5//// 60007 86%=
41670 21995 00000 10080 20046 4//// 70400 333 5//// 60007 79%=
41674 21994 00000 10085 20063 3//// 4//// 71000 333 5//// 60007 86%=
41676 21994 00000 10085 20063 30032 40196 71000 333 58006 60007 86%=
41677 21995 00000 10080 20069 30000 40174 71000 333 58007 60007 93%=
41678 21995 00000 10090 20057 40187 71000 333 58007 60007 80%=
41679 21994 00000 10085 20074 4//// 71000 333 5//// 60007 93%=
41680 21995 00000 10060 20036 40180 71000 333 58001 60007 85%=
41700 21994 00000 10085 20063 40171 71000 333 58012 60007 86%=
41701 21994 00000 10080 20058 40182 71000 333 59007 60007 86%=
41716 21995 00000 10100 20068 40181 71000 333 58016 60007 81%=
41718 21995 00000 10080 20058 40181 71000 333 58017 60007 86%=
41SKP 21994 00000 10055 20043 4//// 71000 333 5//// 60007 92%=
43532 21696 70000 10050 20014 39361 40198 70400 84520 333 56990 58000 60007 84640 85460 78%=
43533 21996 00000 10025 21001 39241 48482 70400 333 58008 60007 83%=
43563 22997 00000 10067 21010 40202 333 58014 60007 59%=
41574 22997 00000 11005 21018 38380 48563 333 58006 60007 91%=
41571 219// 23604 10065 20005 39600 40208 70500 80001 333 56009 58013 60007 RH65%=
41507 22996 00000 10030 20005 39275 49817 333 59004 60007 84%=
41508 22695 60000 10000 21044 38690 40551 83520 333 56990 58012 60007 83635 83460 RH 72%=
41510 22996 40000 11025 21037 37952 48577 84030 333 56090 58016 60007 84360 90%=
41515 22695 50000 10022 21036 38596 48555 82520 333 56990 58002 60007 82650 83460 66%=
41529 21995 40000 10055 20043 39808 40208 71000 82021 333 56099 60007 82460 82070 Rh 92%=
41535 22996 30000 10020 21073 38731 48493 83020 333 56090 58011 60007 83460 RH50%=
41562 22996 03102 10080 20005 39712 40193 333 58017 60007 RH59%=
41BKI 21996 00000 10075 20013 39774 40211 70400 333 58030 60007 Rh65%=
41577 21996 00000 10030 20018 39566 40213 70400 333 56000 58013 60007 RH 92%=
----
41785 22996 03602 10150 20081 30152 40165 333 59014 60007 RH 63%= 

Data Generated from File : D:/all data handling/Rmc_lhr/2024121721.FSU.txt
17/12/2024   22:04:15
____________________________________________________________________________________________
15020 24/70 /3003 10082 20005 30008 40207 53007 333 55300 20000 60007==
15090 24970 02602 10070 20009 30113 40207 52008 333 55300 10210 20000 30000 60007 91005 90730 91106==
15108 21/02 93113 11045 21046 38074 48492 55001 74543 89/// 333 55300 20000 60007 91018 90730 91120==
15150 24967 03101 10012 21007 30004 40225 52005 333 55300 20000 60007 91002 90730 91102==
15170 24570 72302 10037 20007 39454 42839 53007 87300 333 55300 20000 60007 91003 90730 91103==
15280 21/00 9//// 11068 21076 37497 47039 55003 74143 89/// 333 55300 20000 60007==
15310 24970 12702 10057 20014 30130 40218 52011 80001 333 55300 10190 20000 30000 60007 91005 90730 91107==
15335 24/70 22903 10086 20024 30208 40215 52012 82030 333 55300 20000 60007 91004 90730 91106==
15350 24/70 /2504 10104 20019 30110 40231 51011 333 55300 20000 60007==
15360 24970 02807 10076 20033 30190 40207 52013 333 55300 20000 60007 91008 90730 91108==
15420 24970 02901 10038 20027 30122 40236 51022 333 55300 20000 60007 91001 90730 91103==
15460 24/70 /2302 10073 20047 30210 40235 53023 333 55300 20000 60007==
15470 24970 02705 10076 20042 30112 40240 51013 333 55300 20000 60007 91006 90730 91109==
15480 24970 02803 10090 20048 30202 40219 52017 333 55300 10210 20000 30000 60007 91005 90730 91105==
15549 42970 02904 10096 20029 39817 40233 52014 333 10116 20094 555 563//=
15552 42970 52703 10121 20049 30170 40219 53018 82031 333 10138 20121 555 561// 92024 92428=
15640 42970 13209 10149 20091 39921 40228 52002 81030 333 10164 20147 555 568//=
15655 42968 02702 10108 20045 30193 40226 52005 333 10119 20107 555 565// 92023 92427=
15730 42970 50000 10050 20026 39858 40263 53010 82041 333 10085 20050 555 584//=
16627 42960 00000 10064 20036 30253 40259 51002 333 90730 91105==
16650 42960 00000 10066 20052 30249 40258 54000 333 90730 91103==
16667 42960 02604 10070 20010 30262 40274 58005 333 90730 91109==
16723 42960 00002 10074 20042 30251 40266 57007 333 90730 91108==
16742 42960 00104 10120 20061 30099 40256 55007 333 90730 91109==
16749 42960 00001 10122 20077 30238 40253 57005 333 90730 91103==
16754 42560 21804 10130 20082 30228 40277 58002 82200 333 90730 91110==
16760 46/// /0002 10087 20056 39856 40280 57004 333 90730 91108==
16765 46/// /3406 10117 20065 30240 40260 57004 333 90730 91110==
17022 46/// /2303 10127 20013 30073 40237 54000==
17024 46/// /2119 10158 20106 30127 40202 50000==
17026 46/82 /1703 10102 20065 30178 40217 55003==
17031 42970 00702 10091 20013 30210 40216 55007 333 90730 91114==
17034 42/70 30401 10105 20034 30176 40222 56011 83030 333 83360 90730 91105==
17038 42/70 60000 10096 20015 30167 40215 57014 86030 333 86360 90730 91113==
17042 46/78 /1213 10093 20007 30183 40223 57014==
17050 41958 00101 10054 20025 30191 40255 50002 71000 333 90730 91105==
17056 42970 00103 10114 20080 30250 40254 53003 333 90730 91115==
17060 42960 02110 10108 20065 30217 40258 58003 333 90730 91115==
17070 42965 00301 10017 21004 39377 40268 55001 333 90730 91104==
17074 46/78 /3002 10035 20024 39292 40232 50000==
17084 47/// /3001 10000 21006 39342 40270 58006 704//==
17085 42970 00000 10039 20007 39760 40260 56007 333 90730 91107==
17092 41949 01301 11063 21066 38934 48548 57005 71000 333 90730 91104==
17096 42660 32503 11153 21158 38270 48544 57006 83500 333 83640 90730 91106==
17098 42960 02605 11062 21096 38203 48517 57010 333 90730 91115==
17100 41/24 50000 11025 21060 39230 40255 56009 71011 85030 333 85360 90730 91103==
17112 46/68 /0801 10084 20075 30257 40265 50000==
17115 42960 00001 10019 20009 30216 40269 55002 333 90730 91104==
17116 42960 00000 10036 20035 30149 40274 57002 333 90730 91103==
17124 42960 00000 11025 21028 39348 40303 56005 333 90730 91104==
17128 41957 01301 11011 21026 39153 40290 57007 71000 333 90730 91104==
17135 46/63 /0102 10025 20016 39377 40270 58004==
17140 42965 02101 11006 21033 38762 48541 57006 333 90730 91106==
17150 41940 02302 10015 20015 30145 40274 57004 71000 333 90730 91104==
17160 47/59 /0801 11005 21041 39096 40284 55003 704//==
17170 42560 31504 11031 21052 38367 48539 57007 83500 333 83630 90730 91106==
17175 46/83 /1701 10070 20029 30255 40260 50000==
17184 42960 03001 10027 20018 30163 40278 55001 333 90730 91103==
17190 41950 00000 10007 21017 39071 48556 54000 71000 333 90730 91103==
17195 41957 00602 11027 21035 39048 48555 55003 71000 333 90730 91107==
17200 42960 02106 11047 21053 39271 40298 55005 333 90730 91108==
17202 42970 02405 11036 21036 39213 40293 58006 333 90730 91106==
17203 42970 00000 11028 21068 38943 48583 57006 333 90730 91103==
17210 47/57 /0601 10005 21008 39207 40272 57007 704//==
17219 41959 03503 10034 20020 30127 40276 57004 71000 333 90730 91105==
17234 47/58 /3103 10074 20047 30201 40269 50000 704//==
17237 42970 02201 10057 20006 39769 40285 55003 333 90730 91103==
17240 42970 00301 10017 21008 39115 40288 50000 333 90730 91103==
17244 41956 00306 11009 21022 39073 48556 56004 71000 333 90730 91106==
17248 42970 01101 10003 21009 39054 48552 57004 333 90730 91104==
17250 42670 40302 11009 21023 38874 48556 58004 84500 333 84640 90730 91105==
17260 42960 03303 11005 21015 39398 40237 58006 333 90730 91106==
17270 42970 02802 10048 21010 39607 40270 50005 333 90730 91105==
17275 46/80 /0112 10027 21058 39042 40260 56006==
17280 42960 01903 10001 21045 39458 40271 56007 333 90730 91104==
17290 46/// ///// 10125 20042 30230 40260 57007==
17292 42970 00000 10026 20006 39497 40273 57007==
17300 42960 03505 10068 20040 30192 40264 50000 333 90730 91110==
17310 42970 00702 10133 20067 30237 40244 58002 333 90730 91103==
17330 46/// /0103 10109 20011 30238 40250 50000==
17350 42960 00505 10055 20026 30164 40244 56006==
17370 42970 00000 10106 20014 30248 40252 57006 333 90730 91103==
17375 42970 00000 10090 20062 30244 40246 56005 333 90730 91103==
33088 42960 02805 10035 20015 39968 40161 52016==
33135 42/// 52806 10032 21022 39942 40090 52018 85030==
33177 42560 72902 10060 20038 39957 40195 52012 87500==
33317 42/// 22904 10039 20024 39833 40173 52012 82030==
33393 41459 82806 10066 20056 39821 40213 52009 78082 889// 333 86711==
33415 41560 63006 10062 20039 39797 40195 52011 70262 86500 333 86625==
33429 42560 23107 10045 20022 39762 40187 52014 82500==
33466 42963 02704 10025 21002 39935 40124 52014 333 31///==
33506 42960 02807 10016 21003 39875 40073 52026==
33562 42/60 23004 10051 20027 39869 40175 52018 82030==
33587 429// 02608 10041 20015 39888 40153 52021==
33658 42784 42908 10091 20024 39907 40205 52009 84500 333 84650==
33663 41560 63202 10067 20044 30088 40184 52020 70282 85930==
33664 42597 82904 10067 20031 39876 40193 52015 885// 333 91113=
33678 41897 72809 10056 20030 39982 40194 52013 70382 87030=
33679 41497 82804 10054 20040 39986 40178 52015 70281 889//=
33711 42/60 22903 10030 20004 39915 40126 52028 82030==
33745 42597 82803 10073 20049 30016 40210 52015 8493/ 333 91112=
33748 42597 73003 10052 20025 39904 40191 52008 87500=
33754 42997 62905 10068 20030 30029 40176 52016 86030 333 91112=
33761 41940 03103 10047 20035 39941 40165 52024 71060==
33791 41/88 23005 10038 20023 39997 40126 52022 70161 82030==
33815 42598 73109 10101 20007 39976 40182 52011 87500 333 91114=
33837 42684 72806 10087 20018 30122 40174 53013 86550 333 86642==
33881 42598 52403 10067 20002 30009 40207 52008 85500=
33883 42897 72904 10074 20003 30033 40196 52004 87030=
33885 42997 02903 10081 20017 30082 40224 52013=
33892 42997 82803 10074 20009 39977 40186 52008 8805/=
33902 42/60 63005 10078 20036 30087 40146 52013 86050==
33924 42960 52809 10109 20050 30160 40173 52005 80009 333 91012 90730 91114==
33946 42784 82908 10095 20045 39952 40171 58001 8655/ 333 86650 91011 90730 91112==
33983 42560 82609 10088 20047 30064 40124 57004 883// 333 91014 90730 91117==
34300 41460 82905 10023 21006 39864 40041 52023 70282 885//==
34336 41660 82804 10021 21001 39879 49982 53002 70252 8653/ 333 90730 91110==
34344 42570 82804 10022 20015 39883 49970 55002 885// 333 90730 91111==
34356 41460 82304 10005 20002 39808 49954 58032 77177 8872/==
34357 42570 82404 10017 21006 39801 49954 58018 885// 333 91011 90730 91113==
34398 429// 32404 11012 21030 39972 49985 58004 80001==
34415 41660 62904 10034 20016 39936 40032 52012 70286 86500==
34438 41460 82705 10019 20009 39805 49995 57003 72582 883// 333 90730 91110==
34445 42570 72307 10017 20009 39863 49976 57012 86570 333 91010 90730 91112==
34461 41/60 82203 10018 21006 39909 49964 56032 76162 8802/==
34473 429// 32306 10001 21017 39938 49977 57021 83030=
34476 41/40 62005 10002 21011 39981 49988 57019 71011 86030==
34504 42/84 23008 10036 21007 39914 40088 52020 82030==
34535 42570 62705 10045 20018 39936 40007 55001 83930 333 91010 90730 91113==
34545 41570 72705 10029 20017 39883 49993 56011 72582 87300 333 90730 91111==
34555 41470 82507 10030 20015 39901 49991 56027 72162 886// 333 91010 90730 91110==
34560 41140 72207 10005 20005 39785 49974 57033 78582 87300 333 84702==
34578 41/40 82004 10009 20004 39996 40003 57031 71022 8808/==
34579 41910 01703 11001 21001 39963 40006 57024 71000==
34644 41540 82605 10060 20042 39929 40004 57016 71022 8657/ 333 91010 90730 91112==
34646 41460 82508 10060 20049 39914 49993 57024 78082 889// 333 91012 90730 91113==
34655 41460 82606 10054 20044 39938 49997 56031 76162 8872/ 333 91010 90730 91110==
34662 41/40 81902 10020 20007 39982 49994 57034 76162 8802/ 333 88517==
34691 42/70 60000 11001 21035 30180 40167 58016 86030==
34720 42/// /2803 10057 20041 30009 40048 55003 333 90730 91113==
34727 41560 82710 10053 20035 30044 40074 55002 70288 883// 333 91014 90730 91119==
34743 41440 82505 10063 20053 39921 40008 57026 76062 8872/ 333 91013 90730 91113==
34759 41440 82307 10058 20058 39892 40021 57032 78082 889// 333 91013 90730 91113==
34772 41/40 81905 10018 20005 30024 40027 57026 76166 8802/==
34785 42/60 82104 10017 20003 30064 40042 58019 8807/==
34798 42/60 52004 10004 21019 30097 40068 58013 85030==
34824 41540 82604 10063 20047 30089 40094 57008 72522 883// 333 91011 90730 91111==
34838 41560 82505 10072 20049 39980 40075 56011 78088 889// 333 91012 90730 91114==
34845 41/60 82706 10069 20051 39940 40046 58024 76186 8802/ 333 91012 90730 91114==
34858 41/40 82606 10069 20050 39938 40044 57026 76162 8802/ 333 91012 90730 91114==
34861 41540 82709 10047 20029 39785 40024 57032 78088 889// 333 91015 90730 91114==
34866 41460 82105 10034 20032 30041 40032 57038 78082 889//==
34880 41440 82104 10027 20013 30082 40056 57014 76162 8672/==
34887 41440 82004 10010 20005 30091 40068 57014 76876 8872/==
34949 41/40 82315 10059 20042 39531 40069 57027 76362 8802/ 333 91022 90730 91125==
34954 41460 82505 10068 20055 39895 40066 55025 78082 889// 333 91011 90730 91114==
34958 41584 82604 10068 20056 39868 40064 58028 78082 889// 333 91010 90730 91111==
34975 41440 82002 10028 20023 30065 40061 57035 78082 889// 333 88910==
34984 41440 81904 10016 20008 30105 40075 57023 76162 8672/==
35217 425// 72204 11020 21035 39942 49982 52002 87500==
35302 42/// 62608 11014 21037 39960 49981 52003 86050==
35315 425// 82005 11002 21014 39941 49998 54000 885//=
35344 414// 81807 11044 21060 39741 40030 57023 77173 8802/=
35358 42/// 82303 11065 21093 39918 40091 57020 8802/==
35368 419// 31608 11062 21102 39851 40122 57023 73631 80001=
35386 419// 61605 11102 21152 39657 40196 57013 73633 83071=
35394 42970 51604 11074 21166 39514 40208 57012 80001==
35404 429// 22404 11005 21020 39990 49998 58006 82030=
35406 425// 82405 10002 21013 30006 40008 58001 885//==
35416 425// 82206 11004 21016 39897 40016 52001 885//==
35426 41/// 82005 11010 21042 39737 40025 53005 72273 8802/==
35437 414// 82207 11011 21040 39732 40042 57006 77173 8802/=
35449 425// 81705 11054 21076 39980 40085 57029 885//=
35497 42/// 31404 11102 21180 39565 40406 57016 83040==
35498 429// 31404 11120 21188 39348 40266 57013 80001=
35514 42598 52305 11005 21014 30119 40115 58003 85500=
35522 426// 82104 11006 21033 39782 40031 52005 885//=
35542 414// 81804 11039 21047 39924 40072 57018 77072 8802/=
35563 41598 81507 11106 21129 39349 40141 57028 73633 885//=
35576 42/// 71506 11108 21157 39721 40187 57020 87010==
35582 426// 81407 11112 21183 39597 40222 58026 885//=
35594 419// 81305 11132 21179 39355 40231 57015 70232 80005 333 91115=
35605 42998 02104 10000 21012 30056 40035 58006=
35633 415// 81906 11014 21034 39851 40063 57015 71022 885//=
35671 42570 71203 11098 21124 39719 40163 57019 87500==
35699 429// 00000 11129 21201 39461 40253 57022==
35700 42570 82406 10004 21013 30076 40053 58004 885//==
35715 42997 02504 11004 21032 30077 40062 58004=
35739 414// 82003 11007 21032 39969 40101 56008 77172 8802/=
35746 425// 82105 11044 21057 30041 40109 57012 885//==
35777 429// 00000 11213 21238 39954 40332 57017=
35796 42960 00305 11171 21208 39791 40256 57025==
35849 42/// 32103 11066 21090 30036 40123 57013 83050==
35895 42997 03101 11164 21174 39785 40259 57008=
35907 42998 52708 10021 20008 30128 40097 57009 80001=
35925 415// 82304 10012 20007 39988 40098 57005 71052 887//==
35927 425// 62304 10016 20011 30095 58002 86500=
35953 425// 70000 11040 21073 30006 40137 58008 87500==
35969 425// 81401 11086 21124 39989 40168 57010 885//==
35997 419// 00000 11143 21178 39772 40230 57021 71000=
36259 42984 30000 11353 21387 38299 48593 57006 80001==
36335 419// 71607 11060 21190 39190 40228 57019 70232 82044=
36358 429// 00000 11230 21259 39224 40332 57028=
36394 429// 01604 11181 21193 39859 40313 57020=
36397 419// 01610 11132 21173 39695 40286 57030 73633 333 90730 91116==
36403 429// 02904 11198 21214 39929 40320 57019=
36418 429// 00000 11205 21233 39704 40373 57017=
36421 429// 00000 11323 21342 39766 40411 57019=
36428 429// 10301 11255 21286 39825 40382 57018 80001==
36439 419// 01208 11133 21189 39015 48517 57020 73630=
36498 429// 20802 11199 21259 39461 40314 57014 80001=
36501 429// 71403 11121 21204 39489 40274 57013 87030=
36535 42/// 20000 11277 21306 39693 40402 57011 82030==
36546 429// 02702 11269 21287 39784 40386 57020=
36619 429// 00901 11135 21169=
36622 429// 00000 11195 21221 39452 40316 57011=
36639 429// 00000 11224 21246 39652 40312 57008==
36643 428// 72501 11218 21236 39651 40374 57015 87070=
36665 429// 00501 11189 21218 39568 40350 57017=
36666 429// 01401 11221 21238 39831 40371 57015=
36729 42998 02501 11160 21175 39905 40424 57003=
36736 419// 00908 11051 21179 39717 40282 57015 73633=
36744 429// 01301 11177 21195 39761 40242 57019=
36770 429// 00000 11244 21253 39487 40284 57015=
36786 42999 00000 11140 21183 39290 40254 57008=
36796 429// 00000 11270 21295 39020 48438 57009=
36803 42999 02804 11106 21137 39778 40245 56005 333 91116=
36806 429// 01616 11197 21261 39815 40323 57009 333 91024 91127=
36819 419// 01401 11091 21111 39581 40213 57025 71000=
36821 419// 00000 11174 21184 39726 40250 57016 71000==
36839 42998 01801 11125 21203 39074 40255 57013=
36843 429// 02701 11039 21141 39030 40217 57016=
36846 429// 00706 11075 21166 38587 48480 57007=
36859 429// 00000 11142 21169 39474 40304 57004==
36870 429// 03201 11086 21105 39176 40220 57014==
36874 429// 01804 11202 21221 39481 40327 57013=
36877 429// 00000 11187 21195 39482 40561 57011=
36885 429// 01402 11071 21120 39068 40226 57013=
36889 429// 01802 11088 21241 37018 47035 57008=
36894 429// 00000 11090 21128 39481 40248 57011=
36905 429// 01201 11080 21132 38735 48496 57006=
36911 429// 00906 10032 21063 39211 40177 57015=
36927 42997 00000 11081 21138 38366 48539 57007=
36934 42697 70301 11035 21105 38283 48410 58007 86932=
36953 429// 03101 11216 21228 38200 48508 57007=
36963 429// 01402 11158 21239 37023 48/// 54000=
36974 429// 00000 11192 21198 38024 48590 57007=
36982 429// 00000 11238 21294 36508 47147 57002=
37018 41540 82408 10098 20095 30075 40149 57020 78082 889// 333 91013 90730 91117==
37031 41460 82308 10074 20059 39896 40088 57019 78088 889// 333 91013 90730 91116==
37054 42660 80000 10062 20014 39711 40091 56029 885//==
37061 41/60 82710 10073 20048 39907 40073 58030 76362 8802/ 333 91015 90730 91115==
37085 41540 81804 10044 20039 30121 40093 57032 76166 8872/==
37171 41340 83203 10074 20065 30172 40191 57016 78182 889// 333 86708 90730 91111==
37228 42/60 21701 10003 21051 39260 40101 57029 82070==
37235 42/60 72402 10015 21004 39790 40110 57017 8003/==
37472 42560 70000 10056 20025 30144 40122 57015 82571==
38149 42570 61902 11003 21044 30082 40160 57001 86500==
38178 42/// 82404 11009 21067 39845 40146 52005 8801/==
38262 425// 82202 11012 21045 30085 40169 53006 885//==
38264 42/70 41703 11005 21036 30075 40171 57003 84070==
38345 42998 81002 11031 21077 38781 48473 57007 8802/=
38353 429// 51801 11031 21108 39289 40211 57011 82031=
38388 42998 50000 10004 21043 30115 40187 52004 85030=
38392 42997 72004 11014 21028 30068 40174 58005 87030=
38396 42/60 62503 10003 21024 30059 40187 52005 86070==
38403 426// 82302 10006 21040 30080 40203 52008 885//==
38413 42/// 81401 11025 21048 39863 40162 52002 8807/==
38457 42560 82002 11002 21083 39597 40198 52006 885//==
38462 426// 80000 11024 21122 38746 48487 57003 8492/==
38507 42996 21803 10055 20038 30086 40190 54000 82030=
38545 42598 82102 10018 20007 30019 40198 52006 885//=
38565 12/// 82007 10061 20016 39569 40141 52013 60002 8807/==
38579 125// 82808 10061 21025 39774 40192 53009 60002 8497/==
38583 12660 81804 10021 20008 39870 40197 53008 60002 885//==
38599 41995 80602 11012 21054 39693 40223 53001 71022 83032=
38611 41/40 73301 11047 21078 39641 40237 57011 71011 87040==
38613 429// 80101 11072 21111 40242 56011 80002=
38616 425// 70901 11071 21109 39189 40255 58013 87500=
38618 42/// 81401 11038 21043 39499 40214 57012 8807/==
38647 42997 02411 10114 20032 30133 40175 54000 333 91019 91119=
38656 42998 01802 10013 21016 30098 40210 52005=
38683 42/60 80000 10011 21015 39927 40210 52010 8803/==
38687 42997 71403 10004 21013 39978 40220 52009 87030=
38696 12/// 71601 10010 21029 39342 40215 52007 60002 87070==
38713 429// 81802 11010 21071 39020 48480 54000 8805/=
38750 42997 02702 10034 20016 30264 40235 54000=
38763 42997 02407 10096 20015 30094 40198 52010=
38774 42995 03502 10102 21019 30008 40203 58010=
38799 42997 70000 10002 21009 39988 40227 52011 85033=
38806 42997 61401 10012 21005 39931 40198 52004 80002=
38812 41940 80702 10024 21019 39749 40210 52003 71000 8873/ 333 82366==
38880 42997 22401 10035 21025 39951 40231 50006 82030=
38886 42697 73002 10016 21012 39993 40228 52018 87500=
38895 42996 60000 10020 21008 39922 40219 52011 80002=
38911 42997 71603 10018 21036 39914 40216 54000 85072=
38915 42997 40000 10021 21022 39889 40221 53005 84050=
38927 11938 72702 11012 21030 39834 40224 55002 60002 71022 87930 333 83966==
38933 427// 80000 11016 21056 39723 40257 54000 8655/=
38944 41/// 90000 11031 21031 39624 40182 58006 74444=
38954 428// 80000 11065 21101 37990 48600 52004 86920=
38974 42998 61602 10040 21009 39872 40212 52024 86070=
38987 42996 72301 10038 21028 39473 40227 52008 87070=
40100 43/60 01003 10146 20084 30241 40257 55004 333 58000=
40180 02960 00802 10127 20103 30181 40231 57008 333 70000==
40199 02/// /0106 10147 20049 30192 40218 57001 333 70000==
40265 41958 00000 10056 21055 39459 40265 57004 70500=
40270 41957 00000 10084 21011 39343 40250 57002 70500=
40272 41950 00505 10070 21064 39410 40254 57002 70500=
40340 42960 03608 10123 20029 40226 57001=
40356 42960 00608 10042 21180 39265 48558 333 58017 555 04410 50259=
40357 42960 03404 10063 21140 39600 40262 333 58006=
40360 42960 00000 10054 21120 39645 40249 333 58008=
40361 42960 01204 10066 21150 39461 40290 333 58009=
40362 42960 00000 10046 21160 39723 40251 333 58000=
40373 42960 03604 10080 21090 39813 40241 333 59014=
40375 42960 41104 10074 21100 39335 40230 80002 333 58003 84070=
40394 42960 03604 10086 21100 39090 48562 333 58002 555 04410 50221=
40400 42960 33503 10208 20050 30144 40172 80001 333 59016 83070=
40405 42960 00603 10113 21100 39466 40228 333 59018=
40417 42960 32905 10103 21050 30197 40213 80002 333 59028 83070=
40420 42960 03408 10112 21110 30007 40223 333 59023=
40430 42960 00204 10192 20000 39446 40192 333 59015=
40437 42960 00803 10113 21210 39512 40221 333 59016=
40439 42960 00000 10220 20120 30130 40148 333 59006=
40582 32960 03505 10093 21104 40228 58006 333 00014 10156 20024 50000 55037 00358 10310 21020 42163 52746=
40703 42960 00000 11034 21081 38944 40243 58012 333 70000 555 11047 29070 30405=
40706 42962 10503 11024 21073 38678 40249 57006 80002 333 70000 81067 555 11038 29069 32805=
40712 42962 02503 11033 21092 38701 40235 58006 333 70000 555 11048 29064 30504=
40713 42965 00903 11016 21073 38683 40222 56001 333 70000 555 11033 29065 31303=
40718 42960 03002 10077 20072 30226 40197 57010 333 70000 555 10075 29097 33103=
40723 42960 09901 11017 21060 38984 40252 53008 333 70000 555 11030 29073 31706=
40726 42960 00000 10000 21092 38691 40234 51002 333 70000 555 11028 29050 32209=
40727 42960 01601 11047 21105 38515 40251 58002 333 70000 555 11061 29064 32810=
40732 42960 01801 10068 20050 30211 40187 57020 333 70000 555 10060 29088 33603=
40736 42960 01501 10065 20050 30234 40208 58012 333 70000 555 10058 29090 32404=
40737 42960 01302 10037 20024 30191 40209 57012 333 70000 555 10032 29091 31905=
40738 42960 01702 10058 20045 30229 40231 58006 333 70000 555 10053 29091 32305=
40739 42962 03501 11064 21076 38723 40289 52004 333 70000 555 11065 29091 32005=
40741 42960 42902 10034 21020 39874 40212 52021 80002 333 70000 84070 555 10015 29068 33011=
40743 42965 00000 11040 21073 39107 40270 51006 333 70000 555 11048 29078 30908=
40745 42960 21802 11013 21050 39054 40240 53004 82031 333 70000 82360 555 11025 29076 30904=
40747 42960 00000 11038 21094 38678 40262 50002 333 70000 555 11053 29065 31804=
40754 41940 01802 11003 21055 38865 40257 52007 70500 333 70000 555 11020 29068 31703=
40762 42962 40000 11066 21098 38570 40249 51003 80002 333 70000 84069 555 11072 29078 30804=
40766 42960 00000 11041 21175 38740 40268 51004 333 70000 555 11070 29034 32005=
40768 42965 01204 11043 21156 38288 40245 50004 333 70000 555 11069 29041 32910=
40769 42962 00000 11018 21111 38326 40248 51007 333 70000 555 11044 29049 32912=
40780 42960 01102 11006 21099 38730 40257 58007 333 70000 555 11033 29049 31203=
40782 42962 01103 11010 21064 38917 40257 50001 333 70000 555 11027 29067 32703=
40785 42960 00000 11020 21036 39147 40284 52008 333 70000 555 11024 29089 33004=
40791 42962 00701 10017 21167 39401 40252 50002 333 70000 555 11029 29024 30803 40703=
40792 42962 43601 11016 21146 38745 40240 54000 80001 333 70000 84070 555 11049 29036 31807=
40798 42960 00000 11066 21141 37997 40264 50003 333 70000 555 11083 29055 32511=
40800 41950 00000 11041 21127 38498 40261 50003 70500 333 70000 555 11062 29051 31803=
40809 42962 41203 11028 21077 38519 40224 56004 80008 333 70000 84270 555 11042 29069 33203 43206=
40811 42960 03201 10085 21040 30189 40216 57006 333 70000 555 10041 29041 33104=
40812 42960 00000 10073 20015 39820 40200 58006 333 70000 555 10049 29066 32403=
40818 42965 03303 11017 21212 38018 40224 52004 333 70000 555 11061 29021 32808=
40821 42960 02503 10016 21104 38830 40244 52007 333 70000 555 11021 29041 31307 4////=
40829 42960 09901 11027 21151 39663 40261 58006 333 70000 555 11055 29038 31605 4////=
40831 41950 03004 10067 21017 30222 40230 58003 70500 333 70000 555 10036 29055 33306=
40833 42960 03603 10051 21036 30191 40224 57008 333 70000 555 10021 29053 33305=
40835 42960 00000 10056 21028 39370 40213 57007 333 70000 555 10025 29055 32807=
40841 42970 00000 11033 21197 38266 40210 50001 333 70000 555 11069 29027 33303 43204=
40848 42960 02502 10018 21066 38541 40203 58005 333 70000 555 11010 29054 33005=
40854 42960 00000 10022 21149 38982 40212 52002 333 70000 555 11025 29027 31303=
40856 42960 01804 11058 21206 38665 40242 58002 333 70000 555 11086 29030 30808 4////=
40859 42960 00000 10012 21069 38721 40203 58011 333 70000 555 11014 29055 31203=
40875 41925 01002 10131 20023 30163 40175 56009 70500 333 70000 555 10084 29048 32104=
40879 42960 23603 10045 21178 39511 40210 58004 80002 333 70000 82070 555 11013 29018 32205 4////=
40882 41958 03303 10204 20096 30134 40169 58015 70500 333 70000 555 10146 29050 33506=
40883 41950 03504 10204 20093 30156 40179 58004 70500 80000 333 70000 555 10145 29049 32705=
40893 41956 03405 10209 20025 30160 40166 58002 70500 333 70000 555 10123 29030 33208=
40898 41956 03102 10178 20045 30166 40175 56004 70500 333 70000 555 10115 29041 30609 4////=
41024 42960 00000 10253 20150 30123 40149 333 59005=
41036 42960 01706 10154 21020 38595 48545 333 59005 555 04410 50161=
41055 42960 01103 10137 21050 38401 48549 333 59005 555 04410 50173=
41061 42960 01110 10143 21070 39484 40194 333 59024=
41084 42960 02902 10148 21050 38895 48546 333 59009 555 04410 50167=
41112 42960 00205 10113 21040 37977 48547 333 59001 555 04410 50139=
41114 42960 00406 10116 21040 38015 48551 333 59001 555 04410 50144=
41128 42960 00000 10120 21040 38866 48566 333 59005 555 04410 50210=
41136 42960 00806 10137 21180 39386 40209 333 59014=
41140 42960 00000 10260 20180 30143 40152 333 59004=
41150 42970 43107 10170 20085 40206 80001 333 59028 84075=
41176 44/70 /3508 10158 20100 30201 40207 333 59023=
41194 41657 51506 10214 20074 30171 40177 70611 85500 333 59031 85640=
41196 41658 61204 10195 20068 30141 40182 70622 8453/ 333 59032 84645 86368=
41216 42660 43213 10216 20139 30183 40187 84500 333 59023 84640=
41217 42660 23109 10214 20137 30153 40182 82500 333 59024 82640=
41240 36/// /2006 10228 20121 30158 40188 333 0E/// 55300 25022 59045=
41253 36/// /0000 10193 20141 39804 40170 333 0E018 55300 25022 59027=
41254 36/// /2701 10060 21082 38053 49881 333 0E002 55300 25022 59017=
41255 36/// /2002 10166 20035 39640 40159 333 0E017 59018=
41263 36/// /2701 10169 20007 39579 40152 333 0E018 55300 20000 59019=
41265 36/// /0805 10171 20080 39581 40156 333 0E020 55300 20000 59017=
41267 36/// /2605 10213 20132 30159 40172 333 0E021 59019=
41268 36/// /2205 10195 20127 30119 40167 333 0E020 55300 25022 59015=
41275 36/// /2908 10152 20029 30025 40200 333 0E015 55300 20000 59020=
41288 36/// /0903 10227 20157 30156 40178 333 0E024 59012=
41304 36/// /2707 10126 21003 39879 40199 333 0E012 55300 20000 59009=
41315 36/70 /3317 10121 21097 39355 48330 333 0E016 55300 27865 58009=
41316 32970 03313 10210 21074 30162 40192 333 59010 55000 55407 55408 55507 55508=
41396 42960 00602 10124 21120 39469 40220 333 59013=
41480 42460 10105 10236 20153 30169 40177 81100 333 59008 81818=
41506 12620 40000 10015 21023 38555 48510 60001 84020 333 56080 58027==
41508 12420 60000 10000 21044 38690 40551 60001 83520 333 56880 58012==
41515 12420 50000 10022 21036 38596 48550 60001 83520 333 56880 58002==
41516 12940 42301 11035 21088 38596 48480 60001 84030 333 56080 58021==
41517 11440 10000 11060 21091 37845 48970 60001 70400 81500 333 56800 58044==
41518 12940 01801 10011 21049 30001 48010 60001 333 58000==
41519 12940 00000 10040 21044 38795 48250 60001 333 59014==
41535 12940 30000 10020 21073 38731 48930 60001 83020 333 56080 58011==
41571 11900 23602 10065 20005 39600 40208 60001 70500 80001 333 56008 58013==
41598 11920 00000 10060 20036 39886 40170 60001 71000 333 58000==
41600 11910 30000 10050 20050 30000 40185 60001 71011 83020 333 56080 59006==
41620 11940 03602 10050 21048 38605 48060 60001 70400 333 58005==
41624 11420 31301 10090 20045 30000 40191 60001 70400 83500 333 56800 58018==
41630 11940 00000 10070 20035 30000 40185 60001 70400 333 58013==
41640 11920 00000 10080 20058 30000 40182 60001 71000 333 58015==
41660 12900 01302 10005 21103 38447 48390 60001 333 59033==
41678 11920 00000 10090 20057 30000 40187 60001 71000 333 58007==
41696 12940 00000 11045 21091 38038 48800 60001 333 58002==
41697 12940 00000 10110 20043 30000 40183 60001 333 58018==
41700 11910 00000 10085 20063 30000 40171 60001 71000 333 58012==
41710 12940 03101 10035 21071 30000 40227 60001 333 59042==
41712 12940 00501 10005 21056 39240 48140 60001 333 59044==
41715 11910 00000 10090 20069 30000 40176 60001 70400 333 58002==
41718 11920 00000 10080 20058 30000 40181 60001 71000 333 58017==
41725 11920 00000 10125 20085 30000 40177 60001 70500 333 58016==
41739 11940 00000 10030 21040 39106 48330 60001 70500 333 59002==
41744 12940 03103 10060 21016 38829 48420 60001 333 58012==
41749 11920 00000 10120 20079 30000 40178 60001 70400 333 59002==
41756 11940 03601 10160 20069 30000 40174 60001 70500 333 59026==
41757 12940 00000 10130 21003 30163 40176 60001 333 59029==
41764 11940 03603 10165 20063 30104 40156 60001 70400 333 59003==
41768 12940 00000 10095 20038 30000 40153 60001 333 58006==
41780 11940 00202 10155 20020 30134 40162 60001 70500 333 58004==
42027 31994 00000 11033 21048 38462 48549 71000 333 58031=
42111 31994 02702 10094 20086 39443 40167 71000 333 58011=
42123 31994 00000 10086 20060 40176 70500 333 58021=
42165 32996 00000 10102 20028 40166 333 58020=
42182 31993 00000 10080 20076 40170 71100 333 58008=
42189 31991 00000 10108 20104 40158 74444 333 58002=
42328 31995 00502 10118 20002 40153 70500 333 58015=
42339 31995 00503 10134 20023 40161 70500 333 58016=
42369 31994 00000 10120 20112 40155 71000 333 59006=
42379 31993 00000 10114 20102 40147 71140 333 59007=
42452 31994 00000 10082 20051 40148 71000 333 59002=
42492 31994 00000 10148 20130 40154 71000 333 59003=
42634 32996 00000 10122 20048 40146 333 58005=
42647 31996 00502 10184 20102 40133 70400 333 58003=
42701 31994 00000 10116 20089 39402 40151 71000 333 59005=
42724 31495 50000 10178 20171 40120 71022 82530 333 59014 82618 84360=
42737 32996 00503 10134 20053 40145 333 58003=
42779 32996 00000 10114 20070 39433 40151 333 59011=
42798 31994 00000 10154 20129 40146 71000 333 59006=
42809 31995 33202 10178 20143 40139 71000 83030 333 59005 83360=
42840 32996 03602 10180 20130 40124 333 59001=
42867 31995 00000 10124 20084 40158 70500 333 59011=
42874 31995 00000 10150 20109 40143 70500 333 59004=
42886 31995 00000 10106 20094 40172 70500 333 59003=
42895 31595 60000 10198 20168 40142 70522 83530 333 59005 83620 85360=
42909 32996 00204 10182 20066 40129 333 59001=
42971 31595 43201 10204 20150 40135 70500 81530 333 59014 81620 83360=
43003 31995 00000 10184 20150 40112 70500 333 59003=
43014 31995 00000 10130 20104 39467 40137 71044 333 59004=
43041 31995 30000 10144 20119 39501 40134 71000 81031 333 59012 81360 83075=
43086 31995 00000 10140 20125 39937 40122 70500 333 59018=
43110 31995 00000 10190 20138 40111 70544 333 59007=
43117 32996 10000 10164 20103 40129 80001 333 59003=
43128 31996 00000 10164 20110 39504 40124 70500 333 59013=
43150 21496 80205 10220 20214 30051 40112 70552 8452/ 333 59017 6012/ 84618 88458=
43185 21596 70202 10232 20219 30092 40095 70522 84530 333 59012 6994/ 84620 85360=
43189 22596 70000 10228 20212 30098 40107 83570 333 59013 6008/=
43192 32996 00502 10224 20196 40109 333 59001=
43237 31996 20000 10172 20158 39691 40092 70500 81032 333 59004 81360=
43245 31595 62903 10230 20211 30073 40100 72021 8481/ 333 59011=
43279 21595 73603 10238 20204 30076 40094 71052 84430 333 59010 6990/ 83620 85360=
43295 31496 30000 10200 20178 39092 48496 71011 82501 333 59005 82612=
43314 32996 00000 10246 20216 40098 333 58005=
43329 22596 83603 10236 20221 30076 40089 8457/ 333 59008 6990/=
43333 21495 60904 10272 20234 40101 70522 83530 333 56990 58007 6003/ 83618 85360=
43344 21495 63204 10252 20228 39986 40086 71022 82531 333 59014 6990/ 82616 85360=
43369 22596 60000 10252 20249 40106 72162 83530 333 59003 6014/ 83620 86358=
43371 22896 30000 10254 20239 30018 40091 82032 333 58002 6993/ 82358=
44212 42/// 61802 11252 21289 39232 40508 57012 86070==
44213 41/// 60000 11234 21265 38865 40490 57012 77872 86010==
44214 42970 02701 11210 21238 38321 40494 57011==
44215 42/// 71401 11259 21288 38456 40531 57013 87010==
44217 32998 00000 11286 21316 37874 40623 58007 333 91200=
44218 429// 02001 11270 21301 38670 40536 57013==
44219 429// 70302 11249 21274 38692 40525 57008 84058 333 91202=
44265 429// 00602 11265 21294 38932 40527 56005==
44266 426// 53603 11244 21274 37784 40551 57007 82580 333 91205=
44454 42457 21302 10071 20056 38679 48514 82100 333 59011=
51076 14/68 /0101 11204 21227 39452 40423 57010 60001 333 11122 21209 3/104 4/009 59076 70000 90761 91102==
51087 14/60 /1001 11219 21244 39299 40427 57012 60001 333 11132 21229 3/106 4/008 59080 70006 90761 91103==
51156 14/80 /0003 11196 21231 38741 40398 57010 60001 333 11112 21200 3/115 4/001 59088 70000 90761 91105==
51243 14/43 /2801 11152 21173 39803 40399 57011 60001 710// 333 11099 21174 3/111 4/002 59089 70000 90761 91104==
51334 14/57 /1901 11170 21191 39955 40398 57014 60001 770// 333 11079 21180 3/108 4/008 59085 90761 91104==
51379 14/80 /1503 11215 21249 39355 40385 57017 60001 333 11077 21216 3/106 4/014 59112 70002 90761 91104==
51463 14/01 /0901 11177 21193 39098 40385 57009 60001 745// 333 11070 21178 3/101 4/028 59105 70002 90761 91104==
51573 14/64 /0602 11069 21146 30339 40392 54000 60001 333 11002 21085 3/115 59001 70000 90761 91103==
51644 14/48 /0102 11159 21178 39059 40411 57002 60001 710// 333 11032 21169 3/106 4/006 59011 70000 90761 91103==
51656 14/04 /1401 11176 21198 39278 40431 57005 60001 746// 333 11070 21184 3/114 4/003 59001 70000 90761 91103==
51709 14/58 /1601 11050 21104 38702 40355 57015 60001 333 11034 21065 3/104 59024 70000 90761 91103==
51711 14/62 /2503 11135 21175 38056 40322 57011 60001 333 11044 21146 3/119 59012 70000 90761 91106==
51716 14/59 /0601 11093 21124 39012 40383 57008 60001 333 11025 21094 3/111 59019 70000 90761 91103==
51765 14/50 /3001 11137 21149 39345 40415 54000 60001 705// 333 11031 21170 3/117 58004 70000 90761 91104==
51811 14/21 /0000 11117 21140 38881 40388 57010 60001 705// 333 11027 21118 3/118 59013 70000 90761 91103==
51818 14/23 /2601 11129 21156 38726 40393 57005 60001 705// 333 11026 21129 3/119 59003 70000 90761 91103==
51886 14/73 /0000 11113 21241 37105 40275 52002 60001 333 11042 21155 3/115 59016 70000 90761 91104==
52203 14/57 /3501 11144 21177 39452 40404 57004 60001 333 11041 21145 3/120 59006 70000 90761 91103==
52602 14/77 /1101 11134 21244 37254 40269 54000 60001 333 11008 21177 3/117 59016 70000 90761 91106==
52818 14/80 /2701 11070 21196 37222 40227 57001 60001 333 11016 21108 3/114 59015 70000 90761 91105==
52908 14/80 /2601 11095 21278 35724 40058 57007 60001 333 10006 21151 3/118 59047 70000 90761 91118==
55228 04980 /3101 11140 21338 36051 40265 52013 60002 700// 333 10006 21140 3/122 54416 58016 60001 70000 90720 91118=
55299 14/70 /0101 11143 21285 35828 40095 57004 60001 333 10067 21166 3/121 59057 70000 90761 91114==
55578 04980 /1901 11078 21203 36370 40103 57005 60002 700// 333 10132 21131 3/112 54405 59044 60001 70000 90720 91107=
55591 14/80 /1101 11031 21151 36501 40029 57003 60001 333 10149 21048 3/112 59056 70000 90761 91103==
55664 04980 /2606 11012 21246 36021 40070 57008 60002 700// 333 10092 21121 3/107 54409 59039 60001 70000 90720 91115=
55773 04980 /0901 11095 21200 36032 40129 57007 60002 700// 333 10094 21133 3/116 54405 59020 60001 70000 90720 91111=
56004 14/80 /3001 11133 21227 35787 40083 57005 60001 333 10036 21185 3/117 59049 70000 90761 91118==
56018 14/80 /1901 11091 21239 36144 40038 57010 60001 333 10097 21127 3/114 59055 70000 90761 91112==
56312 04980 /2501 11035 21082 37104 40165 52002 60002 700// 333 10126 21054 3/105 54405 59031 60001 70000 90720 91107=
62306 42560 43211 10166 20077 40256 57009 84500==
62309 42560 63306 10157 20091 40236 57009 86800==
62332 42960 03608 10187 20135 40235 57007==
62337 42960 01704 10122 20101 40232 57002==
62366 44556 43603 10152 20110 40233 57003 70520 84200==
62387 42960 03205 10129 20097 40224 52002==
62393 42960 03415 10138 20101 40231 57006==
62405 42960 00403 10147 21002 40194 52006==
62414 42960 03407 10169 21032 40180 54000==
62419 42960 00108 10200 20049 40164 57008==
62420 42960 40204 10138 20084 40240 54000 80002==
62423 N=
62435 42960 23505 10169 20096 40197 57002 80001==
62458 42960 00404 10182 20054 40203 57001==
62459 42960 00805 10148 20096 40190 57002==
62465 42960 02803 10196 20080 40167 57005==
41256 32960 02306 10201 20129 30158 40175 92045 333 59026 55000 55407 55408 55507 55508=
