SMPK OPKC 071200=
41506 02697 11808 10320 20093 38413 48407 60002 81200 333 10348 56900 58007 60007 81830 25%=
41504 02697 41306 10260 20043 37779 48372 60002 84800 333 10300 56900 58011 60007 82640 82845 RH25%=
41505 12697 20000 10295 20063 38/// 48/// 60002 82400 333 10310 56990 58/// 60007 82840 RH 23%=
41507 02997 00000 10320 20205 39190 49674 60002 333 10330 58002 60007 51%=
41508 02697 20000 10297 20183 38604 48483 60002 82200 333 10320 56900 58011 60007 82835 51%=
41509 22997 02308 10340 20086 38653 48410 60002 333 10363 58004 60007 RH21%=
41510 02697 51302 10220 20133 37873 48440 60002 82230 333 10243 56990 58013 60007 82840 83360 58%=
41515 02697 22304 10318 20145 38440 48401 60002 82500 333 10338 56900 59007 60007 82650 31%=
41516 02696 51312 10280 20114 38470 48428 60002 85400 333 10320 56900 58029 60007  85840 RH36%=
41517 02497 70000 10200 20118 37781 48466 69912 84570 333 10224 56990 58031 69917 81718 83635 85460 59%=
41518 02596 73602 10294 20117 38/// 48/// 69902 85720 333 10300 56990 5//// 60007 81730 81935 83640 85461 34%=
41519 02697 52702 10320 20116 38676 48431 60002 83520 333 10325 56990 58003 60007 83640 85462 RH29%=
41520 0296 70000 10180 20113 37617 48212 60002 85670 333 10185 56990 58029 60007 82720 83640 86462 65%=
41523 02697 32704 10310 20201 39013 48468 60002 83200 333 10330 56900 58018 60007 83840 52%=
41524 02697 23602 10330 20182 39231 40033 60002 82100 333 10360 56900 59012 60007 82845 RH 42%=
41525 22697 60000 10200 20128 37679 48356 60002 82420 333 10220 56990 58009 82640 84460 63%=
41528 02997 00000 10320 20205 39132 48467 60002 333 10327 59021 60007 51%=
41529 02996 03102 10230 20230 39667 40025 60002 333 10345 58031 60007 56%=
41530 01696 30508 10325 20221 39625 40012 60002 70500 81401 333 10330 56909 58028 60007 81840 53%=
41534 02997 00000 10330 20230 39631 40020 60002 333 10340 58025 60007 RH 56%=
41535 02697 43102 10250 20206 38664 48443 60032 84600 333 10272 56900 58010 60007 84835 RH77%=
41536 02597 30000 10290 20203 38964 48465 60002 83200 333 10315 59007 60007 83830 59% =
41560 02997 40000 10260 20163 38250 48462 60002 84030 333 10285 56090 58004 60007 84360 Rh55%=
41562 02997 00904 10340 20225 39580 40016 60002 333 10350 58017 60007 RH 51%=
41565 02997 30000 10250 20206 38615 48489 60002 83020 333 10285 56090 58012 60007 83460 77%=
41567 01996 00000 10330 20230 39604 49995 60002 70400 333 10340 58023 60007 56%=
41571 12697 22306 10310 20184 39475 40026 60002 82800 333 10321 56900 58011 RH47%=
41572 01696 20000 10320 20221 39412 49999 60002 70400 82500 333 10335 56900 58014 60007 82640 RH56%=
41573 01696 81302 10180 20173 37957 48464 60052 76261 84520 333 10225 56990 58010 60057 84640 84460 95%=
41574 02697 42302 10250 20176 38305 48473 60002 84400 333 10260 56900 58000 60007 84640 64%=
41576 02997 00000 10325 20232 40042 60032 333 10330 58012 60007 58%=
41577 01696 20000 10325 20227 39443 40021 60002 70410 82200 333 10330 56900 58009 60007 82840 RH 56%=
41593 01996 00000 10320 20250 39816 40017 60002 70410 333 10327 58021 60007 67%=
41597 02997 00000 10320 20265 39756 40036 69902 333 10325 58016 60007 73%=
41598 02997 00000 10330 20253 39757 40012 60012 333 10340 58009 60007 64%=
41599 01696 20000 10325 20240 39756 40029 60212 70422 82400 333 10330 56900 58019 60007 82640 61%=
41600 01696 60000 10325 20255 39735 40013 60152 70422 83570 333 10328 56990 58006 60007 83645 83460 67%=
41620 32696 20504 10345 20015 38505 48410 60002 82500 333 10350 56900 58014 60007 82640 12%=
41624 02997 00000 10345 20270 39821 40009 60142 333 10360 58020 60007 65%=
41625 02997 00000 10350 20253 39813 40001 60182 333 10360 58002 60007 57%=
41630 01996 33104 10340 20257 40023 60002 70420 83030 333 10350 56090 58016 60007 83360 62%=
41633 02997 00000 10340 20241 4//// 60002 333 10345 5//// 60007 56%=
41634 02697 20000 10300 20245 3//// 4//// 60002 82600 333 10305 56900 5//// 60007 82640 72%=
41635 02997 00000 10340 20257 3//// 4//// 60082 333 10343 5//// 60007 62%=
41636 01996 30000 10340 20257 39852 40026 60002 70400 83030 333 10352 56090 58028 60007 83360 62%=
41638 01996 00000 10335 20266 4//// 60002 70400 333 10354 5//// 60007 67%=
41639 02997 00000 10330 20253 3//// 4//// 60002 333 10335 5//// 60007 64%=
41640 01996 00000 10330 20238 39787 40023 60052 70400 333 10345 58015 60007 58%=
41641 01996 33106 10340 20233 39762 40020 70400 83070 333 10346 56090 58014 60007 83460 54%=
41642 01997 21304 10320 20250 3/// 4//// 69932 82030 333 10325 56090 5//// 60007 82361 67%=
41643 01996 23102 10330 20253 39758 40019 69902 70410 82030 333 10345 56090 58013 60007 82360 64%=
41644 02997 00000 10330 20276 3//// 4//// 60132 333 10347 5//// 60007 73%=
41646 01996 23602 10340 20257 39835 40035 60002 70400 82030 333 10350 56090 58022 60007 82360 62%=
41652 01996 21304 10355 20266 39850 40017 60002 70400 82030 333 10366 56090 58018 60007 82360 60%=
41660 02797 23116 10330 21062 38378 48459 60002 82400 333 56900 58010 60007 82850 RH08%=
41660 02797 23116 10330 21062 38378 48459 60002 82400 333 10340 56900 58010 60007 82850 RH08% COR=
41661 01996 03102 10340 21030 38332 48446 60002 70540 333 10355 58010 60007 09%=
41669 02997 01302 10360 20264 3//// 4//// 60032 333 10380 5//// 60007 58%=
41670 01996 00000 10340 20257 3//// 4//// 60207 70400 333 10345 5//// 60007 62%=
41674 01696 61304 10350 20268 3//// 4//// 60002 70421 82470 333 10375 56990 5//// 60007 82840 86462 63%=
41675 01696 40000 10350 20253 39879 40014 60002 72991 84400 333 10371 56900 58020 60007 84840 57%=
41676 01996 00000 10360 20287 39905 40053 60002 70400 333 10375 58034 60007 59%=
41677 01696 20000 10340 20272 39847 40004 60002 70400 82500 333 10360 56900 58018 60007 82640 68%=
41678 02996 00000 10370 20228 40017 60002 70500 333 10380 58020 60007 44%=
41679 01996 30000 10320 20265 4//// 60002 70411 83030 333 10345 56090 5/// 60007 83360 73%=
41680 01696 30000 10340 20272 39834 40020 60002 70410 83400 333 10353 56900 58024 60007 83640 68%=
41685 02697 32302 10335 20206 38844 48454 60002 83200 333 10340 56900 58016 60007 83840 RH.47%=
41696 02997 03104 10290 20068 37982 48464 60002 333 10300 58007 60007 RH25%=
41697 02997 02304 10395 20242 39859 40005 60002 333 10410 58026 60007 RH42%=
41700 01996 00504 10375 20242 39887 40006 60002 70500 333 10390 58021 60007 47%=
41701 01696 10504 10370 20252 39878 40011 60002 70400 81400 333 10377 56900 58016 60007 81840 51%=
41710 11996 03106 10410 21090 39251 49951 60002 70600 333 10420 58020 R.H04%=
41712 12997 01302 10405 20009 39096 48474 60002 333 10420 58017 RH09%=
41715 01996 01302 10360 20279 39948 40009 60002 70500 333 10380 58013 60007 RH63%=
41716 01996 00000 10370 20260 39917 40013 60002 70400 333 10381 58014 60007 54%=
41718 01996 20000 10380 20277 39912 40008 60002 70400 82030 333 10391 56090 58010 60007 82362 54%=
41724 02996 02704 10380 20272 39953 40027 60002 333 10395 58015 60007 RH54%=
41725 12996 00000 10380 20256 39930 40003 60002 333 10385 58010 60007 RH50%=
41726 02996 02704 10355 20274 39963 40031 60002 333 10395 58017 60007 RH63%=
41738 02696 22314 10400 20193 39840 40007 60002 82600 333 10405 58007 60007 82630 RH330%=
41739 02996 02306 10380 20043 38951 48448 60002 333 10385 58012 60007 RH13%=
41742 12697 21806 10375 20258 39908 40005 60002 82100 333 10379 56900 58013 82830 RH 52%=
41743 21996 00502 10380 20264 60002 70500 333 10385 60007 RH 51%=
41744 12996 00000 10325 20073 38685 48424 60002 333 10330 58000 RH 21%=
41745 01996 01302 10365 20270 60002 70500 333 10370 60007 RH58%=
41746 02696 21804 10360 20264 39956 40008 82530 60002 333 20380 56900 58007 60007 82640 RH58%=
41746 02696 21804 10360 20264 39956 40008 82500 60002 333 10380 56900 58007 60007 82640 RH58% COR=
41747 02996 01302 10380 20272 39949 40004 60002 333 10395 58012 60007 RH54%=
41748 02996 01304 10375 20266 39952 40012 60002 333 10380 58006 60007 RH54%=
41749 02996 01308 10370 20276 39985 40018 60002 333 10380 58012 60007 RH59%=
41756 01496 32308 10310 20231 39972 40035 60002 70504 83600 333 10325 56900 58018 60007 83715 RH63%=
41757 12996 02314 10315 20244 30036 40048 60002 333 10340 58011 RH66%=
41759 01996 02304 10315 20252 30025 40030 60002 70501 333 10345 58009 60007 RH69%=
41760 01996 02314 10310 20246 30018 40031 60002 70500 333 10330 58002 60007 RH 69%=
41764 02996 02118 10330 20261 39975 40023 60002 333 10352 58019 60007 RH67%=
41765 02996 02308 10340 20265 39989 40023 60002 333 10365 58020 60007 RH65%=
41766 22696 02302 10330 20268 39975 40003 333 10345 58003 60007 RH 70%=
41767 02996 4//// 10335 20266 60002 84830 333 10345 60007 82835 82360 RH67%=
41768 02596 12306 10330 20261 30021 40028 60002 81600 333 10345 56500 58016 60007 81720 RH67%=
41780 02596 72508 10300 20243 30014 40041 60002 84500 333 10320 56900 58013 60007 84720 85630 RH72%=
41783 02696 52306 10310 20254 30001 40030 60002 82530 333 10325 56990 58018 60007 83635 82360 RH 72%=
41785 02597 32704 10320 20265 30022 40035 60002 84600 333 10330 56500 58009 60007 84730 RH 73%=
41786 02696 52706 10340 20241 39979 40014 60002 85500 333 10345 56900 58011 60007 85630 RH56%=
41BAG 02496 60502 10210 20111 69962 84510 333 10240 56990 60007 81718 83640 86460 53%=
41BKI 02996 03604 10330 20230 39615 40007 60002 333 10340 58022 60007 RH56%=
41SKP 01696 10000 10325 20248 3//// 4//// 69962 70400 81500 333 10335 56900 5//// 60007 81640 64%=
43532 02696 20000 10320 20196 39218 49967 60002 82500 333 10330 56900 59008 60007 82640 48%=
43533 02997 20000 10315 20231 39134 48447 60002 82020 333 10320 56090 59015 60007 82460 61%=
43563 02997 00502 10300 20238 39372 40025 60032 333 10328 58007 60007 69%=

=========
UPPK OPKC 071200=
PPAA 5712/ 41506 MISDA DUE TO FLIGHT SCHEDULE=
PPAA 5712/ 41598 MISDA DUE TO NOT PERMISSION BY PAF=
PPAA 5712/ 41640 MISDA DUE TO NOT PERMISSION BY CA=
PPAA 57121 41624 55285 17008 10009 77999=
PPAA 5712/ 41646 MISDA DUE TO TECHNICAL FAULT=
PPAA 57121 41678 55285 03507 08004 77999=
PPAA 57111 41718 55285 32503 35003 77999=
PPAA 5712/ 41516 MISDA DUE TO STRONG WIND SPEED=
PPAA 5712/ 41517 MISDA DUE TO AIR MOVEMENT=
PPAA 5712/ 41739 no acent due to security risk=
PPAA 5712/ 41759 No ascent due to security risk=
PPAA 5712/ 41768 NO ASCENT DUE TO SHORTAGE OF STAFF=
PPAA 57111 41715 55285 09506 07005 77999=
PPAA 57111 41780 MISDA NO ASCENT DUE TO SHORTAGE OF RED BALOON=
PPAA 5712/ 41764 NO ASCENT DUE PAF FLYING=
PPAA 5712/ 41515 due to technical fault=
PPBB 57121 41600 55185 34511 77999=
PPBB 57121 41600 90/12 00000 30503 29005 9037/ 27507 05014=
PPBB 57121 41624 90/12 13502 12005 14004 9037/ 14005 18008 9125/ 05507 07510=
PPBB 57121 41678 90/12 09004 09505 08006 9037/ 08008 03004 912// 07509=
PPBB 57111 41718 90/12 00000 29003 29505 9037/ 32004 34005 9125/ 35504 02004=
PPBB 57111 41715 90/12 13502 14004 14005 9037/ 12006 05506 9125/ 07005 07511=
PPAA 57121 41675 55185 10505 77999=
PPBB 57121 41675 90/12 00000 05503 11003 9037/ 10002 12006=





Data Generated from File : D:\all data handling\Rmc_lhr\2024090712.FSU.txt
07/09/24 12:59:26
______________________________________________________________
15007 05570 41603 10270 20080 39769 40213 57007 60001 7000/ 84200 333 4/000 55310 0//// 22914 3//// 60007 91006 91108=
15020 04570 21402 10286 20085 30031 40217 57010 60001 82200 333 55309 22884 60007 91004 90760 91107==
15023 05570 30904 10252 20078 39796 40200 57007 60001 7000/ 83100 333 4/000 55306 0//// 21817 3//// 60007 91007 91108=
15056 05570 20703 10266 20071 39883 40215 57010 60001 7000/ 82200 333 4/000 55310 0//// 22861 3//// 60007 91006 91108=
15069 05/70 21104 10222 20065 39169 42848 57008 60001 7000/ 82200 333 4/000 55310 0//// 22866 3//// 60007 91006 91108=
15073 05/70 /1001 10261 20076 39775 40217 57006 60001 7000/ 333 4/000 55308 0//// 22644 3//// 60007=
15090 04570 10903 10270 20049 30134 40222 57011 60001 81100 333 55310 01700 22869 30321 60007 91006 90760 91109==
15107 05670 21403 10262 20057 39430 42857 57009 60001 7000/ 82100 333 55310 0//// 22963 3//// 60007 91006 91108 95000=
15108 02270 30901 10122 20049 38181 48577 54000 60001 83100 333 55306 21928 60007 91005 90760 91106==
15111 05570 20404 10270 20074 39959 40208 57011 60001 7000/ 82200 333 4/000 55310 0//// 22840 3//// 60007 91008 91108=
15113 05970 00306 10264 20081 30059 40214 57011 60001 7000/ 333 4/000 55310 0//// 22713 3//// 60007 91009 91109=
15127 05570 30502 10249 20057 39357 42852 57011 60001 7000/ 83200 333 4/000 55310 0//// 23080 3//// 60007 91008 91108 95000=
15148 05470 20703 10187 20055 38784 48565 57004 60001 7000/ 82100 333 55309 0//// 22656 3//// 60007 91007 91110=
15150 04570 20602 10268 20074 30015 40217 57010 60001 82200 333 55310 22573 60007 91005 90760 91107==
15154 05970 00504 10265 20043 30076 40212 57009 60001 7000/ 333 4/000 55310 0//// 22727 3//// 60007 91010 91110=
15168 05/70 /0903 10265 20059 39603 42853 57010 60001 7000/ 333 4/000 55310 0//// 22813 3//// 60007=
15170 04570 20704 10246 20071 39454 42853 57008 60001 82100 333 55310 22727 60007 91007 90760 91107==
15194 05670 10602 10262 20074 39933 40212 57011 60001 7000/ 81100 333 55308 0//// 22377 3//// 60007 91005 91107=
15197 05/70 /0505 10259 20049 30016 40217 57006 60001 7000/ 333 4/000 55310 0//// 22946 3//// 60007=
15215 05570 11205 10253 20049 39623 42855 57008 60001 7000/ 81100 333 55310 0//// 22804 3//// 60007 91008 91110=
15217 05570 10505 10242 20062 39561 42858 57006 60001 7000/ 81100 333 55310 0//// 22777 3//// 60007 91009 91110=
15219 05/70 /0603 10270 20064 30090 40208 57009 60001 7000/ 333 4/000 55310 0//// 22755 3//// 60007=
15238 05/70 /0704 10247 20047 39608 42855 57008 60001 7000/ 333 4/000 55310 0//// 22633 3//// 60007=
15261 05964 00502 10239 20064 39419 42866 57008 60001 7000/ 333 55310 0//// 22891 3//// 60007 91005 91107=
15262 02398 20806 10116 2//// 38289 48/// 51007 60001 82200 333 55310 0//// 22993 3//// 60007 91011 91112=
15265 05970 00104 10276 20058 30137 40208 57006 60001 7000/ 333 4/000 55310 0//// 22836 3//// 60007 91008 91109=
15280 02270 63502 10066 20036 37595 47172 52002 60001 86200 333 55300 20776 60007 91003 90760 91104==
15300 05799 20503 10256 20057 39589 42850 57011 60001 7000/ 82200 333 55310 0//// 22770 3//// 60007 91008 91108=
15301 05570 20401 10195 20066 38699 48584 57002 60001 7000/ 82200 333 4/000 55310 0//// 22789 3//// 60007 91004 91105 95000=
15302 05670 23102 10204 20051 38987 48570 57006 60001 7000/ 82200 333 55310 0//// 22895 3//// 60007 91005 91107 95000=
15307 05/70 /0603 10276 20055 30024 40200 57006 60001 7000/ 333 4//// 55310 0//// 22778 3//// 60007=
15310 04670 30504 10276 20097 30119 40200 57005 60001 81130 333 55308 01390 22485 32305 60007 91008 90760 91109==
15324 05570 62000 10254 20064 39422 42844 57008 60001 7000/ 84370 333 55308 0//// 22633 3//// 60007 91004 91104=
15325 05570 52001 10162 20049 38553 48564 57002 60001 7000/ 85200 333 4/000 55301 0//// 21061 3//// 60007 91003 91103=
15328 05970 00702 10268 20044 39868 40200 57005 60001 7000/ 333 4//// 55310 0//// 22858 3//// 60007 91007 91108=
15335 04570 20606 10254 20152 30195 40201 57003 60001 81230 333 55310 22695 60007 91009 90760 91109==
15336 05/70 /0603 10247 20162 30196 40198 52002 60001 7000/ 333 4/000 55310 0//// 22661 3//// 60007=
15349 05970 01103 10267 20035 39665 40188 57008 60001 7000/ 333 4/000 55310 0//// 22741 3//// 60007 91007 91108=
15350 04/70 10406 10279 20061 30093 40206 57005 60001 81040 333 55310 21967 60007 91010 90760 91113==
15360 04970 00412 10221 20166 30178 40194 50004 60001 333 60007 91014 90760 91115==
15375 05999 10904 10276 20018 39852 40191 57009 60001 7000/ 81040 333 4/000 55310 0//// 22759 3//// 60007 91009 91110=
15377 05997 00903 10284 20041 39989 40193 57007 60001 7000/ 333 55310 0//// 22137 3//// 60007 91008 91109=
15387 05570 10306 10241 20177 30193 40196 52006 60001 7000/ 81100 333 4/000 55310 0//// 22671 3//// 60007 91011 91112=
15402 05570 30505 10288 20093 30126 40197 57006 60001 7000/ 82140 333 55310 0//// 22936 3//// 60007 91011 91111=
15405 05570 20408 10277 20113 30142 40201 57006 60001 7000/ 81160 333 4/000 55310 0//// 22699 3//// 60007 91012 91112=
15406 05570 40305 10276 20150 30148 40193 57002 60001 7000/ 82240 333 4/000 55305 0//// 21787 3//// 60007 91008 91108=
15408 05/70 /0507 10242 20147 39939 40194 52002 60001 7000/ 333 4/000 55309 0//// 22542 3//// 60007=
15419 05970 20604 10284 20074 30015 40199 57008 60001 7000/ 80001 333 4/000 55310 0//// 22775 3//// 60007 91009 91111=
15420 04570 20403 10291 20087 30086 40191 57008 60001 82200 333 55310 22698 60007 91008 90760 91109==
15421 05670 20705 10285 20089 30098 40203 57007 60001 7000/ 82100 333 55310 01615 22722 30483 60007 91010 91110=
15422 05570 30303 10301 20096 30094 40189 57008 60001 7000/ 83200 333 55310 0//// 22771 3//// 60007 91009 91109=
15425 05570 30207 10271 20124 30134 40195 57003 60001 7000/ 83200 333 4/000 55307 0//// 22119 3//// 60007 91010 91111=
15434 02970 01103 10298 20057 39993 40190 57012 60001 333 4/000 55310 0//// 22783 3//// 60007 91007 91109=
15444 05/70 /0603 10259 20150 30125 40194 52002 60001 7000/ 333 4/000 55301 0//// 21260 3//// 60007=
15455 05670 10605 10295 20078 30068 40191 57008 60001 7000/ 81100 333 4/000 55310 0//// 22738 3//// 60007 91010 91110=
15460 04570 50605 10267 20149 30167 40190 57003 60001 82271 333 55308 22542 60007 91010 90760 91110==
15462 05570 70506 10246 20161 30107 40190 52005 60001 7000/ 87500 333 4/000 55300 0//// 20990 3//// 60007 91009 91111=
15470 04570 10605 10295 20072 30068 40187 57011 60001 81100 333 55310 22761 60007 91010 90760 91110==
15475 02597 40705 10281 20139 30169 40188 57007 60001 84200 333 55309 0//// 22379 3//// 60007 91009 91111=
15479 05570 60505 10243 20168 30004 40188 52004 60001 7000/ 83360 333 4/000 55305 0//// 21564 3//// 60007 91009 91111=
15480 04570 60607 10242 20186 30166 40182 50005 60001 84330 333 55304 01050 21707 31527 60007 91012 90760 91112==
15489 05970 00605 10294 20070 30098 40186 57011 60001 7000/ 333 55310 0//// 22829 3//// 60007 91009 91111=
15491 05670 30605 10302 20124 30156 40185 57011 60001 7000/ 83200 333 55310 0//// 22853 3//// 60007 91010 91110=
15499 05465 40310 10251 20186 30170 40179 52006 60001 7000/ 84200 222// 06248 2//// 333 4/000 60007 91013 91113 92448=
15549 12570 50504 10254 20126 39774 40165 57003 60001 85200 333 10259 20180 555 545//=
15552 12570 60204 10250 20187 30117 40163 52001 60001 86200 222// 00/// 10302 333 10277 20223 555 568// 92035 92438=
15640 12674 53605 10276 20207 39873 40164 53001 60001 83201 333 10277 20221 555 566//=
15655 12568 70510 10263 20186 30128 40159 52001 60001 87200 222// 00269 10201 333 10273 20224 555 563// 92025 92427=
15730 12670 83607 10275 20135 39789 40159 58007 60001 86831 333 10285 20186 555 542//=
16627 12565 50308 10304 20157 30145 40150 58008 60001 83441 333 90730 91122==
16650 12960 10415 10288 20171 30142 40150 57003 60001 80001 333 90730 91123==
16667 12960 03209 10336 20191 30131 40142 57004 60001 333 90730 91115==
16706 12960 00410 10298 20165 30115 40122 57011 60001 333 90730 91115==
16723 12960 03411 10334 20152 30099 40113 55012 60001 333 90730 91120==
16732 26/// /0112 10285 20218 30124 40134 57006 333 60005 90730 91120==
16742 12960 03413 10330 20142 39962 40106 57004 60001 333 90730 91125==
16749 12960 02416 10330 20172 30076 40090 57010 60001 333 90730 91121==
16754 12960 03310 10310 20223 30092 40138 56005 60001 333 90730 91114==
16757 12960 03016 10294 20214 39998 40124 57004 60001 333 90730 91126==
16760 12960 03509 10312 20116 40130 57006 60001 333 90730 91119==
16765 12960 03125 10312 20188 40106 55002 60001 333 90730 91126==
17022 11670 72803 10239 20198 39990 40149 58005 69901 70281 84250 333 84834 87360 90760 91114==
17024 12670 53602 10275 20269 30061 40135 57003 60001 83250 333 83835 85360 90760 91106==
17026 12570 30104 10262 20204 30106 40143 57006 60001 83200 333 83830 90760 91111==
17031 12570 63610 10279 20211 30127 40133 57010 60001 84250 333 84832 86360 90760 91115==
17034 12670 53003 10262 20209 30098 40142 57007 60001 82130 333 82835 85360 90760 91108==
17038 12470 63106 10258 20206 30089 40134 55001 60001 86200 333 82718 86835 90760 91110==
17042 12670 63102 10262 20206 30098 40136 57008 60001 83250 333 83835 86360 90760 91108==
17050 12570 63506 10300 20160 30108 40167 55007 60001 83270 333 83833 86357 90760 91115==
17056 12670 51709 10264 20208 30142 40146 57009 60001 83230 333 83835 85360 90760 91112==
17060 12560 53511 10276 20180 30111 40150 57007 60001 83250 333 83825 84360 90760 91120==
17070 12665 42606 10271 20122 39287 40107 57015 60001 84200 333 84835 90760 91112==
17074 12570 71403 10272 20177 39219 40096 57021 60001 87300 333 85830 82927 90760 91108==
17084 12670 31603 10288 20108 39244 40095 57019 60001 83200 333 83835 91108=
17085 12670 30506 10304 20130 39638 40099 57019 60001 83100 333 83840 90760 91113==
17092 11670 61304 10251 20142 38838 48490 57010 60001 70292 85950 333 83850 86359 82945 90760 91110==
17096 11560 61408 10201 20111 38246 48500 57011 69921 79591 86900 333 85835 81925 90760 91126==
17098 12670 51104 10216 20104 38223 48518 57015 60001 83250 333 83840 85358 90760 91116==
17100 12670 11101 10274 20125 39173 40112 57020 60001 81200 333 81840 90760 91109==
17112 12670 20406 10306 20158 30138 40140 57009 60001 82200 333 82835 90760 91117==
17115 12960 40210 10276 20162 30103 40151 57009 60001 80001 333 84070 90760 91117==
17116 12670 53208 10285 20154 30027 40142 57009 60001 82230 333 82835 84360 90760 91111==
17124 12660 33008 10268 20114 39255 40124 57012 60001 83100 333 83840 90760 91117==
17128 12660 32709 10277 20103 39059 40092 57017 60001 83100 333 83840 90760 91114==
17135 12670 32004 10301 20105 39261 40079 57020 60001 83100 333 83840 90760 91109==
17140 12665 50502 10251 20083 38701 48499 57010 60001 85200 333 85838 90760 91109==
17150 12660 33611 10309 20146 30013 40130 57013 60001 82101 333 82835 83070 90760 91119==
17160 12670 51602 10278 20080 38994 48498 57014 60001 85200 333 85836 90760 91110==
17170 12660 32608 10243 20118 38335 48497 57012 60001 82250 333 82840 83358 90760 91116==
17175 12965 03605 10321 20151 30117 40121 57012 60001 333 90760 91108==
17184 12670 23205 10328 20118 30010 40114 57016 60001 82200 333 82835 90760 91111==
17190 12670 33304 10269 20067 38979 48508 57013 60001 83100 333 83835 90760 91113==
17190 12670 33304 10269 20067 38979 48508 57013 60001 83100 333 83835 90760 91113==
17195 12670 30105 10293 20046 38944 48495 57015 60001 83100 333 83840 90760 91116==
17200 12660 21204 10326 20099 39132 40043 57021 60001 82100 333 82840 90760 91113==
17202 12670 40905 10333 20077 39075 40040 57022 60001 84200 333 84835 90760 91113==
17203 12670 31303 10312 20101 38837 48516 57019 60001 82130 333 82840 83360 90760 91109==
17210 12670 12404 10349 20067 39083 40029 57015 60001 81100 333 81840==
17219 12565 13412 10333 20122 39981 40116 57012 60001 81100 333 81830 90760 91122==
17234 12970 01602 10368 20109 30041 40104 57028 60001 333 90760 91107==
17237 12970 03103 10343 20065 39632 40101 57018 60001 333 90760 91108==
17240 12970 03304 10307 20044 39011 40080 57013 60001 333 90760 91115==
17244 12670 20311 10279 20072 38981 48510 57011 60001 82100 333 82840 90760 91122==
17248 12670 32603 10295 20061 38957 48498 57015 60001 83200 333 83840 90760 91110==
17250 12670 32606 10283 20068 38787 48497 57018 60001 83200 333 83840 90760 91110==
17260 11560 63512 10294 20168 39262 40021 57013 69901 79592 86900 333 85835 81925 90760 91120==
17270 12670 31105 10329 20187 39449 40045 57012 60001 81230 333 81840 83360 90760 91114==
17275 12670 12007 10319 20102 38947 48503 57011 60001 81100 333 81840 90760 91117==
17280 12960 00204 10358 20099 39307 40032 57021 60001 333 90760 91112==
17290 12970 03210 10362 20081 30072 40102 57013 60001 333 91020 90760 91121==
17292 12970 00102 10328 20045 39378 40080 57009 60001 333 90760 91112==
17300 12560 21717 10330 20230 30012 40078 57010 60001 82100 333 82830 90760 91126==
17310 12670 52105 10336 20267 30068 40075 57009 60001 83230 333 83835 85360 90760 91108==
17330 12670 41402 10338 20242 30061 40078 57010 60001 84200 333 84840 90760 91109==
17350 12660 4//10 10346 20214 39986 40059 58016 60001 84100 333 84835==
17370 12670 32605 10319 20249 30075 40079 57015 60001 83100 333 83835 90760 91107==
17375 12670 22204 10339 20179 30065 40067 57008 60001 82200 333 82836 90760 91111==
33088 32997 01106 10273 20072 30059 40238 57010 555 1/043=
33135 32998 00801 10267 20058 30129 40268 57015 555 1/040=
33177 32598 21403 10287 20094 39992 40213 57009 82100 555 1/042=
33317 32999 01504 10267 20062 39916 40232 58009 555 1/045=
33393 32660 31404 10279 20087 39837 40201 57007 83100=
33415 32598 21304 10288 20124 39840 40209 57009 82100 555 1/045=
33429 32997 00705 10264 20070 39824 40220 58009 555 1/047=
33466 32998 01004 10255 20046 30071 40248 57011 555 10043=
33506 32997 00906 10251 20002 30064 40249 57016 555 1/041=
33562 32960 00803 10269 20042 39952 40238 57011 555 1/044=
33587 32998 01202 10257 20021 39986 40234 57010 555 1/046=
33658 32984 41004 10282 20080 39930 40209 57011 84030 555 1/044=
33663 32998 00902 10286 20041 30134 40224 57013 555 1/052=
33664 42998 00903 10276 20033 39915 40211 58010=
33678 42998 02803 10268 21006 30038 40239 57013=
33679 42997 01002 10271 20048 30050 40229 57009=
33711 32960 00707 10277 20018 30032 40228 57009 555 1/049=
33745 42997 00405 10272 20008 30045 40227 57012 555 10047=
33748 42997 00703 10256 20023 39947 40215 58006=
33754 42998 00503 10270 20025 30082 40220 58012=
33761 32970 00804 10252 20054 30012 40222 57009 555 1/037=
33791 32980 00607 10264 20015 30105 40225 57009 555 1/045=
33815 42998 00904 10258 20037 30012 40207 57010 555 11029=
33837 32975 00505 10238 20118 30155 40204 58008 555 1/037=
33881 42998 00404 10276 20037 30024 40208 58010=
33883 42998 00503 10271 20068 30047 40202 57011 555 10043=
33885 42698 20705 10264 20063 30080 40211 57003 82100 333 91112=
33892 42998 00604 10254 20096 30006 40205 57003=
33902 32998 00509 10284 20048 30145 40200 57009 555 1/044=
33924 42570 70508 10229 20174 30168 40180 57004 87500 333 91014 90760 91116==
33946 42580 30711 10246 20155 39947 40154 57008 82302 333 82632 91015 90760 91117==
33983 42560 80508 10225 20148 30110 40167 58005 8455/ 333 91012 90760 91113==
34300 32997 00804 10256 20017 30095 40262 57017 555 1/047=
34336 42970 00802 10254 20001 30172 40269 57017==
34344 42970 01002 10266 20035 30183 40265 57015==
34356 42960 00802 10248 20013 30132 40271 57015==
34357 42970 00602 10246 20013 30118 40264 57017==
34398 42970 03502 10241 20065 30257 40266 57013==
34415 32970 00904 10254 20015 30160 40251 57016 555 1/039=
34438 42960 00805 10250 20024 30075 40255 57016 333 90760 91112==
34445 42970 00805 10246 20013 30156 40264 57016==
34461 42960 00902 10254 20006 30218 40270 57014==
34473 42997 02403 10241 20047 30236 40272 57014 555 10045=
34476 42970 00103 10243 20019 30266 40273 57013==
34504 32981 00805 10246 20008 30068 40232 57012=
34535 42970 00905 10252 21009 30180 40248 57016 333 91010 90760 91112==
34545 42970 10905 10252 21010 30148 40253 57016 80001 333 90760 91113==
34555 42970 00505 10229 20095 30181 40267 57016==
34560 42960 01005 10237 20030 30085 40265 57015 333 90760 91112==
34578 42/60 20903 10249 20000 30258 40265 57014 82080==
34579 42970 20502 10248 20001 30226 40268 57013 80001==
34644 42960 00805 10255 21016 30167 40239 57016 333 91011 90760 91113==
34646 42/70 20605 10233 20078 30167 40244 57016 81031 333 90760 91111==
34655 42/60 20807 10255 21033 30193 40249 57017 82030 333 91012 90760 91114==
34662 42970 20903 10250 21029 30251 40261 57014 80001==
34691 42970 00000 10246 20009 30280 40268 57012==
34720 42/70 20704 10252 20041 30185 40223 57014 81031 333 90760 91113==
34727 42560 60906 10243 20048 30178 40206 57011 86400 333 91010 90760 91114==
34743 42960 40904 10256 21021 30154 40238 57016 80001 333 91010 90760 91114==
34759 42960 20606 10253 21014 30112 40235 57015 80001 333 91010 90760 91112==
34772 42970 40804 10257 21029 30254 40257 57012 80005 333 90760 91114==
34785 42970 20903 10257 21039 30277 40256 57014 80002==
34798 42970 21103 10239 20038 30288 40260 57009 80001==
34824 42560 80805 10257 20108 30183 40188 57007 8653/ 333 91010 90760 91114==
34838 42560 60805 10264 20073 30100 40190 57013 8644/ 333 91010 90760 91113==
34845 42/00 61105 10260 20024 30109 40210 57013 80035 333 91010 90760 91113==
34858 42960 20804 10269 20016 30119 40219 57013 80009 333 91010 90760 91112==
34861 42/70 21107 10244 21036 30001 40229 57014 81031 333 91011 90760 91113==
34866 42970 21007 10255 21010 30247 40239 57012 80001 333 91010 90760 91111==
34880 42/60 60803 10241 20051 30279 40254 57009 85031==
34887 42970 20704 10236 20036 30272 40253 57009 80002==
34949 42670 61011 10209 20094 39682 40199 57004 85530 333 91014 90760 91117==
34954 42570 80704 10245 20073 30044 40207 57006 884// 333 91010 90760 91112==
34958 42570 81004 10252 20067 30019 40206 57010 885// 333 91010 90760 91113==
34975 42/70 21205 10255 20033 30235 40231 57006 80030 333 90760 91111==
34984 42970 20806 10229 20032 30278 40249 57004 80002 333 91010 90760 91111==
35217 42960 00000 10227 20039 30227 40265 57013==
35302 42970 00704 10231 20060 30251 40271 57011==
35315 42998 00101 10230 20061 30213 40266 57013 555 10036=
35344 42698 73105 10215 20085 39938 40206 57015 82170 555 10025=
35345 46/// /3105 10205 20091 39898 40199 58009=
35358 42/60 62507 10209 20062 30035 40193 57014 86040==
35368 42599 72507 10196 20062 39948 40197 57010 85540 555 10025=
35386 42598 62804 10160 20042 39698 40188 53005 86500 555 10018=
35394 42570 82502 10136 20057 39552 40194 53012 889//==
35404 42998 03002 10230 20076 30261 40269 57016 555 10044=
35406 42960 00203 10222 20036 30266 40268 57011==
35416 42/70 21204 10223 20039 30145 40258 57012 82030==
35426 42984 33003 10212 20064 39966 40238 57015 80001==
35437 42998 23307 10208 20050 39939 40232 57019 80003 555 10031=
35449 42998 33305 10204 20065 30116 40212 57026 80003 555 10029=
35497 42570 52703 10138 20011 39448 40205 52007 85900==
35498 42598 82703 10134 20012 39370 40203 52005 889// 555 10016=
35514 42998 03402 10239 20027 30265 40261 57012 555 10042=
35519 42998 03204 10229 20056 30192 40259 57009 555 10032=
35522 42998 23404 10213 20054 30014 40249 57011 82030 555 10036=
35542 42999 22806 10219 20019 30079 40216 57020 80001 555 10029=
35563 42998 32602 10158 20004 39479 40205 57007 80002 555 10025=
35576 42/70 52503 10182 20025 39786 40207 57007 85040==
35582 42598 62306 10159 21004 39670 40238 52003 86900 555 10020=
35594 42599 52703 10137 20003 39417 40212 52005 85900 555 10021=
35605 42998 00504 10233 20043 30283 40263 57011 555 10042=
35633 42998 02804 10220 20022 30026 40224 57017 555 10032=
35671 42570 53103 10190 20028 39811 40213 57009 82540==
35699 42660 43202 10135 20003 39507 40226 52006 84300==
35700 42970 00602 10234 20021 30284 40262 57010==
35715 42999 03402 10240 20004 30272 40258 57013 555 10040=
35739 42999 02902 10220 20024 30110 40240 58017 555 18039=
35746 42970 12805 10221 20027 30169 40231 57015 80001==
35777 42997 52503 10193 20051 39900 40223 58001 80004 555 10021=
35796 42660 23504 10176 21008 39814 40222 53006 82401==
35816 46/// /1002 10240 20004 30263 40274 56013=
35849 42970 03203 10210 20038 30158 40239 57017==
35895 42998 40203 10176 20047 39809 40226 53001 80002 555 10025=
35907 42998 61006 10215 20058 30284 40256 57006 80002=
35925 42970 02501 10236 20006 30148 40252 57013==
35927 42998 02001 10247 20000 30249 57012=
35953 42984 32905 10212 20025 30113 40234 57013 80002==
35969 42984 00000 10222 20001 30071 40231 57009==
35997 42598 20503 10192 20084 39814 40219 53001 82300 555 10023=
36259 12584 62706 10093 21056 38201 48463 52018 60002 85901 333 10122 91010 90760 91111==
36335 42699 72303 10111 20034 39229 40203 52006 83530 555 11012=
36358 42699 61802 10131 20058 39235 40195 52011 86500 555 10017=
36394 41597 72902 10106 20088 39807 40211 52018 70282 87300=
36397 41684 53202 10124 20050 39667 40197 52013 70282 85500==
36403 41598 72203 10085 20070 39860 40207 52025 72582 87900 555 11010=
36418 41699 71904 10125 20032 39612 40195 52036 70282 84933 555 10014=
36421 41599 80000 10101 20065 39658 40196 52027 70298 889// 555 11012=
36428 41570 72903 10124 20093 39720 40194 52029 71798 86950==
36439 41596 82803 10062 20038 38980 48515 53035 78082 889// 333 91116 555 11010=
36467 42699 32705 10126 20000 39317 40213 52008 82570 555 10017=
36498 42598 72606 10124 21001 39463 40215 52016 87300 555 10015=
36501 42699 72705 10116 20035 39489 40205 52016 87300 555 10013=
36535 41584 73005 10122 20050 39611 40211 52021 70282 87300==
36546 42699 70307 10144 20027 39684 40191 52028 82343 555 10017=
36619 41599 52304 10169 20035 70232 85900 555 10033=
36622 41598 82704 10132 20002 39446 40206 52016 70282 8597/ 555 10015=
36639 42584 60000 10161 20062 39634 40202 52015 86900==
36643 41599 73007 10151 20008 39573 40195 52027 70332 87900 555 10015=
36665 41699 62903 10146 20040 39506 40188 53028 70182 86900 555 11012=
36666 42599 73208 10164 20018 39731 40192 52029 84971=
36729 42998 52405 10190 20001 39758 40206 52015 85030 333 91115 555 10021=
36736 42599 32604 10172 21010 39697 40216 52017 82553 555 11013=
36744 42998 00000 10194 20046 39805 40224 53009 555 10028=
36770 42599 50000 10168 20067 39547 40229 52011 82980 555 10020=
36786 41699 71401 10134 20058 39357 40229 52013 70282 86902=
36796 41998 62701 10094 20049 39087 48564 53018 70282 86070=
36803 42599 62806 10186 20011 39798 40218 53018 86900=
36806 42598 53406 10168 20045 39764 40203 52012 85900=
36819 41998 53604 10190 20058 39646 40218 53006 70198 85030=
36821 42684 42801 10204 20033 39762 40218 53006 84200==
36839 42699 62803 10152 20051 39155 40223 52012 82230=
36843 41698 52503 10129 20033 39117 40238 52008 70282 83932=
36846 42699 31403 10107 21004 38679 48573 52017 83900=
36859 42584 32205 10166 20057 39475 40212 53015 82940==
36870 42560 21901 10174 20062 39254 40207 53006 82930==
36874 42699 22905 10211 20023 39483 40205 53005 82500=
36877 42699 13301 10210 20056 39299 40206 52002 81200=
36885 42599 20704 10168 20065 39155 40220 52006 81930=
36889 42999 00000 10003 21113 37125 47160 52012=
36894 42999 22302 10187 20047 39533 40227 53011 82060=
36905 41699 62002 10113 20029 38816 48586 52016 70282 83280=
36911 42699 10000 10188 20120 39271 40186 57029 81100 555 11020=
36927 42699 22716 10145 21002 38388 48546 52012 82100 333 91120=
36934 42599 20805 10135 20083 38346 48467 52012 82331 333 91114=
36953 41699 70000 10078 20006 38272 48508 52020 70182 82943 555 1/009=
36963 41799 51403 10026 21023 37102 48/// 52018 70282 85500 555 12005=
36974 42798 63002 10150 20036 38016 48546 52004 86900 555 10021=
36982 41598 72903 11013 21076 36599 47159 52018 77172 85960=
37018 42670 60302 10307 20126 30068 40137 57010 83181==
37031 42560 61006 10264 20117 39998 40180 57007 86800 333 91012 90760 91113==
37054 42570 80702 10216 20129 39833 40196 56011 885//==
37061 42560 60806 10253 20077 30048 40207 57012 82530 333 91011 90760 91113==
37085 42570 30809 10247 20072 30252 40226 57001 82501 333 91014 90760 91115==
37171 42770 43206 10278 20154 30117 40134 57010 81201 333 90760 91111==
37228 42560 81001 10175 20139 39394 40191 57002 883//==
37235 42570 80000 10209 20168 39891 40190 57006 887//==
37472 42570 51306 10235 20167 30231 40210 53002 82281 333 91012 90760 91113==
38149 42970 00602 10240 20004 30168 40240 57011==
38178 42970 00203 10220 20040 39950 40221 58010==
38262 42970 00403 10228 20023 30163 40240 57008==
38264 42970 03605 10234 21009 30143 40232 57011==
38345 42999 02601 10186 20050 38849 48562 53010 555 10028=
38353 42597 50801 10192 20067 39362 40215 54000 85900=
38392 42997 00605 10236 20025 30127 40225 57015 555 10039=
38396 42960 00204 10234 20006 30107 40225 57013==
38403 42960 00204 10248 20045 30103 40216 57006==
38413 42970 00303 10247 21027 39925 40198 53004==
38457 42960 02801 10251 21036 39623 40173 57007==
38462 42984 02306 10213 21041 38783 48533 57003==
38462 42984 02306 10213 21041 38783 48533 57003==
38507 42997 02602 10306 20051 30084 40179 57010 333 91004 555 10046=
38545 42998 00402 10250 20065 30043 40208 57011 555 10040=
38565 12970 00203 10236 20059 39604 40177 56008 60002==
38579 12984 20302 10248 20027 39783 40174 57010 60002 80001==
38583 12/60 20202 10257 20041 39877 40178 57011 60002 82040==
38599 42998 02504 10248 21011 39693 40176 57004=
38611 42/60 21702 10245 20025 39648 40184 57004 82040==
38613 42999 02901 10247 20011 39323 40166 51010 555 10038=
38616 42599 32701 10228 20078 39226 40179 56002 83500=
38618 42/60 80501 10248 20074 39519 40163 57007 83031==
38647 42998 00907 10304 20000 30124 40163 57010 555 10041=
38656 42998 00504 10288 21050 30093 40195 57013 555 10043=
38683 42960 03607 10260 21041 39916 40175 57008==
38687 42997 00207 10263 21038 39975 40196 57005 555 10037=
38696 12984 10703 10229 20045 39352 40158 57003 60002 80005==
38713 42699 33402 10210 20041 39070 48560 56001 81201=
38750 42997 22505 10299 20243 30204 40178 58005 82030 555 10041=
38763 42998 00907 10298 20002 30074 40171 57015 555 10041=
38774 42998 01103 10298 20034 30012 40194 57014 555 10044=
38799 42997 00205 10282 21057 39965 40181 57016 555 10040=
38806 42997 03604 10280 20036 39910 40153 57011 555 10038=
38812 42960 03206 10284 21014 39720 40140 57006==
38836 41696 60902 10283 20073 39207 40068 57006 70500 86500=
38880 42997 01106 10297 20005 39938 40175 57012 555 10045=
38886 42997 00702 10295 20030 39989 40202 57006 555 10042=
38895 42996 00101 10278 20000 39913 40183 57017 555 10044=
38911 42998 03406 10324 20067 39882 40152 57011 555 10045=
38915 42997 03105 10303 20055 39849 40148 57010 555 10041=
38927 11960 02505 10307 21036 39780 40127 56008 60002 70230==
38933 41996 02302 10296 20181 39651 40123 57015 70500=
38944 41996 00902 10303 20034 39579 40071 57004 70500=
38954 42899 23002 10246 20041 37941 48440 57003 81100=
38974 42998 00501 10291 20002 39855 40166 57015 555 10049=
38987 42996 00205 10289 20002 39448 40137 57014 555 10036=
40030 32570 22901 10364 20186 40083 57015 82500 333 82630=
40066 32570 42202 10290 20217 4//// 5//// 84400 333 84626=
40072 58017 85613 91114 94469=
40080 32965 01904 10346 20094 39390 4//// 57020=
40100 43/60 12508 10308 20234 30094 40109 58004 6///1 333 58///=
40180 12560 22807 10319 20213 30043 40089 57008 60001 82100 333 70000==
40199 12/// /0702 10394 20164 30044 40067 57023 60001 333 70000==
40265 31556 23505 10314 20170 39338 40092 57014 70610 82100 333 82825=
40270 31657 12408 10310 20133 39233 40081 57012 70500 81100 333 81835=
40272 31950 02412 10322 20113 39294 40084 57017 70500=
40340 32960 03504 10378 20147 30016 40077 57022=
40356 32960 02810 10360 20060 39140 48493 333 58011 555 04410 50051=
40357 32960 00000 10406 20020 39440 40027 333 58012=
40360 32960 03006 10368 20070 39502 40055 333 58005=
40361 32960 02206 10396 20040 39317 40043 333 58008=
40362 32960 03204 10431 20040 39547 40018 333 58016=
40373 32960 02404 10450 20050 39633 40016 333 59005=
40375 32960 02608 10362 20050 39224 40041 333 58011=
40394 32660 20304 10402 20060 38973 48488 82200 333 58007 82840 555 04410 50013=
40394 32660 20304 10402 20060 38973 48488 82200 333 58007 82840 555 04410 50013=
40400 32960 02713 10330 20240 30053 40080 91146 333 58009=
40405 32660 41305 10427 20050 39324 49995 84500 333 59003 84640=
40417 32960 00112 10432 20100 30005 40019 333 58012=
40420 32960 00508 10450 20050 39817 40006 333 58002=
40430 32960 02912 10408 20010 39351 40037 333 58014=
40437 32960 00903 10424 20020 39372 40025 333 58003=
40439 32960 02626 10390 20190 30038 40056 333 59002=
40582 32960 03609 10453 20105 40020 58015 333 00054 55310 00731 10000 22181 30768 41600 52146 62948 55407 41413 90400 91015 91117 91213 91309=
40703 12960 00904 10286 20060 38897 40083 57022 60001 333 70000 555 10161 29024=
40706 12562 10804 10278 20047 38650 40095 57014 60001 81100 333 70000 81830 555 10152 29023=
40712 12970 01003 10262 20059 38673 40087 57016 60001 333 70000 555 10150 29027=
40713 12665 10903 10298 20081 38645 40060 57016 60001 81100 333 70000 555 10171 29026=
40718 12460 83503 10260 20194 30211 40184 56004 60001 8632/ 222// 0//// 20202 333 70174 82915 8562 0 88457 555 10217 29067=
40723 12960 02907 10288 20069 38962 40123 56014 60001 333 70000 555 10165 29025=
40726 12960 00204 10274 20075 38649 40080 57015 60001 333 70000 555 10160 29028=
40727 12965 03204 10294 20073 38472 40062 57015 60001 333 70000 555 10166 29025=
40732 11550 73506 10272 20192 30188 40165 54000 60001 70521 87300 333 70000 82922 86625 555 10220 29062=
40736 12560 42803 10293 20225 30190 40166 57003 60001 84200 333 70022 84827 555 10247 29067=
40737 12560 72603 10280 20203 30144 40161 55001 60001 83570 333 70014 83627 87459 555 10229 29063=
40738 12560 72505 10299 20190 30173 40175 55006 60001 84850 333 79999 82830 83640 86360 555 10228 29052=
40739 12965 10405 10260 20119 38698 40108 56003 60001 81030 333 70000 81359 555 10174 29041=
40741 12960 03303 10302 20029 39853 40171 57013 60001 333 70000 555 10163 29018=
40743 12962 01006 10324 21019 39046 40090 57016 60001 333 70000 555 10155 29011=
40745 12962 01513 10267 20072 39052 40143 58016 60001 333 70000 555 10159 29029=
40747 12965 01903 10342 21032 38603 40026 57018 60001 333 70000 555 10156 29009=
40754 12960 00802 10306 20065 38809 40072 57015 60001 333 70000 555 10169 29022=
40762 12962 00906 10290 21007 38556 40083 57010 60001 333 70000 555 10140 29014=
40766 12980 02804 10360 21198 38655 40035 55012 60001 333 70000 555 10143 29002=
40768 12665 12702 10315 20008 38244 40042 57013 60001 81100 333 70000 81840 555 10152 29014=
40769 11957 00904 10303 20062 38291 40029 57010 60001 70600 333 70000 555 10164 29022=
40780 12960 02603 10355 20027 38649 40041 57005 60001 333 70000 555 10174 29013=
40782 12968 03005 10371 21010 38807 40019 56009 60001 333 70000 555 10173 29009=
40785 12960 03002 10360 20021 39036 40049 57022 60001 333 70000 555 10178 29012=
40791 12965 03007 10410 21099 39274 40028 57015 60001 333 70000 555 10176 29004=
40792 12965 02803 10359 21047 38691 40042 57012 60001 333 70000 555 10160 29007=
40798 12960 02207 10330 21212 37953 40024 57014 60001 333 70000 555 10123 29002=
40800 12960 00903 10368 21046 38428 40021 57020 60001 333 70000 555 10161 29007=
40809 12962 13205 10367 21202 38467 40012 56011 60001 81030 333 70000 555 10144 29002=
40811 12960 03005 10451 20064 39982 40006 57009 60001 333 70000 555 10227 29010=
40812 12960 01505 10425 20048 39659 40004 57009 60001 333 70000 555 10211 29010=
40818 12965 00604 10318 21102 37958 49990 57014 60001 333 70000 555 10129 29006=
40821 12965 03103 10354 21008 38747 40032 57016 60001 333 70000 555 10166 29010=
40829 11950 03615 10386 20012 39496 40024 56012 60001 70700 333 70000 555 10188 29010=
40831 12960 02910 10449 20124 30017 40025 57013 60001 333 70000 555 10245 29015=
40833 12960 02711 10455 20101 39991 40021 57015 60001 333 70000 555 10239 29013=
40835 12960 02906 10400 20052 39248 40022 57008 60001 333 70000 555 10201 29012=
40841 12670 10605 10351 21112 38228 40029 55004 60001 81100 333 70000 81840 555 10143 29005=
40845 12960 02903 10381 20247 30016 40021 57009 60001 333 70000 555 10284 29047=
40848 12660 41504 10374 20037 38476 49994 56014 60001 84800 333 70000 81835 83640 555 10182 29012=
40851 12660 32304 10361 21050 38236 49975 56014 60001 82401 333 70000 82640 555 10156 29007=
40854 12960 00205 10392 21102 38885 49992 57007 60001 333 70000 555 10166 29004=
40856 12960 00206 10334 21039 38604 40036 56009 60001 333 70000 555 10151 29009=
40859 12660 42104 10376 21003 38649 49997 56012 60001 83430 333 70000 83635 83360 555 10174 29009=
40875 11556 11805 10350 20276 30006 40017 57019 60001 70510 81100 333 70000 81830 555 10295 29066=
40879 12665 12005 10424 20070 39360 49985 57021 60001 81100 333 70000 81840 555 10215 29012=
40882 11935 02303 10358 20279 39979 40012 56024 60001 70500 333 70000 555 10299 29064=
40883 11956 01804 10363 20265 39991 40013 57014 60001 70500 333 70000 555 10291 29057=
40893 11957 01805 10310 20258 30010 40015 57016 60001 70500 222// 00295 20401 333 70000 555 10272 29074=
40898 11956 01705 10318 20257 30000 40009 56013 60001 70511 222// 00308 20801 333 70000 555 10274 29070=
41024 22960 03014 10389 20180 30038 40063 333 58001 60005==
41036 22960 03010 10354 21010 38549 48501 333 58002 60005==
41055 22560 23511 10338 20000 38348 48488 82400 333 58006 60005 82630==
41061 22960 00112 10429 21040 39346 40003 333 58005 60005==
41084 22960 01803 10378 21010 38804 48475 333 58009 60005==
41112 22560 40412 10288 20000 37937 48485 84400 333 58005 60005 84620==
41114 22560 30312 10300 21030 37970 48485 83400 333 58007 60005 83622==
41128 22560 20308 10376 21030 38762 48482 82400 333 58006 60005 82630==
41136 22960 00307 10415 21020 39237 40000 333 58010 60005==
41140 21559 12909 10360 20250 30042 40052 70500 81100 333 58001 60005 81830==
41150 32964 03312 10372 20257 40021 333 58009=
41176 34/67 /0809 10354 20267 30006 40012 333 58009=
41184 32960 03411 10386 20209 40012 333 59003=
41194 11958 03511 10371 20262 30001 40006 60001 70500 333 58001=
41196 12960 03110 10374 20244 39974 40012 60001 333 58002=
41216 32960 03310 10377 20241 30005 40009 333 58003=
41217 32960 03312 10383 20243 39976 40003 333 58003=
41244 36/// /2304 10428 20069 39593 49976 333 0E035 55300 25022 58002=
41255 32560 31504 10411 20088 39507 40043 83400 333 58010 83625=
41256 32960 00510 10310 20266 30005 40022 91145 333 58018 55407 55408 55507 55508=
41267 36/// /0504 10329 20258 30012 40024 333 0E029 58015=
41275 36/// /1205 10404 20174 39863 40020 333 0E026 55300 22894 58007=
41288 32960 01313 10288 20246 30019 40040 333 5////=
41315 26/68 /1702 10256 20241 39234 47229 333 0E024 55300 27865 59001 70000=
41316 32460 71809 10285 20256 30008 40037 87600 333 59005 55407 55408 55507 55508 82714 86625=
41397 61818 10270 20241 40204 54000 70222 8177/ 22242 00270 20602 319// 40702 80250=
41398 33606 10230 20199 40222 5//// 70200 83160 22214 00230 20501 80210=
41480 11658 12414 10354 20264 30020 40029 60002 70544 81900 333 59008 81935=
41497 61303 10260 20228 40140 52011 70222 85261 22243 04266 20305 31611 40804 50702=
41498 72613 10163 20133 40215 58027 70322 8324/ 22253 00200 20402 320// 40806 80145=
41506 02697 11808 10320 20093 38413 48407 60002 81200 333 10348 56900 58007 60007 81830=
41508 02697 20000 10297 20183 38604 48483 60002 82200 333 10320 56900 58011 60007 82835=
41515 02697 22304 10318 20145 38440 48401 60002 82500 333 10338 56900 59007 60007 82650=
41523 02697 32704 10310 20201 39013 48468 60002 83200 333 10330 56900 58018 60007 83840=
41535 02697 43102 10250 20206 38664 48443 60032 84600 333 10272 56900 58010 60007 84835=
41536 02597 30000 10290 20203 38964 48465 60002 83200 333 10315 59007 60007 83830=
41560 02997 40000 10260 20163 38250 48462 60002 84030 333 10285 56090 58004 60007 84360=
41571 12697 22306 10310 20184 39475 40026 60002 82800 333 10321 56900 58011=
41598 02997 00000 10330 20253 39757 40012 60012 333 10340 58009 60007=
41600 01696 60000 10325 20255 39735 40013 60152 70422 83570 333 10328 56990 58006 60007 83645 83460=
41620 32696 20504 10345 20015 38505 48410 60002 82500 333 10350 56900 58014 60007 82640=
41624 02997 00000 10345 20270 39821 40009 60142 333 10360 58020 60007=
41630 01996 33104 10340 20257 40023 60002 70420 83030 333 10350 56090 58016 60007 83360=
41640 01996 00000 10330 20238 39787 40023 60052 70400 333 10345 58015 60007=
41660 02797 23116 10330 21062 38378 48459 60002 82400 333 10340 56900 58010 60007 82850=
41678 01996 00000 10370 20228 40017 60002 70500 333 10380 58020 60007=
41696 02997 03104 10290 20068 37982 48464 60002 333 10300 58007 60007=
41697 02997 02304 10395 20242 39859 40005 60002 333 10410 58026 60007=
41700 01996 00504 10375 20242 39887 40006 60002 70500 333 10390 58021 60007=
41710 11996 03106 10410 21090 39251 49951 60002 70600 333 10420 58020=
41712 12997 01302 10405 20009 39096 48474 60002 333 10420 58017=
41715 01996 01302 10360 20279 39948 40009 60002 70500 333 10380 58013 60007=
41718 01996 20000 10380 20277 39912 40008 60002 70400 82030 333 10391 56090 58010 60007 82362=
41725 12996 00000 10380 20256 39930 40003 60002 333 10385 58010 60007=
41739 02996 02306 10380 20043 38951 48448 60002 333 10385 58012 60007=
41744 12996 00000 10325 20073 38685 48424 60002 333 10330 58000=
41749 02996 01308 10370 20276 39985 40018 60002 333 10380 58012 60007=
41756 01496 32308 10310 20231 39972 40035 60002 70504 83600 333 10325 56900 58018 60007 83715=
41759 01996 02304 10315 20252 30025 40030 60002 70501 333 10345 58009 60007=
41764 02996 02118 10330 20261 39975 40023 60002 333 10352 58019 60007=
41768 02596 12306 10330 20261 30021 40028 60002 81600 333 10345 56500 58016 60007 81720=
41780 02596 72508 10300 20243 30014 40041 60002 84500 333 10320 56900 58013 60007 84720 85630=
41785 02597 32704 10320 20265 30022 40035 60002 84600 333 10330 56500 58009 60007 84730=
41859 01450 80000 10350 20270 39960 49997 76122 8572/ 333 10370 59012 70000 83710 84618 88458==
41883 02/56 40000 10336 20280 39985 40005 84030 333 10350 58000 70000 84362==
41891 41440 63404 10335 20260 39948 49986 70522 84330 333 10370 59015 83616 86365 81930==
41898 31305 10250 20235 40144 52010 70222 835// 22243 06306 20502 80240=
41907 01450 70000 10320 20290 39988 40003 70296 83530 333 10350 59001 70010 83615 85362==
41923 01440 60000 10312 20270 39998 40008 70192 82530 333 10343 58000 70138 82615 85360==
41936 41430 42403 10302 20270 39997 40004 70592 82830 333 10368 58004 82615 83362==
41943 02440 52302 10320 20270 39997 40004 83530 333 10356 58006 70360 83616 83362==
41950 02450 40000 10310 20260 30005 40008 82501 333 10345 59001 70046 82617 83080==
41978 01457 71706 10312 20270 30015 40021 76162 84320 333 10338 58011 70001 83616 87460 81928==
41992 01430 61506 10300 20250 30012 40014 70522 84530 333 10340 58001 70120 84616 86362==
42001 07121 99259 70897 46/// /1406 10299 20284 30065 40068 91140 22200 00302 333 91207 555 11062 22066 8//06 91133=
42027 21596 60502 10238 20162 38372 48453 70152 86400 333 10250 58011 6990/=
42044 32596 43201 10234 20174 38245 48471 83430 333 10254 58013=
42045 32596 12301 10262 20163 38273 48390 81400 333 10280 58006=
42056 22696 32701 10306 20255 39600 83400 333 10314 58009 6990/ 82835=
42071 32596 12904 10326 20285 40020 81100 333 10345 81830=
42097 07121 99257 70837 46/// ///// 1//// 91156 22200 00301 10401 20401 70006=
42101 21596 40000 10286 20264 40031 70161 82530 333 10294 58001 6001/ 82630 83360=
42111 21595 52301 10290 20243 39330 49998 71021 83830 333 10304 59009 6996/ 82620 83830 85360=
42123 32596 20501 10328 20249 40015 82500 333 10348 58011 82630=
42131 21696 40901 10306 20270 40023 70161 84500 333 10310 58012 6995/=
42165 32696 20000 10352 20241 40002 82500 333 10356 58015 82640=
42182 21595 82303 10288 20274 40022 79596 8432/ 333 10344 58005 6996/ 84630 81935 88459=
42189 21595 50000 10314 20273 40004 72121 84530 333 10338 6990/ 84620 85360=
42309 31596 20501 10334 20288 49996 71000 81100 333 10364 59003=
42314 32596 29902 10336 20282 49998 82100 333 10371 58000 82825=
42328 31595 42904 10360 20231 49992 70500 84500 333 10365 58012 84630=
42339 21595 80000 10262 20251 40025 70596 83521 333 10333 58004 6009/ 83630 86458=
42348 21595 80905 10274 20245 40022 71062 8692/ 333 10290 58006 6004/ 85625 81935 88459=
42361 21596 30000 10326 20277 40006 70500 83500 333 10345 58005 6001/ 83620=
42369 21596 50000 10296 20285 40009 76066 83520 333 10360 6017/ 83620 83458=
42379 31595 21102 10338 20275 49998 70510 82400 333 10362 59012 82620=
42398 32596 49901 10348 20281 40003 82501 333 10384 59005=
42410 31595 70000 10318 20256 40007 70522 83330 333 10380 59001 83618 81925 86360=
42415 32596 20000 10332 20286 40009 82400 333 10369 59001 81620=
42452 21596 80000 10282 20257 40008 71062 8552/ 333 10301 58007 6002/=
42492 31496 50000 10338 20284 40010 70511 82530 333 10352 58000 82618 84360=
42559 21496 71801 10274 20254 40007 70296 85602 333 10314 58009 6004/ 82715 85825 87075=
42571 32596 50000 10306 20261 40003 8253/ 333 10340 59002 82625 83360 85075=
42623 32496 31402 10298 20230 39174 40006 83500 333 10331 58008 83618=
42634 32596 42502 10316 20239 40043 84800 333 10325 58010 83620=
42647 31596 63203 10326 20250 40033 70522 83802 333 10333 56609 58006 83620 84070=
42667 21596 62709 10276 20237 39449 40020 70262 83830 333 10295 58006 6005/ 82620 83825 84360=
42675 32506 50503 10324 20247 40000 85400 333 10334 58000 82620 84830=
42701 31495 71403 10294 20253 39305 40004 71711 84830 333 10324 57951 58005 84618 81930 86360=
42724 31496 50000 10330 20284 40000 71022 84430 333 10365 59006 82618 83825=
42737 32596 62508 10322 20248 40042 84430 333 10333 58006 83620 85358=
42754 32596 62705 10284 20239 39405 40020 84830 333 10310 58007 82620 83825=
42779 21495 80000 10258 20250 39347 40028 79592 8592/ 333 10334 58010 6014/ 82710 84620 81930 88458=
42798 31496 50000 10338 20251 49997 70522 83530 333 10352 59002 83615 84360=
42809 31596 70502 10302 20272 40008 70522 84330 333 10354 58003 81620 83825 81930 85360=
42840 32596 52703 10308 20260 40054 84830 333 10320 58010 82620 83825=
42867 21495 70000 10276 20262 40026 79596 84920 333 10341 58011 6005/ 83618 81930 87458=
42874 21596 80000 10304 20258 40013 70596 8393/ 333 10332 58001 6008/ 83620 81930 88360=
42886 21495 70000 10288 20266 40012 76096 85930 333 10362 57963 59001 6990/ 84618 81930 87359=
42895 31596 60902 10316 20275 40011 70292 83530 333 10350 58005 83620 84360=
42909 32596 12505 10302 20269 40052 81100 222// 20000 333 10320 58003 81825=
42971 21495 83601 10284 20270 40005 76096 8632/ 333 10330 57982 59004 6022/ 85616 81930 88459=
43003 21495 62704 10294 20266 40060 70562 84830 333 10316 58004 6003/ 83618 84825=
43014 21495 82902 10232 20229 39399 40038 76064 8583/ 333 10275 58005 6015/ 84618 85825 87359=
43041 21596 72302 10270 20248 39418 40021 70596 83530 333 10307 59002 6996/ 83620 87360=
43063 21597 72904 10256 20218 39443 40057 70252 86730 333 10298 56690 58002 6992/ 81722 84626=
43086 31597 80000 10298 20266 39849 40023 70399 8587/ 333 10310 58006=
43110 21496 62705 10294 20245 40074 70362 85730 333 10306 58001 6004/ 82712 84822=
43117 32597 62302 10312 20246 40027 83430 333 10336 58002=
43128 31496 69901 10282 20227 39445 40036 70522 84730 333 10296 56690 58004 82710 84615 86360=
43150 21495 82703 10280 20266 39951 40012 76165 8462/ 222// 20000 333 10315 56699 59011 6001/ 82712 84618 88458=
43185 21597 82503 10274 20257 30023 40026 70296 8357/ 333 10316 58005 6003/ 83620 85360=
43189 21596 80000 10306 20272 30014 40023 72022 8357/ 333 10321 59003 6992/=
43192 21496 63204 10294 20260 40073 70252 82772 333 10319 58003 6990/=
43198 21396 72910 10236 20219 39251 40068 72162 84631 333 10286 56699 58004 6994/ 82707 84612 85358=
43201 32497 62304 10260 20217 39327 40040 84830 333 10310 56690 58004 82615 83818 85358=
43213 21597 82303 10290 20231 39725 40036 75062 8487/ 333 10308 58014 6993/=
43233 21497 62706 10238 20218 39269 40080 70262 83610 333 10291 56690 58010 6002/=
43237 32597 82904 10310 20228 39635 40017 8552/ 333 10334 58007 85620 88458=
43245 32597 82503 10330 20244 30011 40037 84477 333 10336 58004=
43279 31596 73204 10326 20227 30031 40048 70522 83236 333 10341 57864 58008 83620 81825 85360 86270=
43284 21396 72705 10278 20252 39970 40084 70262 84971 333 10289 57942 58009 6003/ 82707 83612 81925 86458=
43295 32497 62304 10244 20190 39069 48484 84830 333 10290 56590 83612 83818 85358=
43310 22595 62302 10294 20266 40053 83321 333 10296 58012 6996/=
43314 21596 72702 10314 20252 40092 70262 82838 222// 21001 333 10342 58010 6991/=
43321 31496 72310 10288 20217 39630 40069 70522 81502 333 10322 58010 81612 86070=
43329 32997 10000 10320 20264 30029 40042 80001 333 10330 58000=
43333 31495 72309 10284 20256 40058 70522 86401 333 10304 56509 58013 84618 85820=
43344 31496 72714 10354 20206 39952 40049 70522 83531 333 10375 58004 83616 85360=
43353 21396 72904 10284 20256 40092 71021 81520 333 10300 56790 58007 6003/ 81707 83612 85458=
43369 32596 62702 10298 20259 30097 40099 83530 333 10325 83620 86358=
43371 31496 53203 10296 20241 30021 40093 70522 84801 333 10325 56709 58012 83615 83820=
43404 22470 81904 10293 20265 30054 40057 52001 87000 333 10330 20280 3/026 553// 20051 58005 60008 91009 555 60008==
43410 22470 8//// 10324 20227 30061 40064 53008 87160 333 10353 20287 3/027 58008 60008 81/18 555 60008==
43413 22470 72006 10290 20247 30067 40072 54000 82000 333 10313 20279 3/007 553// 20060 58005 60008 91011 555 60008==
43418 22/70 82305 10320 20217 30027 40068 57007 333 10354 20295 3/026 58004 60008 555 60008==
43421 424// 5//// 82000==
43422 22470 72303 10294 20230 39945 40077 53003 83106 333 10320 20281 3/024 58007 60008 555 60008==
43424 22470 82005 10293 20255 30079 40081 55000 88000 333 10317 3/026 58008 60008 555 60008==
43436 22470 70501 10310 20261 30059 40062 51003 82000 333 10371 20302 3/025 58005 60008 555 60008==
43441 21570 82403 10288 20241 39951 40082 52005 70382 81000 333 10318 3/025 58006 60008 555 69928==
43444 22470 82303 10258 20218 39558 40087 52002 88000 333 10284 20246 3/022 58008 60008 555 60028==
43450 21459 72705 10294 20289 30089 40101 51003 70522 86000 333 10315 20289 58011 60008 555 60008==
43466 21/68 72401 10289 20240 30089 40097 52006 70382 87/2/ 333 10302 20264 553// 20039 58010 60008 84/18 91003 555 60078==
43467 21459 72304 10302 20254 30092 40098 52006 70382 84230 333 10326 3/026 58012 60008 555 69918==
43473 21270 82805 10162 20162 38117 48482 52003 70365 86000 333 10192 20146 3/013 553// 20020 58009 60008 91009 555 60018==
43475 22/70 82402 10332 20215 30060 40064 52010 83/1/ 333 10380 20262 553// 20032 58004 60008 91005 555 60008==
43476 22468 72902 10236 20187 38764 48512 51004 84000 333 10274 20236 58007 60008 555 60008==
43479 21470 72502 10278 20179 39242 52001 70352 84000 333 10327 20264 58008 69908 555 69908==
43486 21460 70202 10267 20267 39996 40096 55004 70588 83005 333 10314 20238 553// 20038 58009 60008 91003==
43495 22470 82503 10291 20255 30080 40093 52003 83000 333 10303 58010 60008 555 60008==
43497 22/70 52402 10291 20000 30068 40085 52007 333 10308 20260 58013 60008 83076 82/18 91005==
44212 42584 81902 10155 20001 39022 40084 52005 86710 333 10181==
44213 11670 82804 10113 20074 38728 40118 52013 60002 76162 885// 333 10203==
44214 12670 62707 10101 21013 38235 40124 52012 69942 86500 333 10123==
44215 11670 73004 10114 21004 38354 40109 52003 69962 70262 87500 333 10153==
44217 11698 60000 10039 20009 37828 40196 53008 60042 70262 86800 333 10073 91202 555 80220=
44218 11/84 81802 10118 20059 38553 40122 51031 60022 72186 8802/ 333 10219==
44219 31999 43508 10199 20032 38511 40008 53021 70730 82089 333 10295 91011 91116 91212=
44265 41684 82506 10140 20065 38790 40122 51039 70932 889// 333 10253==
44266 31699 62406 10163 20010 37747 40061 53016 70232 85460 333 10211 91114 91206=
48010 42556 30000 10335 20288 39856 40004 81401 333 10345 59003==
48020 42340 30000 10310 20267 82201 333 10355==
48025 41456 62201 10280 20278 39885 40022 70296 84920 333 10370 58000==
48031 42257 51401 10210 20195 888// 333 10240==
48048 42556 21801 10325 20265 39961 40014 82800 333 10350 58008==
48052 22457 40000 10310 20237 82206 333 10336 56909 69902=
48062 42558 51401 10300 20266 30017 40023 83930 333 10330 58024==
48064 42450 63201 10302 20253 39962 40018 84831 333 10325 59012==
48071 42450 62304 10310 20267 30021 40030 86900 333 10323 58017==
48094 42456 62201 10285 20255 30030 40040 84940 333 10298 58015==
48109 42440 82306 10290 20259 30045 40048 8697/ 333 10294 58011==
50557 14/80 /1101 10138 20104 39797 40084 52004 60001 333 10230 20052 3/013 58013 70000 90761 91107==
51076 14/80 /2802 10135 20049 39322 40173 52023 60001 333 10192 20114 3/013 58096 70017 90761 91111==
51087 14/75 /2904 10120 20104 39190 40176 52024 60031 72150 333 10244 20110 3/013 58109 70031 90761 91117==
51156 14/80 /2911 10099 21021 38697 40183 52018 69911 333 10176 20089 3/008 58081 70010 90761 91119==
51243 14/80 /2602 10160 20050 39689 40219 52026 69931 333 10251 20132 3/014 58157 70064 90761 91111==
51334 14/80 /0601 10168 20066 39841 40232 52027 69931 333 10233 20136 3/014 58165 70087 90761 91107==
51379 14/80 /2605 10118 20097 39297 40214 52048 69921 72000 333 10262 20118 3/012 58149 70002 90761 91116==
51463 14/50 /0207 10087 20083 39069 40234 52036 60111 76000 333 10242 20085 3/009 58144 70108 90761 91115==
51573 14/68 /2605 10300 20084 39957 40003 52015 60001 333 10368 20245 3/023 59005 70000 90761 91112==
51644 14/58 /0007 10208 20035 38866 40063 52028 60001 333 10287 20120 3/014 58000 70000 90761 91119==
51656 14/59 /1801 10270 20147 39033 40026 52011 60001 333 10290 20131 3/008 59016 70000 90761 91107==
51709 14/56 /3208 10259 21036 38570 40045 52024 60001 70500 333 10296 20167 3/015 58017 70000 90761 91114==
51711 14/78 /2502 10194 21022 37985 40010 52024 60001 333 10233 20116 3/009 58001 90761 91115==
51716 14028 03107 10280 20007 38825 40035 52030 60001 70700 333 10315 20141 3/014 58004 70000 90761 91113==
51765 14/63 /2702 10276 20094 39086 40021 52012 60001 333 10319 20126 3/012 59025 70000 90761 91106==
51811 14/61 /3202 10268 20105 38711 40035 52026 60001 333 10298 20158 3/014 58010 70000 90761 91105==
51818 14/63 /2201 10284 20106 38559 40015 52018 60001 333 10304 20156 3/015 59004 70000 90761 91104==
51828 14/64 /3402 10272 20060 38552 40003 52019 60001 333 10305 20195 3/017 59010 70000 90761 91106==
51886 14/80 /0704 10215 21046 37091 49960 52002 60001 333 10236 20089 3/007 59042 70000 90761 91110==
52203 14/69 /2901 10250 20119 39169 49991 57001 60001 333 10340 20136 3/014 59048 70000 90761 91105==
52602 14/80 /2903 10223 21108 37243 40001 54000 60001 333 10245 20037 3/003 59049 70000 90761 91107==
52681 14/80 /0802 10212 20146 38577 40058 57002 60001 333 10239 20115 3/013 59076 70000 90761 91107==
52818 14/80 /1101 10224 20025 37198 49970 52002 60001 333 10274 20058 3/004 59065 70000 90761 91109==
52908 14/66 /2506 10111 20032 35822 40023 52006 69931 76000 333 10157 21008 3/000 59019 70003 90761 91116==
53463 14/79 /3203 10155 20133 38866 40152 52004 60001 333 10213 20131 3/016 59003 70021 90761 91106==
54857 14/74 /1501 10250 20189 30060 40150 52003 60001 333 10286 20208 3/026 58004 70000 90761 91106==
55228 14/80 /2605 10182 21027 36051 49896 57002 60001 333 10196 20080 3/008 58005 70000 90761 91112==
55299 14/80 /3503 10114 20039 35905 49979 52004 60001 333 10162 20070 3/007 59007 70001 90761 91112==
55578 14/80 /1703 10184 20049 36389 49926 52002 60001 72100 333 10231 20116 3/011 58003 70000 90761 91109==
55591 14/80 /2801 10206 20050 36532 49912 57003 60001 333 10240 20126 3/014 58004 70005 90761 91107==
55664 14/80 /2505 10161 20014 36042 49950 52007 60001 333 10205 20084 3/009 59001 70000 90761 91112==
55773 14/80 /1205 10089 20049 36069 40054 52006 60001 76000 333 10152 20050 3/004 58010 70000 90761 91112==
56004 14/80 /1504 10103 20051 35879 40002 52004 60001 333 10164 20022 3/004 59012 70000 90761 91114==
56018 14/80 /1203 10167 20056 36223 49965 52009 60001 333 10213 20063 3/008 59009 70000 90761 91107==
56116 14/80 /1802 10151 20067 36382 40002 52004 60001 333 10173 20081 3/010 58001 70054 90761 91108==
56299 59021 70351 83917 83365 88079 555 90712=
56312 14/80 /1003 10214 20076 37095 49985 52008 60001 333 10249 20154 3/016 58002 70000 90761 91110==
57494 14/65 /3601 10306 20252 30069 40097 52012 60001 333 10366 20254 3/032 59001 70000 90761 91107==
58847 14/66 /0402 10291 20238 30020 40117 52018 60001 333 10339 20283 3/030 58020 70000 90761 91109==
62306 42960 02915 10316 20233 40132 57005==
62309 42960 03215 10323 20204 40110 57008==
62325 42960 02705 10328 20250 40105 57004==
62332 42960 03508 10321 20239 40104 57008==
62337 42960 03307 10326 20226 40097 57008==
62366 45960 03306 10338 20143 40094 57013==
62387 42960 03211 10358 20154 40102 57016==
62393 42960 02815 10366 20146 40130 57014==
62405 42960 03504 10378 20129 40090 57017==
62414 42960 03107 10393 20089 40097 57021==
62419 42960 01009 10369 20124 40087 57017==
62420 42960 03306 10354 20144 40109 57016==
62435 42960 03404 10385 20126 40092 57020==
62440 42960 02808 10354 20215 40103 57008==
62455 42960 02911 10343 20186 40099 57014==
62458 42960 03006 10319 20181 40095 57010==
62459 41956 03018 10316 20189 40075 57015 70700==
62465 42960 03607 10324 20233 40080 57014==
63210 32980 03512 10341 20280 40024 333 10373 59002=
