SMPK OPKC 121800=
41504 02995 00902 10220 20045 37780 48385 60003 333 59014 60007 RH 32%=
41516 02996 00000 10190 20122 38451 48410 60003 333 59025 60007 RH 64%=
41517 01696 20000 10170 20102 37737 48421 60003 70400 82500 333 56900 59043 60007 82635 RH 64%= 
41518 02696 41802 10239 20020 38/// 48/// 60003 82520 333 56990 5//// 60007 82640 82462 RH 24%= 
41519 02996 00000 10315 20096 38660 48415 60003 333 59015 60007 RH 26%=
41520 02995 00000 10170 20034 37583 48177 60003 333 59020 60007 RH 40%= 
41530 019// 13104 10290 20224 39601 49994 60003 70500 333 56090 59016 60007 81360 RH 68%=
41620 32996 01804 10280 20090 38499 48404 60003 333 59017 60007 RH 30%=
41660 019// 02310 10240 21055 38385 48470 60003 70500 333 59019 60007 RH:14%=
41661 01995 00000 10215 20037 38342 48464 60003 70540 333 59009 60007 RH 31%= 
41685 02997 02302 10265 20222 38821 48422 60003 333 59021 60007 RH.77%=
41696 02996 00000 10190 20009 37981 48481 60003 333 59001 60007 RH 30%=
41697 02996 00000 10330 20214 49977 60003 333 59023 60007 RH 58%= 
41710 12996 03104 10280 21116 39264 49999 60003 333 59010 RH.07%=
41712 12996 00000 10295 21032 39115 48465 60003 333 59008 RH 12%=
41715 01996 00000 10320 20279 39928 49990 60003 70500 333 59021 60007 RH 79%=
41724 01996 00000 10310 20254 40014 60003 70500 333 59020 60007 RH 72%=
41725 12996 01306 10325 20255 49993 60003 333 59021 RH 67%=
41726 02996 02104 10320 20272 39948 40015 60003 333 59007 60007 RH 76%=
41738 02996 02308 10320 20172 39873 40045 60003 333 58004 60007 RH 41%=
41739 02996 02304 10300 20162 38977 48462 60003 333 59020 60007 RH 43%=
41742 12996 70000 10290 20248 40033 60003 87010 333 56090 58000 87460 RH 78%= 
41743 01996 01802 10300 20235 60003 70500 333 60007 RH 68%= 
41744 12996 00000 10265 20065 38703 48438 60003 333 58007 RH 28%=
41745 01996 01808 10300 20243 60003 70500 333 60007 RH 72%=
41746 02996 01806 10305 20249 39949 40001 60003 333 59029 60007 RH 72%=
41747 02996 01308 10325 20263 49987 60003 333 59016 60007 RH 70%= 
41748 02996 01806 10320 20250 49996 60003 333 59015 60007 RH 67%=
41749 01996 01810 10310 20269 39968 40000 60003 70400 333 59026 60007 RH 79%=
41756 01995 02306 10275 20261 39973 40037 60003 70104 333 58014 60007 RH 92%= 
41757 11995 00000 10285 20257 30039 40051 60003 70400 333 58013 RH 85%= 
41759 01995 00000 10285 20250 30050 40055 60003 71010 333 58014 60007 RH 81%=
41764 02996 02114 10285 20235 39979 40027 60003 333 58003 60007 RH 74%=
41765 02996 02308 10285 20235 39991 40026 60003 333 58001 60007 RH 74%=
41766 21696 02312 10280 20255 40016 70400 333 58003 60007RH 81%=
41767 02996 0//// 10280 20252 60003 333 60007 RH 85%=
41768 02996 12306 10290 20255 30018 40025 60003 81030 333 56090 58002 60007 81360 RH 81%=
41780 01596 52308 10285 20235 30013 40040 60003 70400 85600 333 56900 58002 60007 85720 RH 74%=
41783 02996 22304 10280 20244 39994 40023 60003 82030 333 56090 59001 60007 82360 RH 81%=
41785 02996 32302 10280 20252 30021 40034 60003 83030 333 56090 58000 60007 83360 RH 85%= 
41786 02996 02306 10295 20238 39990 40025 60003 333 58007 60007 RH 71%=

SMPK OPLA 121800=
=================
41506 02995 01802 10270 20086 38384 48377 60007 31%=
41507 02996 00000 10265 20207 39130 49621 60003 333 59020 60007 70%=
41508 02996 00000 10217 20132 38572 48448 60003 333 59031 60007 RH 59%=
41509 02996 00000 10265 20136 38662 48416 60003 333 59004 60007 RH 45%=
41510 02996 00000 10155 20104 37881 48466 60003 333 59010 60007 74%=
41523 02996 00000 10250 20206 38995 48440 60003 333 59014 60007 77%=
41524 02996 00000 10285 20180 39222 40036 60003 333 59014 60007 RH 53%=
41525 12996 00000 10150 20098 37649 48338 60003 333 59007 71%=
41528 01996 00000 10250 20182 39138 48456 60003 70400 333 59007 60007 66%=
41529 02996 10000 10290 20248 39645 40007 60003 81030 333 56090 59012 60007 81360 RH 78%=
41534 02996 00000 10285 20242 39599 49992 60003 333 59018 60007 78%=
41535 02996 00000 10220 20165 38640 48418 60003 333 59007 60007 RH71%=
41536 02996 50000 10235 20190 38958 48450 60003 85030 333 56090 59005 60007 85360 76%=
41560 02996 01304 10220 20142 38241 48456 60003 333 59007 60007 Rh61%=
41562 02996 01304 10310 20214 39541 49978 60003 333 59033 60007 RH 57%=
41567 01996 00000 10300 20228 39578 49973 60003 70400 333 59037 60007 65%=
41572 01696 40912 10270 20235 39397 49993 60003 70400 84500 333 56990 59004 60007 84640 RH81%=
41573 02997 01302 10170 20121 37939 48446 60003 333 59004 60007 73%=
41574 02997 00000 10180 20149 38283 48455 60003 333 59029 60007 82%=
41576 01996 01304 10300 20258 40011 60003 70400 333 59009 60007 78%=
41577 01696 50502 10275 20233 39429 40016 60003 70410 82470 333 56990 59005 60007 82840 84460 RH 78%=
41593 01996 00000 10315 20252 39788 49989 60003 70400 333 59012 60007 69%=
41597 01996 00000 10305 20271 40014 60003 70400 333 59006 60007 82%=
41598 01996 00000 10295 20245 39736 49994 60003 70400 333 59009 60007 75=
41599 01596 70000 10310 20254 39730 40005 60003 71390 84970 333 56990 59009 60007 81930 83640 83760 72%=
41600 01596 70902 10290 20262 39725 40008 60003 71394 84370 333 56990 59003 60007 81930 83645 83462 85%=
41624 01996 00000 10305 20256 39789 49979 60003 70400 333 59029 60007 75%=
41625 01996 00000 10300 20258 39782 49971 60003 70400 333 59025 60007 78% 120924/1800Z=
41630 01996 00904 10310 20254 40003 60003 70400 333 59008 60007 72%=
41633 02997 00000 10320 20265 4//// 60003 333 5//// 60007 73%=
41634 02997 00000 10280 20223 3//// 4//// 60003 333 5//// 60007 71%=
41635 01996 00000 10320 20234 3//// 4//// 60003 70400 333 5//// 60007 61%=
41636 01996 01804 10320 20242 39813 49988 60003 70400 333 59025 60007 64%=
41638 01996 00000 10310 20254 4//// 60003 70400 333 5//// 60007 72%=
41639 01696 53104 10295 20260 3//// 4//// 69903 72996 82530 333 56990 5//// 69907 82640 83360 82%=
41640 01996 01304 10300 20243 39769 40006 60003 70400 333 58000 60007 72%=
41641 01996 21414 10285 20242 39748 40010 60003 70400 82030 333 56090 58005 60007 82360 78%=
41642 01996 00000 10285 20257 3//// 4//// 60013 70400 333 5//// 60007 85%=
41643 01696 70000 10295 20253 39742 40005 60003 70420 83470 333 56990 59003 60007 83640 86460 78%=
41644 01996 00000 10295 20267 4//// 60003 70400 333 5//// 60007 85%=
41646 01996 00000 10310 20261 39806 40008 60003 70400 333 59011 60007 75%=
41652 01996 01302 10300 20228 39813 49983 60003 70400 333 59032 60007 65%=
41669 01996 01302 10330 20251 3//// 4//// 60003 70400 333 5//// 60007 67%=
41670 01996 00000 10315 20260 4//// 60003 70400 333 5//// 60007 72%=
41674 01996 01304 10290 20238 3//// 4//// 60003 70400 333 5//// 60007 71%=
41675 01996 01808 10320 20226 39844 49980 60003 70400 333 59025 60007 58%=
41676 01996 00000 10305 20264 39853 40004 60003 70400 333 59032 60007 79%=
41677 01996 00000 10300 20235 39820 49979 60003 70400 333 59020 60007 68%=
41678 01996 00000 10330 20238 40010 60003 70500 333 59007 60007 58%=
41679 01696 50502 10285 20264 4//// 60003 70411 82530 333 56990 5//// 60007 82640 83460 89%=
41680 01996 00000 10305 20256 39809 49997 60003 70400 333 59023 60007 75%=
41700 01996 01804 10310 20231 49982 60003 70400 333 59021 60007 63%=
41701 01996 02304 10310 20231 39887 40024 60003 70400 333 59013 60007 63%=
41716 01996 02304 10300 20256 39903 40001 60003 70400 333 59017 60007 75%=
41718 01996 00000 10305 20256 39900 49998 60003 70400 333 59015 60007 75%=
41BKI 02996 03604 10305 20241 39594 49988 60003 333 59017 60007 RH69%=
41SKP 01996 00000 10295 20267 3//// 4//// 60003 70400 333 5//// 60007 85%=
43532 01996 00000 10280 20199 39223 49982 60003 70400 333 59007 60007 62%=
43533 02997 00000 10255 20211 39131 48434 60003 333 59007 60007 77%=
43563 02997 00502 10272 20220 39360 40020 60003 333 58003 60007 74%=

41505 Not Received
41515 Not Received
41526 Not Received
41533 Not Received
41564 Not Received
41565 Not Received
41568 Not Received
41592 Not Received
41594 Not Received
41672 Not Received
41760 Not Received
41781 Not Received
41BAG Not Received

UPPK OPKC 121800=
=================
PPAA 6218/ 41517 NO ASSCENT DUE TO SMOKE HAZE=
PPAA 6218/ 41715 NO ASSCENT DUE TO PAF FLYING=
PPAA 6218/ 41739 NO ASSCENT DUE TO SECUITY RISK=
PPAA 6218/ 41516 NO ASSCENT DUE TO TECHNICAL FAULT=
PPAA 6218/ 41749 NO ASSCENT DUE TO TECHNICAL FAULT=
PPAA 6218/ 41768 NO ASSCENT DUE TO SHORTAGE OF STAFF=
PPAA 6218/ 41764 NO ASSCENT DUE TO 30GM BALLOON OUT OF STOCK=

PPAA 6218/ 41646 MISDA DUE TO TECHNICAL=
PPAA 6218/ 41624 MISDA DUE TO TECHNICAL FAULT=
PPAA 6218/ 41675 MISDA DUE TO TECHNICAL ISSUE=
PPAA 6218/ 41678 MISDA DUE TO TECHNICAL PROBLEM=
PPAA 6218/ 41718 MISDA DUE TO TECHNICAL PROBLEM=
PPAA 6118/ 41598 MISDA DUE TO TECHNICAL PROBLEM=
PPAA 6218/ 41600 MISDA DUE TO TECHNICAL PROBLEM=
PPAA 6218/ 41640 MISDA DUE TO TECHNICAL PROBLEM=

Data Generated from File : D:\all data handling\Rmc_lhr\2024091218.FSU.txt
12/09/24 19:06:16
______________________________________________________________
15007 07/60 /2501 10177 20164 39646 40099 52011 60062 7101/ 333 10201 20160 3/026 4//// 55300 0//// 20000 3//// 60007=
15020 05570 62800 10197 20177 39904 40093 52013 60062 7000/ 83570 333 10212 20175 31023 4/000 55300 0//// 20001 3//// 60007 91001 91101=
15023 01569 83002 10190 20157 39671 40079 52012 60082 70262 8457/ 333 10206 20162 31023 4/000 55300 0//// 20001 3//// 60007 91003 91103=
15056 05570 82601 10195 20164 39757 40093 52014 69902 7000/ 8457/ 333 10225 20171 31027 4/000 55300 0//// 20000 3//// 60007 91001 91102=
15069 05570 23601 10137 20126 39063 42751 52009 69962 7000/ 81440 333 10186 20133 31026 4/000 55300 0//// 20000 3//// 60007 91002 91103=
15073 05/63 /2401 10176 20166 39652 40102 52013 60182 7000/ 333 10220 20162 3/027 4/000 55300 0//// 20000 3//// 60017=
15090 01557 32901 10185 20183 30007 40097 51011 60182 71081 83400 333 10227 20180 31033 4/000 55300 10186 20000 30000 60007 91002 91102=
15107 05662 13602 10154 20138 39323 42755 52008 69922 7000/ 81300 333 10220 20140 31033 55300 0//// 20000 3//// 60007 91003 91103=
15108 01/91 92808 10084 20084 38071 48467 53006 60042 74564 333 10101 20083 3//// 55300 0//// 20002 3//// 69917 91010 91111=
15109 01560 83000 10187 20176 39679 40097 52014 60152 78081 8437/ 333 10226 20160 31027 4/000 55300 0//// 20001 3//// 69967 91002 91103=
15111 05570 50302 10191 20159 39836 40089 52013 60012 7000/ 83570 333 10233 20178 31029 4/000 55300 0//// 20000 3//// 60007 91002 91102=
15113 05/70 /1901 10186 20170 39937 40094 52014 60042 7000/ 333 10236 20180 3/026 4/000 55300 0//// 20000 3//// 60007=
15127 05562 32101 10153 20130 39252 42753 52009 69942 7000/ 83300 333 10204 20141 31027 4//// 55300 0//// 20000 3//// 60007 91001 91103 95000=
15148 05970 20401 10100 20096 38680 48458 52007 69912 7000/ 81041 333 10148 20100 31/// 55300 0//// 20000 3//// 60007 91001 91101=
15150 05570 21901 10184 20176 39893 40098 52011 60062 7000/ 82400 333 10248 20179 31027 4/000 55300 0//// 20002 3//// 60007 91001 91102=
15154 05570 40701 10192 20178 39954 40091 52012 60042 7000/ 82430 333 10239 20178 31026 4/000 55300 0//// 20001 3//// 60007 91001 91102=
15168 05/70 /0302 10164 20140 39499 42750 52005 69922 7000/ 333 10220 20155 3/026 4/000 55300 0//// 20000 3//// 60007=
15170 05598 30202 10141 20128 39345 42749 52009 60002 7000/ 81361 333 10210 20138 31025 55300 0//// 20003 3//// 60007 91002 91104=
15194 01970 12901 10184 20170 39812 40095 52012 60022 70181 81040 333 10243 20173 31032 55300 0//// 20000 3//// 60007 91002 91102=
15197 05/70 /0301 10195 20174 39899 40101 52010 60052 7000/ 333 10244 20182 3/035 4/000 55300 0//// 20000 3//// 69917=
15215 05597 21101 10161 20143 39518 42752 52006 69912 7000/ 81440 333 10220 20156 31029 55300 0//// 20000 3//// 60007 91002 91103=
15217 05/70 /3602 10158 20144 39454 42754 52008 69922 7000/ 333 10215 20153 3/024 4/000 55300 0//// 20000 3//// 60007=
15219 05/69 /3501 10192 20181 39972 40092 53010 60042 7000/ 333 10242 20184 3/034 4/000 55300 0//// 20000 3//// 60007=
15238 05/70 /0301 10171 20155 39503 42754 52007 69932 7000/ 333 10224 20158 3/031 4/000 55300 0//// 20003 3//// 60007=
15261 07/56 /1501 10155 20148 39318 42770 52007 69952 7101/ 333 10201 20149 3/030 55300 0//// 20000 3//// 60007=
15262 01/90 93004 10093 20092 38195 48473 52011 60042 74564 333 10110 20091 31/// 55300 0//// 20001 3//// 60007 91006 91108=
15265 05/70 /3601 10209 20187 30021 40092 52011 60002 7000/ 333 10258 20190 3/034 4/000 55300 0//// 20000 3//// 60007=
15280 01/90 92203 10065 20065 37510 47081 52006 60002 74544 333 10071 20049 31/// 55300 0//// 20001 3//// 60007 91009 91109=
15300 05697 52101 10176 20156 39487 42752 52004 69902 7000/ 83360 333 10209 20160 31029 55300 0//// 20002 3//// 60007 91002 91103=
15301 05569 71000 10132 20125 38605 48489 52007 69932 7000/ 87300 333 10154 20113 31/// 55300 0//// 20000 3//// 60007 91001 91102=
15302 05597 71401 10134 20131 38893 48471 52006 69902 7000/ 87900 333 10169 20126 31/// 55300 0//// 20000 3//// 60007 91001 91101=
15307 05/70 /3102 10218 20166 39913 40091 52012 60002 7000/ 333 10266 20184 3/026 4//// 55300 0//// 20000 3//// 60007=
15310 01558 51101 10210 20202 30013 40095 52011 69982 71082 85400 333 10251 20185 31030 4/000 55300 10169 20000 30000 60007 91001 91103=
15324 05/70 /0602 10180 20149 39325 42751 52009 60002 7000/ 333 10239 20139 3/025 4/000 55300 0//// 20000 3//// 60007=
15325 01/06 92101 10123 20120 38460 48472 52006 60002 74742 333 10131 20106 31/// 4/000 55300 0//// 20000 3//// 60007 91002 91103=
15328 05970 43100 10170 20164 39763 40103 53010 60002 7000/ 84070 333 10246 20166 31026 4//// 55300 0//// 20000 3//// 60007 91001 91102=
15335 05570 42102 10217 20176 30093 40100 53011 60002 7000/ 82230 333 10255 20194 31028 55300 0//// 20001 3//// 60007 91003 91103=
15336 05/61 /1301 10201 20185 30097 40098 52011 60002 7000/ 333 10251 20189 3/025 4/000 55300 0//// 20000 3//// 60007=
15349 05/70 /3601 10178 20163 39565 40099 52009 69962 7000/ 333 10255 20159 3/035 4/000 55300 0//// 20000 3//// 60007=
15350 01570 23401 10206 20193 39983 40098 53006 69962 70181 82400 333 10256 20193 31024 4/000 55300 0//// 20001 3//// 60007 91001 91101=
15360 05970 31904 10232 20187 30088 40105 52013 60002 7000/ 83030 222// 06208 20000 333 10237 20198 3//// 60007 91005 91106 92418=
15375 05569 21800 10185 20161 39748 40094 52008 60002 7000/ 82300 333 10269 20167 31030 4/000 55300 0//// 20003 3//// 60007 91001 91102=
15377 05597 30502 10212 20177 39884 40091 53008 60002 7000/ 83300 333 10278 20180 31029 55300 0//// 20002 3//// 60007 91002 91102=
15387 05970 01601 10213 20187 30103 40106 52011 60002 7000/ 333 10243 20193 32029 4/000 55300 0//// 20000 3//// 60007 91002 91103=
15402 05970 01501 10215 20179 30022 40093 53007 60002 7000/ 333 10273 20192 31034 55300 0//// 20000 3//// 60007 91001 91101=
15405 05970 01901 10208 20182 30041 40101 53008 60002 7000/ 333 10268 20186 31029 4/000 55300 0//// 20000 3//// 60007 91001 91101=
15406 06997 01501 10211 20183 30052 40098 53008 60002 7000/ 333 10261 20186 31030 4/000 55300 0//// 20000 3//// 60007 910// 911//=
15408 05/70 /2202 10204 20165 39848 40103 53010 60002 7000/ 333 10242 20174 3/027 4/000 55300 0//// 20000 3//// 60007=
15409 05/70 /0200 10200 20183 30055 40101 52010 60002 7000/ 333 10253 20183 3/027 4//// 55300 0//// 20000 3//// 60007=
15419 05970 00501 10192 20172 39910 40098 53007 60002 7000/ 333 10271 20185 31033 4/000 55300 0//// 20000 3//// 60007 91001 91101=
15420 05970 03501 10180 20160 39983 40091 53006 60002 7000/ 333 10280 20176 31033 4/000 55300 0//// 20000 3//// 60007 91001 91101=
15421 05970 01001 10208 20163 39995 40101 53007 60002 7000/ 333 10280 20185 31/// 55300 10189 20000 30000 60007 91001 91101=
15422 05970 01500 10210 20139 39993 40090 53006 60002 7000/ 333 10288 20182 30047 55300 0//// 20000 3//// 60007 91001 91101=
15425 05570 11303 10215 20187 30035 40096 53007 60002 7000/ 81400 333 10268 20189 31033 4/000 55300 0//// 20001 3//// 60007 91003 91103=
15434 02970 02000 10214 20093 39886 40087 53004 60002 333 10290 20181 31042 4/000 55300 0//// 20004 3//// 60007 91001 91103=
15444 05/70 /1201 10217 20180 30031 40101 53007 60002 7000/ 333 10261 20189 3/032 4/000 55300 0//// 20000 3//// 60007=
15455 05/69 /2101 10206 20135 39966 40092 52006 60002 7000/ 333 10283 20176 3/040 4/000 55300 0//// 20000 3//// 60007=
15460 05970 01501 10221 20175 30071 40095 52007 60002 7000/ 333 10276 20193 31030 4/000 55300 0//// 20001 3//// 60007 91001 91101=
15462 05970 01603 10220 20177 30020 40103 53009 60002 7000/ 333 10258 20188 31031 4/000 55300 0//// 20000 3//// 60007 91003 91104=
15470 05970 11301 10223 20125 39967 40087 53003 60002 7000/ 80001 333 10285 20174 31033 55300 0//// 20004 3//// 60007 91001 91101=
15475 06/// /0400 10197 20167 30074 40093 53008 69912 333 10286 20196 3/032 55300 0//// 20000 3//// 60007=
15479 05970 01103 10205 20178 39919 40104 53010 60002 7000/ 333 10259 20176 31035 4/000 55300 0//// 20000 3//// 60007 91003 91103=
15480 05970 02102 10230 20178 30086 40103 53011 60002 7000/ 222// 06232 2//// 333 10267 20199 31030 4/000 55300 10174 20000 30000 60007 91004 91104 92428=
15489 01957 00201 10244 20094 30000 40089 53003 60002 71000 333 10294 20177 30048 55300 0//// 20003 3//// 60007 91002 91102=
15491 05970 01001 10209 20132 30061 40090 52005 60002 7000/ 333 10292 20186 31034 55300 0//// 20003 3//// 60007 91001 91101=
15499 05/70 /1601 10227 20189 30093 40102 53009 60002 7000/ 222//=
15549 12970 00502 10211 20107 39695 40089 52006 60002 333 10277 20173 555 551//=
15552 12570 21401 10225 20199 30051 40097 53005 60002 82500 222// 00/// 10302 333 10277 20196 555 585// 92034 92438=
15640 12974 00000 10213 20159 39799 40095 53002 60002 333 10285 20180 555 571//=
15655 12568 10702 10237 20219 30063 40094 53004 60002 81100 222// 00247 10201 333 10301 20184 555 590// 92025 92427=
15730 12970 21803 10221 20166 39724 40098 53011 60002 80001 333 10286 20162 555 571//=
16627 12970 00000 10230 20206 30099 40105 53003 60002 333 10276 90730 91109 555 10000 40216 30000 10256 20266 30266 40258 50286 6//// 40000 47606 44230 50000 50214 70000 77/I/ 7/I//=
16650 12460 10000 10232 20226 30094 40102 56001 60002 81100 333 10276 90730 91111 555 10000 40208 30000 10254 20278 30282 40284 50280 60280 40000 47606 44260 50000 50228=
16667 12960 02406 10266 20181 30111 40122 53008 60002 333 10310 90730 91117 555 10000 40246 40000 47620 44260 50000 50212=
16706 12960 00000 10246 20216 30103 40110 52004 60002 333 10282 555 10000 40234 40000 47616 44270 50000 50226=
16723 12960 02303 10236 20218 30109 40122 52003 60002 333 10300 90730 91110 555 10000 40236 40000 47622 44280 50000 50224=
16732 36/// /9904 10262 20195 30109 40119 52005 333 10317 90730 91109 555 10000 40261=
16742 12460 12003 10236 20199 39971 40120 58002 60002 81100 333 10274 90730 91114 555 10000 40236 40000 47517 44260 50000 50212=
16749 12460 12510 10262 20214 30105 40118 52002 60002 81100 333 10292 90730 91113 555 10000 40262 40000 47615 44250 50000 50230=
16754 12560 23106 10264 20213 30088 40134 52007 60002 82200 333 10298 90730 91113 555 10000 40250=
16760 12560 20000 10240 20137 40139 52005 60002 82200 333 10288 90730 91113 555 10000 40238=
16765 12960 03006 10256 20204 40127 55000 60002 333 10296 90730 91110 555 10000 40234=
17022 12970 01204 10221 20181 39968 40125 50001 60002 333 10274 91108 92438=
17024 11970 32109 10220 20214 30049 40123 51001 60002 70191 83030 333 10282 83360 91114 92428=
17026 11570 32501 10231 20210 30100 40137 52009 60032 70191 83200 333 10310 83828 91114 92428=
17031 12670 43407 10256 20218 30125 40131 52011 60002 81130 333 10293 81836 84360 91115=
17034 12670 72703 10262 20234 30090 40134 52014 60002 83250 333 10297 83835 87360 91108 92428=
17038 12470 53107 10263 20227 30076 40121 52014 60002 85200 333 10291 82718 85835 91111 92428=
17042 11670 51202 10248 20239 30092 40129 52014 69962 72522 83250 333 10293 83835 85360 91107 92428=
17050 12970 01502 10251 20189 30048 40107 52010 60002 333 10305 91111=
17056 12970 02702 10243 20194 30103 40107 53006 60002 333 10270 91114 92428=
17060 12960 01802 10253 20198 30078 40116 53006 60002 333 10287 91110=
17070 12965 00501 10206 20123 39288 40116 52007 60002 333 10292 91112=
17074 11570 52001 10171 20163 39244 40139 52017 60022 71792 83950 333 10292 82930 83830 85360 91113=
17084 12970 00104 10223 20171 39251 40106 52020 60002 333 10309 91113=
17085 12970 20507 10266 20152 39641 40100 52023 60002 82030 333 10373 82360 91123=
17092 12970 01806 10204 20074 38829 48482 52009 60002 333 10331 91109=
17096 12960 01802 10163 20004 38242 48494 51007 60002 333 10281 91121=
17098 12960 03606 10172 20097 38208 48501 52008 60002 333 10277 91114=
17100 12970 00000 10246 20133 39125 40055 53002 60002 333 1////=
17112 12570 22504 10246 20246 30105 40107 53005 60002 82200 333 10281 82830 91115 92418=
17115 12960 02901 10230 20159 30067 40116 52009 60002 333 10317 91115=
17116 12670 42901 10261 20161 39997 40112 52010 60002 84100 333 10324 84835 91109=
17124 12960 02201 10211 20083 39240 40111 52006 60002 333 10296 91115=
17128 12960 02803 10219 20073 39066 40105 52011 60002 333 10287 91125=
17135 12670 22301 10255 20096 39268 40089 52013 60002 82100 333 10317 82840 91112=
17140 12965 00501 10190 20084 38706 48504 52010 60002 333 10280 91113=
17150 12660 12903 10267 20168 39991 40108 52013 60002 81100 333 10331 81835 91115=
17160 12970 01301 10225 20077 39001 48501 52008 60002 333 10294 91114=
17170 12660 10703 10174 20052 38334 48495 50005 60002 81100 333 10255 81840 91111=
17175 12665 21401 10242 20201 30104 40108 52008 60002 82100 333 10314 82840 91109 92437=
17184 12670 21401 10262 20165 30005 40111 53010 60002 82200 333 10328 82840 91107=
17190 12670 22602 10240 20066 38974 48502 52005 60002 82100 333 10284 82835 91108=
17190 12670 22602 10240 20066 38974 48502 52005 60002 82100 333 10284 82835 91108=
17195 12670 12502 10227 20069 38952 48501 52012 60002 81100 333 10312 81840 91114=
17200 12960 02107 10195 20057 39138 40066 53003 60002 333 10336 91110=
17202 12970 02706 10247 20014 39086 40055 52008 60002 333 10356 91111=
17203 12970 00000 10242 20031 38847 48525 52009 60002 333 10345 91107=
17210 12970 00000 10272 20041 39087 40041 50004 60002 333 10361 91110=
17219 12965 01604 10237 20201 39985 40123 52007 60002 333 10310 91117=
17234 12970 02602 10266 20174 30066 40131 53014 60002 333 10338 91110=
17237 12970 01001 10257 20154 39635 40110 52009 60002 333 10330 91108=
17240 12970 01403 10232 20158 39022 40102 52009 60002 333 10283 91116=
17244 12970 03106 10232 20096 38980 48505 53005 60002 333 10293 91114=
17248 12970 00000 10231 20071 38964 48503 52007 60002 333 10304 91112=
17250 12970 00402 10215 20074 38800 48509 52009 60002 333 10284 91113=
17260 12960 02712 10262 20133 39280 40043 50007 60002 333 10344 91118=
17270 12970 02504 10300 20099 39457 40056 53002 60002 333 10351 91113=
17275 12970 00000 10256 20086 38952 48505 50002 60002 333 10328 91116=
17280 12960 0//// 10263 20095 39315 40049 50004 60002 333 10395=
17290 12970 02203 10269 20199 30096 40126 53002 60002 333 10305 91112 92428=
17292 12970 00000 10215 20158 39397 40123 53004 60002 333 10296 91110=
17300 12560 13305 10275 20228 30046 40113 53002 60002 81100 333 10306 81830 91116=
17310 12970 03202 10289 20225 30093 40100 51001 60002 333 10334 91108 92428=
17330 12970 00702 10285 20200 30077 40094 52008 60002 333 10339 91111=
17350 12670 21903 10270 20202 30020 40094 52007 60002 82100 333 10346 82835=
17370 12670 30701 10292 20223 30110 40114 52009 60002 83100 333 10320 83835 91110 92438=
17375 12970 00000 10266 20214 30094 40096 50002 60002 333 10305 91116 92418=
33088 11596 60301 10183 20174 39908 40089 52005 69982 71082 84570 333 10203 555 1/017=
33135 116// 71301 10203 20167 39970 40109 52005 69902 71382 82930 333 10268 555 1/019=
33177 11596 80000 10175 20165 39868 40094 52003 60022 71082 889// 333 10185 555 1/018=
33317 11996 60000 10176 20171 39766 40086 52005 60022 71082 84071 333 10231 555 1/018=
33393 32960 30000 10164 20156 39722 40096 52010 83030 333 10211=
33415 12997 83202 10181 20159 39711 40088 52008 69982 8805/ 333 10198 555 1/017=
33429 11597 60000 10179 20166 39682 40082 52006 60082 72598 86300 333 10224 85631 555 1/019=
33466 11556 81402 10184 20178 39926 40104 51003 60032 72998 84331 333 10292 555 11020=
33506 11597 81202 10253 20092 39934 40117 52007 69902 70282 889// 333 10314 555 1/023=
33562 12660 41502 10209 20182 39802 40088 52007 60022 82530 333 10257 555 1/020=
33587 115// 80000 10181 20168 39848 40098 52002 60022 71098 83951 333 10270 555 1/018=
33658 11784 72903 10189 20176 39806 40089 52009 60022 70282 87500 333 10196 87650 555 1/018=
33663 32597 51201 10208 20169 39995 40085 52010 83530 333 10252 555 1/021=
33664 11596 82301 10187 20175 39780 40079 52011 60072 71022 85530 333   10226 555   80013=
33678 32897 32801 10180 20167 39903 40102 52014 83030 333   10241 555   80013=
33679 32497 71702 10208 20170 39908 40088 52011 84931 333   10261=
33711 11660 71102 10200 20177 39902 40100 54000 60022 70298 82330 333 10290 82940 555 1/019=
33745 11597 72301 10180 20179 39924 40099 52011 60012 72582 87900 333   10211 555   80018=
33748 11597 62301 10183 20178 39817 40087 52011 60012 70182 84330 333   10214 555   80014=
33754 32597 81602 10199 20169 39943 40081 52009 8635/ 333   10250=
33761 11496 81102 10188 20178 39884 40095 52006 60032 71098 8236/ 333 10244 555 1/019=
33791 32583 71404 10240 20156 39989 40108 50004 82330 333 10310 555 1/022=
33815 32598 43302 10206 20154 39890 40086 52010 84500 333   10233=
33837 32974 32301 10214 20174 30054 40103 51006 80001 333 10244 555 1/019=
33881 12598 21801 10199 20175 39908 40094 52010 69902 81530 333   10245 555   80016=
33883 12597 42201 10195 20195 39937 40091 52009 69932 82330 333   10234 555   80015=
33885 11596 51402 10195 20192 39980 40108 52007 60152 71082 82330 333   10223 555   80011=
33892 11597 51601 10195 20181 39892 40092 52009 69972 70182 82330 333   10245=
33902 12597 50000 10223 20195 30057 40113 52015 60042 82550 333 10289 555 1/021=
33924 12597 31902 10217 20189 30109 40121 52010 60002 82909 333 10285=
33946 11982 41603 10206 20184 39913 40122 52003 60172 70198 84030 333 10285=
33983 12997 62905 10215 20195 30057 40114 52007 60002 85031 333 10301=
34300 32997 51003 10255 20040 39974 40139 51004 85030 333 10314 555 1/021=
34336 42997 60602 10223 20028 30092 40190 51007 80009=
34344 82998 60000 10176 20091 30107 40191 51007 80008 333 91110=
34356 82998 20904 10221 20034 30075 40214 52007 80001 333 91112=
34357 82998 81003 10214 20036 30054 40201 52008 8805/=
34398 319// 31005 10206 20089 30234 40244 52006 70131 80001 333 10284=
34415 32997 50901 10253 20058 30044 40134 53008 80009 333 10302 555 1/020=
34438 82997 80806 10242 20047 39989 40168 51009 80002 333 91112=
34445 82998 00905 10229 20033 30083 40190 51006 333 91110=
34461 82997 20902 10224 20025 30157 40209 52006 80001=
34473 329// 60904 10209 20052 30195 40231 52006 80003 333 10291=
34476 81998 60704 10221 20031 30219 40226 52007 70232 80004=
34504 32975 70502 10238 20161 39951 40113 53005 87030 333 10284=
34535 82998 61106 10257 20031 30086 40153 51010 86030 333 91114=
34545 82598 60804 10241 20030 30069 40173 52008 81331 333 91111=
34555 82598 70804 10213 20110 30110 40196 52011 81534=
34560 42997 71007 10235 20041 30026 40205 52006 83031 333 91112=
34578 82997 51404 10233 20046 30198 40204 51008 85080=
34579 82998 50503 10233 20009 30172 40213 52008 80001 333 91110=
34644 82997 50703 10247 20042 30078 40150 52012 82032=
34646 82998 80804 10232 20126 30088 40165 52013 81034 333 91112=
34655 82997 20705 10240 20023 30122 40179 51016 82030 333 91113=
34662 82998 80803 10228 20032 30186 40196 51011 80005=
34691 31998 30706 10223 20041 30233 40221 53010 70230 83030 333 10300=
34720 82698 60705 10270 20089 30075 40111 51006 85534 333 91010 91111=
34727 82597 22302 10226 20159 30076 40104 52004 82400=
34743 82997 41004 10258 20031 30079 40162 52014 80009=
34759 82997 60805 10235 20061 30045 40168 52015 80001 333 91111=
34772 82597 71103 10233 20037 30196 40199 52013 8653/=
34785 82997 50502 10178 20024 30221 40200 51006 80002=
34798 32997 00302 10188 20085 30225 40197 53002 333 10279=
34824 82597 63101 10238 20204 30103 40108 52010 82131=
34838 41597 80000 10254 20099 30023 40113 53011 79598 889//=
34845 82998 81104 10264 20035 30035 40135 52013 80001=
34858 42997 41103 10240 20032 30057 40158 51020 84030 333 91110=
34861 81997 51207 10224 20046 39943 40171 52016 70232 82031 333 91010 91112=
34866 81997 50906 10231 20062 30186 40178 52015 70232 80031 333 91111=
34880 82997 30603 10214 20097 30213 40188 54000 82031 333 91110=
34887 82998 70302 10203 20103 30202 40184 51005 82036=
34949 82698 60808 10236 20074 39618 40127 52002 82501 333 91010 91110=
34954 82998 60803 10250 20070 39976 40137 50013 80001 333 91111=
34958 82998 00903 10233 20065 39962 40149 51018 333 91111=
34975 42998 21004 10214 20098 30173 40169 52013 80040 333 91111=
34984 82998 40404 10198 20126 30204 40175 52003 80002 333 91110=
35217 329// 00905 10186 20029 30227 40265 53009 333 10274=
35302 329// 00807 10183 20052 30237 40257 52004 333 10277=
35315 329// 00504 10181 20045 30202 40256 52007 333 10261=
35344 329// 00605 10137 20049 39998 40275 53008 333 10227=
35358 329// 00203 10148 20058 30100 40263 58009 333 10231=
35368 329// 00608 10143 20070 30014 40270 52004 333 10244=
35386 329// 00401 10054 21003 39775 40289 58004 333 10174=
35394 32998 00202 10060 20022 39616 40281 58005 333 10162=
35404 329// 20803 10195 20094 30234 40242 53006 80001 333 10280=
35406 319// 00703 10197 20059 30237 40239 53003 70230 333 10274=
35416 329// 01806 10184 20021 30134 40248 52006 333 10273=
35426 329// 50403 10178 20065 39973 40248 58003 85030 333 10240=
35437 319// 60604 10176 20068 39949 40245 52004 70231 82033 333 10235=
35449 329// 00608 10190 20073 30142 40239 52007 333 10253=
35497 329// 00503 10080 20004 39486 40263 58003 333 10175=
35498 329// 00401 10060 21019 39407 40267 57002 333 10160=
35514 32998 00504 10202 20017 30234 40230 53006 333 10274=
35522 329// 30505 10171 20035 30000 40239 52002 83030 333 10254=
35542 329// 01007 10187 20023 30095 40233 52001 333 10252=
35563 32998 00609 10117 20046 39514 40252 54000 333 10228=
35576 329// 00605 10142 20038 39818 40246 52007 333 10230=
35582 329// 00505 10088 20038 39662 40243 58016 333 10190=
35594 329// 00403 10057 21017 39444 40265 52002 333 10186=
35605 32998 20305 10205 20036 30231 40211 53003 80001 333 10276=
35633 329// 00503 10195 20100 30022 40222 52005 333 10268=
35671 32998 00605 10147 20015 39824 40233 52003 333 10268=
35699 329// 00506 10079 21026 39506 40240 58001 333 10183=
35700 32998 00605 10225 20038 30224 40202 53003 333 10288=
35715 32997 00806 10229 20086 30209 40195 53006 333 10291=
35739 329// 00904 10212 20071 30061 40190 51007 333 10296=
35746 319// 33604 10201 20056 30132 40195 58003 70130 80001 333 10296=
35777 329// 00507 10177 20068 39871 40194 53005 333 10260=
35796 32997 00302 10090 21027 39810 40231 52005 333 10211=
35849 329// 20102 10202 20058 30100 40180 52003 82030 333 10315=
35895 32997 00207 10150 20057 39793 40214 52004 333 10189=
35907 32998 00306 10210 20147 30201 40173 53005 333 10250=
35925 329// 20502 10183 20006 30070 40175 52015 80002 333 10297=
35927 329// 00502 10198 20017 30166 54000 333 10304=
35953 329// 50307 10226 20046 30052 40172 58001 85030 333 10302=
35969 329// 00503 10209 20051 30012 40173 52001 333 10298=
35997 329// 00508 10146 20056 39779 40189 58001 333 10239=
36259 82599 50000 10055 20025 38232 48497 57002 82902=
36335 329// 03403 10045 20003 39267 40270 58013 333 10129=
36358 326// 73602 10066 21007 39254 40241 57010 87500 333 10100=
36394 115// 83402 10072 20066 39801 40210 57007 60010 70282 883// 333 10097=
36397 116// 83602 10062 20058 39660 40208 58013 69980 72582 883// 333 10110=
36403 327// 61401 10030 20023 39855 40210 58008 85580 333 10112=
36418 329// 42501 10049 20014 39609 40208 58007 84030 333 10166=
36421 326// 61901 10073 20044 39656 40200 58004 86500 333 10131=
36428 116// 70501 10085 20070 39721 40202 58004 69900 70282 86950 333 10152 95090=
36439 115// 70000 10057 20046 38975 48515 58005 60020 70282 86950 333 10124=
36498 329// 03403 10056 20020 39457 40227 58011 333 10130=
36501 126// 73202 10065 20038 39492 40221 52016 60020 87300 333 10109=
36535 325// 62502 10049 20000 39594 40210 58010 83330 333 10102=
36546 329// 20000 10034 20022 39685 40213 58008 80001 333 10159=
36619 329// 00202 10068 21014 333 10215=
36622 325// 83303 10052 20026 39434 40216 58010 8697/ 333 10132=
36639 329// 00904 10077 20000 39591 40174 52004 333 10225=
36643 329// 62501 10069 20032 39566 40206 58009 86070 333 10147=
36665 126// 71901 10075 20015 39493 40192 58012 69930 85902 333 10133=
36666 325// 30000 10056 20030 39724 40203 58009 83600 333 10160=
36729 32998 02203 10075 20017 39734 40200 58002 333 10190=
36736 325// 52201 10070 21004 39665 40201 52001 83540 333 10225=
36744 329// 00406 10130 21015 39773 40201 52004 333 10220=
36770 329// 00204 10108 21031 39484 40178 58001 333 10215=
36786 32999 31801 10059 21007 39313 40207 58006 80002 333 10180=
36796 329// 20000 10024 21016 39033 48497 58009 80003 333 10160=
36803 32699 22804 10101 21013 39768 40199 58004 82500 333 10203=
36806 315// 80801 10142 20110 39742 40183 58005 78082 889// 333 10244=
36819 329// 60503 10136 20022 39595 40176 58001 83041 333 10242=
36821 329// 00202 10104 21001 39720 40191 58003 333 10235=
36839 32998 03303 10101 20036 39088 40169 58007 333 10203=
36843 329// 00000 10058 20040 39045 40187 58004 333 10212=
36846 329// 00501 10045 20027 38609 48503 58005 333 10196=
36859 329// 00000 10120 20072 39400 40142 58003 333 10252=
36870 329// 60501 10136 20080 39189 40148 58002 86030 333 10227=
36874 326// 53604 10168 20024 39425 40154 53013 82506 333 10258=
36877 329// 22901 10104 20063 39242 40179 58002 80001 333 10230=
36885 326// 61802 10111 20055 39083 40162 58003 82530 333 10215=
36889 329// 51801 10017 21055 37075 47104 57008 80001 333 10055=
36894 329// 30000 10145 20055 39442 40139 58006 80001 333 10240=
36905 329// 21301 10107 20059 38733 48496 58003 80001 333 10185=
36911 429// 00701 10140 20048 39221 40149 58010 333 10261=
36927 42697 33602 10127 20051 38360 48520 54000 83900 333 10194=
36934 42697 83501 10130 20040 38268 48392 58002 82534=
36953 329// 00000 10062 20027 38201 48508 58004 333 10175=
36963 427// 61401 10035 21055 37053 48/// 58004 82551 333 10124=
36974 429// 52702 10093 21007 37948 48484 53004 80001 333 10222=
36982 429// 00000 11022 21069 36562 47110 58002 333 10082=
37018 42697 20801 10258 20225 30037 40107 53006 83200=
37031 82597 31401 10262 20140 39927 40108 57001 82530=
37054 82697 80000 10228 20139 39776 40136 53015 885//=
37061 81996 60905 10219 20111 39997 40156 52019 73032 85031 333 91111=
37085 82996 00706 10213 20150 30186 40160 52013 333 91111=
37171 41996 00804 10241 20208 30091 40108 53011 70191=
37228 81496 82901 10192 20186 39353 40140 52012 70298 889//=
37235 82597 71101 10208 20179 39837 40135 52012 8750/=
37472 82997 31501 10232 20197 30163 40142 52009 82071=
38149 42998 00603 10216 20015 30081 40154 52009 333 10322=
38178 429// 00303 10220 20032 39856 40124 53002 333 10294=
38262 329// 00401 10188 20074 30071 40149 52008 333 10314=
38264 42998 00305 10246 21012 30055 40143 52010 333 10312=
38345 42998 31001 10119 20027 38780 48488 58004 80002 333 10223=
38353 429// 22201 10147 20055 39274 40133 57003 80001 333 10259=
38388 72998 00000 10204 20034 30052 40119 53009 333 10330 6////=
38392 72997 00304 10214 20056 30032 40129 53007 333 10309 6////=
38396 42997 00104 10195 20040 30010 40129 52002 333 10310=
38403 429// 03604 10226 20046 30003 40116 57006 333 10318=
38413 429// 00902 10224 21027 39832 40105 52012 333 10302=
38457 32997 61001 10206 20068 39526 40078 57003 80004 333 10305=
38462 426// 30000 10154 20030 38713 48465 52001 82550 333 10277=
38462 426// 30000 10154 20030 38713 48465 52001 82550 333 10277=
38507 72965 20906 10303 21002 30015 40111 52010 80001 333 10360 6//// 91008=
38545 72998 03202 10156 20107 39945 40113 52003 333 10309 6////=
38565 329// 00000 10158 20034 39516 40085 58004 333 10280=
38579 329// 50000 10182 20072 39674 40069 57017 83041 333 10287=
38583 32997 62702 10193 20081 39774 40077 58006 82041 333 10296=
38599 32997 72306 10213 20056 39593 40076 56004 80001 333 10299=
38611 42997 73301 10193 20096 39545 40084 52004 87040 333 10292=
38613 429// 03602 10176 20051 40090 52001 333 10293=
38616 429// 70901 10154 20074 39132 40100 51001 80001 333 10278=
38618 329// 71201 10170 20103 39424 40078 57001 80001 333 10296=
38647 72997 01104 10284 21014 30054 40093 52008 333 10350 6////=
38656 72998 00502 10246 21050 30008 40110 54000 333 10342 6////=
38683 42997 13404 10205 20032 39824 40085 58002 80001 333 10308=
38687 32997 03603 10231 20055 39875 40096 53003 333 10300=
38696 329// 50902 10199 20084 39270 40076 58003 80001 333 10296=
38713 329// 81802 10160 20034 38991 48480 54000 80004 333 10267=
38750 72997 02702 10273 20244 30131 40105 53001 333 10306 6////=
38763 72997 00000 10248 20050 39997 40095 58003 333 10358 6////=
38774 72995 02301 10241 20038 39931 40114 52011 333 10343 6////=
38799 32997 03601 10190 20029 39885 40106 52004 333 10342=
38806 32997 03601 10156 20082 39825 40075 52001 333 10324=
38812 42997 21301 10190 20077 39651 40082 53006 80001 333 10296=
38836 329// 30000 10197 20061 39163 40046 52021 80002 333 10314=
38880 02997 01902 10250 20045 39871 40109 52008 60002 333 10336 6////=
38886 72997 03601 10205 20073 39894 40110 57004 333 10334 6////=
38895 32996 00000 10226 20055 39833 40106 52004 333 10331=
38911 32997 23402 10222 20048 39808 40085 52007 80002 333 10330=
38915 32997 00000 10239 20034 39783 40087 52008 333 10336=
38927 32960 22003 10231 21005 39714 40066 51003 82030 333 10329=
38933 329// 03601 10188 20111 39588 40076 53012 333 10315=
38944 329// 00000 10217 20038 39517 40019 52012 333 10316=
38954 329// 00000 10178 21030 37882 48420 52012 333 10274=
38974 72998 00000 10231 20011 39786 40101 52007 333 10339 6////=
38987 32996 00000 10188 20013 39399 40108 52008 333 10312=
40030 32970 02601 10292 20121 40124 51002 333 10358=
40080 32965 02903 10286 20092 39425 4//// 52012 333 10361=
40180 12960 00203 10302 20216 30058 40105 52005 60002 333 10353 20302 70000=
40199 129// /3608 10378 20104 30054 40077 52009 60002 333 10444 20316 70000=
40255 36/// /0000 10291 29042 3//// 4//// 5////=
40265 32960 03105 10284 20106 39366 40117 52011 333 10356=
40270 31957 03008 10280 20118 39260 40108 52007 70500 333 10345=
40272 31950 03407 10282 20118 39320 40109 52007 70500 333 10365=
40296 36/// /0000 10362 29063 4//// 5////=
40310 32960 03108 10280 20180 38952 48522 52008 333 10346=
40340 32960 03507 10358 20108 30024 40085 52010 333 10435=
40356 42960 03509 10306 20000 39158 48509 333 10362 59004 55/// 555 04410 50071=
40357 42960 00000 10335 20040 39460 40053 333 10392 59001 55///=
40360 42960 03014 10317 20080 39527 40082 333 10385 58000 55///=
40361 43960 02910 10346 20050 39339 40078 333 10411 59003 55///=
40362 42960 00207 10360 20040 39569 40044 333 10429 59007 55///=
40373 42960 03608 10363 20020 39655 40040 333 10455 58005 55///=
40375 42960 03207 10339 20020 39236 40057 333 10383 59001 55///=
40394 42660 21006 10368 20070 38993 48512 82200 333 10408 59007 55/// 82845 555 04410 50026=
40394 42660 21006 10368 20070 38993 48512 82200 333 10408 59007 55/// 82845 555 04410 50026=
40400 42960 03308 10326 20210 30027 40054 333 10358 59017 55///=
40405 42960 00604 10370 20020 39344 40031 333 10440 59003 55///=
40417 42960 03002 10329 20200 30002 40016 333 10452 58005 55///=
40420 42960 03403 10354 20150 39828 40022 333 10464 58007 55///=
40430 42660 31203 10406 21020 39341 40027 83500 333 10460 59003 55/// 83640=
40437 42960 00202 10348 21020 39382 40032 333 10432 58004 55///=
40439 42660 22809 10364 20160 30001 40019 81530 333 10470 59013 55/// 81640=
40582 42960 03515 10411 20089 40024 51010 333 55300 00000 10218 20000 30000 41508 51730 60000 55407 40000 90400 91019 91127 91221 91315=
40703 12662 30000 10270 20084 38869 40032 52016 60001 83500 333 55087 70000 83640 555 10164 29031=
40706 12562 10804 10274 20062 38623 40037 52009 60001 81400 333 55110 24206 70000 81632 555 10156 29026=
40712 12660 22703 10198 20083 38639 40036 51005 60001 82500 333 55110 22189 70000 82640 555 10134 29047=
40713 12960 01004 10234 20018 38614 40021 58002 60001 333 55113 70000 555 10125 29024=
40718 12960 02301 10257 20202 30135 40108 51004 60001 333 55074 21729 70000 555 10221 29072=
40723 12970 09901 10231 20124 38930 40081 50009 60001 333 55107 22208 70000 555 10167 29051=
40726 12960 00000 10236 20059 38624 40039 52007 60001 333 55098 70000 555 10140 29032=
40727 12960 00000 10236 20024 38463 40042 52011 60001 333 55113 20116 70000 555 10127 29025=
40732 12560 20000 10252 20216 30115 40092 53002 60001 82500 333 55040 70000 82626 555 10228 29081=
40736 12560 40000 10264 20236 30128 40104 50003 60001 82470 333 55072 70000 82630 83358 555 10245 29085=
40737 12660 71801 10261 20221 30082 40099 50002 60001 83570 333 55076 21636 70000 83645 87460 555 10234 29079=
40738 12960 30000 10255 20220 30112 40114 50002 60001 83050 333 55072 21703 70000 83360 555 10232 29081=
40739 12965 00305 10240 20116 38661 40043 52006 60001 333 55093 22015 70000 555 10166 29046=
40741 12960 00000 10219 20015 39782 40096 51005 60001 333 55118 70000 555 10123 29026=
40743 12665 21205 10274 21057 39017 40054 53016 60001 82500 333 55110 22264 70000 82635 555 10127 29011=
40745 12962 01602 10211 20042 39015 40100 51010 60001 333 55117 22310 70000 555 10125 29033=
40747 12960 09901 10256 20010 38602 40036 52011 60001 333 55110 23006 70000 555 10132 29020=
40754 12960 13502 10291 20031 38776 40012 51004 60001 81030 333 55106 70000 81360 555 10153 29019=
40762 12965 00202 10219 21060 38533 40058 52013 60001 333 55114 70000 555 10098 29015=
40766 12960 02905 10277 21053 38655 40029 51007 60001 333 55108 22307 70000 555 10126 29011=
40768 12962 01301 10213 21007 38240 40021 53006 60001 333 55113 22179 70000 555 10107 29023=
40769 12960 01902 10254 21014 38277 40010 51008 60001 333 55108 22274 70000 555 10122 29017=
40780 12960 03103 10257 21004 38656 40043 50005 60001 333 55112 27510 70000 555 10129 29018=
40782 12960 01703 10260 20013 38804 40017 51007 60001 333 55110 70000 555 10135 29020=
40785 12960 00000 10282 21028 39007 40017 52009 60001 333 55106 24324 70000 555 10136 29013=
40791 12968 00402 10325 21040 39269 40028 50001 60001 333 55110 70000 555 10152 29009=
40792 12962 00601 10236 21021 38682 40039 51003 60001 333 55112 70000 555 10115 29018=
40798 12960 02904 10192 21060 37960 40028 52010 60001 333 55110 22385 70000 555 10082 29018=
40800 12960 01501 10270 21038 38436 40022 52012 60001 333 55113 21919 70000 555 10125 29013=
40809 12960 01003 10203 21063 38471 40031 51006 60001 333 55113 22493 70000 555 10090 29016=
40811 12960 03005 10386 20074 39971 49995 50006 60001 333 55111 70000 555 10208 29015=
40812 12960 01601 10352 20036 39642 49984 50000 60001 333 55108 70000 555 10182 29014=
40818 12962 00803 10251 21115 37977 40006 52012 60001 333 55110 24153 70000 555 10099 29008=
40821 12970 01503 10306 21039 38746 40025 51007 60001 333 55113 22494 70000 555 10141 29010=
40829 12960 03407 10288 21039 39497 40032 51009 60001 333 55111 70000 555 10139 29012=
40831 12960 03006 10360 20107 30010 40018 51014 60001 333 55106 70000 555 10210 29022=
40833 12960 03203 10360 20064 39977 40007 52007 60001 333 55106 70000 555 10195 29016=
40835 12960 00000 10306 20057 39240 40006 51007 60001 333 55112 70000 555 10169 29021=
40841 12970 03602 10229 21098 38234 40031 51013 60001 333 55119 22434 70000 555 10094 29010=
40848 12960 03002 10292 20114 38478 49985 51010 60001 333 55108 22472 70000 555 10182 29033=
40851 12960 00000 10226 21038 38242 40018 52010 60001 333 55114 70000 555 10104 29017=
40854 12960 02602 10296 21140 38893 40005 51007 60001 333 55105 70000 555 10124 29005=
40856 12960 03003 10212 21097 38609 40049 51009 60001 333 55112 22856 70000 555 10089 29012=
40859 12960 03302 10272 20003 38646 49996 53009 60001 333 55113 70000 555 10136 29017=
40875 11956 00304 10309 20238 30010 40021 53012 60001 70500 333 55104 22406 70000 555 10259 29066=
40879 12962 03603 10312 21123 39376 40008 51009 60001 333 55112 70000 555 10136 29005=
40882 11956 03102 10318 20258 39978 40011 51005 60001 70500 333 55103 70000 555 10275 29071=
40883 11950 00402 10326 20211 39983 40005 53006 60001 70500 333 55102 70000 555 10248 29051=
40893 12960 01602 10300 20253 30012 40017 53007 60001 333 70000 55098 23913 555 10266 29076=
40898 11556 21504 10288 20263 30014 40023 51013 60001 71000 82600 333 55093 70000 82720 555 10270 29086=
41024 42660 23409 10341 20230 30015 40040 82500 333 10381 59015 55109 82640=
41036 42560 43207 10312 20140 38547 48499 84800 333 10380 59006 55/// 84830 555 04410 50036=
41055 42960 00808 10320 21060 38352 48492 333 10370 59003 55/// 555 04410 50032=
41061 42960 00608 10372 21070 39354 40009 333 10450 58002 55000=
41084 42960 00806 10350 21090 38815 48488 333 10404 59002 55/// 555 04410 50002=
41112 42960 00610 10270 21060 37946 48489 333 10321 59001 55102 555 04410 50000=
41114 42960 00510 10277 21060 37977 48496 333 10311 59004 55/// 555 04410 50034=
41128 42960 00608 10330 21050 38771 48492 333 10400 59004 55110 555 04410 50018=
41136 42660 40304 10374 21050 39250 40007 84400 333 10420 59002 55000 84640=
41140 41957 02303 10333 20280 30042 40052 70500 333 10375 58002=
41150 41960 03202 10339 20271 40020 70500 333 10378 58006=
41170 41958 00304 10343 20280 30006 40019 70500 333 10409 58005=
41176 44/58 /0205 10338 20275 30008 40014 333 10378 58006=
41184 42960 01703 10301 20076 40016 333 58000=
41194 12960 00704 10379 20137 30006 40011 60001 333 10452 58000=
41196 12960 00801 10342 20125 39978 40017 60001 333 10453 58000=
41216 42960 00107 10339 20296 30010 40014 333 10446 59002=
41217 42960 03309 10342 20279 39982 40010 333 10450 59001=
41240 36/// /2900 10350 20204 39998 40027 333 0E068 10407 55300 25022 59001 =
41244 36/// /0711 10362 20039 39604 49995 333 0E036 10433 55300 25022 59003 =
41246 36/// /1503 10291 20272 30016 40019 333 0E032 10343 55300 25022 59002=
41253 36/// /0601 10318 20228 39669 40013 333 0E033 10409 55300 25022 58000 =
41255 36/// /1107 10324 20168 39531 40016 333 0E035 10418 58009 =
41256 32960 02402 10294 20254 30004 40021 91745 333 10331 58003 55000 55407 55408 55507 55508=
41258 36/// /1003 10298 20273 30012 40015 333 0E/// 10316 55300 20000 58003=
41262 36/// /1217 10333 20199 39825 40012 333 0E033 10436 55300 20000 58010 =
41265 36/// /1404 10311 20119 39474 40017 333 0E035 10405 55300 20000 58005 =
41267 36/// /1600 10293 20243 30017 40029 333 0E029 10337 59002 =
41268 36/// /2214 10286 20228 39983 40028 333 0E030 10426 55300 25022 58002=
41275 36/// /1413 10281 20231 39875 40039 333 0E028 10416 55300 20000 58014 =
41288 36/// /1810 10266 20244 30029 40051 333 0E028 10329 58008 =
41315 36/58 /0000 10224 20219 39254 47422 333 0E027 10276 55300 27865 59002 =
41316 32560 62206 10275 20252 30032 40061 86500 91745 333 10311 59002 55000 55407 55408 55507 55508 86625=
41396 42965 32905 10345 21015 39346 40031 83031 333 10416 59001 83365=
41398 72424 10230 20216 40120 5/022 70222 8/7// 22224 00250 20502 80220=
41480 41550 50803 10319 20271 30045 40053 70644 82530 333 10350 58007 82620 83360=
41497 20814 10260 20232 40130 54000 70299 82141 22214 06240 20202 80240=
41498 70914 10220 20171 40209 52029 70322 85472 22214 0//// 20402 311// 40705 80190=
41506 02995 01802 10270 20086 38384 48377 333 60007=
41508 02996 00000 10217 20132 38572 48448 60003 333 59031 60007=
41523 02996 00000 10250 20206 38995 48440 60003 333 59014 60007=
41535 02996 00000 10220 20165 38640 48418 60003 333 59007 60007=
41536 02996 50000 10235 20190 38958 48450 60003 85030 333 56090 59005 60007 85360=
41560 02996 01304 10220 20142 38241 48456 60003 333 59007 60007=
41571 016// 50510 10290 20211 39464 40016 69903 75052 85800 333 56900 58000 69907=
41598 31219 10280 20205 40180 5//// 7//// 811// 22233 06250 20903 312// 41004 80230=
41600 01596 70902 10290 20262 39725 40008 60003 71394 84370 333 56990 59003 60007 81930 83645 83462=
41620 32996 01804 10280 20090 38499 48404 60003 333 59017 60007=
41624 01996 00000 10305 20256 39789 49979 60003 70400 333 59029 60007=
41630 01996 00904 10310 20254 40003 60003 70400 333 59008 60007=
41640 01996 01304 10300 20243 39769 40006 60003 70400 333 58000 60007=
41660 019// 02310 10240 21055 38385 48470 60003 70500 333 59019 60007=
41678 01996 00000 10330 20238 40010 60003 70500 333 59007 60007=
41696 02996 00000 10190 20009 37981 48481 60003 333 59001 60007=
41697 21807 10260 20232 40104 57028 70100 82135 22254 00280 20302 303// 40402 80240=
41700 01996 01804 10310 20231 49982 60003 70400 333 59021 60007=
41710 12996 03104 10280 21116 39264 49999 60003 333 59010=
41712 12996 00000 10295 21032 39115 48465 60003 333 59008=
41715 01996 00000 10320 20279 39928 49990 60003 70500 333 59021 60007=
41718 01996 00000 10305 20256 39900 49998 60003 70400 333 59015 60007=
41725 12996 01306 10325 20255 49993 60003 333 59021=
41739 02996 02304 10300 20162 38977 48462 60003 333 59020 60007=
41744 12996 00000 10265 20065 38703 48438 60003 333 58007=
41749 01996 01810 10310 20269 39968 40000 60003 70400 333 59026 60007=
41756 01995 02306 10275 20261 39973 40037 60003 70104 333 58014 60007=
41759 01995 00000 10285 20250 30050 40055 60003 71010 333 58014 60007=
41764 02996 02114 10285 20235 39979 40027 60003 333 58003 60007=
41768 02996 12306 10290 20255 30018 40025 60003 81030 333 56090 58002 60007 81360=
41780 01596 52308 10285 20235 30013 40040 60003 70400 85600 333 56900 58002 60007 85720=
41785 02996 32302 10280 20252 30021 40034 60003 83030 333 56090 58000 60007 83360=
41859 32930 00000 10300 20280 39992 40028 333 59006 70000=
41883 32930 30000 10306 20280 39995 40015 83030 333 56090 59027 70000 83362=
41891 31440 60904 10305 20230 39968 40005 70522 83340 333 56990 59020 70000 83615 81930 85365=
41907 32940 00000 10290 20280 39993 40008 333 59021 70000=
41923 32940 30602 10316 20270 39990 40000 83030 333 56090 59028 70046 83360=
41936 31420 62803 10280 20270 30000 40007 70592 84630 333 56990 59017 70100 82710 83615 85362=
41943 32435 80000 10280 20260 39992 49999 8552/ 333 56999 59028 70529 85616 87458=
41950 11350 82702 10278 20270 39991 49993 60043 71762 8592/ 333 56499 59041 70617 82708 84616 81928 88458=
41978 11357 80708 10264 20250 39990 49997 60599 70296 8492/ 333 56999 59032 70644 83710 81925 88458=
41992 11310 80000 10250 20250 39973 49975 61889 79596 8692/ 333 56999 59056 73170 84707 85612 81925 88458=
42001 12181 99259 70897 46/// /2306 10300 20287 30076 40079 91740 22200 00300 333 91208 555 11063 22067 8//06 91734=
42027 32996 01801 10190 20157 38350 48432 333 59019=
42056 32696 33201 10284 20247 39591 81520 333 58004 81634 83458=
42071 31595 41406 10270 20247 40013 71000 82530 333 58006 82630 83359=
42097 12181 99257 70837 46/// ///// 1//// 91756 22200 00307 11302 20902 329// 41301 70011=
42101 32596 60000 10258 20235 40020 82530 333 58010 82630 84360=
42111 21494 80000 10226 20223 39320 40002 75052 8672/ 333 59004 6017/ 83714 85618 88458=
42123 22996 01102 10284 20250 40003 333 58008 6996/=
42165 32696 40000 10334 20237 49987 82530 333 59008 82635 84360=
42182 21595 83402 10246 20243 49998 75065 8632/ 333 58002 6004/ 83720 85630 81935 88459=
42189 21595 80903 10248 20248 49966 76196 8552/ 333 59021 6057/ 85620 88458=
42328 32996 02305 10290 20235 49992 333 58003=
42339 21595 32301 10268 20249 40028 70565 83500 333 58010 6015/ 83630=
42348 31595 62910 10278 20249 40013 71022 83530 333 58010 83630 83660=
42361 21596 60000 10250 20250 49999 70322 84530 333 58056 6017/ 84620 86360=
42369 21495 81605 10260 20249 40000 76062 8472/ 333 58022 6020/ 82712 84620 88458=
42379 21495 80000 10282 20271 40028 71062 886// 333 58019 6002/ 88716=
42410 31595 40000 10300 20281 40025 71010 82530 333 59022 82620 83360=
42415 32596 80000 10304 20277 40030 8442/ 333 59024 84620 88459=
42452 31996 52304 10272 20240 39708 40012 71022 82032 333 58017=
42492 31495 53205 10302 20272 40030 71022 82530 333 58008 82618 84360=
42559 22596 62504 10244 20232 40022 83530 333 58040 6008/ 83620 85360=
42571 22596 60000 10260 20246 40013 84530 333 58028 6997/ 84625 85360=
42623 21495 70000 10238 20212 39197 40048 71022 84530 333 84618 87360=
42634 32996 02302 10270 20238 40058 333 58011=
42647 31596 72303 10300 20267 40054 70522 84830 333 56590 58016 82620 83825 85358=
42667 31496 62307 10248 20226 39468 40046 70522 83730 333 58030 82710 83620 85360=
42675 31595 52301 10260 20234 40041 70522 82530 333 58033 82625 84360=
42701 31595 50000 10252 20241 39317 40030 71011 83330 333 59009 82620 81930 84360=
42724 31496 50503 10296 20248 49994 71322 83330 333 59035 83618 81930 85360=
42737 32896 42306 10270 20241 40057 84030 333 58008 84358=
42754 31595 62506 10236 20224 39427 40054 70500 82531 333 58026 82620 83360=
42779 22595 50000 10244 20235 39358 40043 83530 333 58013 6002/ 83620 85360=
42798 31495 60000 10296 20271 40031 71022 84530 333 58003 84615 85360=
42809 21495 82702 10304 20282 40013 70522 8451/ 333 59016 6990/ 84618 87459=
42840 32596 22002 10276 20244 40070 82500 333 58016 82620=
42867 21495 62502 10258 20244 40060 70522 83520 333 58021 6991/ 83618 85458=
42874 32996 02701 10274 20248 40050 333 58012=
42886 31595 62502 10280 20260 40038 70522 83530 333 58004 83620 86360=
42895 32596 50000 10292 20275 40021 83530 333 59010 83620 84360=
42971 31496 60000 10292 20273 40044 70522 85430 333 58004 84618 86360=
43003 21595 40000 10278 20240 40080 70522 84800 333 58012 6006/ 82620 83825=
43014 21596 72704 10236 20209 39431 40073 70554 84820 333 58017 6994/ 83620 84825 86458=
43041 32996 20000 10258 20235 39454 40061 82030 333 58006 82360=
43063 22596 72701 10226 20205 39469 40091 86730 333 56690 58014 6992/ 82722 85626=
43086 32596 20000 10270 20247 39881 40057 82500 333 58012=
43110 32496 02702 10264 20244 40099 333 58009=
43128 31596 20000 10252 20211 39473 40073 70521 82500 333 58007 82620=
43150 31996 62703 10294 20254 39987 40048 70522 83031 333 59006 83360 84075=
43185 32596 40000 10286 20254 30052 40055 82530 333 58001 82620 84360=
43189 32596 32301 10290 20256 30051 40060 82502 333 58008=
43192 21496 60000 10252 20243 40099 70262 83772 333 58007 6008/=
43201 32496 62003 10228 20213 39351 40074 84630 333 56690 58005 83710 83612 85358=
43213 32596 72702 10286 20220 39750 40061 83538 333 58001=
43237 32996 32503 10268 20210 39671 40059 80002 333 59006 83075=
43245 32596 41602 10314 20251 30042 40068 81438 333 58002=
43279 22596 40000 10298 20259 30061 40078 83530 333 58005 6990/ 83620=
43284 21095 51103 10248 20242 39992 40108 71062 83631 333 58000 6007/ 81701 83612=
43295 21496 62704 10234 20185 39096 48508 70252 83531 333 56699 59001 6990/ 83612 83358=
43314 32596 20000 10274 20251 40109 81501 333 59007=
43321 31496 62309 10254 20227 39648 40092 71022 83531 333 59006 83612=
43329 32596 20000 10294 20266 30065 40078 81501 333 58000=
43333 21495 82303 10272 20264 40085 70562 8543/ 333 59004 6016/ 83618 85820 88360=
43344 31496 52504 10314 20206 39989 40087 70522 82531 333 58000 82616 83360=
43353 31496 39902 10276 20250 40110 71021 81720 333 56790 59006 81714=
43369 21496 60000 10274 20266 40118 72052 83530 333 58007 6004/ 83618 86358=
43371 32496 43202 10268 20245 30042 40115 81431 333 58004 81618=
43413 22470 72106 10287 20246 30095 40100 51002 87100 333 553// 20006 59004 60008 91010==
43418 22970 52300 10284 20231 30054 40095 52003 80001 333 59001 60008 555 60008==
43421 22470 32402 10268 20267 30000 40105 52005 81000 333 553// 20000 59003 60008 91005 555 60008==
43424 22470 22003 10284 20256 30101 40103 53009 82000 333 59006 60008 555 60008==
43436 22470 30000 10290 20268 30092 40095 52003 82000 333 55001 59002 60008 555 60008==
43441 22470 52102 10264 20237 39973 40106 52003 81000 333 59006 60008 555 60008==
43444 22470 31802 10245 20209 39581 40108 54000 81000 333 55001 59007 60008 555 60008==
43450 21/59 61301 10269 20255 30108 40120 50002 71022 333 59003 60008 85/80 555 60008==
43466 22470 72202 10284 20235 30110 40118 5/001 87000 333 55001 553// 20000 59006 60008 91005==
43467 22466 62302 10288 20254 30114 40120 52004 84201 333 59005 60008 555 60008==
43473 22470 62803 10157 20157 38143 48509 54001 86000 333 553// 20000 58003 60008 91005 555 60008==
43486 22470 61901 10250 20250 30021 40122 50002 83106 333 553// 20000 59006 60008 91002==
43495 22470 42503 10285 20259 30106 40119 51/// 82000 333 59005 60008==
43497 22470 72402 10272 20000 30096 40113 5/006 82000 333 553// 20012 59003 60008 91006==
44212 419// 83301 10116 20065 39102 40188 57005 70262 8802/ 333 91201=
44213 415// 80602 10087 20073 38783 40195 57007 70262 885// 333 91202=
44214 32998 23203 10062 20008 38275 40204 52003 82040 333 91204=
44215 316// 71903 10076 20031 38406 40198 57004 71522 87500 333 91203=
44217 32998 10000 10034 21016 37878 40266 51004 81040 333 91202=
44218 329// 01901 10084 20068 38596 40193 54001 333 91202=
44219 329// 50905 10115 20062 38608 40170 57004 83056 333 91206=
44265 329// 00601 10077 20035 38834 40205 54000 333 91201=
44266 329// 03402 10049 21021 37797 40235 58002 333 91204=
44454 4140/ 21003 10221 20211 38628 48469 70191 82100 333 59007 =
50557 04980 /0102 10063 20022 39914 40208 52009 60002 70000 333 10159 20061 3/003 5001/ 54415 58042 60001 70000 90720 91114=
51076 04980 /1601 10085 20065 39324 40179 57004 60002 70000 333 10175 20084 3/010 5001/ 54418 58003 60001 70085 90720 91105=
51087 04979 /2801 10099 20077 39184 40174 57004 69912 70000 333 10185 20099 3/009 5001/ 54415 59004 60001 70001 90720 91107=
51156 04980 /3404 10070 20055 38685 40181 57012 60132 76000 333 10109 20063 3/005 5000/ 54415 59024 60001 70365 90720 91106=
51243 04980 /0402 10154 20084 39634 40156 57007 60022 70000 333 10224 20139 3/014 5002/ 54415 59013 69911 70016 90720 91111=
51334 04980 /2302 10118 20045 39779 40165 52006 60002 70000 333 10243 20111 3/011 5001/ 54415 59032 60001 70000 90720 91111=
51379 04975 /1602 10110 20073 39247 40152 57006 60002 70000 333 10226 20109 3/012 5001/ 54416 59027 60001 70000 90720 91104=
51463 04971 /1602 10137 20070 39006 40146 57012 60002 70000 333 10184 20132 3/011 5001/ 54415 59048 60001 70000 90720 91106=
51573 04980 /0204 10270 20064 30054 40100 57002 60002 70000 333 10324 20224 3/024 5003/ 54405 59013 60001 70000 90720 91111=
51644 04961 /0201 10114 20091 38911 40109 57003 60002 70000 333 10251 20100 3/014 5002/ 54415 59049 60001 70003 90720 91105=
51656 04961 /0702 10138 20104 39103 40108 57001 60002 70000 333 10269 20129 3/013 5000/ 54415 59022 60001 70000 90720 91105=
51709 04963 /3102 10172 20078 38594 40081 57001 60002 70000 333 10245 20129 3/017 5001/ 54405 59036 60001 70000 90720 91107=
51711 04971 /2101 10091 20072 38022 40083 52001 60002 70000 333 10189 20057 3/008 5001/ 54405 59024 60001 70000 90720 91106=
51716 04962 /0501 10144 20081 38866 40094 57001 60002 70000 333 10271 20124 3/015 5002/ 54415 59034 60001 70000 90720 91105=
51765 04968 /0301 10148 20061 39159 40099 54000 60002 70000 333 10293 20133 3/012 5002/ 54415 59032 60001 70000 90720 91105=
51811 04961 /2801 10156 20088 38741 40079 57002 60002 70000 333 10269 20101 3/014 5002/ 54405 59038 60001 70000 90720 91107=
51818 04960 /3600 10135 20079 38596 40076 54000 60002 70000 333 10280 20094 3/012 5002/ 54415 59044 60001 70000 90720 91106=
51828 04959 /1201 10176 20062 38589 40060 57002 60002 70000 333 10269 20146 3/013 5001/ 54415 59047 60001 70000 90720 91107=
51886 04980 /0902 10120 20001 37156 40078 52001 60002 70000 333 10187 20087 3/010 5002/ 54405 58022 60001 70000 90720 91111=
52203 04979 /0802 10165 20104 39296 40137 52002 60002 70000 333 10252 20156 3/015 5002/ 54415 58005 60001 70000 90720 91107=
52602 04980 /3201 10095 21001 37310 40114 57002 60002 70000 333 10185 20088 3/008 54405 58046 60001 70002 90720 91114=
52681 04980 /2805 10144 20102 38652 40158 57003 69912 72150 333 10170 20139 3/013 5002/ 58058 69911 70004 90720 91115=
52818 04980 /2001 10104 20060 37282 40122 57008 60002 70000 333 10155 20082 3/008 5000/ 58024 60001 70019 90720 91106=
52908 04950 /1203 10036 20018 35845 40048 54000 60042 76200 333 10122 20030 3/003 54415 58017 60031 70035 90720 91117=
53463 04980 /2101 10197 20160 38828 40080 57010 60002 70000 333 10247 20159 3/018 5000/ 54405 59070 60001 70000 90720 91105=
54857 04959 /0102 10260 20244 30007 40095 57011 60002 70000 333 10285 20247 3/027 5000/ 59047 60001 70000 90720 91105=
55228 04980 /1202 10042 20017 36085 40123 57003 60052 76000 333 10106 20027 3/004 5000/ 54416 58017 60021 70064 90720 91105=
55299 04980 /0702 10068 20032 35911 49986 57004 60002 70000 333 10155 20060 3/004 5001/ 54415 58002 60001 70002 90720 91110=
55578 04980 /1302 10107 20048 36407 49950 52003 60002 70000 333 10230 20101 3/012 5001/ 54415 58000 60001 70000 90720 91111=
55591 04980 /0800 10164 20091 36549 49917 52001 60002 70000 333 10239 20123 3/016 5001/ 54405 59015 60001 70012 90720 91105=
55664 04980 /1801 10092 20014 36062 49984 52005 60002 70000 333 10192 20040 3/008 5000/ 59002 60001 70000 90720 91109=
55773 04941 /1601 10063 20057 36074 40036 57004 69952 76050 333 10128 20060 3/008 5000/ 59006 69951 70005 90720 91113=
56004 04980 /2803 10060 20043 35893 49973 57005 60122 72150 333 10147 20034 3/001 54405 58007 60031 70124 90720 91114=
56018 04980 /0501 10100 20067 36236 49960 52003 60002 70000 333 10196 20075 3/008 54405 58003 60001 70026 90720 91106=
56116 04980 /1202 10144 20032 36384 49933 52001 60002 70000 333 10207 20062 3/011 5001/ 54405 59009 60001 70000 90720 91109=
56299 82815 83626 87360=
56312 04980 /0101 10151 20079 37122 40019 52003 60002 70000 333 10241 20144 3/013 5002/ 54415 59008 60001 70000 90720 91109=
57494 04574 /0000 10237 20216 30062 40091 57010 69922 70000 333 10249 20235 3/024 5000/ 54415 59018 60001 70002 90720 91104=
58847 04966 /0803 10285 20232 39973 40069 57016 60002 70000 333 10345 20279 3/028 5002/ 54415 59010 60001 70000 90720 91108=
62306 32960 03508 10278 20212 40147 52005 333 10310=
62309 32960 03505 10268 20208 40133 52006 333 10322=
62332 32960 00112 10297 20250 40114 52007 333 10338=
62337 32960 00411 10293 20227 40103 52004 333 10391=
62366 34556 63615 10305 20239 40109 52027 70720 86500 333 10392=
62387 32960 03407 10347 20178 40093 52009 333 10412=
62393 32960 03316 10351 20141 40125 52008 333 10412=
62405 32960 02303 10356 20115 40078 52011 333 10436=
62414 32960 03603 10382 20076 40081 52011 333 10444=
62419 32960 02805 10325 20115 40132 52004 333 10354=
62420 32960 03104 10315 20119 40114 52008 333 10382=
62435 32960 03305 10369 20117 40079 52010 333 10436=
62455 32960 03210 10340 20211 40086 52006 333 10415=
62458 32960 03305 10341 20147 40078 52007 333 10355=
62459 32960 03112 10367 20141 40058 52002 333 10380=
62465 32960 03403 10334 20124 40065 52004 333 10366=

42131 Not Received
42747 Not Received
42909 Not Received
42686 Not Received
42314 Not Received
42398 Not Received
43117 Not Received
43198 Not Received
43410 Not Received
