SMPK OPKC 101200=
41504 02697 81302 10240 20037 37774 48373 60002 83510 333 56990 58018 60007 83640 86460 RH27%=
41504 02697 81302 10240 20037 37774 48373 60002 83510 333 10270 56990 58018 60007 83640 86460 RH27%COR=
41505 12697 30000 10285 20073 38/// 48/// 60002 82430 333 10310 56990 58/// 60007 82840 83360 RH 26%=
41506 02697 51816 10310 20089 38405 48398 60002 83820 333 10340 56990 58002 60007 83830 83460 25%=
41506 02697 51816 10310 20089 38405 48398 60002 83820 333 10340 56990 58002 60007 83830 83460 25%=
41507 02697 21802 10345 20201 39123 49601 60002 82200 333 10356 59058 60007 82840 43%=
41508 02697 22302 10300 20198 38579 48457 60002 82200 333 10315 56900 59009 60007 82835 RH 54%=
41509 02697 52304 10330 20163 38656 48413 60002 82520 333 10345 56990 58009 60007 82640 83460 RH 37%=
41510 02697 30902 10225 20089 37861 48427 60002 82230 333 10255 56990 58000 60007 82840 81360 42%=
41515 02697 52312 10300 20120 38466 48428 60002 82520 333 10320 56990 58003 60007 82650 83458 33%=
41516 02697 20000 10340 20112 38422 48376 60002 82100 333 10360 56900 59003 60007 82840 RH25%=
41517 02697 30000 10250 20112 37710 48370 60002 83500 333 10285 56900 59012 60007 83640 42%=
41518 02697 41802 10356 20066 38/// 48/// 60002 83230 333 10361 56990 5//// 60007 83840 81362 16%=
41519 02997 02702 10370 20071 38625 48381 60002 333 10375 59015 60007 RH16%=
41520 02697 23602 10230 20019 37580 48154 60002 82200 333 10265 56900 59002 60007 82840 25%=
41523 02997 02304 10330 20200 38981 48440 60002 333 10350 59011 60007 46%=
41524 02697 32702 10345 20174 39202 49998 60002 83500 333 10372 56900 58003 60007 83640 RH 36%=
41525 12697 30000 10215 20145 37643 48310 60002 83200 333 10225 56900 59020 83840 64%=
41528 02997 00000 10350 20190 39115 48456 60002 333 10358 59016 60007 39%=
41529 02696 43602 10350 20245 39627 49982 60002 82530 333 10375 56990 59013 60007 82640 82360 55%=
41530 01696 60510 10350 20220 39586 49970 60002 70522 82401 333 10365 56909 59005 60007 82840 84070 47%=
41534 02697 20000 10360 20249 39590 49973 60002 82500 333 10365 56900 59006 60007 82640 RH 53%=
41535 02997 02302 10275 20194 38627 48407 60002 333 10305 59010 60007 RH61%=
41536 02997 00000 10305 20204 38936 48440 60002 333 10330 59001 60007 55%=
41560 02697 51304 10260 20163 38236 48447 60002 82520 333 10295 56990 59008 60007 82630 83460 55%=
41562 02997 00902 10365 20230 39552 49982 60002 333 10385 58000 60007 46%=
41565 02997 22302 38591 48465 60002 82030 333 10300 56090 59017 60007 82360 78%=
41567 01996 00000 10345 20247 39624 40014 60002 70400 333 10350 59019 60007 57%=
41571 11696 33106 10345 20351 39440 49981 60002 70500 82830 333 10351 56990 58001 RH41%=
41572 01696 10000 10340 20229 39378 49959 60002 70400 81500 333 10345 56900 58000 60007 81640 RH52%=
41573 02697 61302 10210 20180 37936 48435 60002 86400 333 10246 56900 59010 60007 86640 83%=
41574 02697 32302 10270 20183 38285 48450 60002 83400 333 10280 56900 59009 60007 83640 59%=
41576 01697 21310 10315 20236 40019 60002 70211 82400 333 10363 56900 58013 60007 82640 63%=
41577 01696 10000 10335 20254 39411 49987 60002 70400 81200 333 10355 56900 59009 60007 81840 RH 63%=
41593 01996 30000 10365 20262 39780 49977 60002 70411 83030 333 10385 56090 59001 60007 83360 56%=
41597 01696 80000 10300 20280 39725 40005 60052 72996 8352/ 333 10362 5699/ 59007 60057 83640 88460 89%=
41598 01696 51304 10305 20249 39731 49988 60002 70420 83430 333 10365 56990 58007 60007 83840 83360 72%=
41599 01696 31306 10310 20239 39732 40007 60002 70422 83400 333 10358 56900 58013 60007 83640 66%=
41600 01996 30000 10320 20246 39720 40001 60002 70412 83070 333 10340 56090 58015 60007 83363 69%=
41620 32696 43602 10340 20057 38482 48386 60002 84500 333 10345 56900 59003 60007 84640 17%=
41624 02697 31302 10370 20244 39787 49973 60002 83500 333 10385 56900 59006 60007 83637 49%=
41625 01696 50000 10360 20264 39780 49966 60002 70400 83530 333 10395 56990 58000 60007 83640 83360 58%=
41630 01696 71310 10310 20269 49998 60002 71792 84970 333 10375 56990 58006 60007 81930 83640 85460 79%=
41633 02997 20000 10370 20260 4//// 60002 82030 333 10390 56090 5//// 60007 82360 54%=
41634 02697 40000 10355 20254 3//// 4//// 60002 84600 333 10360 56900 5//// 60007 84640 56%=
41635 02697 10000 10385 20262 3//// 4//// 60002 81100 333 10393 56900 5//// 60007 81840 50%=
41636 01996 00000 10380 20264 39813 49982 60002 70400 333 10390 59002 60007 52%=
41638 01696 30000 10365 20262 4//// 60002 70400 83400 333 10385 56900 5//// 60007 83840 56%=
41639 02997 31304 10355 20259 3//// 4//// 60002 83030 333 10370 56090 5//// 60007 83360 58%=
41640 01696 70000 10300 20243 39764 40001 60022 70422 83570 333 10350 56990 58013 60007 83640 85460 72%=
41641 01696 60810 10300 20243 39742 40002 69902 70492 83470 333 10346 56990 58013 60007 83640 84460 72%=
41642 02696 30000 10305 20271 3//// 4//// 60002 82500 333 10351 56900 5//// 60007 82640 RH82%=
41643 01696 50000 10305 20241 39734 49996 60062 70422 82470 333 10330 58008 60007 82640 83460 69%=
41644 02997 20000 10300 20280 4//// 60082 70296 82030 333 10355 56090 5//// 60087 82362 89%=
41646 01696 41310 10335 20244 39804 40004 60002 70490 82530 333 10375 56990 58000 60007 82640 83360 59%=
41652 01696 31304 10370 20260 39814 49979 60002 70400 83030 333 10380 56090 59008 60007 83360 54%=
41660 01996 02312 10290 21088 38361 48442 60002 70500 333 10305 59010 60007 08%=
41661 01995 00000 10310 20015 38309 48423 60002 70540 333 10320 59017 60007 15%=
41669 02697 51802 10380 20272 3//// 4//// 60002 82530 333 10390 56990 5//// 60007 82640 83362 54%=
41670 01996 43602 10355 20274 3//// 4//// 60002 70400 84040 333 10380 56090 5//// 60007 84460 63%=
41674 01696 21804 10365 20262 3//// 4//// 60002 70410 82400 333 10375 56900 5//// 60007 82840 56%=
41675 01696 30000 10375 20234 39843 49975 60002 70510 83400 333 10382 56900 59004 60007 83840 45%=
41676 01996 00000 10380 20294 39877 40022 60002 70400 333 10395 59007 60007 62%=
41677 01996 20000 10370 20252 39815 49971 60002 70400 82030 333 10385 56090 59006 60007 82360 51%=
41678 01996 00000 10380 20240 49980 60002 70500 333 10390 59004 60007 45%=
41679 01696 50502 10310 20269 4//// 60002 70422 82570 333 10350 56990 5//// 60007 82640 83460 79%=
41680 01695 60514 10345 20247 39804 49990 60002 70721 83570 333 10375 56990 58002 60007 83640 84460 57%=
41685 01697 70502 10240 20179 38822 48421 60072 72162 83520 333 10340 56990 58003 60077 83635 84460 RH69%=
41696 02997 01302 10260 20012 37983 48470 60002 333 10280 59012 60007 RH20%=
41697 02997 02304 10400 20173 39825 49970 60002 333 10420 59004 60007 RH27%=
41700 01696 30000 10395 20250 39854 49972 60002 70500 83500 333 10411 56900 59003 60007 83640 44%=
41701 01696 33104 10390 20252 39845 49978 60002 70500 83500 333 10401 56900 59005 60007 83640 46%=
41710 11995 03116 10335 21147 39248 49969 60002 70700 333 10340 58001 RH04%=
41712 12996 02302 10355 21001 39091 48454 60002 333 10380 58003 RH10%=
41715 01996 00000 10360 20279 39918 49979 60002 70500 333 10380 59004 60007 RH63%=
41716 01996 00000 10370 20228 39890 49986 60002 70500 333 10382 59004 60007 44%=
41718 01996 00000 10390 20283 39888 49984 60002 70400 333 10402 59010 60007 55%=
41724 01996 03104 10390 20252 39919 49993 60002 70500 333 10395 59004 60007 RH46%=
41725 12996 00502 10390 20235 39897 49971 60002 333 10395 59003 RH41%=
41726 22996 00000 10385 20254 39929 49996 60002 333 10405 59030 60007 RH48%=
41738 02996 02714 10420 20018 39812 49978 60002 333 10425 59007 60007 RH08%=
41739 02996 03112 10345 21031 38967 48459 60002 333 10350 58003 60007 RH09%=
41742 11996 01806 10370 20236 39884 49981 60002 70500 333 10375 59004 RH 46%=
41743 21996 00502 10370 20276 60002 70500 333 10390 60007 RH 59%=
41744 12996 00000 10330 20052 38690 48430 60002 333 10345 59005 RH 18%=
41745 01996 01804 10360 20272 60002 70500 333 10375 60007 RH61%=
41746 02996 01802 10365 20270 39928 49979 60002 333 10395 59002 60007 RH58%=
41747 02996 01806 10375 20258 39921 49976 60002 333 10390 59010 60007 RH52%=
41748 02996 01302 10375 20274 39924 49984 60002 333 10380 59011 60007 RH56%=
41749 02996 01306 10375 20289 39958 49991 60002 333 10385 58001 60007 RH62%=
41756 01996 02310 10320 20250 39937 40000 60002 70504 333 10330 59008 60007 RH67%=
41757 11996 02314 10325 20240 30001 40013 60002 70500 333 10360 59009 RH61%=
41759 01996 02310 10320 20250 39983 49988 60002 70500 333 10350 59016 60007 RH67%=
41760 01996 01810 10315 20244 39985 49998 60002 70500 333 10340 59015 60007 RH 66%=
41764 02996 02118 10340 20247 39942 49990 60002 333 10352 59004 60007 RH57%=
41765 02996 02310 10340 20257 39955 49989 60002 333 10360 59003 60007 RH62%=
41766 02996 02306 10330 20261 39950 49978 60002 333 10350 59012 60007 RH67%=
41767 02996 0//// 10340 20265 60002 333 10350 60007 RH65%=
41768 02996 02306 10340 20265 39984 49991 60002 333 10355 59002 60007 RH65%=
41780 01596 72308 10310 20246 39974 40001 60002 70400 87600 333 10335 56900 59010 60007 82720 85630 RH69%COR=
41780 01596 72308 10310 20246 39994 40001 60002 70400 87600 333 10335 56900 59001 60007 82720 85630 RH69%=
41783 02996 32304 10315 20252 39975 40004 60002 83030 333 10333 56090 59006 60007 83360 RH 69%=
41783 02996 32304 10315 20252 39975 40004 60002 83030 333 10335 56090 59006 60007 83360 RH 69%COR=
41785 02597 32304 10325 20255 39997 40009 60002 83600 333 10330 56500 59012 60007 83730 RH 67%=
41786 22696 22706 10345 20247 39951 49985 60002 82500 333 10360 56900 59021 60007 82630 RH57%=
41BAG 02696 42302 10215 20086 60002 84500 333 10300 60007 84640 44%=
41BKI 12696 70504 10355 20226 39583 49971 60002 83520 333 10370 56990 59009 83640 84460 RH47%=
41SKP 01696 23102 10325 20248 3//// 4//// 60002 70400 82100 333 10355 56900 5//// 60007 82840 64%=
43532 02996 00000 10360 20165 39201 49939 60002 333 10370 58002 60007 32%=
43533 02997 10345 20242 39105 48434 60002 333 10360 59001 60007 55%=
43563 02697 62310 10317 20239 39345 49992 60002 82530 333 10344 56990 58002 60007 82640 84360 64%=

==================
41526 Not Received
41533 Not Received
41564 Not Received
41568 Not Received
41592 Not Received
41594 Not Received
41672 Not Received
41781 Not Received
==================

UPPK OPKC 101200=
PPAA 60111 41516 55285 05504 16503 77999= 
PPAA 60111 41718 55285 25505 21504 77999=
PPAA 60121 41600 55185 12004 77999=
PPAA 60121 41624 55285 17506 12009 77999=
PPAA 60121 41640 55185 05507 77999=
PPAA 60121 41678 55285 34505 06504 77999=
PPBB 60111 41516 90/7/ 00000 14005 9125/ 17503 22006=
PPBB 60111 41718 90/12 00000 28005 27505 9037/ 26505 24005 9125/ 21503 18505 =
PPBB 60121 41600 90/12 00000 08501 09502 9037/ 10004 14004=
PPBB 60121 41624 90/12 13502 12004 14504 9037/ 14504 19507 9125/ 10510 09014=
PPBB 60121 41640 90/12 00000 03004 03504 903// 04006=
PPBB 60121 41678 90/12 00000 35504 34005 9037/ 34006 03502 912// 07505=
PPAA 60111 41780 MISDA NO ASCENT DUE TO RED BALLOON SHORTAGE=
PPAA 6012/ 41506 MISDA DUE TO STRONG WIND=
PPAA 6012/ 41506 MISDA DUE TO STRONG WIND=
PPAA 6012/ 41515 MISDA DU TO STRONG WIND=
PPAA 6012/ 41517 MISDA DUE TO AIR MOVEMENT=
PPAA 6012/ 41598 MISDA DUE TO NO PERMISSION BY PAF=
PPAA 6012/ 41646 MISDA DUE TO TECHNICAL REASON =
PPAA 6012/ 41715 NO ASENT DUE TO PAF FLYING=
PPAA 6012/ 41739 no acent due to security risk=
PPAA 6012/ 41749 MISDA DUE TO TECHNICAL FAULT=
PPAA 6012/ 41764 NO ASCENT DUE PAF FLYING=


Data Generated from File : D:\all data handling\Rmc_lhr\2024091012.FSU.txt
10/09/24 13:08:46
______________________________________________________________
15007 05970 61403 10259 20093 39608 40046 57005 60001 7000/ 83071 333 4/000 55309 0//// 22007 3//// 60007 91007 91108=
15020 04563 81204 10270 20119 39870 40054 57009 60001 82207 333 55309 22427 60007 91009 90760 91109==
15069 05998 73104 10199 20082 39028 42714 57004 60001 7000/ 87070 333 4/000 55307 0//// 21494 3//// 60007 91006 91107=
15073 05/98 61603 10258 20106 39614 40050 57008 60001 7000/ 82236 333 4/000 55310 0//// 22362 3//// 60007 91006 91107=
15090 04570 81502 10251 20145 39981 40068 56008 60001 82277 333 55306 01020 21803 30979 60007 91005 90760 91107==
15107 05970 71301 10229 20078 39282 42718 57013 60001 7000/ 87070 333 55302 0//// 21195 3//// 60007 91003 91103 95000=
15108 02270 62701 10153 20072 38052 48437 54001 60001 81571 333 55308 21688 60007 91003 90760 91103==
15109 05598 71204 10243 20129 39642 40050 57009 60001 7000/ 81171 333 4/000 55310 0//// 22453 3//// 60007 91007 91108=
15111 05570 81705 10252 20142 39803 40050 56010 60001 7000/ 8337/ 333 4/000 55306 0//// 21585 3//// 60007 91007 91109=
15113 05570 71204 10233 20161 39909 40064 58006 60001 7000/ 83270 333 4/000 55300 0//// 21244 3//// 60007 91006 91107=
15127 05970 83001 10226 20069 39211 42715 57010 60001 7000/ 8807/ 333 4/000 55300 0//// 21003 3//// 60007 91003 91103 95000=
15148 05970 82401 10173 20070 38647 48430 57003 60001 7000/ 8807/ 333 55300 0//// 20854 3//// 60007 91002 91103=
15150 04570 71703 10231 20156 39862 40064 58006 60001 83270 333 55300 21290 60007 91006 90760 91108==
15154 05570 81402 10236 20152 39929 40064 58007 60001 7000/ 8427/ 333 4/000 55300 0//// 21336 3//// 60007 91005 91106=
15168 05/70 /2002 10232 20087 39456 42716 57005 60001 7000/ 333 4/000 55300 0//// 20691 3//// 60007=
15170 04570 82701 10226 20079 39303 42712 57010 60001 82377 333 55301 21258 60007 91002 90760 91103==
15194 05970 70902 10234 20156 39780 40058 57008 60001 7000/ 87070 333 55307 0//// 21467 3//// 60007 91004 91105=
15215 05970 82002 10243 20083 39474 42718 57004 60001 7000/ 8807/ 333 4/000 55300 0//// 21084 3//// 60007 91003 91105=
15217 05598 81702 10246 20084 39408 42717 57009 60001 7000/ 8127/ 333 55308 0//// 21874 3//// 60007 91004 91105=
15219 05/70 /1602 10261 20154 39940 40056 58010 60001 7000/ 333 4/000 55310 0//// 21801 3//// 60007=
15238 05998 83001 10248 20074 39455 42716 57009 60001 7000/ 8807/ 333 55301 0//// 21277 3//// 60007 91003 91104=
15261 05566 81403 10233 20106 39274 42731 57005 60001 7000/ 8437/ 333 55306 0//// 21542 3//// 60007 91006 91107 95000=
15262 02698 81302 10141 20082 38167 48439 5//// 60001 8807/ 333 55301 0//// 21291 3//// 60007 91004 91104=
15265 05570 71603 10258 20159 39990 40060 57009 60001 7000/ 83236 333 4/000 55309 0//// 21901 3//// 60007 91005 91106=
15280 01/00 92602 10070 20068 37480 47049 57005 69931 74784 89/// 333 55305 21277 69937 91004 90760 91105==
15300 05799 82701 10238 20095 39446 42718 54001 60001 7000/ 8357/ 333 55300 0//// 21168 3//// 60007 91005 91105=
15301 01570 82602 10152 20081 38570 48455 54001 69901 78082 8437/ 333 55300 0//// 21117 3//// 69907 91004 91105 95000=
15302 05670 72601 10192 20093 38855 48442 58002 60001 7000/ 84570 333 55300 0//// 21179 3//// 60007 91003 91104 95000=
15307 05/70 /1002 10253 20154 39881 40056 57012 60001 7000/ 333 4//// 55306 0//// 21778 3//// 60007=
15310 04570 70702 10263 20166 39981 40062 57010 60001 83238 333 55308 01010 21884 31169 60007 91005 90760 91105==
15324 02570 82801 10205 20096 39293 42723 57003 60001 7//// 8537/ 333 55300 0//// 20924 3//// 60007 91002 91102=
15325 05570 71400 10154 20073 38428 48439 54000 60001 7000/ 87300 333 4/000 55302 0//// 21371 3//// 60007 91002 91105=
15328 05570 71100 10248 20127 39726 40055 57008 60001 7000/ 83270 333 4//// 55304 0//// 21495 3//// 60007 91003 91104=
15335 04570 71403 10262 20171 30059 40065 57011 60001 83270 333 55309 22181 60007 91005 90760 91106==
15336 05/70 /1702 10262 20184 30062 40063 57008 60001 7000/ 333 4/000 55310 0//// 22424 3//// 60007=
15349 05570 71101 10237 20105 39529 40050 58006 60001 7000/ 87300 333 4/000 55302 0//// 21425 3//// 60007 91003 91107=
15350 04570 40903 10262 20149 39948 40061 58010 60001 84300 333 55305 21330 60007 91006 90760 91106==
15360 04/70 51001 10246 20192 30054 40070 57004 60001 83032 333 60007 91004 90760 91104==
15375 05570 70703 10251 20107 39712 40049 58005 60001 7000/ 87500 333 4/000 55306 0//// 21584 3//// 60007 91006 91107=
15377 05597 80703 10262 20114 39846 40049 58009 60001 7000/ 883// 333 55301 0//// 21226 3//// 60007 91006 91107=
15387 05570 71203 10246 20184 30068 40071 57005 60001 7000/ 82270 333 4/000 55310 0//// 22085 3//// 60007 91005 91106=
15405 05570 61303 10289 20133 39999 40058 57012 60001 7000/ 82208 333 4/000 55310 0//// 22671 3//// 60007 91007 91108=
15406 05570 41203 10273 20148 30010 40055 57010 60001 7000/ 83240 333 4/000 55308 0//// 22399 3//// 60007 91006 91107=
15408 05570 71206 10249 20160 39808 40059 57007 60001 7000/ 83206 333 4/000 55308 0//// 22074 3//// 60007 91008 91110=
15419 05570 70704 10266 20146 39868 40050 58010 60001 7000/ 83370 333 4/000 55309 0//// 21955 3//// 60007 91007 91109=
15420 04570 80603 10279 20153 39935 40039 57017 60001 8337/ 333 55306 21681 60007 91008 90760 91108==
15421 05570 80704 10276 20145 39947 40050 58015 60001 7000/ 8327/ 333 4/000 55304 00914 21614 31228 60007 91007 91108=
15422 05570 70602 10291 20151 39941 40035 58018 60001 7000/ 82370 333 55302 0//// 21292 3//// 60007 91005 91105=
15425 05570 61203 10287 20132 39991 40051 57012 60001 7000/ 82206 333 4/000 55310 0//// 22704 3//// 60007 91008 91110=
15434 01570 80503 10248 20128 39850 40047 58002 69921 70282 8437/ 333 4/000 55302 0//// 21033 3//// 60007 91006 91106=
15444 05/70 /1502 10289 20146 39986 40054 57011 60001 7000/ 333 4/000 55307 0//// 22325 3//// 60007=
15455 05570 80704 10276 20144 39915 40037 58013 60001 7000/ 8537/ 333 4/000 55301 0//// 21348 3//// 60007 91009 91109=
15460 04570 71104 10289 20154 30022 40045 57014 60001 83278 333 55306 22046 60007 91008 90760 91108==
15462 05570 61305 10265 20163 39977 40058 57009 60001 7000/ 84301 333 4/000 55308 0//// 22121 3//// 60007 91008 91108=
15470 04/70 80604 10271 20141 39917 40034 57010 60001 8807/ 333 55301 21229 60007 91007 90760 91110==
15475 02597 61202 10298 20132 30016 40035 57012 60001 84201 333 4/000 55306 0//// 22014 3//// 60007 91006 91107=
15479 05570 61305 10269 20161 39872 40053 57009 60001 7000/ 83205 333 4/000 55308 0//// 22113 3//// 60007 91008 91109=
15480 04570 71203 10248 20186 30047 40064 57006 60001 84205 333 55310 01610 22588 32380 60007 91005 90760 91105==
15489 05570 70505 10282 20132 39945 40032 58012 60001 7000/ 83370 333 55306 0//// 21768 3//// 60007 91007 91108=
15491 05570 70403 10307 20148 39999 40027 57017 60001 7000/ 82370 333 55305 0//// 21631 3//// 60007 91006 91106=
15499 05570 71305 10245 20186 30052 40060 58005 60001 7000/ 82232 222// 06243 2//// 333 4/000 60007 91006 91106 92428=
15549 12570 61403 10282 20124 39640 40022 57008 60001 85230 333 10293 20192 555 538//=
15552 12570 61403 10292 20203 30006 40051 57010 60001 84830 222// 00244 10201 333 10296 20226 555 559// 92024 92428=
15640 12674 81403 10273 20155 39751 40040 57010 60001 8227/ 333 10282 20202 555 549//=
15655 12570 60712 10250 20204 30013 40044 57012 60001 82252 222// 00249 10201 333 10255 20210 91116 555 576// 92037 92438=
15730 11670 80000 10244 20143 39666 40035 58008 69901 70262 8437/ 333 10246 20196 555 553// 71200=
16627 12565 61808 10264 20186 30034 40039 58006 60001 82150 333 82820 86358 90730 91113==
16650 12360 51716 10266 20212 30030 40038 57008 60001 83755 333 81709 83358 90730 91126==
16667 12560 41712 10286 20173 30047 40058 57006 60001 83251 333 83825 83358 90730 91121==
16706 12560 31507 10270 20193 30043 40050 57004 60001 81150 333 81820 83358 90730 91116==
16723 12560 61910 10276 20207 30058 40071 57002 60001 82269 333 82825 86358 85168 90730 91116==
16732 26/// /1914 10302 20168 30039 40049 57005 333 60005 90730 91124==
16742 12460 51612 10276 20197 39920 40067 57006 60001 82151 333 82816 84360 90730 91118==
16749 12560 50003 10278 20181 30060 40074 57003 60001 84450 333 84620 85359 90730 91111==
16754 12560 21920 10326 20215 39996 40042 57014 60001 82140 333 90730 91133==
16757 12560 51819 10294 20230 39925 40049 57009 60001 81150 333 81825 85358 90730 91132==
16760 12560 41914 10284 20180 40055 57006 60001 82150 333 82820 84358 90730 91126==
16765 12560 61610 10292 20223 40071 57007 60001 85502 333 90730 91117==
17022 12670 40206 10258 20215 39897 40054 57009 60001 81101 333 81834 84070 90760 91110==
17024 12670 30401 10282 20262 39975 40048 57008 60001 81130 333 81835 83360 90760 91105==
17026 12/70 31311 10302 20227 30018 40054 57010 60001 82034 333 82359 83070 90760 91117==
17031 12960 01008 10301 20225 30051 40057 57015 60001 333 90760 91116==
17034 12970 00302 10272 20218 30034 40077 57012 60001 333 90760 91108==
17038 12470 30605 10273 20223 30033 40078 57004 60001 83700 333 83718 90760 91108==
17042 12670 23202 10281 20225 30045 40082 50000 60001 82100 333 82835 90760 91108==
17050 12670 61604 10295 20159 39985 40043 57016 60001 84270 333 84835 86360 90760 91108==
17056 12670 51103 10257 20208 30035 40039 58011 60001 83230 333 83835 85360 90760 91108==
17060 12960 62306 10287 20160 30015 40053 57006 60001 80004 333 86068 90760 91110==
17070 12665 51704 10336 20067 39212 40020 57016 60001 85200 333 85835 90760 91109==
17074 12570 33501 10292 20196 39163 40039 57023 60001 83200 333 83833 90760 91106==
17084 12670 22603 10310 20127 39200 40045 57021 60001 82100 333 82840 90760 91107==
17085 12970 01003 10352 20115 39584 40037 57026 60001 333 90760 91107==
17092 12/60 32413 10329 20052 38814 48471 57017 60001 83030 333 83360 90760 91120==
17096 12660 30812 10233 20127 38243 48495 57013 60001 83100 333 83840 90760 91125==
17098 12560 62404 10192 20124 38227 48521 57015 60001 84930 333 84840 86358 81925 90760 91112==
17100 11670 33302 10254 20160 39180 40116 57023 69991 70198 81230 333 81840 83358 90760 91107==
17112 12665 52513 10272 20186 30030 40032 58009 60001 83230 333 83835 85360 90760 91117==
17115 12/60 72106 10292 20168 30001 40049 57008 60001 83031 333 83360 87070 90760 91113==
17116 12665 62705 10301 20165 39931 40045 58007 60001 83231 333 83835 84360 85070 90760 91110==
17124 12660 51307 10301 20097 39175 40035 57017 60001 83108 333 83840 85270 90760 91118==
17128 12660 31908 10305 20047 39011 40036 57017 60001 83100 333 83840 90760 91120==
17135 12970 02207 10325 20024 39217 40031 57022 60001 333 90760 91114==
17140 12965 02303 10281 20053 38665 48464 57015 60001 333 90760 91113==
17150 12660 72011 10305 20141 39924 40040 57011 60001 82131 333 82835 84360 86070 90760 91121==
17160 12970 01102 10308 20072 38955 48459 57021 60001 333 90760 91113==
17170 11660 42509 10236 20142 38337 48499 57014 69901 70281 82240 333 82840 84357 90760 91115==
17175 12665 61804 10280 20182 30041 40045 57007 60001 83250 333 83835 85360 90760 91115==
17184 12670 62005 10303 20130 39943 40047 57009 60001 86200 333 86835 90760 91111==
17190 12970 41705 10297 20056 38916 48449 57014 60001 80001 333 84070 90760 91112==
17190 12970 41705 10297 20056 38916 48449 57014 60001 80001 333 84070 90760 91112==
17195 12670 13203 10316 20011 38911 48462 57020 60001 81100 333 81840 90760 91112==
17200 12660 12510 10347 20075 39122 40037 57021 60001 81100 333 81840 90760 91117==
17202 12670 30906 10349 20077 39070 40027 57019 60001 83100 333 83835 90760 91115==
17203 12670 30801 10326 20108 38840 48521 57020 60001 83100 333 83840 90760 91110==
17210 12670 13602 10373 20096 39072 40014 57018 60001 81100 333 81840 90760 91108==
17219 11565 72111 10264 20159 39931 40068 51003 69901 72522 84250 333 84830 87360 90760 91119==
17234 12670 52202 10291 20180 30004 40068 58001 60001 83230 333 83840 85360 90760 91108==
17237 12670 60501 10325 20158 39572 40039 57008 60001 83250 333 83840 86360 90760 91109==
17240 12570 31712 10279 20141 38973 40047 57010 60001 83200 333 83830 91024 90760 91139==
17244 12670 11408 10295 20050 38934 48463 57018 60001 81100 333 81840 90760 91118==
17248 12970 03403 10314 20038 38918 48460 57020 60001 333 90760 91108==
17250 12970 02304 10305 20024 38754 48466 57021 60001 333 90760 91109==
17260 12660 12108 10340 20092 39263 40016 57013 60001 81100 333 81840 90760 91118==
17270 12970 02106 10381 20074 39443 40033 57013 60001 333 90760 91112==
17275 12670 12803 10347 20081 38938 48498 57012 60001 81100 333 81840 90760 91116==
17280 12/60 20706 10368 20084 39307 40030 57018 60001 82030 333 82360 90760 91111==
17290 11570 61806 10280 20190 30045 40075 56006 69901 72582 83140 333 83830 86360 90760 91113==
17292 12570 71604 10257 20135 39349 40062 56002 60001 84250 333 84830 86358 90760 91114==
17300 12560 41610 10291 20220 30015 40082 57006 60001 84200 333 84830 90760 91119==
17310 12570 52204 10310 20227 30071 40078 57003 60001 82250 333 82830 85360 90760 91110==
17330 12670 21702 10330 20209 30060 40077 57013 60001 82100 333 82840 90760 91111==
17350 12960 02112 10345 20172 39991 40064 57017 60001==
17370 12670 22606 10314 20234 30076 40080 57014 60001 82100 333 82835 90760 91109==
17375 12670 31905 10293 20203 30061 40063 57012 60001 83200 333 83836 90760 91111==
33088 32997 71304 10251 20102 39889 40066 57010 80004 555 1/040=
33135 32998 71304 10258 20114 39959 40096 57011 85035 555 1/040=
33177 32598 83002 10216 20085 39845 40068 53006 885// 555 1/033=
33317 32599 51605 10256 20102 39751 40062 57007 83175 555 1/043=
33393 /1960 73001 10208 20122 39697 40065 52005 70262 87030 555 69901=
33415 32697 71505 10249 20101 39683 40051 57004 83530 555 1/033=
33429 32697 61404 10249 20115 39666 40057 57005 82130 555 1/047=
33466 32998 30502 10263 20100 39907 40080 57009 80002 555 10045=
33506 /1697 61302 10237 20144 39911 40094 57011 70282 86200 555 1/040 69911=
33562 32760 71504 10264 20119 39791 40072 57008 82531 555 1/039=
33587 32698 80402 10263 20073 39828 40072 57011 81102 555 1/047=
33658 32984 61305 10266 20111 39770 40046 57005 84031 555 1/037=
33663 32598 71203 10281 20128 39974 40062 57011 82331 555 1/043=
33664 42598 51303 10262 20100 39755 40047 57013 83230=
33678 42698 62804 10260 20118 39882 40076 57011 83239=
33679 42497 70902 10277 20118 39907 40083 58009 85531=
33711 32660 50804 10277 20135 39879 40072 57010 85200 333 85843 555 1/054=
33745 42597 61404 10264 20121 39888 40070 57018 82931 555 10049=
33748 42997 71803 10265 20134 39796 40059 57007 86031=
33754 42598 71102 10260 20105 39933 40069 57008 82330=
33761 32670 71502 10255 20130 39864 40070 57011 82150 555 1/041=
33791 32689 51103 10274 20172 39966 40084 57007 85100 333 85833 555 1/044=
33815 42598 71403 10254 20133 39868 40060 57011 83130 555 10036=
33837 32975 81302 10224 20164 30025 40074 58009 80009 555 1/041=
33881 42598 61203 10250 20135 39882 40064 57008 85330=
33883 42598 71202 10260 20149 39908 40061 57009 84230 555 10039=
33885 42598 71404 10251 20136 39938 40068 57015 85330=
33892 42598 71103 10262 20140 39867 40063 57007 82370=
33902 32597 70902 10282 20159 30015 40070 57013 83259 555 1/048=
33924 42570 73202 10245 20194 30065 40077 57006 85909==
33946 42685 82704 10276 20180 39863 40066 57009 82382 333 82640==
33983 42560 63304 10269 20194 30023 40079 57008 84331==
34300 32997 31004 10257 20087 39944 40108 57005 83030 555 1/046=
34336 42/70 51404 10288 20050 30031 40126 58014 82089 333 90760 91110==
34344 42570 51305 10282 20105 30045 40126 58012 82930 333 90760 91111==
34356 42560 71405 10245 20064 30023 40160 57007 87500 333 91011 90760 91111==
34357 41/70 61407 10266 20061 30002 40145 55005 70282 85082 333 91013 90760 91114==
34398 41570 61606 10278 20038 30191 40200 57013 70732 82986 333 90760 91116==
34415 /1670 60902 10268 20130 30010 40099 58013 70282 83230 555 1/045 69901=
34438 42560 71205 10216 20151 39945 40124 57004 86382 333 90760 91111==
34445 42570 71405 10264 20060 30030 40135 55003 85970 333 90760 91114==
34461 41560 81303 10200 20111 30115 40167 53004 78082 883// 333 90760 91113==
34473 42597 81004 10245 20081 30147 40183 57006 86351 333 91116 555 10031=
34476 42570 71106 10271 20036 30171 40178 57008 83930 333 91010 90760 91113==
34504 32580 51602 10226 20168 39928 40090 57008 85200=
34535 41570 31105 10250 20153 30050 40117 57002 70298 82983 333 90760 91110==
34545 41570 81204 10233 20098 30034 40139 50008 79591 8535/ 333 90760 91112==
34555 42570 71003 10254 20111 30063 40148 50001 85534 333 90760 91112==
34560 41660 61008 10220 20110 39973 40151 57013 70298 83330 333 90760 91113==
34578 42/60 81305 10266 20046 30150 40156 57015 8808/==
34579 42570 51005 10274 20030 30123 40164 57010 83502 333 90760 91110==
34644 41560 60805 10246 20163 30041 40113 57010 70298 86300 333 90760 91111==
34646 41660 70203 10226 20143 30048 40124 57004 79598 85980==
34655 41560 50909 10298 20035 30067 40122 57004 70292 85200 333 91013 90760 91116==
34662 41570 70804 10277 20063 30132 40142 56026 71798 84970==
34691 41570 70908 10267 20056 30199 40188 57009 70732 87330==
34720 42970 00602 10269 20176 30058 40094 57007==
34727 42560 50403 10238 20181 30062 40090 57008 82101==
34743 42660 61004 10298 20098 30030 40111 57008 82230 333 90760 91110==
34759 42560 71006 10287 20153 39987 40107 57011 86901 333 91011 90760 91113==
34772 41570 70907 10282 20037 30141 40144 57013 70722 8557/ 333 91013 90760 91113==
34785 41/70 81109 10265 20059 30187 40166 57005 70722 82089 333 91012 90760 91115==
34798 42/60 61009 10242 20094 30205 40178 57009 85045==
34824 42560 63402 10236 20201 30087 40092 57004 82201==
34838 42660 20000 10325 20139 39995 40082 57011 82430==
34845 42970 00903 10297 20146 39995 40093 57006==
34858 42960 00903 10296 20147 39996 40094 57018 333 90760 91110==
34861 42670 61309 10285 20119 39881 40102 57007 85131 333 91013 90760 91115==
34866 42670 71208 10280 20121 30126 40118 57009 85932 333 91013 90760 91114==
34880 41560 81004 10242 20097 30181 40157 57005 70282 8593/ 333 90760 91111==
34887 41/70 80705 10243 20126 30160 40142 58007 70722 81037 333 91011 90760 91113==
34949 42/70 20903 10299 20127 39579 40074 57008 82030==
34954 42970 00902 10311 20138 39927 40084 57012==
34958 42970 30803 10295 20139 39907 40088 57014 80001==
34975 41/60 61307 10275 20153 30116 40112 57008 70722 86050 333 91013 90760 91115==
34984 41540 70809 10245 20145 30158 40130 57013 73132 82971 333 91013 90760 91115==
35217 42/60 61405 10290 20062 30187 40224 57015 83043==
35302 42970 51704 10285 20065 30203 40222 57011 80003==
35315 42598 50903 10280 20110 30181 40233 57008 85900 555 10040=
35344 42599 60804 10257 20054 39981 40246 58009 86200 555 10034=
35345 46/// /0505 10247 20074 39951 40249 56007=
35358 42960 20205 10237 20086 30083 40241 57006 80001==
35368 42599 23406 10235 20142 39980 40227 57005 82100 555 10028=
35386 42598 50502 10220 20065 39733 40214 57004 85200 555 10026=
35394 42670 50202 10203 20048 39585 40214 57002 85100==
35404 41698 71506 10280 20080 30197 40204 57014 70232 86504 555 10038=
35406 42/60 61404 10287 20059 30214 40216 57014 86030==
35416 42/70 62803 10287 20054 30118 40228 57011 84035==
35426 42684 60901 10278 20095 39969 40235 57010 83201==
35437 42698 70908 10274 20060 39948 40235 57010 83151 555 10037=
35449 42998 20206 10252 20099 30145 40240 57009 80001 555 10033=
35497 42670 23601 10219 20015 39459 40196 57004 82100==
35498 42698 20402 10210 20026 39384 40196 57006 82500 555 10021=
35514 42998 61406 10291 20038 30219 40215 57014 80006 555 10040=
35519 42998 61106 10288 20078 30161 40227 58015 84041 555 10033=
35522 42998 60904 10278 20073 39998 40228 57011 80001 555 10037=
35542 42699 30705 10262 20046 30106 40241 57008 82101 555 10036=
35563 42598 60000 10218 20067 39497 40208 57006 86500 555 10026=
35576 42670 20304 10249 20032 39792 40203 57006 82100==
35582 42698 20203 10232 20030 39648 40200 58044 82200 555 10037=
35594 42699 33201 10222 20003 39418 40190 57004 83100 555 10027=
35605 42998 81507 10270 20088 30221 40201 57013 80008 555 10039=
35633 42998 61006 10270 20025 30035 40230 57009 80003 555 10033=
35671 42670 50305 10252 20054 39812 40205 57009 85200==
35699 42660 70000 10205 20028 39500 40200 57002 83204==
35700 42970 61207 10276 20048 30226 40204 57011 80005==
35715 42999 61106 10281 20034 30223 40210 57014 80001 555 10035=
35739 42699 20906 10272 20084 30091 40218 56016 82100 555 18041=
35746 42670 21005 10280 20058 30161 40222 57013 82100==
35777 42997 00000 10262 20082 39887 40202 58026 555 10029=
35796 42660 82002 10191 20118 39801 40206 57002 82470==
35816 46/// /1405 10283 20039 30212 40223 56016=
35849 42970 20804 10275 20056 30136 40214 57012 80002==
35895 42598 70703 10192 20113 39800 40214 53002 82342 555 10023=
35907 42998 71307 10260 20090 30190 40162 57011 80002=
35925 42970 70906 10281 20038 30102 40204 57016 80005 333 90760 91112==
35927 42998 51406 10294 20018 30193 57019 80002=
35953 42984 03507 10282 20043 30091 40209 57011==
35969 42984 00501 10276 20024 30046 40204 57010==
35997 42598 70503 10224 20089 39791 40191 53002 85370 555 10028=
36259 12684 22503 10155 21018 38256 48513 57007 60002 82900 333 10179==
36335 42699 60502 10174 20037 39266 40222 57001 83532 555 10023=
36358 42999 60000 10164 20053 39270 40222 57003 85032 555 10023=
36394 42597 73404 10203 20067 39820 40212 57001 87300=
36397 42684 70202 10194 20059 39684 40209 57001 85531==
36403 42798 22703 10212 20086 39859 40191 57004 81401 555 10020=
36418 42999 62903 10218 20031 39610 40174 57002 80003 555 10025=
36421 42999 00000 10219 20082 39656 40172 57004 555 10029=
36428 42784 31602 10204 20046 39719 40181 56004 82541==
36439 42798 32603 10151 20079 38994 48539 53005 82531 555 10016=
36467 42699 60503 10212 20014 39325 40194 57001 84270 555 10028=
36498 42698 70206 10186 20060 39469 40204 53001 83531 555 10021=
36501 42699 70000 10172 20068 39513 40216 54000 87500 555 10018=
36535 42/84 61502 10201 20077 39606 40189 53004 82031==
36546 42999 61803 10218 20051 39681 40175 57007 80003 555 10027=
36619 42999 71802 10224 20043 87030 555 10027=
36622 42598 70304 10192 20058 39447 40191 53003 82941 555 10019=
36639 42584 70000 10216 20060 39612 40168 53001 85551==
36643 42899 53101 10219 20062 39573 40179 54000 82041 555 10024=
36665 42699 73103 10191 20039 39509 40180 54000 85902 555 10021=
36666 42599 70000 10194 20093 39732 40187 57003 83570=
36729 42698 82202 10204 20060 39737 40181 53004 82531 555 10024=
36736 42599 73203 10224 20061 39668 40175 53001 83955 555 10022=
36744 42998 71801 10221 20049 39780 40194 53004 87040 555 10026=
36770 41598 82301 10140 20106 39529 40217 52006 72582 8697/ 555 11016=
36786 42699 80000 10162 20068 39337 40198 53010 889//=
36796 42998 80000 10142 20032 39063 48546 53009 8807/=
36803 42699 83601 10211 20097 39774 40188 53003 86532=
36806 42599 80000 10237 20047 39750 40178 53007 889//=
36819 42598 80903 10187 20001 39640 40213 53008 82954=
36821 42570 81403 10181 20063 39759 40218 53009 889//==
36839 42599 83503 10140 20085 39136 40205 53005 83941=
36843 41698 80701 10125 20095 39097 40216 52002 70282 83932=
36846 42699 70000 10103 20067 38657 48553 53003 87900=
36859 42570 70000 10176 20117 39468 40200 53007 85970==
36870 42560 70501 10168 20069 39247 40201 53015 87970==
36874 42699 50504 10176 20042 39479 40209 53017 82508=
36877 42699 70501 10168 20059 39295 40216 53016 85930=
36885 42599 62904 10161 20053 39141 40208 53007 85930=
36889 42499 80000 11011 21015 37113 47138 53011 886//=
36894 42599 70000 10185 20076 39511 40204 53007 82372=
36905 41599 70801 10125 20068 38791 48556 53013 70282 83330=
36911 42699 60000 10218 20155 39262 40145 57039 82180 555 10022=
36927 42699 72706 10149 20041 38372 48526 57002 85952 333 91116=
36934 42599 20904 10142 20056 38291 48405 53001 82902=
36953 42699 70000 10128 20049 38243 48508 53011 83943 555 1/013=
36963 42799 62702 10041 21027 37084 48/// 53002 84550 555 12080=
36974 42798 32301 10156 20011 37990 48513 56002 82401 555 11018=
36982 42999 02105 10024 21067 36582 47135 53003=
37018 42670 72101 10325 20198 30009 40078 57009 81201==
37031 42960 03302 10322 20165 39899 40075 57013==
37054 42670 60501 10308 20147 39733 40081 58008 86500==
37061 42660 60803 10292 20174 39933 40087 57010 82579==
37085 42570 61009 10271 20172 30130 40105 57011 85202 333 91014 90760 91115==
37171 42970 83105 10290 20209 30056 40073 57011 80001==
37228 42570 42501 10291 20117 39307 40066 57004 82850==
37235 42670 70502 10259 20187 39794 40086 57011 8457/==
37472 41540 71405 10239 20214 30120 40099 57005 71022 84571 333 91010 90760 91110==
38149 42970 31005 10298 20030 30125 40196 57014 80002==
38178 42970 00000 10300 20061 39912 40175 57011==
38262 42970 20603 10294 20059 30116 40191 57015 80002==
38264 42970 00704 10297 21027 30097 40184 57013==
38345 42799 32702 10192 20032 38817 48533 57005 82230 555 10026=
38353 42597 60302 10208 20046 39336 40182 53006 85930=
38392 42997 01105 10296 20041 30082 40177 57016 555 10040=
38396 42960 00504 10295 20030 30060 40175 57015==
38403 42960 01103 10309 20076 30065 40175 57012==
38413 42970 00805 10298 21005 39908 40176 57011==
38457 42960 02303 10283 20009 39601 40143 57009==
38462 42684 22307 10213 21014 38765 48524 57001 82900==
38462 42684 22307 10213 21014 38765 48524 57001 82900==
38507 42965 00902 10334 21007 30038 40132 57018 333 91004 555 10047=
38545 42998 00504 10294 20099 30000 40162 57011 555 10045=
38565 12970 00310 10256 20061 39584 40157 53001 60002==
38579 12984 00702 10262 20048 39769 40158 57001 60002==
38583 12960 02302 10288 20076 39837 40154 57012 60002==
38599 42998 02505 10267 20045 39672 40150 55007=
38611 42960 02002 10249 20070 39622 40155 57004==
38613 42699 31801 10229 20055 39303 40149 54000 82022 555 10032=
38616 42598 22001 10224 20061 39198 40150 58002 82300=
38618 42960 03301 10246 20065 39500 40143 57005==
38647 42998 00808 10322 21012 30079 40117 57018 555 10042=
38656 42998 00704 10304 20004 30060 40161 57014 555 10045=
38683 42960 03604 10294 21002 39884 40139 57012==
38687 42997 00204 10289 21041 39931 40149 57011 555 10041=
38696 12984 00203 10246 20030 39335 40135 57001 60002==
38713 42998 03601 10214 20056 39055 48560 56002=
38750 42997 03103 10323 20234 30156 40130 57014 555 10047=
38763 42998 01008 10322 21014 30037 40133 57019 555 10041=
38774 42998 01104 10311 21007 39968 40147 57014 555 10044=
38799 42997 03605 10310 21030 39932 40145 57010 555 10040=
38806 42997 00204 10300 20061 39878 40118 57012 555 10040=
38812 42960 02702 10288 20048 39707 40125 57017==
38836 42999 02502 10275 20080 39183 40043 57009=
38880 42997 01106 10304 20005 39906 40141 56012 555 10042=
38886 42997 00000 10301 20046 39965 40176 57012 555 10044=
38895 42996 00401 10296 20023 39885 40153 57015 555 10045=
38911 42998 00303 10292 20099 39860 40131 57010 555 10049=
38915 42997 02702 10299 20062 39833 40132 57022 555 10043=
38927 12960 02802 10294 21002 39766 40113 57014 60002==
38933 42999 02702 10280 20152 39642 40117 57019=
38944 41996 01602 10283 21006 39555 40049 57012 70500=
38954 42999 02902 10254 20021 37878 48420 57016=
38974 42998 03402 10287 20002 39833 40144 57020 555 10047=
38987 42996 00104 10273 20009 39437 40129 57012 555 10036=
40100 43/70 09907 10300 20224 30091 40106 57007 6///1 333 58///=
40180 12960 03105 10319 20201 30034 40081 57012 60001 333 70000==
40199 12/// /0603 10398 20169 30036 40059 57024 60001 333 70000==
40265 31956 03607 10328 20081 39334 40084 57009 70500=
40270 31957 02310 10322 20099 39230 40075 57011 70500=
40272 31950 02912 10330 20139 39292 40078 57016 70500=
40340 32960 03608 10386 20150 30012 40073 57018=
40356 32960 02610 10373 20030 39126 48484 333 58004 555 04410 50029=
40357 32960 02013 10428 21010 39431 40015 333 58006=
40360 32960 02906 10380 20030 39497 40048 333 58006=
40361 32960 02311 10396 20020 39321 40047 333 58009=
40362 22/60 43007 10437 20010 39545 40015 84030 333 58002 60005 84359==
40373 32960 03506 10461 20060 39630 40012 333 59018=
40375 32960 02707 10362 20070 39222 40040 333 58005=
40394 32660 40308 10400 20070 38983 48499 84400 333 58005 84640 555 04410 50021=
40394 32660 40308 10400 20070 38983 48499 84400 333 58005 84640 555 04410 50021=
40400 32960 02812 10342 20230 30039 40066 333 58000=
40405 32660 41403 10440 21020 39334 40005 84500 333 58003 84640=
40417 32960 03513 10467 20000 39980 49994 333 59028=
40420 32960 00118 10466 21020 39805 49993 333 59023=
40430 32660 32710 10407 20020 39340 40025 83500 333 59005 83640=
40437 32660 33207 10432 21050 39360 40011 83100 333 59015 83840=
40439 32660 32521 10416 20170 30015 40033 82530 333 59012 82640=
40582 32960 20110 10479 20077 40002 56019 80001 333 00056 55310 00660 10000 22231 30785 41435 51927 63016 55407 41446 82070 90401 91017 91121 91215 91311=
40703 12660 10507 10290 20101 38894 40071 57023 60001 81500 333 70000 81640 555 10178 29031=
40706 12562 12403 10326 20060 38635 40054 57017 60001 81200 333 70000 81830 555 10174 29019=
40712 12665 10203 10298 20105 38658 40054 57020 60001 81200 333 70000 81835 555 10181 29030=
40713 12662 12802 10337 20074 38638 40037 57019 60001 81100 333 70000 555 10182 29020=
40718 12460 11003 10301 20225 30150 40123 56011 60001 81100 222// 0//// 20301 333 70000 81815 555 10249 29064=
40723 12970 02202 10301 21113 38946 40118 57015 60001 333 70000 555 10129 29006=
40726 12960 00103 10314 20095 38634 40051 57021 60001 333 70000 555 10182 29026=
40727 12660 32804 10344 20069 38467 40050 57020 60001 83100 333 70000 83840 555 10182 29018=
40732 12560 50502 10284 20225 30137 40114 57010 60001 85300 333 70000 81920 85623 555 10244 29071=
40736 12960 00102 10305 20231 30145 40121 57012 60001 333 70000 555 10254 29065=
40737 12560 33603 10314 20227 30093 40110 57012 60001 83200 333 70000 83830 555 10254 29060=
40738 12960 03004 10345 20216 30118 40120 57018 60001 333 70000 555 10256 29047=
40739 12965 01402 10312 20018 38682 40086 57015 60001 333 70000 555 10156 29015=
40741 12960 00000 10298 20026 39831 40150 57014 60001 333 70000 555 10160 29018=
40743 12970 01504 10311 21107 39041 40094 57017 60001 333 70000 555 10135 29006=
40745 12965 01306 10268 20046 39041 40139 56008 60001 333 70000 555 10150 29024=
40747 12660 11502 10358 21020 38607 40042 56023 60001 81100 333 70000 81840 555 10164 29009=
40754 12660 12205 10339 20005 38804 40049 57019 60001 81100 333 70000 81840 555 10164 29012=
40762 12965 00103 10287 21108 38547 40089 56009 60001 333 70000 555 10120 29007=
40766 12680 12604 10370 21070 38663 40036 57018 60001 81100 333 70000 555 10160 29006=
40768 12660 12402 10339 20005 38255 40040 57017 60001 81100 333 70000 81840 555 10160 29012=
40769 11658 13503 10344 21030 38297 40033 56016 60001 70600 81100 333 70000 555 10154 29009=
40780 12660 32404 10377 20046 38654 40031 57016 60001 83100 333 70000 83840 555 10187 29013=
40782 12965 02803 10384 21035 38818 40030 57019 60001 333 70000 555 10172 29007=
40785 12960 00000 10386 21054 39034 40046 57026 60001 333 70000 555 10172 29006=
40791 12970 03406 10359 21134 39289 40054 57017 60001 333 70000 555 10153 29004=
40792 12965 00206 10307 21166 38690 40051 56014 60001 333 70000 555 10124 29004=
40798 12660 13603 10306 21061 37977 40058 56018 60001 81100 333 70000 81840 555 10131 29009=
40800 12960 00902 10348 21013 38458 40058 57019 60001 333 70000 555 10161 29010=
40809 12962 00206 10315 21235 38466 40037 57006 60001 333 70000 555 10121 29002=
40811 12960 00602 10468 20116 39971 49995 57022 60001 333 70000 555 10248 29013=
40812 12960 02904 10454 20043 39649 49992 57016 60001 333 70000 555 10219 29008=
40818 12965 00205 10288 21072 37988 40038 57019 60001 333 70000 555 10122 29009=
40821 12965 03105 10343 20004 38763 40051 56019 60001 333 70000 555 10165 29012=
40829 11950 03413 10333 21007 39494 40031 57016 60001 70700 333 70000 555 10164 29011=
40831 12960 03304 10481 20111 39998 40006 57020 60001 333 70000 555 10250 29012=
40833 12962 03007 10481 20092 39967 49996 57023 60001 333 70000 555 10244 29010=
40835 12960 02503 10423 20064 39232 49999 57020 60001 333 70000 555 10212 29012=
40841 12970 03206 10314 21019 38226 40020 55019 60001 333 70000 555 10145 29012=
40845 12960 03105 10378 20269 39993 49998 57021 60001 333 70000 555 10299 29055=
40848 12960 02803 10358 20021 38484 40010 56022 60001 333 70000 555 10172 29012=
40851 12960 03509 10318 21018 38246 40013 57014 60001 333 70000 555 10146 29011=
40854 12960 03303 10347 21028 38886 40001 56010 60001 333 70000 555 10161 29009=
40856 11957 00508 10297 21080 38587 40028 55006 60001 70700 333 70000 555 10129 29008=
40859 12960 03304 10370 21013 38647 49994 57021 60001 333 70000 555 10170 29009=
40875 11935 02306 10360 20297 39974 49984 57023 60001 70500 333 70000 555 10312 29070=
40879 11957 03308 10400 21011 39361 49991 57017 60001 70700 333 70000 555 10187 29008=
40882 11950 02903 10366 20292 39964 49997 57019 60001 70500 333 70000 555 10310 29066=
40883 11930 02506 10356 20298 39972 49994 58021 60001 70500 333 70000 555 10312 29072=
40893 11958 01803 10324 20286 39981 49987 57025 60001 70100 333 70000 555 10296 29080=
40898 11956 01503 10322 20270 39962 49971 56019 60001 70500 222// 00304 20801 333 70000 555 10284 29074=
41024 22960 03015 10375 20230 30016 40041 333 59012 60005==
41036 22560 20207 10361 21020 38532 48483 82800 333 59008 60005 82830==
41055 22560 33612 10329 21060 38335 48475 83400 333 59006 60005 83630==
41061 22660 30706 10426 20020 39341 49998 83100 333 58000 60005 83840==
41084 22560 23203 10381 21030 38794 48466 82200 333 59002 60005 82830==
41112 22560 42110 10278 20130 37929 48477 84100 333 59004 60005 84820==
41114 22560 30708 10300 21050 37959 48476 83400 333 59005 60005 83622==
41128 22560 31304 10390 21040 38746 48465 83100 333 59006 60005 83830==
41136 22660 20608 10418 20030 39222 49985 82400 333 59007 60005 82640==
41140 21557 12615 10375 20250 30019 40022 70700 81200 333 59018 60005 81830==
41150 32964 03510 10396 20222 40003 333 59030=
41170 32960 01109 10417 20214 39988 40001 333 59024=
41176 34/70 /1808 10381 20239 39991 49997 333 59026=
41184 31957 03007 10395 20248 40002 70600 333 59018=
41191 59012 85813 91109 94919=
41194 12960 03112 10371 20277 39994 40002 60001 333 59017=
41196 12960 02910 10363 20272 39966 40005 60001 333 59016=
41216 32960 03411 10375 20259 39999 40003 333 59014=
41217 32960 03215 10370 20261 39971 49998 333 59013=
41255 36/// /3005 10442 21036 39483 49950 333 0E029 59018=
41256 329// 19905 10334 20261 39985 40002 91145 333 59012 55407 55408 55507 55508=
41267 36/// /3310 10327 20259 39986 49998 333 0E028 59020=
41275 36/// /3007 10441 20062 39839 49995 333 0E027 55300 22897 59024=
41316 32560 72012 10287 20256 30007 40036 87500 91145 333 59005 55407 55408 55507 55508 87625=
41397 71719 10270 20241 40224 54000 70222 8177/ 22233 00290 20703 399// 40604 80250=
41398 70910 10270 20241 40152 50/// 75855 8777/ 22264 00300 20502 80250=
41480 11656 12417 10373 20203 30010 40019 60002 70544 81900 333 59001 81930=
41497 61116 10020 20020 40086 58001 70122 8483/ 22281 00030 20301 305// 40602=
41498 42807 10290 20248 40083 53021 70222 8422/ 22244 00300 2//// 80260=
41506 12460 51808 10310 20089 38405 48980 60001 83820 333 10340 56880 58002==
41508 12460 22301 10300 20198 38579 48570 60001 82200 333 10314 56800 59009==
41515 12460 52306 10300 20120 38466 48280 60001 83520 333 10320 56880 58003==
41523 12960 02302 10330 20200 38981 48400 60001 333 10350 59011==
41535 12960 02301 10275 20194 38627 48070 60001 333 10304 59010==
41536 12960 00000 10305 20204 38936 48400 60001 333 10330 59001==
41560 12460 51302 10260 20163 38236 48470 60001 83520 333 10294 56880 59008==
41571 11640 33103 10345 20351 39440 49981 60002 70500 82830 333 10350 56880 58001==
41598 11440 51302 10305 20249 39731 49988 60001 70420 83430 333 10364 56880 58007==
41600 11940 30000 10320 20246 39720 40001 60001 70412 83070 333 10340 56080 58015==
41620 12440 43601 10340 20057 38482 48860 60001 84500 333 10344 56800 59003==
41624 12460 31301 10370 20244 39787 49973 60001 83500 333 10384 56800 59006==
41630 11440 71305 10310 20269 30000 49998 60001 71792 85970 333 10374 56880 58006==
41640 11440 70000 10300 20243 39764 40001 60001 70422 85570 333 10350 56880 58013==
41660 11940 02306 10290 21088 38361 48420 60001 70500 333 10304 59010==
41678 11940 00000 10380 20240 30000 49980 60001 70500 333 10390 59004==
41696 12960 01301 10260 20012 37983 48700 60001 333 10280 59012==
41697 12960 02302 10400 20173 39825 49970 60001 333 10420 59004==
41700 11440 30000 10395 20250 39854 49972 60001 70500 83500 333 10410 56800 59003==
41710 11920 03108 10335 21147 39248 49969 60002 70700 333 10340 58001==
41712 12940 02301 10355 21001 39091 48540 60002 333 10380 58003==
41715 11940 00000 10360 20279 39918 49979 60001 70500 333 10380 59004==
41718 11940 00000 10390 20283 39888 49984 60001 70400 333 10402 59010==
41725 12940 00501 10390 20235 39897 49971 60002 333 10394 59003==
41739 12940 03106 10345 21031 38967 48590 60001 333 10350 58003==
41744 12940 00000 10330 20052 38690 48300 60002 333 10344 59005==
41749 12940 01303 10375 20289 39958 49991 60001 333 10384 58001==
41756 11940 02305 10320 20250 39937 40000 60001 70504 333 10330 59008==
41759 11940 02305 10320 20250 39983 49988 60001 70500 333 10350 59016==
41764 12940 02109 10340 20247 39942 49990 60001 333 10352 59004==
41768 12940 02303 10340 20265 39984 49991 60001 333 10354 59002==
41780 11440 72304 10310 20246 39974 40001 60001 70400 85600 333 10334 56800 59010==
41785 12460 32302 10325 20255 39997 40009 60001 83600 333 10330 56800 59012==
41859 02450 31302 10330 20260 39962 49999 81530 333 10362 58003 70000 81618 83362==
41883 02450 50000 10326 20270 39978 49998 83530 333 10349 58003 70000 83616 85362==
41891 01440 30000 10310 20260 39968 40005 70520 83300 333 10335 58004 70000 83615 81930==
41898 21016 10270 20240 40110 54000 70222 82002 22253 06240 21002 80180=
41907 01450 61302 10300 20280 39977 49991 72121 82531 333 10350 58004 70020 82615 84080==
41923 11450 50000 10322 20240 39992 40002 69926 70262 84430 333 10341 58000 70214 82616 83365==
41936 41440 41808 10320 20270 39979 49986 70522 82830 333 10344 58000 82615 83362==
41943 02445 31802 10300 20260 30001 40008 83401 333 10350 58002 70020 81616 83828==
41950 02450 51702 10310 20250 39998 40001 82501 333 10342 58001 70000 82617 84080==
41978 02458 61807 10304 20260 30011 40017 83420 333 10337 58006 70010 83617 85460==
41992 01430 71510 10300 20260 30020 40022 70522 84520 333 10330 58004 70030 84615 87460==
41997 09903 10240 2//// 40091 5//// 701// 80000 22282 0//// 2//// 309// 40802=
42001 10121 99259 70897 46/// /1309 10299 20287 30087 40090 91140 22200 00301 333 91211 555 11103 22109 8//10 91135=
42027 32596 71408 10240 20131 38352 48431 85420 333 10311 58015=
42044 21596 51403 10200 20129 38227 48455 70196 83420 333 10294 58013 6994/=
42045 21596 30000 10210 20154 38276 48398 70191 82530 333 10296 58022 6990/=
42056 32696 40501 10312 20237 39578 81610 333 10330 58011 81634 84458=
42071 32996 20903 10302 20280 49999 82030 333 10341 58012 82359=
42097 10121 99257 70837 46/// ///// 1//// 91156 22200 00302 10401 20401 70006=
42101 32596 70000 10290 20253 40011 85420 333 10327 58012 83630 85835 87458=
42111 21595 70000 10248 20245 39317 49995 76096 85820 333 10331 58003 6033/ 83618 84830 88458=
42123 32596 11402 10346 20260 49987 81500 333 10375 58006 81630=
42131 22696 70701 10316 20272 49995 84510 333 10330 58007 6003/=
42165 32696 60000 10366 20217 49972 84501 333 10382 58000 84635 86070=
42182 21595 83403 10258 20258 40001 76196 8492/ 333 10354 58003 6006/ 83630 81935 88459=
42189 21595 70000 10322 20275 49984 70562 84501 333 10344 59003 6996/ 84620 87070=
42309 31596 51802 10320 20290 49993 71022 82231 333 10358 59006=
42314 31596 30000 10324 20275 49989 71021 82130 333 10360 59011 82825 83360=
42328 32596 33202 10368 20227 49961 83800 333 10378 59002 82630 83835=
42339 31595 61401 10305 20240 49986 71722 86300 333 10346 59002 83630 85835 81940=
42348 31595 73204 10316 20260 49985 70522 85330 333 10334 59013 84630 81935 86360=
42361 21596 70000 10266 20266 49979 70596 84530 333 10352 59012 6008/ 84620 87360=
42369 31596 50904 10328 20282 49969 70522 82501 333 10346 59019 82620 85070=
42379 31595 50902 10330 20298 49969 71022 82501 333 10348 59010 82620 84071=
42398 32596 41403 10336 20268 49988 83530 333 10363 58001=
42410 21495 60000 10310 20274 40007 71096 83330 333 10360 58002 6990/ 83618 81925 85360=
42415 32596 60000 10328 20285 40008 81201 333 10355 58004 81825 85075=
42452 31596 70000 10304 20256 39671 49971 71022 82511 333 10325 59008=
42492 21495 61406 10306 20270 49975 71062 84330 333 10346 59004 6990/ 83618 81930 84360=
42559 21494 82701 10252 20249 49972 79596 8592/ 333 10329 59013 6023/ 82715 84620 81930 88458=
42571 21596 60000 10290 20268 49949 72996 83530 333 10322 59021 6004/ 83625 85360=
42591 NA=
42623 31496 52702 10284 20233 39156 49989 70522 83530 333 10318 59012 83618 85360=
42634 32996 52302 10326 20227 40013 85800 333 10341 59003 82620 83825=
42647 21496 62303 10306 20261 40003 70562 84730 333 10320 56590 59003 6027/ 83715 83620 85358=
42667 21593 83202 10256 20236 39417 49990 76062 8493/ 333 10308 59001 6006/ 84620 81930 87360=
42675 21495 83603 10266 20257 49955 76166 8572/ 333 10294 59022 6008/ 83710 85618 88458=
42701 21494 80000 10250 20250 39262 49975 79596 8432/ 333 10290 58000 6020/ 83710 84616 81925 87456=
42724 21496 50000 10322 20270 40007 70562 83330 333 10355 58005 6005/ 82618 81930 83360=
42737 32596 43209 10326 20253 40008 84830 333 10335 59007 84620=
42754 21496 62710 10272 20232 39370 49986 70262 85730 333 10292 59004 6003/ 82710 83620 85360=
42779 21495 80000 10254 20243 39270 49947 72162 8472/ 333 10264 59016 6011/ 82710 84620 88458=
42798 21496 61108 10300 20267 49968 71062 84330 333 10324 58007 6004/ 84615 81930 86360=
42809 21495 61803 10316 20268 49986 70522 84530 333 10342 58004 6991/ 84618 86360=
42840 22596 62304 10310 20257 40019 83530 333 10318 59002 6999/ 83620 85360=
42867 21495 82703 10266 20260 49979 79596 8792/ 333 10270 59005 6011/ 83710 83618 81930 88458=
42874 21496 72303 10268 20251 49960 71062 8572/ 333 10273 59003 6008/ 82712 84618 87459=
42886 22596 51805 10292 20258 49965 70121 83530 333 10315 56490 58015 6996/ 83620 85360=
42895 32596 60000 10306 20284 49977 83531 333 10330 58014 83620 85360=
42909 22596 42508 10288 20269 40022 83830 222// 20000 333 10319 58000 6994/ 82620=
42971 31496 52006 10316 20272 49980 70522 83430 333 10336 58034 82618 84360=
43003 21595 70000 10296 20238 40026 70462 84830 333 10315 59002 6003/ 82620 84825 86356=
43014 21596 72702 10286 20226 39363 49988 70554 85830 333 10292 59010 6003/ 83620 84825 85360=
43041 21495 81803 10252 20238 39389 49991 71062 8561/ 333 10270 58015 6002/ 82712 85620 88458=
43063 21597 72701 10236 20224 39419 40036 72162 86701 333 10300 56609 58003 6002/ 83722 84626=
43086 32597 82701 10292 20269 39812 49985 8453/ 333 10304 59008=
43110 21496 62505 10288 20258 40046 70262 85770 333 10310 58000 6993/ 82712 83618 85358=
43117 32597 72302 10294 20219 40004 85630 333 10326 59003=
43128 21496 72704 10278 20226 39413 40004 72052 85770 333 10296 56690 58002 6990/ 81710 84615 86458=
43150 32496 52008 10300 20267 39935 49995 83801 222// 20000 333 10325 58028 83618 83075=
43185 32597 52702 10316 20254 39998 40001 83531 333 10339 58007 83620 84360=
43189 32597 42302 10308 20274 39997 40006 81532 333 10331 58016=
43192 21496 82305 10290 20256 40047 70262 83732 333 10310 59003 6006/=
43198 21396 72712 10242 20210 39224 40035 72162 85631 333 10275 56699 59001 6001/ 83707 84612 85358=
43201 32497 62306 10268 20213 39307 40017 84531 333 10301 59001 84612 85358=
43213 21597 72705 10306 20230 39692 40000 70262 82878 333 10315 56699 59002 6996/=
43233 22496 72711 10246 20223 39250 40057 85610 333 10289 56690 58004 6992/=
43237 32597 52708 10314 20213 39610 49989 81832 333 10339 59004 81620 83075=
43245 32597 62705 10360 20220 39984 40010 84401 333 10375 59002=
43279 32597 51804 10358 20218 39998 40015 84801 333 10368 57812 59007 83620 81825=
43284 22496 72312 10284 20253 39946 40060 84831 333 10296 56599 59004 6996/ 84612 84358=
43295 32497 62306 10264 20168 39044 48464 83831 333 10293 56599 59003 83612 83818=
43310 22496 62301 10294 20272 40052 84321 333 10298 59003 6001/=
43314 21496 82303 10284 20262 40072 76262 8377/ 222// 21001 333 10335 56699 59003 6008/=
43321 31496 52313 10298 20221 39607 40044 70521 83801 333 10343 57852 59001 81820 83612=
43329 32597 62702 10346 20234 30004 40017 83531 333 10370 59005=
43333 21495 52706 10278 20249 40072 70562 85400 333 10298 58008 6002/ 82618 84820=
43344 31496 52715 10370 20204 39931 40027 70522 83401 333 10383 59002 82616 83820=
43353 22496 42505 10288 20257 40074 83520 333 10300 56790 59001 6003/ 81712=
43369 21596 52703 10278 20258 40076 70252 83530 333 10291 59003 6001/ 83620 85358=
43371 32497 52706 10294 20254 30002 40074 84801 333 10317 56709 59001 84615 83820=
43404 22470 52105 10298 20262 30035 40038 54000 81000 333 10333 20279 3/026 553// 20068 58000 60008 91011 555 69908==
43410 22/70 6//// 10330 20219 30042 40045 53009 333 10365 20297 3/026 58001 60008 81/18 555 60008==
43413 22420 72106 10294 20248 30050 40054 55000 86105 333 10313 20280 553// 20101 58001 60008 91012==
43415 22470 52202 10310 20222 39955 40063 52001 84000 333 10305 20287 3/024 58001 60008 555 60008==
43418 22470 52302 10327 20222 30013 40054 52008 81106 333 10365 20303 3/024 59003 60008 555 60008==
43421 22/70 32503 10298 20227 39959 40063 54000 333 10351 20252 3/025 553// 20031 58004 60008 91010==
43422 21470 72303 10294 20243 39932 40064 52005 70282 85202 333 10325 20278 3/023 58003 60008 555 60008==
43424 22470 32705 10296 20251 30067 40069 53004 83000 333 10317 3/026 59001 60008 555 60008==
43436 22470 73601 10313 20265 30047 40050 51006 81000 333 10374 20301 3/024 58002 60008 555 60008==
43441 22470 72303 10291 20237 39941 40072 52004 83000 333 10320 3/024 58004 60008 555 60008==
43444 22470 62303 10268 20217 39545 40072 53007 85101 333 10286 20253 3/022 58003 60008 555 60008==
43450 22/70 72305 10293 20251 30077 40089 53002 83/7/ 333 10309 58001 60008 84/14 555 60008==
43466 22470 62202 10290 20235 30074 40082 5/000 83000 333 10303 20240 553// 20070 58000 60008 91004==
43467 22470 52303 10301 20249 30078 40084 52002 84200 333 10317 3/024 58003 60008 555 60008==
43473 21/68 72807 10163 20162 38106 48470 54000 70352 333 10186 20149 3/014 553// 20038 58004 60008 84706 83810 91013 555 69918==
43475 22470 62503 10334 20202 30049 40053 54000 82106 333 10361 20274 553// 20039 58002 60008 91007 555 60008==
43476 22470 62302 10232 20170 38752 48500 5/012 83000 333 10275 20231 58005 60008 555 69908==
43479 22470 41601 10279 20181 39229 52008 81000 333 10320 20233 58006 60008 555 60008==
43486 22468 53101 10280 20226 39985 40084 5/000 83000 333 10314 20236 553// 20038 58002 60008 91003==
43495 22470 72503 10287 20249 30068 40081 52004 85000 333 10296 20254 58001 60008 555 60158==
43497 22470 52304 10283 20000 30055 40072 5/000 85000 333 10303 20250 553// 20069 58001 60008 91010==
44212 42584 10903 10173 21024 39113 40178 57001 81100 333 10205==
44213 42984 00201 10164 21003 38800 40175 57001 333 10186==
44214 42970 13202 10179 21075 38286 40131 57006 80001 333 10191==
44215 42/70 13402 10165 21047 38426 40162 57003 81040 333 10191==
44217 32998 40000 10137 21058 37882 40174 56009 80008 333 10168 91202=
44218 42/84 20903 10179 21037 38612 40155 57006 82040 333 10201==
44219 32999 10501 10184 21063 38632 40158 57006 81040 333 10205 91203=
44265 42984 60000 10179 20017 38835 40154 57005 80006 333 10238==
44266 32999 21304 10130 21097 37818 40183 53001 80001 333 10165 91206=
44404 22358 40903 10220 20198 38081 48409 82250 333 10270 59005 69908 79999=
44416 21460 63604 10284 20238 39244 49970 75095 85610 333 10343 59014 69908 79999=
44424 22460 52808 10223 20158 37611 47029 83250 333 10269 59011 60008 70000=
44434 22560 41404 10296 20240 39124 48435 83401 333 10325 59016 60008 70010=
44438 22560 30912 10338 20269 39859 49978 81201 333 10356 59008 60008 70000=
44449 22560 30804 10328 20300 39829 49978 82140 333 10348 59015 60008 70000=
44454 22457 52109 10254 20219 38582 48422 83370 333 10315 59010 60008 70000=
44462 22458 40901 10226 20207 38206 48414 84400 333 10262 59001 60008 79999=
44474 21010 50904 10235 20193 38204 48432 71044 85500 333 10276 59003 60008 70000=
44477 21440 52701 10260 20233 38746 48463 71000 85200 333 10323 58000 60008 70000=
44478 22560 10908 10324 20263 39905 49987 81100 333 10348 59002 60008 70000=
48010 42556 30000 10315 20265 39835 49982 82440 333 10320 59035==
48020 42450 30000 10320 20281 81201 333 10343==
48025 12458 50000 10350 20300 39863 49999 59003 60002 83340==
48031 41257 80000 10225 20205 71799 889// 333 10270==
48048 42556 71801 10280 20268 39944 49999 85920 333 10293 59007==
48052 22456 80000 10300 20207 84770 333 10350 56990 60022=
48062 42456 81402 10280 20268 30019 40025 86970 333 10325 59001==
48064 42450 80000 10280 20268 39942 49997 86870 333 10285 59016==
48071 41340 82302 10268 20256 30033 40041 76166 8692/ 333 10293 58011==
48094 41350 80000 10255 20250 30047 40057 76366 8597/ 333 10286 58010==
48109 42440 72302 10290 20274 30060 40065 86930 333 10313 58017==
50557 14/80 /2704 10170 20037 39819 40104 52029 60001 333 10235 20117 3/014 58108 70000 90761 91116==
51076 14/73 /2702 10196 20029 39331 40184 57004 60001 333 10231 20053 3/005 59010 70000 90761 91106==
51087 14/80 /2806 10203 20007 39191 40176 52002 60001 333 10237 20076 3/006 59008 70000 90761 91110==
51156 14/80 /2003 10158 20008 38718 40200 54000 60001 333 10185 20056 3/006 58003 70000 90761 91107==
51243 14/80 /1902 10215 20050 39658 40183 57007 60001 333 10238 20129 3/012 59006 70000 90761 91105==
51334 14/80 /2202 10193 20100 39807 40197 52004 60001 333 10223 20105 3/012 58014 70000 90761 91106==
51379 14/80 /3001 10214 20016 39263 40175 52003 60001 333 10250 20067 3/006 59011 70000 90761 91105==
51463 14/80 /3103 10181 20012 39039 40186 52003 60001 333 10202 20104 3/006 59003 70000 90761 91109==
51573 14/80 /2201 10310 21006 30047 40093 57011 60001 333 10338 20209 3/018 59034 70000 90761 91106==
51644 14/62 /2902 10221 20051 38925 40113 57010 60001 333 10240 20137 3/016 58003 70000 90761 91112==
51656 14/59 /1202 10235 20109 39112 40116 57003 60001 333 10275 20146 3/010 59006 70000 90761 91109==
51709 14/60 /1603 10211 20055 38618 40132 52004 60001 333 10226 20099 3/010 59005 70002 90761 91108==
51711 14/67 /0803 10132 20068 38038 40126 52008 60001 333 10165 20062 3/007 59005 70213 90761 91107==
51716 14058 00802 10220 20089 38890 40113 57002 60001 333 10239 20178 3/017 58015 90761 91110==
51765 14/78 /0302 10256 21029 39154 40098 52001 60001 333 10295 20129 3/008 59015 70000 90761 91112==
51811 14/58 /0402 10215 20081 38766 40119 57001 60001 333 10228 20128 3/013 58000 90761 91106==
51818 14/60 /3502 10216 20085 38619 40110 57002 60001 333 10231 20135 3/013 58018 70000 90761 91108==
51828 14/57 /0401 10214 20065 38619 40108 52002 60001 333 10263 20150 3/015 58038 70000 90761 91109==
51886 14/80 /0804 10202 21016 37118 40022 57001 60001 333 10220 20065 3/005 59027 70000 90761 91108==
52203 14/70 /3501 10223 20098 39260 40107 57003 60001 333 10312 20084 3/008 59036 70000 90761 91105==
52602 14/80 /2906 10209 21029 37262 40018 57005 60001 333 10242 20075 3/004 59029 70000 90761 91110==
52681 14/58 /1003 10136 20130 38669 40189 52007 60061 76060 333 10177 20118 3/013 59002 70056 90761 91108==
52818 14/80 /1001 10193 20077 37236 40009 57001 60001 333 10231 20107 3/012 59020 70012 90761 91107==
52908 14/80 /0905 10093 20039 35828 40031 52004 60001 333 10124 20009 3/003 59008 70095 90761 91108==
53463 14/80 /3202 10168 20085 38910 40201 52011 60001 333 10215 20106 3/013 58014 70000 90761 91105==
54857 14/79 /1303 10264 20237 30054 40143 52016 60001 333 10299 20251 3/028 58017 70000 90761 91107==
55228 14/80 /2705 10171 21054 36039 49902 57002 60001 333 10190 20068 3/004 59001 70000 90761 91115==
55299 14/50 /1303 10086 20042 35904 40008 52010 60011 76200 333 10151 20060 3/005 59004 70033 90761 91111==
55578 14/80 /1501 10156 20052 36394 49961 52001 60001 333 10196 20101 3/012 59001 70015 90761 91109==
55591 14/80 /2002 10187 20055 36535 49940 52002 60001 333 10207 20116 3/012 58004 70021 90761 91109==
55664 14/80 /1601 10164 20001 36032 49925 52002 60001 333 10192 20082 3/009 59017 70000 90761 91116==
55773 14/80 /1007 10079 20055 36059 40064 52007 60001 333 10145 20032 3/001 58005 70002 90761 91113==
56004 14/80 /2009 10079 20039 35883 40034 52009 60001 72100 333 10141 20035 3/006 58009 70032 90761 91112==
56018 14/56 /2904 10103 20072 36235 40027 52013 60061 76400 333 10174 20084 3/009 58011 70056 90761 91109==
56116 14/80 /0202 10162 20049 36357 49957 57003 60001 333 10208 20082 3/008 58000 70000 90761 91105==
56202 59001 60007 81625=
56312 14/80 /2502 10188 20090 37094 40011 52013 60001 333 10238 20127 3/014 58022 70000 90761 91109==
57494 14971 /0504 10337 20234 30058 40086 52022 60001 333 10378 20265 3/033 58019 70000 90761 91111==
58847 14/61 /1403 10300 20200 39969 40066 52017 60001 333 10363 20255 3/030 59023 70000 90761 91108==
62306 42560 52414 10396 20129 40075 57017 85500==
62309 42960 30207 10335 20192 40073 57010 83200==
62325 42960 03304 10324 20224 40092 57006==
62332 42960 00205 10304 20231 40095 57008==
62337 42960 23309 10323 20230 40086 57012==
62366 45560 23306 10352 20108 40078 57012 82100==
62387 42960 02404 10364 20143 40084 57017==
62393 42960 03506 10380 20114 40113 57016==
62405 42960 02506 10396 20113 40073 57022==
62414 42960 03308 10402 20092 40079 57023==
62419 42960 00713 10381 20140 40061 57024==
62420 42960 03307 10378 20118 40075 57017==
62435 42960 00105 10395 20101 40068 57020==
62440 42960 02706 10356 20210 40086 57015==
62455 42960 02903 10363 20147 40080 57022==
62458 42960 03106 10336 20191 40079 57014==
62459 41956 03008 10317 20221 40065 57017 70500==
62465 42960 00107 10327 20214 40066 57019==
63210 32980 00511 10329 20270 40012 333 10373 58003=
63331 41575 5//// 10232 20125 38095 40228 71722 85960 333 58000 81920 85625=
63332 42580 60902 10256 20170 38220 40071 86800 333 58003 82823 84624=
63333 42580 40000 10264 20153 38148 40156 84800 333 59006 81626 83827=
63334 42580 72704 10186 20144 37639 87800 333 59004=
63340 41580 61202 10220 20160 37951 40175 70299 86900 333 58000 86823 81925=
63402 42580 60000 10220 20161 86900 333 83827 84628 81929=
63403 42580 71902 10212 20180 82270 333 82823 87358=
63450 41560 80301 10141 20123 37747 40264 79522 8694/ 333 58005 81920 83822 85458=
63451 41570 62103 10243 20166 38137 40052 70522 86830 333 59001 85626 83357=
63453 42480 52801 10342 20183 39044 40267 83903 333 59002 82818 81922 84067=
63460 41576 80000 10184 20165 76022 888// 333 83824 85625=
63471 42580 32702 10342 20168 38828 40034 83100 333 59031 83830=
63478 42580 12407 10352 20198 39764 40082 81100 333 59003 81829=
63500 42580 30000 10308 20168 82230 333 82825=
63533 42580 12903 10287 20119 38502 4//// 81100 333 59006 81827=
