SMPK OPKC 190000=
41519 02696 30000 10040 21044 38801 48531 60002 83500 333 56900 59003 60007 83640 RH54%=
41759 01996 20000 10120 20029 30138 40144 60002 70500 82030 333 56090 59020 60007 82360 RH54%=
41505 22595 50000 11025 21054 38/// 48/// 60001 83530 333 56990 58/// 84330 80%=
41685 02997 01802 10055 21059 38913 48485 60002 333 59022 60007 RH44%=
41757 22996 00000 10095 21066 30138 40151 60002 333 59021 60007 RH31%=
41739 01996 00504 10010 21032 39094 48519 60002 70500 333 59014 60007 RH73%=
41747 01995 00000 10060 20036 30069 40132 60002 70400 333 59032 60007 RH85%=
41785 02996 03102 10110 20079 30118 40131 60002 333 59030 60007 RH81%= 
41504 02695 22302 11055 21124 37879 48557 60002 842500 333 56900 59009 60007 83640 RH54%= 
41768 02996 00000 10065 20029 30114 40121 60002 333 59029 60007 RH78%=
41697 02996 00000 10090 20045 39977 40140 60002 333 59029 60007 RH73%=   
41748 21995 00000 10105 20050 40153 70500 333 59025 60007 RH69%=
41725 01996 00000 10105 20050 30059 40140 60002 70500 333 59030 60007 RH69%=
41715 21993 00000 10090 20069 30082 40149 60002 70500 333 59016 60007 RH86%=
41756 01996 03602 10140 20091 30082 40150 60002 70500 333 59015 60007 RH72%=
41745 01995 03102 10095 20063 60002 70400 333 60007 RH80%=
41748 01995 00502 10095 20063 30084 40150 60002 70500 333 59011 60007 RH80%=
41786 02996 00000 10080 20033 30074 40112 60002 333 59031 60007 RH72%=
41780 01996 03402 10135 20005 30102 40130 60002 70500 333 59030 60007 RH41%=
41696 02996 00000 11040 21103 38044 48588 60002 333 58002 60007 RH58%=
41661 01995 00000 11045 21077 38380 48514 60002 70540 333 59011 60007 78%= 
41744 02996 00000 10030 21040 38792 48507 60002 333 59014 60007 RH60%=
41765 01996 03102 10140 20068 30098 40135 60002 70400 333 59026 60007 RH62%=
41712 12996 00000 11020 21069 39235 48504 60002 333 59010 RH69%=
41746 01995 00000 10085 20063 30104 40162 60002 70400 333 59003 60007 RH86%=
41764 01995 03608 10150 20013 30078 40130 60002 70400 333 59028 60007=
41738 02996 00000 10090 20018 30006 40197 60002 333 59016 60007 RH61%=
41516 02996 30000 11040 21074 38582 48535 60002 80001 333 56009 59004 60007 83070 RH77%=
41766 01995 00000 10095 20074 30097 40128 60002 71000 333 59036 60007 RH87%=
41520 02995 03602 11030 21109 37645 48309 60002 333 59022 60007 51%= 
41517 11696 60000 11070 21103 37824 48579 60002 70422 83530 333 56990 59015 83640 83360 75%= 
41620 31996 03602 10005 21075 38587 48488 60002 70400 333 59014 60007 55%=
41530 019// 22304 10040 21015 39728 40161 60002 70500 80001 333 56009 59036 60007 82075 67%=
41749 01994 00000 10090 20069 30114 40147 60002 71000 333 59030 60007 RH86%=
41571 119// 00000 10030 21009 39572 40186 60002 70500 333 58009 RH76%=
41760 01996 03602 10125 20049 30120 40133 60002 70500 333 59027 60007 RH60%= 
41767 02996 03606 10110 20068 3//// 4//// 60002 333 60007 RH75%=
41660 029// 01304 11030 21119 38440 48537 60002 333 59005 60007 RH44%=

41523 02996 00000 11010 21024 39092 48482 60002 333 59026 60007 90%=
41528 01996 00000 10015 20002 39216 48477 60002 70400 333 59019 60007 91%=
41567 01996 00000 10055 20018 39721 40156 60002 70400 333 59023 60007 77%=
41573 02997 03602 10010 21080 37963 48503 60002 333 59021 60007 51%=
41574 02697 20000 11020 21034 38364 48548 60002 82500 333 56900 59016 60007 82640 90%=
41576 01995 00000 10025 21002 40182 60002 71000 333 59038 60007 82%=
41593 01995 00000 10060 20043 39921 40148 60002 71000 333 59034 60007 92%=
41597 01996 00000 10055 20031 39857 40163 60002 70400 333 59034 60007 84%=
41598 01995 00000 10035 20022 39858 40143 60002 71000 333 59029 60007 91%=
41600 01994 20000 10045 20045 39837 40147 60002 71022 82030 333 56090 59034 60007 83463 100%=
41624 01994 03102 10070 20035 39938 40146 60002 71000 333 59029 60007 78%=
41625 01996 00000 10050 20025 39927 40137 60002 70400 333 59026 60007 84%=
41633 01996 00000 10040 20028 3//// 4//// 60002 70400 333 5//// 60007 92%=
41634 02996 00000 10040 21011 3//// 4//// 60002 333 5//// 60007 69%=
41635 01994 00000 10030 20017 3//// 4//// 60002 71000 333 5//// 60007 91%=
41636 01996 00000 10050 20025 39976 40169 60002 70400 333 59025 60007 84%=
41638 01995 00000 10060 20036 4//// 60002 71000 333 5//// 60007 85%=
41639 01995 00000 10050 20038 3//// 4//// 60002 71000 333 5//// 60007 92%=
41640 01994 00000 10065 20054 39892 40152 60002 71000 333 59031 60007 92%=
41642 01993 00000 10050 20038 3//// 4//// 60002 74200 333 5//// 60007 92%=
41643 01994 00000 10055 20043 39865 40154 60002 71000 333 59017 60007 92%=
41644 01993 20000 10050 20038 4//// 60002 71021 82030 333 56090 5//// 60007 82360 RH92%=
41646 01993 00000 10045 20045 39948 40173 60002 74640 333 59026 60007 100%=
41652 01995 03104 10055 20031 39968 40155 60002 71000 333 59030 60007 84%=
41669 01996 00000 10060 20048 3//// 4/// 60002 70400 333 5//// 60007 92%=
41670 01995 00000 10060 20036 3//// 4//// 60002 71000 333 5//// 60007 85%=
41674 01993 02304 10050 20038 3//// 4//// 60002 74440 333 5//// 60007 92%=
41676 01994 00000 10065 20042 30007 40172 60002 71000 333 59022 60007 86%=
41677 01995 00000 10050 20038 39966 40142 60002 71000 333 59032 60007 92%=
41678 01995 00000 10060 20036 40154 60002 71000 333 59027 60007 85%=
41679 01994 00000 10065 20054 4//// 60002 71000 333 5//// 60007 92%=
41680 01994 00000 10055 20043 39949 40159 60002 71000 333 58021 60007 92%=
41700 01993 00000 10070 20059 39991 40126 60002 74640 333 59034 60007 93%=
41716 01994 00000 10070 20059 30055 40163 60002 71000 333 59018 60007 93%=
41718 01994 00000 10060 20036 30033 40141 60002 71000 333 59031 60007 85%=
41SKP 01994 00000 10030 20017 3//// 4//// 60002 71000 333 5//// 60007 91%=
43532 01996 00000 10020 20008 39345 40191 60002 70400 333 59018 60007 91%=
43533 01996 00000 10010 21017 39223 48460 60002 70400 333 59010 60007 82%=
43563 02997 00000 10022 21020 39455 40184 60002 333 59026 60007 74%=
41506 02995 00000 11030 21049 38547 48544 60002 333 58005 60007 81%=
41507 02996 00000 10020 21006 39271 49815 60002 333 59009 60007 83%=
41508 02996 00000 11025 21057 38675 48536 60002 333 59020 60007 RH 79%=
41509 02996 30000 10020 21006 38784 48515 60002 80030 333 56090 59013 60007 83360 RH83%=
41510 02996 00000 11030 21057 37925 48557 60002 333 59010 60007 80%=
41515 02995 00000 10013 21043 38579 48539 60002 333 59027 60007 65%=
41529 01994 20000 10020 20007 39769 40172 60002 74244 80001 333 56009 59034 60007 82070 91%=
41534 01994 00000 10020 20007 39747 40185 60002 71000 333 59017 60007 RH 91%=
41535 02996 00000 11005 21069 38702 48464 60002 333 59023 60007 RH62%=
41536 02996 00000 10005 21038 39035 48484 60002 333 59032 60007 73%=
41560 02996 00000 11010 21023 38305 48539 60002 333 59014 60007 RH91%=
41562 02996 03102 10065 21016 39679 40160 60002 333 59031 60007 RH56%=
41565 02996 03102 10022 21020 38644 48507 60002 333 59013 60007 74%=
41572 01995 02306 10030 20005 39498 40154 60002 70400 333 59033 60007 RH 84%=
41620 31996 03602 10005 21075 38587 48488 60002 70400 333 59014 60007 55%=
41577 01996 00000 10000 21014 39526 40176 60002 70400 333 56000 59035 60007 RH 91%=
41524 02996 40000 10075 21003 39375 40264 60002 84020 333 56090 59014 60007 84460 60%=
41641 01994 02403 10060 20044 39869 40156 60002 71000 333 59017 60007 89%=
41599 01995 00000 10045 20020 39852 40157 60002 71000 333 59027 60007 84%=
41630 01994 00000 10060 20036 40152 60002 71000 333 59034 60007 85%=
41675 01995 00000 10075 20040 39993 40143 60002 70400 333 59032 60007 79%=
41504 02695 22302 11055 21124 37879 48557 60002 842500 333 56900 59009 60007 83640 RH54%=
41505 22595 50000 11025 21054 38/// 48/// 60001 83530 333 56990 58/// 84330 80%=
41519 02696 30000 10040 21044 38801 48531 60002 83500 333 56900 59003 60007 83640 RH54%=
41BKI 01995 30000 10045 20006 39744 40184 60002 70411 80001 333 56009 59030 60007 83070 Rh76%=
41525 12996 01304 11010 21053 37680 48420 60002 333 59002 73%=
41742 12996 00000 10105 20037 30049 40157 60002 333 59028 RH 63%=
41726 01993 00000 10085 20063 30088 40163 60002 71000 333 59012 60007 RH86%=
41783 02996 00000 10115 20074 30113 40144 60002 333 59016 60007 RH76%=
41743 01996 00000 10090 20057 60002 70500 333 60007 RH80%=
41BAG 02696 50502 11040 21055 60002 84510 333 56990 60007 84635 85460 89%=

PPAA 69001 41675 55185 11002 77999=
PPBB 69001 41675 90/12 00000 03003 05003 903// 06502=
PPAA 69001 41718 55185 01505 77999=
PPAA 69001 41624 55185 00503 77999=
PPAA 69001 41678 55185 32504 77999=
PPAA 69001 41598 55185 08001 77999=
PPAA 6900/ 41646 MISDA DUE TO TECHNICAL REASON =
PPAA 69001 41600 55185 32507 77999=
PPBB 69001 41598 90/12 00000 05002 06002 06502 903// 06502=
PPBB 69001 41718 90/12 00000 06504 05503 903// 03504=
PPBB 69001 41624 90/12 31502 31004 28504 9037/ 32004 28007=
PPBB 69001 41600 90/12 00000 30001 32503 903// 33004=
PPBB 69001 41678 90/12 00000 32504 33505 903// 34507=

PPAA 6900/ 41517 MISDA DUE TO SMOKE HAZE=
PPAA 6900/ 41764 NO ASCENT DUE TO 30gm BALLOON OUT OF STOCK=
PPAA 69231 41780 MISDA NO ASCENT DUE TO RED BALLOON SHORTAGE=
PPAA 6900/ 41516 MISDA DUE TO TECHNICAL FAULT=
PPAA 6900/ 41715 NO ASENT DUE TO BALLOONS OUT OF STOCK=  
PPAA 6900/ 41739 no acent due to security risk=

41526 Not Received
41710 Not Received
41724 Not Received







Data Generated from File : D:/all data handling/Rmc_lhr/2024121900.FSU.txt
19/12/2024   00:59:50
____________________________________________________________________________________________
15020 04/70 /1102 10052 20007 39990 40191 57014 60001 333 55038 20432 55300 20000 60007==
15090 04/64 50401 10011 20001 30110 40206 56015 60001 85070 333 55020 10033 20376 30215 55300 10130 20000 30000 60007 91001 90760 91102==
15108 01/02 92909 11042 21042 38076 48493 56015 60001 74544 89/// 333 49067 55002 20163 55300 20000 60007 91010 90760 91116==
15150 04961 03201 11001 21009 39988 40209 56017 60001 333 55052 20627 55300 20000 60007 91002 90760 91102==
15170 01/26 61301 11031 21037 39435 42819 57011 60001 71011 86070 333 55022 20382 55300 20000 60007 91001 90760 91102==
15280 02/84 5//// 11039 21118 37513 47060 57005 60001 83048 333 49039 55060 20669 55300 20001 60007==
15310 07/50 21802 10045 20036 30125 40213 57011 60001 7101/ 82030 333 55058 10067 20652 30138 55300 10180 20000 30000 60007 91006 90760 91106==
15335 02/65 11802 10052 20041 30208 40215 57016 60001 81040 333 55065 20720 55300 20000 60007 91003 90760 91104==
15350 07/50 /2203 10015 20009 30097 40221 57012 60001 7101/ 333 55049 20461 55300 20000 60007==
15360 04962 02004 10078 20069 30203 40220 57013 60001 333 55064 60007 91004 90760 91105==
15420 01940 02401 11019 21021 30106 40223 57010 60001 71022 333 55058 20635 55300 20000 60007 91001 90760 91102==
15460 07/23 /1701 10007 20005 30198 40223 57012 60001 7101/ 333 55061 20742 55300 20000 60007==
15470 07926 02801 10012 20012 30093 40224 57011 60001 7101/ 333 55057 20677 55300 20000 60007 91001 90760 91102==
15480 07957 02101 10042 20033 30204 40222 57012 60001 7101/ 333 55300 10150 20000 30000 60007 91002 90760 91102==
15549 12970 01801 10034 20024 39800 40225 57012 60001 333 10059 20032 555 593// 92601=
15552 12960 03401 10044 20032 30178 40228 57005 60001 222// 00097 10201 333 10077 20044 555 592// 92022 92427=
15640 12970 20000 10052 20045 39917 40235 57008 60001 80001 333 10083 20051 555 595//=
15655 12965 02302 10048 20038 30193 40227 57009 60001 222// 00110 10000 333 10088 20048 555 593// 92022 92427=
15730 12970 50000 10035 20017 39837 40243 57005 60001 83031 333 10086 20035 555 588//=
16627 12965 00000 10036 20026 30218 40225 58009 60001 333 90730 91104==
16650 11556 10000 10076 20067 30214 40223 57012 60001 71000 81100 333 90730 91101==
16723 12960 00405 10094 20064 30200 40214 57007 60001 333 90730 91108==
16742 12960 00203 10132 20089 30053 40209 56007 60001 333 90730 91105==
16749 12960 00001 10126 20111 30191 40206 57007 60001 333 90730 91105==
16754 12560 31705 10104 20096 30171 40220 57015 60001 83400 333 90730 91110==
16760 26/// /3503 10086 20077 39805 40227 57012 333 60005 90730 91107==
16765 26/// /3405 10127 20098 30187 40207 57010 333 60005 90730 91109==
17022 16/81 /1304 10076 20053 30071 40236 57008 60001==
17024 16/80 /2019 10105 20098 30157 40235 57009 60001==
17026 16/// /1202 10079 20029 30216 40255 57005 60001==
17031 12970 02105 10073 20057 30250 40256 57004 60001 333 90760 91112==
17034 12570 72002 10108 20049 30222 40268 57003 60001 84250 333 84830 87360 90760 91115==
17038 12670 72308 10108 20030 30208 40256 56002 60001 87200 333 87835 90760 91116==
17042 17/63 /2806 10108 20026 30223 40264 55003 60051 752//==
17050 12970 03401 10042 20018 30172 40235 57008 60001 333 90760 91103==
17056 11106 92903 10079 20063 30230 40234 57009 60001 74500 333 90760 91106==
17060 11920 03603 10066 20058 30195 40236 57009 60001 71000 333 90760 91105==
17070 12965 00901 11001 21008 39367 40252 56005 60001 333 90760 91103==
17074 16/61 /2102 11010 21016 39306 40257 56005 60001==
17084 17/58 /2201 11010 21016 39342 40270 56005 60001 704//==
17085 12/70 43203 10038 20016 39763 40262 56004 60001 84030 333 84360 90760 91108==
17092 12660 72504 10024 21019 38911 48535 56002 60001 87500 333 87645 90760 91116==
17096 12660 32420 11007 21050 38255 48523 52010 60001 83500 333 83635 90760 91128==
17098 12660 22313 11009 21074 38187 48496 52009 60001 82500 333 82640 90760 91128==
17100 12970 03103 10079 21063 39188 40176 52011 60001 333 90760 91115==
17112 16/70 /0700 10074 20070 30222 40230 57008 60001==
17115 11902 00000 10019 20019 30188 40240 57006 60001 74600 333 90760 91105==
17116 11920 00000 10019 20018 30119 40243 57007 60001 71000 333 90760 91102==
17124 11933 00903 11008 21010 39328 40264 57007 60001 71000 333 90760 91107==
17128 11939 00102 11028 21033 39144 40272 57006 60001 71000 333 90760 91105==
17135 17/46 /0802 10004 21004 39367 40260 57006 60001 704//==
17140 12965 00602 11017 21017 38756 48537 57007 60001 333 90760 91103==
17150 11902 00000 11007 21007 30114 40241 57005 60001 74800 333 90760 91105==
17160 17/59 /3201 11014 21045 39080 40267 57008 60001 704//==
17170 12560 22306 10015 21050 38352 48523 52001 60001 82500 333 82630 90760 91121==
17175 16/80 /1302 10088 20042 30208 40212 57011 60001==
17184 11940 02701 10022 20019 30118 40232 57008 60001 71000 333 90760 91102==
17190 11930 00000 10001 21001 39046 48540 55007 60001 71000 333 90760 91102==
17195 11303 30000 11029 21029 39033 48544 56005 60001 74111 83600 333 83708 90760 91106==
17200 12960 03603 11002 21030 39255 40260 56003 60001 333 90760 91112==
17202 12970 02705 11021 21032 39191 40262 55002 60001 333 90760 91109==
17203 12970 00000 11018 21055 38924 48569 54000 60001 333 90760 91103==
17210 17/01 /0000 11008 39188 40260 50000 60001 733//==
17219 11959 03404 10035 20024 30077 40224 57008 60001 71000 333 90760 91106==
17234 16/62 /0804 10083 20044 30152 40221 57007 60001==
17237 12970 02402 10071 20030 39725 40231 57006 60001 333 90760 91104==
17240 12970 02601 10015 21007 39085 40240 56006 60001 333 90760 91106==
17244 11935 00304 11020 21025 39055 48543 56007 60001 71000 333 90760 91105==
17248 12970 00000 11001 21010 39039 48540 57007 60001 333 90760 91104==
17250 12970 00302 11021 21033 38862 48547 55005 60001 333 90760 91108==
17260 11945 03103 10008 21006 39377 40205 57006 60001 71000 333 90760 91109==
17270 12970 02702 10054 21015 39582 40235 56003 60001 333 90760 91106==
17275 16/82 /0114 10042 21035 39021 40231 50000 60001==
17280 11002 90602 11025 21030 39442 40263 50000 60001 74944 333 90760 91105==
17290 16/80 /0801 10124 20073 30178 40210 57011 60001==
17292 12970 00000 10019 20005 39457 40218 58006 60001==
17300 12960 03602 10069 20063 30148 40220 56007 60001 333 90760 91108==
17310 12970 00701 10129 20063 30196 40203 56006 60001 333 90760 91104==
17330 16/// /0101 10132 20017 30202 40215 55004 60001==
17350 12960 02906 10050 20011 30130 40209 56010 60001==
17370 12970 00000 10110 20021 30213 40217 56009 60001 333 90760 91103==
17375 12970 00000 10090 20044 30205 40207 58003 60001 333 90760 91103==
33088 32597 72103 10052 20030 39938 40129 57025 87500 555 1/003=
33135 325// 80901 11007 21025 30020 40172 57013 885// 333 88630 555 1/101=
33177 32997 62204 10057 20025 39898 40135 57017 80001 555 1/004=
33317 31996 72204 10044 20023 39818 40157 57018 71022 87030 555 1/002=
33393 32960 72303 10055 20018 39767 40159 57013 87030=
33415 32997 70000 10046 20019 39767 40167 57015 87050 555 1/002=
33429 32697 72003 10025 20015 39748 40176 57017 83530 555 1/001=
33466 31559 81804 10009 21005 39997 40189 57011 71011 8655/ 333 86626 555 14100=
33506 32997 72401 11009 21022 39991 40193 52002 87030 555 1/101=
33562 32960 30000 10035 20025 39884 40192 57012 83030 555 1/001=
33587 315// 82701 10015 20007 39929 40199 58013 71011 885// 333 88627 555 1/100=
33658 32967 80000 10034 20013 39881 40184 57012 8805/ 555 1/002=
33663 32997 50000 10038 20023 30093 40190 57014 85030 555 1/002=
33664 42997 71502 10041 20023 39862 40181 57017 87030=
33678 42897 82803 10023 20017 39995 40214 57020 8805/=
33679 42997 81302 10034 20019 30005 40198 57018 8805/=
33711 32560 71902 11009 21019 39992 40208 52002 83530 333 83621 555 1/102=
33745 42597 81702 10023 20022 30011 40208 57013 8693/ 555 12001=
33748 42597 81203 10036 20016 39906 40194 57017 885//=
33754 42997 80000 10020 20012 30055 40205 57012 8805/=
33761 31996 62102 10029 20026 39980 40207 57012 71011 86030 555 1/002=
33791 32973 02201 11009 21016 30088 40220 53004 555 1/103=
33815 42997 20000 10040 20005 39990 40201 57017 82030 555 11000=
33837 32980 02201 10048 20022 30162 40215 58009 555 1/101=
33881 42998 01601 10036 20018 30008 40208 57015=
33883 42997 01701 10021 20021 30040 40208 57015 555 14101=
33885 41596 41804 10027 20026 30083 40220 57010 71000 84500=
33892 42997 01802 10042 20008 39998 40214 57012=
33902 32997 01901 10007 21001 30161 40222 58003 555 1/102=
33924 41940 01902 10044 20032 30216 40229 57003 71000==
33946 42582 31902 10029 20028 30012 40238 58002 83500 333 83620==
33983 42960 03004 10008 21003 30166 40228 52005==
34300 32997 33002 11047 21101 30011 40196 52011 83030 555 1/106=
34336 42960 03103 11086 21137 30054 40163 52021==
34344 42970 02903 11081 21122 30064 40157 53029 333 90760 91110==
34356 42/70 83005 11076 21113 39967 40120 52027 8807/==
34357 42570 82902 11089 21131 39970 40133 52029 8655/ 333 90760 91113==
34398 419// 22809 11110 21138 39997 40010 52018 73683 80001 333 90760 91117==
34415 32998 02701 11045 21088 30094 40195 52013 555 1/105=
34438 42960 02803 11083 21107 39972 40173 51021==
34445 42970 02605 11083 21119 30037 40156 52031==
34461 42460 83105 11060 21116 30060 40118 52023 8555/ 333 91010 90760 91112==
34473 415// 82809 11068 21107 30005 40045 52003 70281 886// 333 91118 555 1/105=
34476 42570 82910 11061 21102 30063 40071 52024 8593/ 333 91013 90760 91116==
34504 32767 72903 11006 21027 30030 40209 52011 87000=
34535 42970 02904 11042 21100 30106 40180 51022 333 90760 91111==
34545 42970 02903 11065 21118 30047 40163 52022 333 90760 91110==
34555 42970 02805 11070 21116 30055 40150 51026 333 90760 91111==
34560 42460 83012 11059 21098 39915 40112 52020 885// 333 88617 91015 90760 91115==
34578 42/60 82907 11052 21079 30092 40099 52020 8805/ 333 91011 90760 91113==
34579 41540 82707 11058 21079 30045 40090 52023 71011 885// 333 91015 90760 91115==
34644 42960 03106 11042 21094 30097 40177 52021 333 90760 91111==
34646 41/70 22905 11045 21080 30079 40163 52027 70281 82030 333 90760 91111==
34655 42960 02808 11045 21106 30091 40153 51026 333 91014 90760 91114==
34662 42/70 73005 11056 21100 30115 40126 51027 80070 333 91012 90760 91112==
34691 42/70 72908 11059 21085 30223 40210 52017 87030==
34720 42/// /2801 11008 21053 30160 40200 5/000==
34727 42960 02905 10017 21011 30182 40213 52015 333 90760 91110==
34743 42960 03005 11037 21082 30073 40166 52024 333 91011 90760 91111==
34759 41560 72704 11027 21047 30026 40160 52032 70282 81530 333 90760 91115==
34772 42/60 23007 11047 21087 30113 40116 52026 82030 333 91011 90760 91113==
34785 41560 82905 11053 21092 30121 40098 52027 70372 885// 333 90760 91111==
34798 41/60 32906 11048 21068 30126 40097 53032 70182 83060==
34824 42960 03003 10026 21006 30217 40222 52014 333 90760 91110==
34838 42660 82502 10012 21023 30113 40212 52020 885//==
34845 41540 23004 11011 21022 30074 40185 52022 72681 82400 333 90760 91111==
34858 41/40 83006 11005 21054 30057 40167 52023 77171 8802/ 333 91010 90760 91115==
34861 42560 63307 11034 21070 39902 40152 52027 82930 333 91010 90760 91119==
34866 41560 73107 11010 21070 30147 40138 53031 70282 87900 333 91012 90760 91114==
34880 41960 22804 11035 21075 30130 40103 52034 70281 82900 333 90760 91111==
34887 41570 12904 11025 21058 30146 40123 52035 70181 81500 333 91010 90760 91110==
34949 41/60 82709 11008 21028 39636 40194 52015 72276 8802/ 333 91013 90760 91118==
34954 42560 82604 10013 21016 30008 40185 53021 885// 333 91010 90760 91115==
34958 42570 82805 10011 21017 39970 40172 53015 885// 333 91010 90760 91113==
34975 42/70 23005 10000 21020 30142 40138 52028 82030 333 90760 91116==
34984 41570 62807 11006 21037 30157 40126 52027 70282 83970 333 91011 90760 91115==
35217 41/// 82708 11075 21084 39909 49950 52016 77173 8802/==
35302 41/// 83107 11031 21045 39944 49965 52015 77173 8802/==
35315 415// 82507 11043 21073 39908 49965 52016 73732 885// 555 1/105=
35344 415// 82305 11025 21057 39696 49981 51011 70273 885// 555 1/103=
35358 41/// 71607 11009 21034 39835 40004 57025 70272 87040==
35368 415// 81812 10002 21019 39774 40036 57014 72683 8697/ 555 11001=
35386 415// 61705 11060 21086 39630 40159 57017 73632 86500 555 1/107=
35394 41670 61504 11070 21090 39503 40195 57006 70272 86500==
35404 429// 63110 11100 21131 30000 40009 52017 86070 333 91115 555 1/111=
35406 41/// 82807 11081 21095 39988 49990 52014 77073 8802/==
35416 425// 82306 11035 21056 39860 49980 52020 885// 333 90760 91115==
35426 415// 62005 11023 21058 39683 49971 58003 70232 86500==
35437 425// 82103 11038 21063 39684 49996 58005 8802/ 555 1/106=
35449 414// 81906 11028 21048 39915 40018 52006 70272 8802/ 555 1/104=
35497 429// 81407 11083 21110 39557 40391 57021 80007==
35498 429// 81803 11139 21151 39320 40242 57017 8801/ 555 1/119=
35514 41598 82709 11067 21095 30099 40095 52018 73633 885// 555 1/107=
35522 414// 82706 11012 21028 39720 49968 58009 77177 8802/ 555 1/102=
35542 429// 71803 11040 21062 39872 40019 52007 87070 555 1/105=
35563 41594 82113 11025 21040 39308 40071 57017 73883 885// 333 91015 91119 555 1/103=
35576 425// 81509 11043 21077 39684 40136 57024 885//==
35582 416// 81406 11038 21074 39578 40184 57006 70232 885// 555 1/106=
35594 429// 81306 11114 21139 39351 40221 57018 8802/ 555 1/115=
35605 41598 82710 11070 21113 30051 40029 52023 70272 885// 555 1/103=
35633 419// 72205 11034 21052 39805 40018 52002 71011 87070 555 1/105=
35671 42570 61705 11013 21039 39675 40102 57021 86500==
35699 429// 00203 11137 21154 39476 40271 57008==
35700 41570 63109 11054 21100 30065 40041 52023 70272 86500 333 90760 91115==
35715 41597 62906 11013 21042 30031 40017 53006 70277 86500 555 1/102=
35739 429// 62306 11004 21045 39894 40021 51001 86050 555 1/102=
35746 415// 72502 10001 21010 39971 40038 58001 71062 86550==
35777 414// 80000 11127 21147 39834 40196 57008 71002 889// 555 1/114=
35796 42960 00404 11135 21145 39807 40266 57011==
35849 415// 80000 10020 20001 39960 40044 57008 76166 8872/==
35895 42997 00303 11132 21140 39786 40253 57019 555 1/114=
35907 42598 62615 10005 21009 30129 40098 52013 86500 333 91015 91118=
35925 415// 82506 10006 20003 39938 40048 56002 71072 887// 333 90760 91111==
35927 429// 82506 10012 20007 30045 54000 885//=
35953 415// 81705 10021 21001 30034 40061 57019 70262 885//==
35969 425// 81402 11001 21044 39941 40114 57027 885//==
35997 416// 60000 11099 21130 39773 40224 57026 71011 86500 333 91102 555 1/111=
36259 12984 20000 11403 21440 38307 48606 52002 60002 80001 333 21421 47011 55060==
36335 429// 01501 11095 21112 39204 40257 58007 555 1/115=
36358 429// 81904 11130 21156 39230 40293 58001 8807/ 555 1/116=
36394 426// 81506 11093 21143 39851 40290 58004 885//=
36397 41/// 61616 11088 21165 39700 40281 52001 70232 86070 333 91020 90760 91120==
36403 429// 40906 11050 21158 39909 40277 58005 83041 555 1/110=
36418 429// 73207 11133 21171 39688 40337 58012 80003 555 1/118=
36421 429// 71301 11274 21294 39760 40392 58006 80005 555 1/129=
36428 429// 73402 11208 21241 39820 40366 58006 80001==
36439 429// 71205 11118 21174 39006 48510 58005 80005 555 1/116=
36498 429// 20804 11116 21148 39470 40295 58014 80001 555 1/118=
36501 429// 62003 11082 21154 39489 40262 54000 86030 555 1/110=
36535 429// 63001 11180 21210 39677 40357 58009 80001==
36546 429// 20202 11214 21232 39769 40357 58009 80001 555 1/125=
36619 429// 01102 11095 21116 555 1/111=
36622 429// 60000 11085 21104 39461 40296 57005 86040 555 1/109=
36639 42/// 71402 11117 21157 39664 40297 57012 82031==
36643 425// 42602 11164 21190 39640 40347 58006 84500 555 1/117=
36665 429// 00000 11160 21190 39563 40335 58004 555 1/120=
36666 429// 32802 11212 21231 39820 40357 58004 80001=
36729 42998 52401 11118 21131 39899 40410 57028 85030 333 91105 555 1/114=
36736 429// 72901 11128 21147 39730 40313 57014 84051 555 1/115=
36744 429// 70903 10109 21125 39757 40225 57013 87040 333 91103 555 1/113=
36770 429// 01301 11138 21144 39499 40264 57024 333 91104 555 1/119=
36786 42999 50000 11041 21093 39316 40246 57016 85070 333 91105=
36796 42998 30000 11204 21223 39046 48475 58019 80001 333 91100=
36803 42699 50000 11086 21114 39809 40274 58017 85500 333 91107=
36806 429// 01611 11199 21257 39852 40363 58012 333 91018 91120=
36819 415// 81103 11055 21073 39580 40203 57030 71022 83524 333 91110=
36821 419// 20402 11086 21097 39728 40233 57026 71011 80002 333 90760 91111==
36839 42998 32002 11107 21149 39092 40266 57024 80001 333 91105=
36843 429// 02703 11037 21094 39043 40231 58029 333 91109=
36846 429// 20505 11057 21141 38598 48490 57021 80002 333 91113=
36859 429// 00000 11106 21129 39472 40289 58012 333 90760 91104==
36870 429// 03201 11041 21084 39182 40209 57030 333 90760 91102==
36874 426// 30000 11113 21142 39485 40301 57025 83500 333 91105=
36877 429// 20000 11119 21131 39482 40532 57034 80001 333 91105=
36885 429// 01404 11037 21112 39078 40222 57030 333 91108=
36889 429// 01802 11076 21159 37008 47024 57015 333 91105=
36894 429// 20706 11063 21102 39483 40242 57027 80001 333 91112=
36905 429// 01201 11042 21143 38743 48496 57014 333 91104=
36911 429// 00000 11054 21058 39192 40188 57038 555 14107=
36927 42697 60000 11062 21111 38350 48521 57013 86900=
36934 42697 60000 11045 21106 38292 48420 57012 82902=
36953 429// 00000 11158 21195 38205 48508 58009 333 91103 555 1/126=
36963 427// 51103 11153 21223 37010 48/// 58015 82550 555 17118=
36974 429// 80000 11175 21187 38003 48573 57013 80006 555 17123=
36982 429// 23502 11209 21297 36502 47123 58010 80001=
37018 42/60 20000 10041 21013 30166 40243 52014 82030==
37031 42560 82707 10018 21010 30016 40215 52016 885// 333 91010 90760 91115==
37054 42660 82505 10015 21038 39798 40188 52014 885// 333 91012 90760 91115==
37061 42/60 72808 10012 21020 30003 40174 52017 86071 333 91012 90760 91116==
37085 42540 32706 10016 21028 30183 40155 52018 83500 333 90760 91111==
37171 41640 50901 10053 20021 30220 40239 52013 70182 85500 333 85646==
37228 42560 60101 10000 21034 39349 40199 52020 86500==
37235 42560 72804 10023 21017 39874 40196 52019 8750/ 333 90760 91111==
37472 42/70 82906 10044 21006 30190 40168 52023 8807/ 333 91012 90760 91114==
38149 42570 22603 10015 20010 30023 40101 53010 83500==
38178 42/// 81703 10031 21027 39782 40066 57032 8801/==
38262 425// 83003 10039 20011 30012 40093 53021 885//==
38264 42570 72804 10037 20019 30001 40095 52019 8557/ 333 85625==
38345 42998 80902 11011 21065 38756 48457 57012 8802/ 555 1/102=
38353 429// 31301 11035 21105 39261 40181 57036 80001=
38392 42997 72705 10024 20011 39985 40088 53012 87030 555 11002=
38396 42960 72705 10032 21003 39964 40089 53004 8757/==
38403 42/// 82703 10025 21031 39996 40117 57009 8807/==
38413 42/// 81403 11004 21022 39788 40083 57020 8807/==
38457 42/60 80703 10052 21057 39542 40127 57021 8801/==
38462 426// 80501 11022 21099 38728 48469 57015 8692/==
38507 41596 83205 10044 20039 30068 40172 52018 76186 8657/ 333 86630 555 11003=
38545 42998 61802 10033 21005 39920 40096 57008 86070 555 12001=
38565 12/// 61711 10101 20027 39491 40059 57022 60002 86030==
38579 125// 32002 10020 21056 39705 40128 57029 60002 82970==
38583 32997 81603 10018 20010 39812 40137 57022 83041 333 0/104 555 1/102=
38599 41995 00705 10003 21063 39656 40181 57010 71000=
38611 41/40 23001 11048 21092 39616 40211 57026 71000 82040==
38613 429// 51501 11048 21101 39269 40204 57032 80001 555 1/105=
38616 425// 61401 11045 21084 39161 40211 58060 86500=
38618 429// 01201 11050 21078 39487 40204 57027==
38647 42697 80000 10076 20030 30095 40137 52013 885// 555 11005=
38656 42998 61802 10038 20018 30007 40117 53020 86080 555 10001=
38683 42/60 81805 10028 21017 39845 40124 57006 84031==
38687 42997 72006 10052 21030 39896 40133 54000 80001 555 10002=
38696 12/// 50701 10014 21052 39274 40139 57015 60002 82039 333 42999==
38713 429// 81402 11012 21079 38998 48460 57013 84034=
38750 42997 03602 10056 20029 30178 40149 54000 555 10003=
38763 42597 70302 10072 20034 30047 40152 52013 87800 333 87630 555 11006=
38774 42897 63304 10072 20032 39959 40154 52033 86070 555 11004=
38799 42997 02503 10038 21011 39910 40145 53009 555 11000=
38806 42997 01804 10050 21037 39868 40129 53004 555 11001=
38812 42960 02002 11003 21044 39680 40144 57003==
38880 42997 22906 10070 20016 39835 40140 52020 82030 555 11006=
38886 42997 02001 10026 21016 39910 40142 52007 555 14103=
38895 42996 01801 10024 21022 39860 40155 52010 555 12101=
38911 42997 01810 10053 21036 39854 40150 53003 555 10003=
38915 42997 01405 10074 21036 39838 40162 54000 555 11004=
38927 11918 00603 11013 21032 39805 40194 56002 60002 71000==
38933 41/// 93601 11027 21070 39701 40236 53006 74544=
38944 419// 00000 11047 21047 39597 40155 57004 74444=
38954 429// 00000 11065 21106 37980 48590 52002=
38974 42998 82504 10110 20027 39799 40128 53006 86078 555 12006=
38987 42996 60501 10030 21031 39436 40191 53008 86070 555 11101=
40180 12960 31101 10089 21014 30123 40173 57008 60001 80001 333 70000==
40199 12/// /0204 10126 21032 30139 40164 57009 60001 333 70000==
40255 36/// /0000 10072 29031 3//// 4//// 5////=
40265 32960 30000 10052 21083 39420 40218 57007 80003 333 83070=
40270 31958 00702 10058 21058 39303 40205 57004 70500=
40296 36/// /0000 10099 29050 4//// 5////=
40356 32960 01006 10020 21160 39229 48527 333 59030 555 04410 50218=
40357 32960 03504 10044 21120 39572 40221 333 59028=
40360 32960 00000 10026 21120 39615 40217 333 59030=
40361 32960 00705 10044 21160 39433 40267 333 59030=
40362 32960 00000 10023 21130 39703 40232 333 59022=
40373 32960 02804 10049 21080 39800 40229 333 59011=
40375 32960 20000 10072 21100 39293 40170 80002 333 59035 82070=
40394 22960 00000 10060 21110 39067 48535 333 59020 60005==
40400 32960 30104 10210 20090 30108 40136 80002 333 59031 83070=
40405 32960 00402 10083 21150 39464 40235 333 59005=
40417 32960 33010 10098 21110 30183 40199 80002 333 59008 83070=
40420 32960 10103 10108 21150 39991 40207 80002 333 59006 81070=
40430 32960 01304 10180 20000 39429 40177 333 59019=
40437 32960 00000 10080 21140 39501 40213 333 59007=
40439 32960 02404 10216 20070 30100 40118 333 59022=
40582 32960 03411 10111 20015 40216 51001 333 00010 55300 00000 10194 20000 30000 40903 51097 60000 55407 40000 90467 91013 91113 91211 91307=
40703 12960 00000 11002 21079 38909 40181 52008 60001 333 70000 555 11026 29056=
40706 12962 00503 11039 21077 38646 40212 53006 60001 333 70000 555 11049 29075=
40712 12960 02602 11040 21085 38668 40194 53004 60001 333 70000 555 11052 29071=
40713 12964 01102 11019 21073 38645 40169 53003 60001 333 70000 555 11035 29067=
40718 12960 02902 10091 20049 30189 40160 52013 60001 333 70000 555 10072 29075=
40723 12960 19901 11025 21063 38915 40165 58004 60001 81070 333 70000 81362 555 11036 29075=
40726 12960 00000 10032 21076 38649 40167 54000 60001 333 70000 555 11006 29045=
40727 12960 02902 10001 21076 38477 40182 55002 60001 333 70000 555 11024 29056=
40732 12560 22502 10096 20051 30171 40147 52015 60001 82500 333 70000 82627 555 10076 29074=
40736 12960 00000 10068 20053 30167 40141 52009 60001 333 70000 555 10061 29090=
40737 12560 62001 10056 20044 30120 40138 53011 60001 86600 333 70000 86725 555 10051 29092=
40738 12960 02402 10031 20006 30149 40151 50005 60001 333 70000 555 10022 29084=
40739 12960 03401 11052 21073 38668 40212 57008 60001 333 70000 555 11056 29085=
40741 12960 21503 10066 21047 39811 40144 52019 60001 80002 333 70000 82070 555 10027 29045=
40743 12965 31102 11017 21076 39048 40189 55004 60001 80002 333 70000 83070 555 11034 29064=
40745 12960 01604 10000 21050 39010 40181 50000 60001 333 70000 555 11017 29069=
40747 12960 00000 11041 21088 38648 40213 54000 60001 333 70000 555 11053 29070=
40754 11957 00000 10008 21059 38811 40179 57003 60001 70500 333 70000 555 11015 29061=
40762 12965 03002 11056 21102 38533 40191 58005 60001 333 70000 555 11066 29070=
40766 12965 00902 11050 21137 38722 40235 54000 60001 333 70000 555 11070 29050=
40768 12965 02603 10052 21132 38250 40144 54000 60001 333 70000 555 11007 29025=
40769 12960 00000 11014 21086 38291 40176 52003 60001 333 70000 555 11036 29058=
40780 12960 00000 10150 20071 38633 40053 58003 60001 333 70003 555 10108 29059=
40782 12962 01402 11024 21062 38896 40226 51003 60001 333 70000 555 11035 29075=
40785 12960 02702 11019 21032 39099 40224 53003 60001 333 70000 555 11023 29091=
40791 12965 00802 10024 21173 39351 40186 50000 60001 333 70000 555 11026 29022=
40792 12962 00301 10008 21166 38704 40166 58006 60001 333 70000 555 11037 29026=
40798 12960 00201 11099 21142 37969 40227 53004 60001 333 70000 555 11106 29071=
40800 12960 01701 11003 21139 38471 40208 53002 60001 333 70000 555 11040 29035=
40809 12960 01203 11051 21112 38489 40190 58008 60001 333 70000 555 11066 29062=
40811 12960 03102 10082 20007 30169 40195 55002 60001 333 70000 555 10052 29059=
40812 12960 03001 10054 21019 39798 40179 57003 60001 333 70000 555 10027 29059=
40818 12965 03404 11033 21181 37995 40198 52005 60001 333 70000 555 11067 29031=
40821 12960 02003 11009 21139 38786 40190 51002 60001 333 70000 555 11043 29037=
40829 12960 01002 11054 21159 39637 40232 54000 60001 333 70000 555 11075 29044=
40831 12960 03005 10084 20020 30205 40213 54000 60001 333 70000 555 10058 29064=
40833 12960 03201 10036 21029 30172 40205 56001 60001 333 70000 555 10014 29063=
40835 12960 00000 10018 21024 39353 40199 56004 60001 333 70000 555 10003 29074=
40841 12970 01002 11072 21232 38243 40200 56001 60001 333 70000 555 11100 29027=
40848 12960 00000 11020 21077 38530 40189 58003 60001 333 70000 555 11036 29065=
40854 12960 02704 10050 21212 38940 40153 57006 60001 333 70000 555 11016 29013=
40856 12960 01903 11079 21280 38645 40218 57006 60001 333 70000 555 11108 29018=
40859 12960 03602 11004 21140 38711 40180 58004 60001 333 70000 555 11038 29035=
40875 12960 00202 10074 21061 30146 40158 54000 60001 333 70000 555 10029 29038=
40879 12960 00402 10024 21198 39502 40198 53003 60001 333 70000 555 11028 29018=
40882 11958 03602 10186 20093 30119 40154 58007 60001 70500 333 70000 555 10137 29055=
40883 11940 03602 10156 20083 30135 40158 56006 60001 70500 80000 333 70000 555 10119 29062=
40893 11957 00302 10181 20048 30140 40146 57002 60001 70500 333 70000 555 10117 29041=
40898 11956 00103 10179 21005 30142 40151 54000 60001 70500 333 70000 555 10100 29029=
41024 22960 00000 10258 20180 30100 40126 333 59017 60005==
41036 22960 01503 10109 21050 38576 48525 333 59015 60005==
41055 22960 00002 10113 21070 38382 48530 333 59009 60005==
41061 22960 01110 10118 21130 39470 40179 333 59008 60005==
41084 22960 00000 10115 21070 38873 48525 333 59008 60005==
41112 22960 00000 10077 21070 37958 48531 333 59010 60005==
41114 22960 02004 10086 21060 37997 48532 333 59009 60005==
41128 22960 00000 10090 21070 38850 48551 333 59002 60005==
41140 21959 01104 10238 20170 30121 40133 70540 333 59013 60005==
41150 32970 22911 10155 20068 40188 80001 333 59011 82080=
41170 32960 23008 10160 20051 30170 40184 80001 333 59012 70000 82072=
41176 14/70 /3107 10126 20003 30183 40189 69914 333 59008=
41184 32960 32004 10152 20102 40163 83030 333 59009 83640=
41194 12660 31905 10183 20102 30150 40156 60001 83500 333 59012 79999 83645=
41196 12960 10803 10144 20091 30120 40163 60001 81030 333 59014 81360=
41216 32660 22905 10204 20127 30158 40162 82500 333 59016 82640=
41217 32660 12907 10204 20120 30127 40157 81500 333 59017 81645=
41255 36/// /0303 10168 20080 39618 40135 333 0E017 59014=
41258 26/// /2606 10226 20127 30135 40139 333 55300 20000 59019 60005==
41267 36/// /2909 10227 20127 30129 40142 333 0E022 59021=
41268 26/// /2505 10214 20132 30090 40137 333 55300 25022 59022 60005==
41275 36/// /3013 10150 20124 39997 40171 333 0E015 55300 20000 59022=
41288 36/// /3107 10208 20150 30128 40151 333 0E021 59018=
41316 32980 03511 10201 20021 30142 40172 333 59008 55000 55407 55408 55507 55508=
41396 12965 09902 10100 21086 39455 40211 60002 333 59008=
41480 12460 50303 10247 20161 30148 40157 60002 85500 333 59008 85618=
41506 02995 00000 11030 21049 38547 48544 60002 333 58005 60007=
41508 02996 00000 11025 21057 38675 48536 60002 333 59020 60007=
41515 02995 00000 10013 21043 38579 48539 60002 333 59027 60007=
41516 02996 30000 11040 21074 38582 48535 60002 80001 333 56009 59004 60007 83070=
41517 11696 60000 11070 21103 37824 48579 60002 70422 83530 333 56990 59015 83640 83360=
41519 02696 30000 10040 21044 38801 48531 60002 83500 333 56900 59003 60007 83640=
41523 02996 00000 11010 21024 39092 48482 60002 333 59026 60007=
41535 02996 00000 11005 21069 38702 48464 60002 333 59023 60007=
41536 02996 00000 10005 21038 39035 48484 60002 333 59032 60007=
41560 02996 00000 11010 21023 38305 48539 60002 333 59014 60007=
41571 119// 00000 10030 21009 39572 40186 60002 70500 333 58009=
41598 01995 00000 10035 20022 39858 40143 60002 71000 333 59029 60007=
41600 01994 20000 10045 20045 39837 40147 60002 71022 82030 333 56090 59034 60007 83463=
41620 31996 03602 10005 21075 38587 48488 60002 70400 333 59014 60007=
41624 01994 03102 10070 20035 39938 40146 60002 71000 333 59029 60007=
41630 01994 00000 10060 20036 40152 60002 71000 333 59034 60007=
41640 01994 00000 10065 20054 39892 40152 60002 71000 333 59031 60007=
41660 029// 01304 11030 21119 38440 48537 60002 333 59005 60007=
41678 01995 00000 10060 20036 40154 60002 71000 333 59027 60007=
41696 02996 00000 11040 21103 38044 48588 60002 333 58002 60007=
41697 02996 00000 10090 20045 39977 40140 60002 333 59029 60007=
41700 01993 00000 10070 20059 39991 40126 60002 74640 333 59034 60007=
41712 12996 00000 11020 21069 39235 48504 60002 333 59010=
41715 21993 00000 10090 20069 30082 40149 60002 70500 333 59016 60007=
41718 01994 00000 10060 20036 30033 40141 60002 71000 333 59031 60007=
41725 01996 00000 10105 20050 30059 40140 60002 70500 333 59030 60007=
41739 01996 00504 10010 21032 39094 48519 60002 70500 333 59014 60007=
41744 02996 00000 10030 21040 38792 48507 60002 333 59014 60007=
41749 01994 00000 10090 20069 30114 40147 60002 71000 333 59030 60007=
41756 01996 03602 10140 20091 30082 40150 60002 70500 333 59015 60007=
41757 22996 00000 10095 21066 30138 40151 60002 333 59021 60007=
41759 01996 20000 10120 20029 30138 40144 60002 70500 82030 333 56090 59020 60007 82360=
41764 01995 03608 10150 20013 30078 40130 60002 70400 333 59028 60007=
41768 02996 00000 10065 20029 30114 40121 60002 333 59029 60007=
41780 01996 03402 10135 20005 30102 40130 60002 70500 333 59030 60007=
41785 02996 03102 10110 20079 30118 40131 60002 333 59030 60007=
41859 31930 03602 10150 20130 30117 40156 70500 333 58016 70000=
41883 01930 00000 10148 20140 30127 40148 70500 333 58012 70000==
41891 01430 20000 10160 20150 30106 40146 70511 82500 333 58009 70000 82615==
41907 01930 00000 10128 20120 30127 40142 70500 333 58006 70000==
41923 01/30 20000 10156 20140 30136 40146 70500 82030 333 58006 70000 82365==
41936 01/04 10000 10132 20120 30134 40142 74641 81030 333 58006 70000 81362==
41943 01/30 30000 10145 20140 30136 40144 70511 83030 333 58008 70000 83362==
41950 01420 40000 10150 20150 30139 40141 71011 82530 333 59005 70000 82617 83362==
41978 01432 20406 10204 20160 30132 40138 70511 82500 333 58007 70000 82618==
41992 01925 03605 10220 20180 30132 40134 70500 333 58001 70000==
42027 31993 32701 11040 21050 38439 48529 71121 83500 333 59021=
42071 31991 00000 10048 20043 40157 74440 333 59021=
42101 31994 00000 10076 20072 40167 71000 333 59012=
42111 31994 00000 10074 20066 39429 40157 71000 333 59008=
42123 31994 00000 10060 20041 40149 71000 333 59025=
42131 31994 00000 10048 20043 40168 71000 333 58014=
42165 31995 00000 10066 20033 40144 70500 333 59029=
42182 31992 00000 10062 20062 40158 74444 333 59010=
42189 31993 00000 10088 20080 40162 74140 333 58004=
42309 31996 10000 10092 20088 40165 71000 81030 333 58005=
42314 31595 30000 10114 20102 40165 71000 83500 333 58006 83620=
42328 31995 00000 10082 20020 40120 70500 333 59030=
42339 31995 00501 10130 20026 40129 70500 333 59025=
42348 31994 05004 10094 20064 40149 71000 333 59018=
42361 31993 00000 10070 20066 40159 74444 333 59004=
42369 31993 00000 10114 20098 40159 71000 333 59001=
42379 31994 00000 10096 20092 40158 71000 333 58013=
42410 31594 50000 10134 20130 40157 71022 82530 333 58013 82620 84360=
42415 31995 00000 10142 20112 40166 71000 333 58009=
42452 31995 00000 10088 20053 40139 71000 333 59018=
42492 31993 00000 10140 20129 40158 71100 333 59010=
42559 32996 01403 10120 20070 40125 333 59009=
42571 31995 00000 10098 20077 40157 71040 333 59001=
42623 31495 50000 10128 20124 39285 40176 71022 83530 333 58000 83618 85360=
42634 32996 00000 10112 20046 40126 333 59015=
42647 31995 00503 10154 20117 40108 70500 333 59025=
42667 31995 00902 10080 20050 39534 40153 70500 333 59011=
42675 31994 00000 10084 20076 40151 71000 333 58001=
42701 31994 00000 10106 20091 39405 40160 71000 333 58008=
42724 31994 30000 10132 20129 40145 71000 83030 333 58006 83360=
42737 32996 00000 10128 20079 40120 333 59020=
42754 31995 00000 10148 20084 39473 40124 70500 333 59014=
42779 31995 00000 10090 20066 39416 40146 70500 333 59012=
42798 31994 00000 10134 20115 40154 71000 333 58012=
42809 31995 20000 10158 20140 40153 71000 81031 333 58016 81360=
42840 31995 00000 10164 20150 40102 71000 333 59016=
42867 31995 20000 10102 20090 40146 71000 80001 333 59002 82075=
42874 31995 00000 10142 20108 40141 71000 333 59003=
42886 31994 20000 10120 20109 40155 71000 82030 333 58003 82360=
42895 31995 33602 10176 20148 40145 70500 83030 333 58013 83360=
42909 32996 00203 10172 20113 40106 333 59013=
42971 31495 70204 10216 20156 40139 70522 84530 333 58011 84618 86360=
43003 31995 00000 10172 20148 40096 70500 333 59014=
43014 31995 00000 10112 20093 39457 40128 71044 333 59013=
43041 31595 30000 10191 20164 39495 40117 71010 83500 333 59004 83625=
43063 32996 00000 10102 20098 39482 40132 333 59014=
43086 31995 00000 10132 20118 39930 40115 70500 333 59012=
43110 31995 00000 10172 20148 40100 70544 333 59004=
43117 32996 00000 10156 20117 40119 333 59007=
43128 31996 10000 10158 20107 39503 40125 70500 80001 333 58005 81070=
43150 21596 70209 10230 20215 30051 40112 70565 83532 333 58009 6001/ 83620 85360=
43185 21596 70504 10240 20222 30085 40088 72052 84570 333 59004 6990/ 84620 84360=
43189 21596 60204 10236 20211 30094 40103 70521 83531 333 59001 6996/=
43192 32996 00000 10204 20182 40092 333 59005=
43201 32996 00000 10184 20161 39360 40095 333 59002=
43213 31595 70000 10244 20180 39770 40086 70522 84538 333 59011=
43237 31595 60000 10210 20201 39677 40074 71022 81572 333 59005 81620=
43245 21596 83404 10244 20238 30068 40095 70264 8487/ 333 59007 6002/=
43279 21494 83202 10240 20231 30067 40085 72052 8422/ 333 57820 59008 6029/ 84618 81825 86458=
43284 31994 10000 10238 20217 39974 40090 71000 80001 333 59002 81075=
43295 21496 30000 10206 20184 39083 48490 71021 82501 333 59001 6990/ 82612=
43314 32996 10000 10248 20227 40089 80001 333 58003=
43321 32495 59901 10228 20213 39644 40093 82531 333 59001 82612 84070=
43329 22596 50000 10246 20240 30056 40078 82531 333 59007 6996/=
43333 31496 60503 10268 20233 40105 70522 85401 333 56109 58003 83618 85820=
43344 31495 69902 10260 20243 39984 40084 71022 82531 333 59002 82616 85360=
43353 32494 29901 10252 20237 40093 71021 333 56790 58005 81616=
43369 21496 40000 10250 20250 40081 72065 83530 333 59005 6022/ 82618=
43371 31495 10000 10244 20235 30019 40092 71000 81500 333 58002 81619=
43404 03470 63102 10258 20253 30075 40078 5/003 60008 86000 333 553// 20000 58004 60008 86818 91004=
43410 11468 42302 10252 20240 30080 40083 52/// 60008 702// 82000 333 58003 82818 83280=
43413 11470 62601 10263 20263 30084 40089 5/005 60008 70222 83106 333 553// 20006 58006 83118 85680 91002=
43415 01470 60000 10244 20232 39989 40097 60008 701// 83000 333 58005 60008=
43418 01470 22301 10245 20230 30046 40087 52/// 60008 70211 82100 333 58002 60008 82118=
43421 01470 12501 10235 20234 39982 40088 52004 60008 70200 81000 333 553// 20000 58004 60008 81818 91001=
43422 01460 53600 10239 20229 39955 40090 60008 7102/ 83806 333 55001 58003 60008 83818 84676=
43424 03970 00000 10240 20233 30084 40086 52002 60008 333 58001 60008=
43436 01967 50000 10253 20245 30083 40086 52005 60008 71022 333 58004 60008 85002=
43441 01470 11601 10237 20231 39954 40088 51007 60008 70310 81100 333 58005 60008 81118=
43444 01470 60000 10208 20203 39559 40090 54008 60008 70222 83000 333 58003 60008=
43450 01430 10000 10244 20238 30081 40093 51005 60008 71000 81000 333 59004 60008 81818=
43466 01465 70301 10252 20237 30083 40091 5/008 60138 78082 86206 333 55001 553// 20000 58002 60138 86218 83676 91002=
43467 01460 70000 10249 20235 30088 40094 52010 60278 72582 85270 333 58003 60278 85216 85760=
43473 03470 72904 10144 20144 38114 48490 52008 60008 87000 333 553// 20000 58004 60008 87810 91006=
43475 01470 63101 10247 20234 30083 40088 52011 60008 702// 86000 333 553// 20000 58006 60028 86818 91002=
43476 01450 10000 10174 20158 38757 48500 60008 71021 81000 333 55001 58001 69908 81812=
43479 01/40 /2701 10187 20185 39249 41/// 60008 743// 333 55001 58008 60008=
43486 11430 40801 10234 20234 39992 40093 51009 60008 71011 82006 333 55001 553// 20000 58009 82816 84678 91001=
43495 01465 63201 10260 20247 30077 40090 52012 60068 78082 86000 333 58005 60068 86818=
43497 11470 43601 10250 20000 30071 40088 5/013 60008 70211 82000 333 553// 20006 58006 82818 91001=
44212 429// 01602 11290 21331 39240 40539 52003 333 21327 3/135 47013 55059==
44213 429// 00000 11308 21346 38873 40553 52002 333 21309 3/135 47006==
44214 42970 00203 11228 21286 38316 40504 53003 333 21230 3/123 46003==
44215 419// 02401 11326 21360 38457 40597 52006 70270 333 21333 3/132 47003==
44217 32998 00000 11302 21344 37869 40638 52002 333 21309 47003 91200 555 31358=
44218 429// 41901 11280 21310 38669 40543 52003 80006 333 21298 3/130 47005==
44219 32999 01102 11323 21354 38685 40579 54000 333 21326 47004 91203 555 31326=
44265 429// 03201 11281 21312 38904 40504 57003 333 21290 3/135 43005==
44266 329// 00202 11228 21286 37775 40517 52001 333 21257 47001 91202 555 31310=
44404 42956 00902 10044 20002 38123 48475 80000 333 59010=
44416 42956 00000 10056 20054 39380 40162 80000 333 59001=
44424 42960 00000 11046 21099 37686 47048 80000 333 58001=
44434 41230 33603 10094 20090 39258 48537 710// 83600 333 58009=
44438 41950 01602 10104 20104 30032 40160 710// 80000 333 58011=
44449 42957 03403 10127 20118 30000 40158 80000 333 58016=
44454 42456 20803 10048 20044 38689 48523 82100 333 58013=
44462 42358 70901 10084 20068 38273 48498 87800 333 58017=
44474 41010 80000 10086 20064 38276 48527 710// 888// 333 58011=
44477 42556 10000 10094 20080 38837 48543 81100 333 58013=
44478 41930 00000 10112 20112 30066 40148 710// 80000 333 58021=
48010 42510 23601 10145 20132 39997 40155 82400 333 20140 58003==
48020 42320 30000 10145 20137 82201 333 20135==
48025 11110 60000 10178 20135 30016 40159 59010 60002 74044 84870==
48048 41540 23601 10178 20178 30089 40148 71011 82800 333 20173 58011==
48052 32950 00000 10200 20150 333 20184=
48062 41440 40000 10230 20214 30118 40124 71011 83830 333 20182 58011==
48064 42440 51401 10212 20175 30054 40113 83830 333 20190 58008==
48094 42/56 30000 10230 20210 30111 40121 80041 333 20226 58001==
48109 42440 50000 10270 20256 30116 40120 85900 333 20233 58014==
51076 14076 00201 11178 21215 39422 40388 57007 60001 333 11067 21206 3/104 4/008 59021 70000 90761 91103==
51087 14074 00901 11190 21228 39275 40402 57004 60001 333 11107 21224 3/107 4/008 59015 70000 90761 91104==
51156 14080 00801 11169 21214 38724 40388 57006 60001 333 11090 21193 3/115 4/001 59009 70000 90761 91105==
51243 14/63 /0701 11187 21210 39786 40391 57006 60001 333 11093 21187 3/112 4/002 59006 70000 90761 91102==
51334 14065 01402 11207 21233 39932 40381 57006 60001 333 11091 21210 3/110 4/008 59014 90761 91103==
51379 14050 01502 11242 21270 39361 40427 57004 60001 70500 333 11137 21258 3/107 4/014 58010 70000 90761 91104==
51463 14062 01402 11163 21184 39088 40388 57012 60001 333 11132 21187 3/101 4/026 59005 70000 90761 91103==
51573 14/59 /0102 11092 21155 30318 40371 54000 60001 333 11021 21105 3/117 59020 70000 90761 91103==
51644 14/25 /3301 11162 21183 39031 40400 57008 60001 71000 333 11045 21162 3/106 4/005 59019 70000 90761 91105==
51656 14/50 /2102 11101 21123 39239 40376 57007 69901 77000 333 11086 21172 3/109 4/003 59034 90761 91103==
51709 14/50 /3102 11109 21138 38684 40357 54000 60001 70500 333 11041 21109 3/112 59015 70000 90761 91103==
51711 14/70 /3001 11153 21190 38027 40311 57008 60001 333 11056 21158 3/121 59023 70000 90761 91107==
51716 14056 01501 11101 21132 38987 40359 57002 60001 333 11020 21101 3/114 59020 70000 90761 91103==
51765 14/03 /2701 11152 21166 39315 40403 52002 60001 74670 333 11063 21177 3/119 59025 70000 90761 91103==
51811 14049 00000 11122 21150 38858 40367 57003 60001 333 11033 21126 3/119 59014 70000 90761 91103==
51818 14/58 /1401 11111 21147 38698 40359 57005 60001 333 11022 21140 3/118 59012 70000 90761 91104==
51886 14/64 /1501 11144 21250 37116 40319 57004 60001 333 11019 21152 3/120 58007 70000 90761 91104==
52203 14/57 /0801 11149 21179 39427 40385 52002 60001 333 11040 21157 3/121 59036 70000 90761 91103==
52602 14/80 /2600 11203 21276 37285 40395 52001 60001 333 11002 21203 3/125 58029 70000 90761 91106==
52818 14/80 /2702 11127 21154 37238 40316 54000 60001 333 11014 21153 3/120 58013 70002 90761 91107==
52908 14/77 /2603 11182 21299 35764 40356 57001 60001 333 11060 21191 3/125 58040 70000 90761 91108==
55228 04980 /1901 11088 21331 36026 40189 57001 60002 70000 333 10014 21171 3/117 54407 59035 60001 70000 90720 91111=
55299 14/57 /0001 11198 21333 35876 40370 52003 60001 70500 333 11008 21198 3/125 58045 70000 90761 91105==
55578 04960 /2401 11138 21178 36409 40316 52009 60002 70000 333 10102 21138 3/116 54415 58032 60001 70000 90720 91102=
55591 14/80 /0902 11053 21237 36558 40208 52012 60001 333 10134 21056 3/114 58054 70000 90761 91105==
55664 04980 /0801 11133 21272 36047 40304 52004 60002 70000 333 10073 21133 3/116 54419 58013 60001 70000 90720 91104=
55773 04980 /2400 11139 21233 36037 40266 52005 60002 70000 333 10078 21144 3/120 54415 58010 60001 70000 90720 91104=
56004 14/80 /3200 11212 21291 35830 40403 57001 60001 333 11041 21218 3/129 58035 70000 90761 91105==
56018 14/65 /1901 11161 21255 36215 40318 52001 60001 333 10018 21167 3/120 58065 70000 90761 91107==
56312 04980 /3400 11062 21094 37136 40280 52009 60002 70000 333 10112 21064 3/107 54415 58028 60001 70000 90720 91104=
62306 42560 32104 10128 20100 40203 57018 83500==
62309 11560 80806 10160 20134 40187 57009 60011 72121 8222/==
62332 42560 10311 10184 20127 40184 57010 81100==
62366 45960 00804 10141 20096 40176 57009==
62387 42960 03004 10091 20077 40167 57004==
62393 42960 03006 10094 20066 40189 57006==
62405 42960 01503 10142 20068 40154 57010==
62414 42960 03505 10164 20006 40151 57006==
62419 42960 00000 10174 20043 40145 57006==
62420 42/60 23103 10133 20075 40186 57010 82050==
62435 42/60 40000 10090 20054 40170 57007 84040==
62458 42960 01002 10098 21004 40160 57004==
38836 426// 50000 10002 21022 39219 40175 58037 83402=
41136 32960 00000 10094 21130 39367 40194 92346 333 59008=
41256 329// 39903 10180 20114 30130 40147 92345 333 59018 55000 55407 55408 55507 55508=
40100 43/60 00904 10127 20020 30189 40205 57011 6///1 333 58///=
