SIPK OPKC 121500=
41506 22995 01804 10280 20101 38394 48388 333 59034 60007 33% =
41504 22995 00000 10230 20048 37770 48371 333 59018 60007 RH31%=
41507 22996 01804 10310 20210 39117 49594 333 59028 60007 55%=
41508 22996 01802 10244 20140 38570 48447 333 59028 60007 RH 52%=
41509 22996 02302 10310 20113 38649 48404 333 59012 60007 RH 30%=
41510 22996 10000 10175 20098 37866 48451 81030 333 56090 59014 60007 81360 60%=
41515 22996 02706 10288 20080 38450 48412 333 59021 60007 27%=
41516 22996 00000 10240 20143 38425 48381 333 59042 60007 RH55%=
41517 21696 20000 10190 20106 37729 48407 70400 82500 333 56900 59036 60007 82635 58%=
41518 22696 41802 10244 20078 38/// 48/// 82520 333 56990 5//// 60007 82640 82462 35%=
41519 22696 30000 10330 20095 38652 48407 83500 333 56900 59011 60007 83640 RH24%=
41520 22995 03602 10195 20032 37570 48155 333 59022 60007 34%=
41523 22996 00000 10280 20208 38982 48433 333 59022 60007 65%=
41524 22996 00000 10305 20168 39205 40012 333 59020 60007 RH 44%=
41525 22996 00000 10160 20100 37645 48331 333 59005 60007 67%=
41528 21996 00000 10300 20180 39118 48449 70400 333 59003 60007 49%=
41529 22996 00000 10320 20250 39616 49974 333 59038 60007 RH 67%=
41534 22996 00000 10305 20249 39588 49977 333 59031 60007 72%=
41535 22996 00000 10240 20179 38632 48411 333 59017 60007 RH69%=
41536 22996 00000 10250 20182 38943 48440 333 59017 60007 66%=
41560 22996 01306 10240 20148 38234 48447 333 59014 60007 Rh56%=
41562 22996 01304 10330 20213 39536 49972 333 59031 60007 RH 50%=
41565 22997 03102 10250 20206 38599 48475 333 58005 60007 77% =
41567 21996 00000 10320 20218 39563 49954 70500 333 59055 60007 55%=
41571 216// 11308 10290 20186 39449 40000 70500 81030 333 56090 59011 60007 RH53%=
41572 21997 00908 10280 20229 39383 49976 70400 333 59015 60007 RH72%=
41573 22997 01302 10190 20125 37936 48439 333 59008 60007 66%=
41574 22997 00000 10205 20159 38274 48445 333 59027 60007 75%=
41576 22996 01304 10315 20260 40007 333 59009 60007 72%=
41577 21996 00000 10280 20245 39417 40003 70400 333 56000 59008 60007 RH 82%=
41593 21996 00000 10330 20246 39776 49976 70400 333 59019 60007 61%=
41597 21996 00000 10315 20274 40011 70400 333 59008 60007 79%=
41598 21996 00000 10320 20258 39726 49982 70400 333 59012 60007 70%=
41599 21696 30000 10325 20248 39720 49993 70400 83400 333 56900 59009 60007 83640 64%=
41600 21696 30000 10310 20276 49993 70411 83500 333 56900 59009 60007 83645 82%=
41620 32996 01803 10330 20017 38475 48379 333 59022 60007 14%=
41624 21996 00000 10340 20249 49960 70400 333 59038 60007 59%=
41625 21996 00000 10325 20263 39766 49954 70400 333 59030 60007 70% 120924/1500Z=
41630 21996 21302 10330 20253 49992 70400 82030 333 56090 59010 60007 82360 64%=
41633 22997 00000 10345 20263 4//// 333 5//// 60007 62%=
41634 22997 00000 10305 20228 3//// 4//// 333 5//// 60007 63%=
41635 21996 00000 10340 20240 3//// 4//// 70400 333 5//// 60007 59%=
41636 21996 01804 10325 20263 39805 49977 70400 333 59031 60007 70%=
41638 21996 00000 10330 20261 4//// 70400 333 5//// 60007 67%=
41639 21696 52302 10315 20260 4//// 70420 82530 333 56990 5//// 60007 82640 83360 72%=
41640 21696 21302 10315 20244 39759 49995 70400 82500 333 56900 59008 60007 82640 66%=
41641 21996 31304 10310 20239 39737 49996 70400 83030 333 56090 59007 60007 83360 66%=
41642 21996 20000 10300 20265 4//// 70400 82030 333 56090 5//// 60007 82360 82%=
41643 21696 60000 10320 20250 39722 49982 70410 83470 333 56990 59014 60007 83640 84460 67%=
41644 22997 00000 10315 20281 4//// 333 5//// 60007 82%=
41646 21996 00000 10340 20272 49994 70400 333 59022 60007 68%=
41652 21996 01302 10335 20235 49977 70400 333 59033 60007 56%=
41660 219// 02314 10255 21062 38380 48472 70500 333 59014 60007 12%=
41661 21995 00000 10265 20038 38325 48444 70540 333 59019 60007 23%=
41669 21996 00000 10350 20253 3//// 4//// 70400 333 5//// 60007 57%=
41670 21996 00000 10330 20261 4//// 70400 333 5//// 60007 67%=
41674 21996 01304 10320 20242 3//// 4//// 70400 333 5//// 60007 64%=
41675 21996 01808 10345 20239 39838 49972 70400 333 59030 60007 54%=
41676 21996 01304 10335 20251 39846 49995 70400 333 59035 60007 62%=
41677 21996 00000 10320 20250 39814 49972 70400 333 59013 60007 67%=
41678 21996 00000 10350 20245 49995 70500 333 59008 60007 55%=
41679 21696 50000 10310 20269 4//// 70422 82570 333 56990 5//// 60007 82640 83460 79%=
41680 21996 00000 10335 20259 49986 70400 333 59013 60007 65%=
41685 22997 00000 10275 20225 38815 48417 333 59018 60007 RH.74%=
41696 22996 00000 10220 21000 37979 48473 333 58005 60007 RH23%=
41697 22996 00000 10350 20261 49978 333 59023 60007 RH60%=
41700 21996 00000 10330 20246 49974 70400 333 59016 60007 61%=
41701 21996 02304 10340 20241 40006 70400 333 59010 60007 56%=
41710 22996 03104 10330 21183 49978 333 59011 60007 R.H03%=
41712 22996 00000 10325 21042 39103 48459 333 59009 60007 RH09%=
41715 21996 00000 10335 20281 49979 70500 333 59023 60007 RH74%=
41716 21996 00000 10310 20246 49990 70400 333 59022 60007 69%=
41718 21996 00000 10325 20263 49992 70400 333 59012 60007 70%=
41724 21996 00000 10340 20272 49999 70500 333 59025 60007 RH68%=
41725 22996 00000 10355 20251 49981 333 59020 60007 RH55%=
41726 22996 00000 10330 20276 39942 40009 333 59005 60007 RH73%=
41738 22996 02315 10370 20137 39844 40013 333 58003 60007 RH25%=
41739 22996 02306 10330 20120 38970 48460 333 59018 60007 RH28%=
41742 22996 01304 10305 20241 49999 333 59013 60007 RH 69%=
41743 21996 00000 10360 20246 70500 333 60007 RH 58%=
41744 22996 00000 10295 20070 38698 48435 333 58002 60007 RH 24%=
41745 21996 01806 10335 20251 70500 333 60007 RH62%=
41746 22996 01804 10330 20261 49990 333 59013 60007 RH67%=
41747 22996 00000 10355 20251 49971 333 59017 60007 RH55%=
41748 22996 01304 10350 20261 49987 333 59018 60007 RH60%=
41749 21996 01310 10330 20276 49986 70400 333 59023 60007 RH73%=
41756 21996 02206 10285 20242 40024 70504 333 59014 60007 RH78%=
41757 21995 02312 10290 20255 30025 40037 70400 333 58008 60007 RH81%=
41759 21996 02308 10305 20256 40027 70500 333 58008 60007 RH75%=
41764 22996 02114 10300 20243 39966 40014 333 59003 60007 RH72%=
41765 22996 02310 10300 20251 39977 40012 333 59007 60007 RH75%=
41766 02696 02310 10295 20253 40000 333 59002 60007 RH 78%=
41767 22996 0//// 10300 20265 333 60007 RH82%=
41768 22996 02708 10305 20264 30012 40016 333 58003 60007 RH.79%=
41780 21596 72310 10290 20240 39998 40025 70400 87600 333 56900 59009 60007 82720 86630 RH74%=
41785 22996 02304 10295 20253 30016 40029 333 58000 60007 RH 78%=
41BKI 22996 03104 10325 20248 39574 49965 333 59029 60007 RH64%=
41SKP 22997 00000 10315 20267 4//// 333 5//// 60007 76%=
43532 21996 00000 10310 20193 39201 49952 70400 333 59005 60007 50%=
43533 22997 00000 10285 20229 39103 48411 333 59021 60007 72%=
43563 22997 00000 10289 20234 49997 333 59014 60007 72%=
41783 22996 32304 10290 20248 39986 40015 83030 333 56090 59004 60007 83360 RH 78%=
41786 22996 02308 10310 20239 40016 333 58008 60007 RH 66%=




Data Generated from File : D:\all data handling\Rmc_lhr\2024091215.FSU.txt
12/09/24 16:09:18
______________________________________________________________
15007 25/69 /3303 10197 20158 39635 40083 52004 7000/ 333 55306 0//// 20794 3//// 60007=
15020 24570 72802 10210 20174 39891 40079 52003 84570 333 55300 20494 60007 91004 90730 91105==
15023 21570 73402 10204 20169 39659 40064 52003 70262 83870 333 55304 0//// 20763 3//// 69907 91004 91104=
15056 25570 80202 10215 20170 39743 40076 52004 7000/ 83877 333 55304 0//// 20820 3//// 60007 91004 91104=
15069 25570 72204 10160 20129 39054 42741 52005 7000/ 84870 333 55301 0//// 20652 3//// 60007 91007 91107=
15073 25/70 /0401 10203 20157 39639 40085 52004 7000/ 333 55303 0//// 20819 3//// 60007=
15090 21570 72801 10197 20195 39996 40084 52005 78082 83363 333 55303 00240 20619 30476 60087 91002 90730 91103==
15107 25570 73104 10187 20133 39315 42749 53005 7000/ 87300 333 55301 0//// 20523 3//// 60007 91006 91109 95010=
15108 21/00 92807 10095 20095 38065 48459 52007 74544 89/// 333 55300 20249 60007 91008 90730 91109==
15109 25570 61702 10210 20163 39666 40080 52004 7000/ 84360 333 55306 0//// 21130 3//// 60007 91004 91105=
15111 25/70 /3202 10228 20156 39823 40072 54001 7000/ 333 55310 0//// 21360 3//// 60007=
15113 21570 72603 10234 20180 39922 40077 54001 70262 84370 333 55308 0//// 21318 3//// 69907 91004 91106=
15127 25570 63101 10194 20125 39243 42745 52004 7000/ 86300 333 55305 0//// 20939 3//// 60007 91002 91104 95000=
15148 25470 62103 10142 20120 38673 48454 52006 7000/ 84360 333 55303 0//// 20713 3//// 60007 91006 91106=
15150 24570 60000 10231 20164 39881 40083 52003 84270 333 55301 20515 60007 91002 90730 91103==
15154 25/70 /2502 10238 20171 39942 40077 52002 7000/ 333 55308 0//// 21255 3//// 60007=
15168 25/70 /2901 10219 20145 39494 42750 54001 7000/ 333 55306 0//// 21283 3//// 60007=
15170 24570 62502 10201 20139 39336 42743 52003 86300 333 55307 21207 60007 91005 90730 91107==
15194 21570 30701 10236 20173 39800 40078 50003 70281 81330 333 55307 0//// 21247 3//// 69997 91002 91102=
15197 27/66 /2601 10198 20190 39889 40090 52008 7616/ 333 55300 0//// 20300 3//// 60057=
15215 25570 52701 10213 20143 39512 42751 52002 7000/ 82270 333 55305 0//// 20948 3//// 60007 91002 91104=
15217 25/70 /2902 10206 20146 39446 42750 52003 7000/ 333 55304 0//// 20789 3//// 60007=
15219 25/70 /0201 10225 20186 39962 40080 51007 7000/ 333 55309 0//// 21360 3//// 60047=
15238 25/70 /2800 10213 20146 39495 42751 54001 7000/ 333 55305 0//// 21016 3//// 60007=
15261 25/67 /2601 10193 20147 39311 42765 54001 7000/ 333 55301 0//// 20614 3//// 60007=
15262 21/90 92809 10103 20102 38184 48461 52005 74564 333 55303 0//// 20696 3//// 69947 91013 91113=
15265 25570 63402 10248 20186 30010 40080 52006 7000/ 83860 333 55308 0//// 21269 3//// 60007 91004 91104=
15280 21/00 92303 10066 20066 37503 47074 52006 74544 89/// 333 55302 20568 60007 91008 90730 91109==
15300 25698 62203 10200 20153 39483 42750 54000 7000/ 85360 333 55300 0//// 20620 3//// 60007 91004 91104=
15301 25570 70402 10143 20131 38598 48483 52003 7000/ 87300 333 55302 0//// 20649 3//// 60007 91003 91103 95010=
15302 25597 63501 10165 20137 38887 48469 52002 7000/ 86900 333 55306 0//// 20993 3//// 60007 91003 91103 95052=
15307 25/70 /2405 10229 20175 39902 40079 53005 7000/ 333 55302 0//// 20701 3//// 60007=
15310 21570 71901 10226 20191 30002 40084 50003 72582 84363 333 55301 00030 20356 30244 69987 91004 90730 91104==
15324 25/70 /1701 10227 20137 39316 42744 52003 7000/ 333 55305 0//// 21006 3//// 60007=
15325 25570 53200 10125 20112 38453 48465 52004 7000/ 85200 333 55300 0//// 20513 3//// 60007 91001 91102=
15328 25570 71601 10232 20168 39754 40086 52006 7000/ 84320 333 55306 0//// 20865 3//// 60007 91002 91104=
15335 24570 52402 10239 20177 30083 40089 52002 82530 333 55300 20431 60007 91004 90730 91106==
15336 25/70 /2102 10232 20186 30085 40087 52002 7000/ 333 55307 0//// 21012 3//// 60007=
15349 25/70 /0801 10229 20155 39557 40080 52004 7000/ 333 55304 0//// 20903 3//// 69957=
15350 21570 63001 10220 20189 39977 40091 52003 72582 86300 333 55300 20277 69967 91002 90730 91108==
15360 24570 22107 10235 20178 30075 40091 52003 82200 333 55309 21182 60007 91008 90730 91110==
15375 25570 32203 10260 20150 39740 40077 52002 7000/ 82360 333 55309 0//// 21570 3//// 60007 91006 91108=
15377 25597 60202 10242 20177 39876 40080 54001 7000/ 86300 333 55301 0//// 20376 3//// 60007 91004 91107=
15387 25570 32004 10239 20177 30092 40095 54001 7000/ 83200 333 55310 0//// 21239 3//// 60007 91007 91107=
15402 25570 22602 10270 20164 30015 40085 54000 7000/ 82200 333 55310 0//// 21522 3//// 60007 91004 91106=
15405 25/70 /2202 10261 20170 30033 40092 54001 7000/ 333 55308 0//// 21240 3//// 60007=
15406 25/70 /2102 10255 20163 30044 40089 53002 7000/ 333 55310 0//// 21319 3//// 60007=
15408 25/70 /2303 10238 20168 39838 40090 54001 7000/ 333 55309 0//// 21255 3//// 60007=
15409 25/70 /1604 10237 20182 30045 40090 54000 7000/ 333 55307 0//// 21080 3//// 60007=
15419 25570 32102 10268 20158 39904 40086 54001 7000/ 83300 333 55308 0//// 21363 3//// 60007 91006 91107=
15420 24570 32302 10266 20158 39978 40082 54001 83100 333 55306 20983 60007 91005 90730 91106==
15421 25570 32401 10279 20150 39988 40092 54001 7000/ 83200 333 55310 00752 21546 31378 60007 91004 91105=
15422 25570 32302 10283 20153 39987 40081 54001 7000/ 83200 333 55308 0//// 21226 3//// 60007 91006 91106=
15425 25570 22301 10265 20166 30027 40088 54001 7000/ 82200 333 55310 0//// 21410 3//// 60007 91003 91105=
15434 22970 02403 10286 20093 39882 40078 57002 333 55310 0//// 21575 3//// 60007 91007 91107=
15444 25/70 /2504 10259 20168 30024 40092 52002 7000/ 333 55305 0//// 20967 3//// 60007=
15455 25/70 /2403 10278 20127 39960 40083 57002 7000/ 333 55309 0//// 21388 3//// 60007=
15460 24570 32702 10273 20162 30064 40087 57002 83500 333 55310 21396 60007 91005 90730 91105==
15462 25570 52604 10256 20162 30011 40092 54001 7000/ 85300 333 55308 0//// 21133 3//// 60007 91005 91106=
15470 24970 02605 10280 20098 39964 40082 54001 333 55310 21554 60007 91009 90730 91109==
15475 26/// /2703 10286 20159 30066 40085 57002 333 55310 0//// 21365 3//// 60007=
15479 25/70 /2402 10254 20160 39908 40090 54000 7000/ 333 55310 0//// 21346 3//// 60007=
15480 24570 42402 10261 20163 30075 40092 54000 84300 333 55309 00670 21291 31200 60007 91004 90730 91104==
15489 25970 02604 10286 20084 39997 40084 54000 7000/ 333 55310 0//// 21615 3//// 60007 91006 91109=
15491 25970 02404 10287 20106 30056 40084 57002 7000/ 333 55310 0//// 21529 3//// 60007 91005 91107=
15499 25/70 /1604 10243 20191 30085 40093 52002 7000/ 333 55300 0//// 20462 3//// 60007=
15549 42570 12703 10267 20092 39689 40075 53001 81100 333 10277 20173 555 533//=
15552 42470 21603 10249 20205 30046 40092 57002 82500 333 10277 20196 555 576// 92034 92438=
15640 42674 12503 10274 20168 39797 40087 57005 81100 333 10285 20180 555 552//=
15655 42570 32308 10255 20206 30059 40090 57007 83200 333 10301 20184 555 575// 92025 92428=
15730 42670 21807 10267 20144 39713 40081 57002 81131 333 10286 20162 555 547//=
16627 42570 12407 10270 20210 30096 40102 58006 81100 333 90730 91114==
16650 42460 21707 10262 20233 30095 40103 56004 82100 333 90730 91115==
16667 42560 22208 10284 20181 30103 40114 57004 82200 333 90730 91114==
16706 42560 21808 10274 20205 30099 40106 56003 82200==
16723 42560 11908 10280 20231 30106 40119 57008 81100 333 90730 91112==
16732 46/// /0002 10298 20205 30104 40115 54000 333 90730 91109==
16742 42460 11907 10270 20200 39973 40120 57005 81100 333 90730 91110==
16749 42460 12511 10284 20216 30103 40116 57007 81100 333 90730 91116==
16754 42560 23115 10284 20203 30081 40126 57002 82200 333 90730 91121==
16757 42560 13406 10270 20223 39999 40125 54000 81100 333 90730 91111==
16760 42560 30108 10266 20153 40131 52005 83200 333 90730 91117==
16765 42460 22707 10282 20212 40127 57002 82100 333 90730 91113==
17022 42670 13203 10254 20187 39967 40124 50000 81100 333 81834 90730 91108==
17024 41570 50000 10263 20257 30048 40122 52010 71711 83930 333 83835 85360 81928 90730 91110==
17026 41570 63104 10240 20218 30091 40128 52017 71722 86900 333 85828 82922 90730 91114==
17031 42570 63507 10262 20231 30114 40120 52014 86200 333 86830 90730 91115==
17034 42670 62901 10267 20232 30076 40120 53005 83230 333 83835 86360 90730 91106==
17038 42670 42905 10268 20228 30062 40107 52002 84100 333 84835 90730 91110==
17042 42670 63001 10272 20240 30078 40115 55002 83250 333 83835 86360 90730 91107==
17050 42670 32003 10304 20167 30038 40097 57011 83200 333 83835 90730 91111==
17056 42670 31808 10266 20210 30097 40101 57006 83100 333 83835 90730 91114==
17060 42660 21905 10273 20174 30072 40110 57007 82100 333 82835 90730 91110==
17070 42665 22304 10260 20120 39281 40105 52008 82200 333 82835 90730 91112==
17074 41570 73402 10213 20183 39227 40118 52024 71722 84950 333 83835 87360 81920 90730 91113==
17084 42670 33103 10298 20126 39231 40082 55004 83200 333 83835 90730 91109==
17085 42670 30407 10306 20162 39618 40078 53007 83200 333 83840 90730 91116==
17092 42/60 12004 10301 20065 38820 48473 57006 81030 333 81362 90730 91109==
17096 42660 22707 10257 21005 38235 48488 56002 82100 333 82840 90730 91121==
17098 42660 30305 10244 20087 38200 48493 56001 81130 333 81840 83358 90730 91114==
17100 42670 10000 10303 20104 39121 40054 57006 81100 333 81840 90730 91107==
17112 42570 22411 10271 20228 30100 40102 57005 82200 333 82830 90730 91115==
17115 42670 30110 10278 20157 30058 40107 56003 83100 333 83835 90730 91115==
17116 42670 23404 10307 20147 39987 40102 56005 82100 333 82840 90730 91109==
17124 42660 33105 10276 20086 39234 40101 55003 83100 333 83840 90730 91115==
17128 42670 32611 10276 20061 39055 40088 56004 83100 333 83840 90730 91125==
17135 42670 32504 10300 20089 39255 40074 55003 83100 333 83840 90730 91112==
17140 42665 32702 10251 20074 38696 48493 55002 83100 333 83840 90730 91113==
17150 42660 22507 10316 20146 39978 40095 56005 82100 333 82835 90730 91115==
17160 42670 22404 10283 20074 38993 48492 56003 82200 333 82840 90730 91114==
17170 42660 11602 10235 20094 38329 48491 57002 81100 333 81840 90730 91111==
17175 42665 22302 10301 20179 30096 40100 58005 82100 333 82840 90730 91109==
17184 42670 32402 10315 20154 39995 40100 56006 83200 333 83840 90730 91106==
17190 42670 32803 10263 20072 38969 48496 55001 83200 333 83835 90730 91108==
17190 42670 32803 10263 20072 38969 48496 55001 83200 333 83835 90730 91108==
17195 42670 23005 10294 20069 38940 48487 56003 82100 333 82840 90730 91114==
17200 42960 00904 10316 20033 39135 40059 57008 333 90730 91110==
17202 42970 00706 10323 21014 39078 40057 57008 333 90730 91111==
17203 42970 00000 10292 20035 38838 48514 56003 333 90730 91107==
17210 42970 02401 10335 21012 39083 40035 57005 333 90730 91110==
17219 42565 12007 10285 20191 39978 40115 57003 81100 333 81830 90730 91117==
17234 42670 22504 10303 20167 30052 40116 58001 82200 333 82840 90730 91110==
17237 42670 33602 10302 20138 39626 40101 57002 83200 333 83835 90730 91108==
17240 42570 41405 10280 20118 39013 40094 56003 84200 333 84830 90730 91116==
17244 42670 30508 10276 20093 38975 48500 56003 83200 333 83840 90730 91114==
17248 42670 23204 10284 20061 38957 48495 55003 82100 333 82840 90730 91112==
17250 42970 02104 10272 20047 38791 48500 57004 333 90730 91113==
17260 42960 02610 10322 20101 39273 40036 56002 333 90730 91118==
17270 42970 01002 10331 20104 39455 40058 56006 333 90730 91108==
17275 42970 02006 10292 20070 38950 48503 56003 333 90730 91116==
17280 42960 00000 10344 20016 39311 40045 57007==
17290 42970 01906 10290 20188 30094 40124 58002 333 90730 91112==
17292 42670 22002 10270 20137 39393 40112 53001 82100 333 82840 90730 91110==
17300 42560 31811 10290 20235 30044 40112 57003 83100 333 83830 90730 91116==
17310 42670 22504 10316 20235 30092 40099 55000 82200 333 82835 90730 91108==
17330 42970 02203 10319 20175 30069 40086 57012 333 90730 91111==
17350 42670 12211 10316 20173 30010 40084 53001 81100 333 81835==
17370 42670 32504 10300 20237 30101 40105 55001 83100 333 83835 90730 91109==
17375 42670 10102 10296 20211 30092 40094 55003 81200 333 81835 90730 91116==
33088 41560 70701 10199 20180 39903 40083 52001 70182 86970==
33135 42/60 81301 10258 20186 39965 40101 53005 8805/==
33177 41560 80401 10184 20172 39865 40090 53003 70282 889//==
33317 41540 60000 10200 20187 39761 40078 53003 78082 83930==
33393 42/60 70000 10199 20155 39712 40081 53001 87030==
33415 42660 73303 10194 20163 39703 40078 53004 83370==
33429 41560 72402 10210 20189 39676 40071 53005 78098 85930 333 85920==
33466 41559 81804 10196 20173 39923 40100 53014 79598 889// 333 31/// 88924==
33506 41560 71402 10286 20127 39927 40107 53003 70282 82534==
33562 42660 61303 10238 20174 39795 40078 53004 83930==
33587 41560 81602 10195 20165 39846 40094 53016 79598 889// 333 88922==
33658 41584 72903 10195 20178 39797 40079 52004 70282 83330 333 83933==
33663 42570 62102 10234 20165 39985 40074 53004 84930==
33664 42598 52602 10210 20176 39769 40066 53004 83230=
33678 42598 62803 10223 20152 39893 40086 52010 83201=
33679 42497 61702 10235 20151 39897 40075 53002 84931=
33711 41560 81604 10228 20180 39902 40098 53012 78098 8537/ 333 85932==
33745 41597 72902 10195 20180 39913 40089 52006 70282 87900=
33748 41597 72902 10196 20183 39806 40075 53004 70282 87300=
33754 42598 62002 10232 20170 39934 40072 53001 83330=
33761 41466 81802 10204 20180 39878 40088 52009 78098 8635/==
33791 42588 61206 10262 20150 39985 40103 52006 82330==
33815 42598 62202 10229 20162 39880 40074 53006 85331=
33837 42580 52003 10223 20177 30048 40097 53013 83464==
33881 42598 71903 10225 20166 39898 40082 53007 86330=
33883 42598 62001 10224 20193 39928 40078 52007 86300=
33885 42598 72402 10205 20182 39971 40095 52003 87300=
33892 42598 62202 10225 20166 39883 40078 52008 85330=
33902 42560 61803 10273 20163 30042 40097 53006 82354==
33924 22570 21902 10255 20201 30099 40111 52008 82900 333 60002==
33946 21682 51204 10209 20188 39910 40119 52008 71798 83330 333 60182 83936 90730 91119==
33983 22/60 53503 10244 20164 30050 40107 52004 83031 333 60002==
34300 42660 61202 10284 20040 39970 40134 53006 82501==
34336 22/70 51003 10270 20021 30085 40181 52003 82039 333 10304 60002 90730 91112==
34344 22970 81104 10273 20040 30100 40182 53003 80007 333 10303 60002 90730 91112==
34356 22/60 71004 10257 20030 30068 40205 53001 86071 333 10280 60002 90730 91115==
34357 22/70 81005 10255 20026 30046 40190 54001 85031 333 10287 60002 90730 91115==
34398 21970 60906 10252 20071 30228 40237 53001 70331 80001 333 10284 60002==
34415 42670 61102 10291 20072 30036 40125 54000 83589==
34438 22560 80907 10272 20048 39980 40157 52005 82581 333 10308 60002 91010 90730 91116==
34445 22/70 71005 10264 20024 30077 40183 53005 83071 333 10290 60002 90730 91113==
34461 22/60 81002 10257 20017 30151 40202 55000 84036 333 10289 60002 90730 91112==
34473 31997 71007 10259 20028 30189 40225 53004 70232 81089 333 10291 91120=
34476 21970 70805 10263 20011 30212 40219 52002 70232 80004 333 10289 60002 90730 91113==
34504 42/78 70302 10242 20162 39946 40108 58004 87030==
34535 22570 71007 10288 20018 30076 40142 52005 83901 333 10310 60002 91013 90730 91116==
34545 22/70 70905 10275 20022 30061 40164 53004 80031 333 10300 60002 90730 91114==
34555 22570 70905 10238 20095 30099 40185 54000 82534 333 10275 60002 90730 91111==
34560 42960 71007 10253 20043 30019 40197 52002 80001 333 10285 90730 91112==
34578 22/60 61404 10265 20033 30190 40197 53002 86080 333 10294 60002==
34579 22970 60703 10263 20032 30164 40205 52003 80001 333 10290 60002 90730 91110==
34644 22/60 50904 10291 20020 30066 40137 52005 82032 333 10321 60002 90730 91114==
34646 22/70 80905 10253 20126 30075 40151 52005 81084 333 10287 60002 90730 91112==
34655 22560 70708 10288 20011 30106 40162 53003 87400 333 10321 60002 91013 90730 91117==
34662 22970 80803 10267 20025 30175 40185 52003 80008 333 10297 60002 90730 91112==
34691 21/70 30906 10270 20036 30223 40212 54000 70730 82032 333 10300 60002==
34720 22670 60805 10289 20093 30069 40106 52002 83584 333 10303 60002 90730 91111==
34727 22560 62804 10252 20163 30072 40100 54001 86400 333 10291 60002==
34743 22/60 71004 10298 20021 30065 40147 52006 82039 333 10315 60002 90730 91113==
34759 22560 70905 10288 20028 30030 40150 53008 82504 333 10313 69952 90730 91114==
34772 22570 60805 10275 20022 30183 40186 53007 84531 333 10308 60002 90730 91112==
34785 22970 51006 10256 20024 30215 40194 52004 80002 333 10299 60002 90730 91112==
34798 22960 30903 10250 20088 30223 40196 54000 80001 333 10279 60002==
34824 22560 53603 10245 20186 30093 40098 52003 82209 333 10309 60002==
34838 22560 81102 10321 20053 30012 40099 52009 8499/ 333 10352 60002 90730 91110==
34845 22570 81103 10308 20027 30022 40120 53006 82131 333 10324 60002 90730 91112==
34858 22/60 61004 10296 20022 30037 40136 53008 83036 333 10318 60002 90730 91112==
34861 21/60 61209 10273 21002 39927 40152 52010 70732 82031 333 10314 60002 91011 90730 91114==
34866 21770 61007 10278 20047 30171 40163 53012 70232 82931 333 10322 60002 91010 90730 91114==
34880 22/60 30802 10236 20094 30213 40189 52008 82031 333 10292 60002 90730 91112==
34887 22/70 60403 10243 20087 30197 40179 52009 84032 333 10296 60002 90730 91112==
34949 22660 61006 10279 20056 39616 40118 52015 82501 333 10308 60002 90730 91114==
34954 22970 80803 10299 20022 39962 40121 52010 80001 333 10333 60002 90730 91111==
34958 22970 60904 10286 20048 39944 40127 53011 86004 333 10326 60002 91010 90730 91112==
34975 21/60 31105 10261 20053 30160 40156 53013 70700 80081 333 10310 60002 90730 91115==
34984 22/70 50506 10229 20112 30201 40172 53010 80082 333 10280 60002 91010 90730 91113==
35217 11960 20702 10224 20055 30218 40256 57002 60002 70132 80003 333 10274==
35302 12/70 21008 10232 20076 30233 40253 53001 60002 82040 333 10277==
35315 32998 00705 10220 20069 30195 40248 53002 333 10261=
35344 32697 20605 10195 20049 39990 40261 53002 82100 333 10227=
35358 129// 00205 10183 20077 30109 40270 53006 60002 333 10231==
35368 329// 00508 10171 20088 30010 40263 52017 333 10244=
35386 329// 00402 10112 20007 39779 40282 53007 333 10174=
35394 12970 40104 10101 20011 39621 40277 53003 60002 80001 333 10162==
35404 32998 31004 10240 20107 30228 40236 57002 80004 333 10280=
35406 11960 00706 10238 20072 30234 40236 54000 60002 70730 333 10274==
35416 12970 01907 10225 20012 30128 40241 53004 60002 333 10273==
35426 12984 00403 10194 20062 39976 40249 53005 60002 333 10240==
35437 319// 60604 10195 20061 39945 40239 53003 70231 80003 333 10235 91115=
35449 329// 00307 10219 20076 30135 40231 53002 333 10253=
35497 129// 23604 10102 21009 39489 40260 53007 60002 80001 333 10175==
35498 329// 00402 10090 21009 39409 40260 52006 333 10160=
35514 32998 20703 10235 20013 30228 40224 54000 80001 333 10274=
35522 32998 20504 10219 20053 39998 40232 53004 82030 333 10254=
35542 32998 00907 10224 20053 30094 40230 53004 333 10252=
35563 32998 00604 10151 20044 39514 40244 53011 333 10228=
35576 129// 00607 10172 20036 39811 40234 52007 60002 333 10230==
35582 329// 00510 10128 20033 39678 40252 53012 333 10190 91116=
35594 329// 00204 10098 21032 39442 40251 52009 333 10186=
35605 32998 00405 10253 20027 30228 40208 57001 333 10276=
35633 32998 00506 10230 20105 30017 40214 53005 333 10268 91115=
35671 12970 00505 10190 20025 39821 40223 53016 60002 333 10268==
35699 129// 20506 10127 21041 39507 40229 53012 60002 80001 333 10183==
35700 12970 00707 10262 20053 30221 40199 57008 60002 333 10288==
35715 32598 50806 10278 20076 30203 40190 57001 85500 333 10291=
35739 32999 20903 10254 20054 30054 40182 53005 82040 333 10296 91115=
35746 119// 40206 10244 20046 30135 40197 53009 60002 70330 80001 333 10296==
35777 329// 00507 10223 20085 39866 40183 57005 333 10206=
35796 12960 00405 10151 21040 39805 40217 53014 60002 333 10211==
35849 12/// 50702 10231 20058 30097 40176 53006 60002 82032 333 10315==
35895 32997 00906 10175 20080 39789 40205 53001 333 10189=
35907 32998 00710 10226 20145 30196 40168 57002 333 10250=
35925 129// 20504 10256 20015 30069 40171 53001 60002 80001 333 10297==
35927 32998 00502 10266 20025 30166 53003 333 10304=
35953 12/// 60305 10248 20051 30053 40172 53006 60002 84032 333 10302 90730 91115==
35969 129// 00503 10246 20056 30011 40170 53007 60002 333 10298==
35997 329// 00508 10178 20085 39780 40187 53010 333 10239=
36259 42584 80903 10077 20033 38234 48497 52008 86902==
36335 329// 00101 10043 21015 39280 40286 53003 333 10129=
36358 326// 63602 10074 21012 39264 40249 57001 85502 333 10100=
36394 /15// 83205 10070 20061 39808 40218 58003 72582 883// 333 10097 555 60012=
36397 416// 83202 10060 20051 39673 40222 53002 78082 883// 333 10110==
36403 327// 32001 10051 20037 39863 40215 52006 82541 333 10112=
36418 326// 61005 10103 20005 39616 40204 52008 84930 333 10166=
36421 326// 52201 10079 20060 39660 40203 52008 85500 333 10131=
36428 416// 70502 10095 20081 39725 40205 52008 70282 85951 333 10152==
36439 /15// 82902 10064 20053 38980 48517 53016 72582 889// 333 10124 555 60022=
36498 326// 23506 10075 20023 39468 40233 54000 82500 333 10130=
36501 /16// 70000 10067 20049 39508 40238 52001 70182 87300 333 10109 555 60022=
36535 125// 62803 10054 20001 39604 40219 52003 60002 84330 333 10102==
36546 329// 32701 10073 20036 39693 40214 52005 80003 333 10159=
36619 329// 00204 10113 20002 333 10215=
36622 325// 63404 10066 20024 39444 40222 54000 83330 333 10132=
36639 129// 10000 10099 20017 39587 40165 52014 60002 80001 333 10225==
36643 325// 50401 10057 20034 39575 40218 52009 82970 333 10147=
36665 /26// 51401 10080 20019 39505 40204 52003 83902 333 10133 555 69932=
36666 325// 70502 10120 20057 39733 40201 52001 87900 333 10160=
36729 32998 02502 10108 21034 39736 40197 52009 333 10190=
36736 325// 52103 10124 21032 39664 40190 52019 83530 333 10225=
36744 329// 00504 10154 21034 39769 40193 53009 333 10220=
36770 329// 00104 10142 20017 39485 40170 53005 333 10215=
36786 32699 50000 10109 20003 39319 40197 53010 83902 333 10180=
36796 329// 60000 10096 20042 39042 48521 52005 86070 333 10160=
36803 32999 02704 10127 21032 39772 40200 53017 333 10203=
36806 325// 83403 10151 20009 39747 40188 52011 889// 333 10244=
36819 329// 40502 10170 20034 39596 40170 53011 82041 333 10242=
36821 129// 00403 10157 20019 39723 40185 53011 60002 333 10235==
36839 32998 03505 10122 20037 39095 40168 53009 333 10203=
36843 329// 00000 10099 20055 39049 40175 53005 333 10212=
36846 329// 00505 10083 20031 38614 48504 53005 333 10196=
36859 129// 00000 10150 20080 39403 40137 53003 60002 333 10252==
36870 12/// 70501 10178 20100 39191 40135 53007 60002 87030 333 10227==
36874 326// 53604 10168 20024 39425 40154 53013 82506 333 10258=
36877 329// 50403 10164 20066 39244 40161 53013 80001 333 10230=
36885 326// 81602 10151 20072 39086 40149 53002 8255/ 333 10215=
36889 324// 80000 10011 20007 37083 47104 58005 886// 333 10055=
36894 329// 30000 10170 20063 39448 40139 53003 80001 333 10240=
36905 329// 21201 10125 20050 38736 48506 54000 80001 333 10185=
36911 129// 00000 10182 20073 39231 40145 54000 6//// 333 10261 555 530//=
36927 12697 23602 10132 20040 38360 48520 53009 6//// 82900 333 10194 555 530//=
36934 12697 63501 10118 20072 38270 48392 56002 6//// 81531 333 1//// 555 530//=
36953 329// 00000 10100 20029 38205 48508 53012 333 10175=
36963 129// 51401 10061 21051 37057 48/// 53003 6//// 82051 333 10124 555 530//=
36974 129// 60000 10124 21007 37944 48467 57004 6//// 80002 333 10222 555 530//=
36982 129// 03601 10008 21069 36564 47110 5//// 6//// 333 10082 555 530//=
37018 22670 21502 10271 20241 30031 40101 52005 82180 333 10305 60002==
37031 22560 81203 10293 20124 39928 40107 52012 8157/ 333 10333 60002==
37054 22670 80000 10258 20128 39765 40121 53009 885// 333 10294 69902 90730 91110==
37061 21/40 60906 10268 20111 39978 40135 53014 73132 84031 333 10321 60002 91010 90730 91111==
37085 22570 20707 10239 20143 30173 40148 52012 82500 333 10290 60002 90730 91115==
37171 21570 20603 10279 20218 30080 40097 54000 70191 81530 333 10315 60012==
37228 21460 82401 10209 20187 39341 40122 52008 71798 889// 333 10236 69942==
37235 22670 80902 10243 20172 39825 40119 52007 885// 333 10271 60002==
37472 22560 61304 10239 20201 30154 40133 52013 82571 333 10260 60002==
38149 12970 00402 10258 20036 30072 40144 53006 60002 333 10322==
38178 129// 00305 10253 20034 39854 40119 54000 60002 333 10294==
38262 129// 20502 10230 20050 30063 40140 53005 60002 80001 333 10314==
38264 12970 03603 10248 20017 30045 40132 52006 60002 333 10312==
38345 12998 50000 10141 20017 38784 48490 53008 6//// 84032 333 10223 555 530//=
38353 129// 52801 10183 20056 39277 40126 54000 6//// 80001 333 10259 555 530//=
38388 12998 00201 10284 20053 30043 40108 54000 6//// 333 10330 555 530//=
38392 12997 03603 10263 20073 30025 40120 57003 6//// 333 10309 555 530//=
38396 12960 23603 10232 20065 30008 40125 53004 60002 80001 333 10310==
38403 129// 53603 10289 20080 30009 40120 57003 60002 80001 333 10318==
38413 12/// 30802 10262 21022 39820 40089 53010 60002 83030 333 10302==
38457 12660 72301 10244 20046 39529 40074 57003 60002 83540 333 10305==
38462 126// 52302 10194 20029 38712 48465 53014 60002 83950 333 10277==
38462 126// 52302 10194 20029 38712 48465 53014 60002 83950 333 10277==
38507 12998 20904 10324 21005 30005 40099 53003 6//// 80001 333 10360 555 530//=
38545 12998 03401 10224 20085 39942 40106 53010 6//// 333 10309 555 530//=
38565 12/// 50000 10208 20050 39520 40089 53004 60002 85040 333 10280==
38579 125// 70000 10224 20136 39691 40082 52001 60002 82970 333 10287==
38583 12/60 82502 10219 20097 39780 40082 54000 60002 83041 333 10296==
38599 32997 82405 10222 20056 39597 40079 53002 80002 333 10299=
38611 12/60 70000 10222 20113 39541 40074 52006 60002 87040 333 10292==
38613 129// 00901 10191 20078 40084 53007 6//// 333 10293 555 530//=
38616 125// 60901 10152 20109 39131 40099 53003 6//// 86501 333 10278 555 530//=
38618 12/// 80000 10186 20125 39425 40075 52007 60002 8805/ 333 10296==
38647 12998 20702 10294 20046 30046 40085 52002 6//// 82030 333 10350 555 530//=
38656 12998 00504 10310 21030 30008 40108 53001 6//// 333 10342 555 530//=
38683 12960 43203 10243 20048 39826 40084 53005 60002 80001 333 10308==
38687 12997 00203 10267 20041 39872 40089 54000 6//// 333 10300 555 530//=
38696 12/// 60901 10224 20094 39273 40074 53006 60002 83071 333 10296==
38713 329// 82301 10176 20040 38991 48480 54000 80004 333 10267=
38750 12997 22502 10282 20236 30130 40104 54000 6//// 80001 333 10306 555 530//=
38763 12599 20703 10304 20040 30000 40096 53001 6//// 82200 333 10358 555 530//=
38774 12998 01401 10306 20058 39920 40099 53002 6//// 333 10343 555 530//=
38799 32997 00203 10280 20053 39881 40095 53009 333 10342=
38806 12997 03601 10234 20104 39824 40067 53004 6//// 333 10324 555 530//=
38812 12960 53101 10228 20053 39645 40069 54000 60002 80001 333 10296==
38836 329// 40000 10253 20065 39142 49985 53010 80002 333 10314=
38880 12997 20702 10298 21010 39863 40098 53001 60002 82030 333 10336 555 530//=
38886 12997 00000 10214 20043 39898 40106 57001 6//// 333 10331 555 530//=
38895 32996 00000 10264 20104 39829 40098 53002 333 10331=
38911 12997 63404 10272 20050 39801 40074 53003 6//// 85072 333 10330 555 530//=
38915 12997 02702 10302 20082 39775 40072 53003 6//// 333 10336 555 530//=
38927 12/60 22304 10228 20038 39711 40063 53007 60002 82030 333 10329==
38933 329// 01802 10234 20138 39576 40055 57010 333 10315=
38944 329// 00000 10247 20051 39505 49991 53008 333 10316=
38954 329// 00000 10230 21002 37870 48410 53011 333 10274=
38974 12998 02001 10285 20013 39779 40088 53004 6//// 333 10339 555 530//=
38987 32996 03301 10254 20011 39391 40083 53007 333 10312=
40180 02960 03506 10331 20197 30053 40099 52003 333 70000==
40199 02/// /0208 10403 20103 30044 40067 57001 333 70000==
40265 41950 03006 10327 20111 39355 40109 57001 70500=
40270 41957 03110 10322 20099 39253 40099 54000 70600=
40272 41950 03112 10334 20087 39313 40107 52002 70500=
40340 42960 00115 10404 20092 30014 40075 52002=
40356 42960 02804 10356 20000 39150 48501 333 58000 555 04410 50064=
40357 42960 00000 10385 20040 39458 40050 333 58008=
40360 42960 03010 10370 20000 39517 40072 333 58007=
40361 42960 02805 10393 20030 39331 40058 333 58000=
40362 42960 03607 10405 20050 39561 40039 333 59002=
40373 42960 03607 10422 20010 39644 40030 333 58010=
40375 42960 03210 10378 20010 39229 40048 333 58006=
40394 42660 42602 10392 20060 38985 48499 84200 333 59001 84845 555 04410 50072=
40394 42660 42602 10392 20060 38985 48499 84200 333 59001 84845 555 04410 50072=
40400 42960 03115 10335 20250 30022 40049 333 59012=
40405 42660 20307 10410 20020 39336 40013 82500 333 58002 82640=
40417 42960 03507 10386 20150 39996 40010 333 58011=
40420 42960 00510 10414 20130 39814 40004 333 58010=
40430 42660 42906 10436 21020 39331 40010 84500 333 58000 84640=
40437 42960 00110 10409 21050 39371 40024 333 58008=
40439 42660 32814 10394 20190 39994 40012 81530 333 59008 81640=
40582 42960 03616 10438 20093 40014 53003 333 55300 00000 10201 20122 30038 41510 51786 60160 55407 40084 90401 91019 91127 91221 91317=
40703 42662 30000 10312 20076 38853 40032 56007 83500 333 10356 20154 70000 83640 555 10176 29023 66666 00372 10352 20300 30278 50272 90264=
40706 42562 22302 10310 20031 38614 40038 57004 82300 333 10340 20194 70000 81830 81932 555 10159 29017 66666 00387 10365 20314 30301 50298 90286=
40712 42660 10801 10267 20088 38634 40040 57004 81400 333 10325 20162 70000 81635 555 10163 29032 66666 00311 10280 20246 30239 50232 90223=
40713 42662 10201 10315 20018 38616 40021 57007 81400 333 10346 20189 70000 81635 555 10157 29015 66666 00345 10302 20283 30280 50277 90258=
40718 42860 40201 10270 20196 30131 40104 51002 84070 222// 0//// 20300 333 10303 20256 70000 84458 555 10222 29064 66666 00338 10306 20308 30288 50280 90264=
40723 42970 12908 10260 20099 38921 40085 53006 81070 333 10318 20161 70000 81361 555 10166 29036 66666 00300 10300 20258 30244 50246 90240=
40726 42960 00000 10298 20099 38617 40038 53001 333 10338 20164 70000 555 10178 29029 66666 00314 10318 20292 30268 50264 90254=
40727 42965 02805 10306 20051 38452 40050 55003 333 10341 20116 70000 555 10163 29020 66666 00350 10325 20268 30251 50246 90230=
40732 42560 42301 10270 20210 30113 40090 56002 84500 333 10300 20246 70000 84626 555 10230 29070 66666 00314 10308 20302 30290 50278 90264=
40736 42560 32602 10280 20229 30125 40101 53003 81430 333 10316 20252 70000 81630 83359 555 10245 29074 66666 00328 10322 20308 30296 50290 90286=
40737 42660 82601 10272 20223 30080 40097 52005 8452/ 333 10327 20246 70000 84640 88459 555 10239 29075 66666 00297 10286 20276 30263 50253 90250=
40738 41657 52603 10283 20223 30110 40112 52006 70510 85500 333 10333 20247 70000 85635 555 10242 29070 66666 00320 10326 20310 30298 50290 90276=
40739 42665 30302 10288 20099 38655 40042 53002 83500 333 10344 20216 70000 83635 555 10175 29031 66666 00322 10326 20302 30288 50280 90273=
40741 42960 00000 10283 20017 39777 40094 53008 333 10346 20168 70000 555 10151 29018 66666 00346 10342 20316 30303 50302 90307=
40743 42665 13207 10313 20016 39001 40042 53003 81400 333 10358 20206 70000 81635 555 10158 29015 66666 00368 10363 20326 30308 50310 90312=
40745 42962 01104 10250 20057 39005 40096 53006 333 10310 20166 70000 555 10146 29029 66666 00302 10306 20260 30254 50252 90265=
40747 42965 02603 10314 21026 38591 40037 56003 333 10364 20146 70000 555 10146 29011 66666 00387 10362 20314 30294 50292 90288=
40754 42763 21203 10337 21036 38772 40014 55003 81470 333 10360 20243 70000 81650 555 10154 29009=
40762 42965 01402 10269 21030 38520 40053 53006 333 10319 20146 70000 555 10126 29014 66666 00300 10324 20286 30260 50270 90268=
40766 42970 02906 10321 21076 38648 40037 56005 333 10362 20160 70000 555 10140 29007 66666 00376 10370 20320 30296 50288 90282=
40768 42962 02702 10284 21007 38234 40031 55001 333 10337 20143 70000 555 10136 29015 66666 00371 10364 20305 30286 50280 90275=
40769 41659 10401 10306 20010 38269 40014 57005 70500 81400 333 10345 20174 70000 81635 555 10149 29015 66666 00376 10360 20320 30302 50298 90288=
40780 42960 02906 10300 20015 38651 40052 53004 333 10356 20279 70000 555 10151 29016 66666 00380 10360 20330 30330 50320 90300=
40782 42970 02602 10320 21010 38797 40019 55001 333 10387 20182 70000 555 10154 29012 66666 00336 10340 20310 30298 50302 90288=
40785 42960 00000 10357 21055 38998 40006 55002 333 10412 20247 70000 555 10161 29007 66666 00420 10414 20384 30358 50362 90372=
40791 42968 03603 10356 21025 39268 40031 53005 333 10405 20230 70000 555 10167 29009 66666 00399 10392 20366 30348 50342 90348=
40792 42962 03402 10302 21004 38679 40041 53004 333 10339 20191 70000 555 10147 29014 66666 00354 10356 20316 30302 50318 90302=
40798 42660 10805 10247 21061 37950 40059 58001 81100 333 10326 81840 555 10106 29013 66666 00356 10354 20296 30265 50260 90253=
40800 42960 01402 10303 21002 38424 40031 56006 333 10358 20183 70000 555 10146 29014 66666 00340 10352 20318 30298 50294 90288=
40809 42965 00304 10272 21071 38465 40052 53004 333 10337 20133 70000 555 10119 29010 66666 00336 10336 20300 30288 50288 90294=
40811 42960 02804 10425 20071 39965 49990 55000 333 10471 20297 70000 555 10220 29012 66666 00432 10420 20386 30384 50380 90376=
40812 42960 02201 10402 20032 39642 49988 56007 333 10439 20299 70000 555 10199 29010 66666 00476 10466 20434 30412 50392 90384=
40818 42962 03604 10274 21083 37965 40026 53001 333 10308 20144 70000 555 10114 29009 66666 00323 10312 20286 30277 50280 90284=
40821 42975 02902 10333 21049 38739 40031 55001 333 10371 20205 70000 555 10150 29008 66666 00398 10387 20345 30333 50331 90338=
40829 42960 03407 10319 21055 39488 40026 53002 333 10375 20230 70000 555 10149 29009 66666 00350 10350 20312 30308 50302 90294=
40831 42960 02908 10412 20115 39996 40003 56003 333 10468 20330 70000 555 10230 29017 66666 00428 10424 20392 30388 50376 40702 42680 10403 10337 20121 39241 40038 57009 81402 333 10381 20193 70000 555 10204 29027 66666 00394 10378 20336 30318 50314 90304=
40833 42960 02906 10428 20055 39970 40000 56002 333 10470 20279 70000 555 10216 29011 66666 00416 10400 20382 30374 50384 90368=
40835 42960 02803 10380 20158 39233 40005 53002 333 10415 20234 70000 555 10234 29027 66666 00430 10410 20384 30362 50360 90348=
40841 42980 00203 10268 21050 38221 40047 53004 333 10324 20086 70000 555 10120 29012 66666 00338 10348 20290 30282 50290 90284=
40845 41957 02502 10352 20267 39994 49999 56005 70500 333 10383 20305 70000 555 10290 29062 66666 00400 10408 20380 30374 50368 90360=
40848 42660 12403 10322 20031 38468 49992 55001 81400 333 10372 20218 70000 81640 555 10162 29016 66666 00358 10348 20320 30300 50296 90292=
40851 42960 03502 10294 21144 38232 40021 53004 333 10340 20160 70000 555 10116 29005 66666 00372 10374 20338 30310 50316 90316=
40854 42960 00000 10330 21144 38886 40011 53006 333 10374 20238 70000 555 10137 29004 66666 00374 10382 20374 30362 50366 90364=
40856 42962 00602 10269 21109 38600 40050 53014 333 10330 20169 70000 555 10113 29008 66666 00334 10348 20310 30296 50300 90304=
40859 42960 00000 10340 20000 38637 40001 55001 333 10378 20188 70000 555 10162 29011 66666 00356 10342 20310 30290 50294 90291=
40875 41950 01004 10327 20258 39998 40009 55002 70500 333 10384 20313 70000 555 10277 29067 66666 00394 10386 20374 30366 50370 40703 42662 30000 10312 20076 38853 40032 56007 83500 333 10356 20154 70000 83640 555 10176 29023 66666 00372 10352 20300 30278 50272 90264=
40879 42962 00000 10362 21063 39367 40003 53006 333 10412 20262 70000 555 10164 29006 66666 00442 10472 20404 30390 50392 90398=
40882 41956 03102 10340 20272 39973 40006 56001 70500 333 10408 20306 70000 555 10290 29068 66666 00426 10418 20390 30388 50372 90362=
40883 41950 02002 10345 20261 39977 49999 53001 70500 333 10388 20316 70000 555 10284 29062 66666 00398 10406 20387 30385 50379 90373=
40893 42960 09901 10304 20251 30005 40011 53002 333 10323 20298 555 10267 29073 66666 00380 10385 20372 30369 50367 90371=
40898 41556 11404 10294 20264 30001 40010 53016 71000 81600 222// 00304 20801 333 10328 20282 70000 81720 555 10272 29084 66666 00362 10412 20398 30378 50370 90370=
41024 42960 23112 10361 20220 30001 40026 82030 333 59016 82360=
41036 42560 43410 10358 21050 38533 48484 84800 333 59010 84830 555 04410 50024=
41055 42560 20612 10335 21060 38339 48476 82400 333 58000 82630 555 04410 50025=
41061 42960 00514 10416 21060 39334 49994 333 58000=
41084 42960 10608 10379 21070 38801 48470 81030 333 59001 81360 555 04410 50001=
41112 42560 20315 10291 21080 37929 48478 82400 333 58000 82620 555 04410 50009=
41114 42560 20514 10297 21070 37963 48478 82400 333 58002 82622 555 04410 50006=
41128 42960 00308 10358 21040 38756 48473 333 58000 555 04410 50018=
41136 42660 40407 10398 20020 39232 49994 84400 333 58000 84640=
41140 41957 02010 10340 20270 30025 40032 70500 333 59001=
41150 42962 00205 10349 20280 40013 333 58009=
41170 41957 00904 10352 20278 39996 40009 70500 333 58005=
41176 44/59 /0805 10351 20266 39995 40001 333 58003=
41184 42960 03604 10377 20077 40008 333 58001=
41194 42960 00308 10389 20181 39996 40001 333 58002=
41216 42960 00108 10353 20271 39995 49999 333 59003=
41217 42960 03411 10369 20233 39967 49994 333 59005=
41244 36/// /1012 10388 20028 39592 49980 333 0E035 55300 25022 58005=
41246 36/// /1207 10304 20282 30014 40016 333 0E031 55300 25022 58004=
41255 32960 01505 10378 20047 39506 40042 333 58013=
41256 32960 09905 10300 20260 30003 40020 333 58007 55129 55407 55408 55507 55508=
41258 36/// /1208 10301 20276 30009 40012 333 0E/// 55307 20375 58003=
41262 36/// /1408 10398 20061 39804 49986 333 0E030 55300 20464 58007=
41265 36/// /1316 10354 20111 39452 49987 333 0E030 55300 20335 58004=
41267 36/// /3303 10293 20270 30010 40022 333 0E029 59000=
41268 36/// /0010 10324 20239 39966 40011 333 0E028 55300 25022 59001=
41275 36/// /1216 10339 20206 39858 40019 333 0E026 55300 20426 58015=
41288 36/// /1611 10274 20243 30012 40033 333 0E028 58014=
41315 36/57 /1603 10227 20222 39241 47300 333 0E026 55300 27865 59004=
41316 32460 61907 10273 20254 30017 40046 86600 333 59005 55178 55407 55408 55507 55508 82713 86625=
41396 42965 31003 10386 20001 39320 49994 81031 333 59002 81365 83070=
41398 71317 10250 20220 40130 5//// 758// 8777/ 22274 00250 20703 315// 41003 80230=
41480 41650 51004 10321 20271 30033 40041 70644 81960 333 58016 81935 85360=
41497 62436 10300 20255 40073 53015 70122 84208 22231 00298 20408 80267=
41506 12920 01802 10280 20101 38394 48880 60001 333 59034==
41508 12940 01801 10244 20140 38570 48470 60001 333 59028==
41515 12940 02703 10288 20080 38450 48120 60001 333 59021==
41523 12940 00000 10280 20208 38982 48330 60001 333 59022==
41535 12940 00000 10240 20179 38632 48110 60001 333 59017==
41536 12940 00000 10250 20182 38943 48400 60001 333 59017==
41560 12940 01303 10240 20148 38234 48470 60001 333 59014==
41571 11600 11304 10290 20186 39449 40000 60001 70500 81030 333 56080 59011==
41598 11940 00000 10320 20258 39726 49982 60001 70400 333 59012==
41600 11440 30000 10310 20276 30000 49993 60001 70411 83500 333 56800 59009==
41620 12940 01802 10330 20017 38475 48790 60001 333 59022==
41624 11940 00000 10340 20249 30000 49960 60001 70400 333 59038==
41630 11940 21301 10330 20253 30000 49992 60001 70400 82030 333 56080 59010==
41640 11440 21301 10315 20244 39759 49995 60001 70400 82500 333 56800 59008==
41660 11900 02307 10255 21062 38380 48720 60001 70500 333 59014==
41678 11940 00000 10350 20245 30000 49995 60001 70500 333 59008==
41696 12940 00000 10220 20000 37979 48730 60001 333 58005==
41697 12940 00000 10350 20261 30000 49978 60001 333 59023==
41700 11940 00000 10330 20246 30000 49974 60001 70400 333 59016==
41710 12940 03102 10330 21183 30000 49978 60001 333 59011==
41712 12940 00000 10325 21042 39103 48590 60001 333 59009==
41715 11940 00000 10335 20281 30000 49979 60001 70500 333 59023==
41718 11940 00000 10325 20263 30000 49992 60001 70400 333 59012==
41725 12940 00000 10355 20251 30000 49981 60001 333 59020==
41739 12940 02303 10330 20120 38970 48600 60001 333 59018==
41744 12940 00000 10295 20070 38698 48350 60001 333 58002==
41749 11940 01305 10330 20276 30000 49986 60001 70400 333 59023==
41756 11940 02203 10285 20242 30000 40024 60001 70504 333 59014==
41759 11940 02304 10305 20256 30000 40027 60001 70500 333 58008==
41764 12940 02107 10300 20243 39966 40014 60001 333 59003==
41768 12940 02704 10305 20264 30012 40016 60001 333 58003==
41780 11440 72305 10290 20240 39998 40025 60001 70400 86600 333 56800 59009==
41785 12940 02302 10295 20253 30016 40029 60001 333 58000==
41859 02930 00502 10311 20270 39979 40015 333 59029 70000==
41883 02930 00000 10315 20280 39989 40009 333 59028 70000==
41891 01440 61203 10310 20220 39974 40011 70522 83340 333 59019 70000 83615 85365 81930==
41907 02940 20000 10300 20270 39997 40011 80002 333 59018 70000 82080==
41923 02/45 30000 10308 20280 30001 40011 83030 333 59023 70046 83360==
41936 01420 52703 10284 20260 30003 40010 70592 84630 333 59015 70100 81710 83615==
41943 01430 82701 10290 20270 39996 40003 71322 8432/ 333 59030 70531 83615 86457 81928==
41950 01350 80000 10272 20270 30002 40004 71362 333 59026 70587 82708 84616 80156 88458==
41978 01335 80410 10262 20250 39995 40002 79596 8492/ 333 59034 70624 83710 88458 81925==
41992 01310 81505 10260 20260 30003 40005 76596 8692/ 333 59032 71850 84707 85612 88458 81925==
42001 12151 99259 70897 46/// /2305 10299 20288 30078 40081 91440 22200 00299 333 91207 555 11055 22059 8//06 91431=
42027 32996 00000 10212 20155 38338 48418 333 59022=
42056 32996 00502 10278 20243 39583 333 58001=
42071 31995 21404 10292 20258 40002 71000 82030 333 59002 82359=
42097 12151 99257 70837 46/// ///// 1//// 91456 22200 00305 11002 21002 328// 41102 70012=
42101 32996 40000 10272 20246 40025 84030 333 58011 84360=
42111 21494 82702 10228 20225 39319 40001 75062 8672/ 333 59003 6017/ 83712 85616 88456=
42123 22996 00701 10312 20256 49995 333 59009 6996/=
42165 32696 50000 10344 20235 49984 83530 333 59009 83635 85360=
42182 21595 83403 10248 20248 40000 76165 8632/ 333 59005 6002/ 83720 85630 81935 88459=
42189 21594 80503 10252 20252 49963 76396 8552/ 333 56299 59030 6045/ 85620 88458=
42309 31995 43201 10290 20279 40026 71000 84030 333 59020=
42328 32996 02304 10320 20237 49983 333 58000=
42339 21595 62302 10252 20234 40022 72165 84820 333 58008 6015/ 82630 83835 85458=
42348 31595 39903 10284 20244 49993 71021 81530 333 59008 82630 83360=
42361 21496 52302 10252 20249 49994 70562 85700 333 58029 6017/ 82714 85618=
42369 21495 81604 10260 20249 49991 76062 8532/ 333 58007 6014/ 82712 84620 81830 88458=
42379 21495 70000 10286 20272 40024 71096 8553/ 333 58017 6998/ 85618 83360=
42410 31595 30000 10306 20281 40024 71000 83500 333 59029 83620=
42415 32596 60000 10310 20280 40030 83430 333 59028 83620 85360=
42452 31996 52502 10282 20251 39703 40006 71022 82031 333 58015=
42492 31495 50000 10316 20272 40030 71322 83330 333 58014 83618 81930 84360=
42559 22596 62503 10246 20240 40016 82032 333 58037 6008/ 82360 85075=
42571 22596 50000 10266 20257 40018 83530 333 58038 6997/ 83625 84360=
42623 21495 80502 10244 20212 39194 40051 71022 8563/ 333 82710 85618 88360=
42634 32596 40000 10282 20236 40047 84500 333 58003 84620=
42647 31596 20000 10304 20256 40047 70500 82500 333 58015 82620=
42667 31496 71807 10252 20235 39469 40045 70522 84730 333 58036 82710 84620 86360=
42675 31595 52301 10266 20243 40035 70522 82530 333 58033 82625 84360=
42701 31595 40000 10266 20249 39319 40030 71092 82530 333 59003 82620 83360=
42724 31496 50000 10306 20261 40004 71022 83530 333 59024 83618 84360=
42737 32896 32305 10272 20240 40053 83030 333 58011 83358=
42754 32596 42504 10246 20223 39425 40050 82530 333 58024 82620 83360=
42779 21596 50000 10262 20245 39359 40039 71322 83530 333 58022 6002/ 83620 85360=
42798 31495 60000 10308 20266 40024 71022 84530 333 58002 84615 85360=
42809 21495 80000 10307 20284 40017 70522 8451/ 333 56899 59012 6990/ 84618 87459=
42840 32996 02003 10284 20247 40066 333 58018=
42867 21495 62503 10264 20247 40059 70522 83520 333 58032 6991/ 83618 85458=
42874 32996 02301 10288 20254 40048 333 58013=
42886 31595 60000 10288 20263 40044 70521 84530 333 58008 84620 86360=
42895 32596 50000 10304 20285 40024 83530 333 58008 83620 83360=
42971 31496 62001 10296 20274 40048 70522 85430 333 58004 84618 86360=
43003 21595 30000 10284 20241 40077 70510 83800 333 58016 6006/ 82620=
43014 21495 82511 10232 20211 39432 40074 75065 8472/ 333 58029 6994/ 82712 83620 87458=
43041 32996 30000 10272 20244 39456 40059 83030 333 58010 83360=
43063 22596 12701 10230 20200 39466 40088 81500 333 58018 6992/ 81626=
43086 32596 20000 10282 20256 39879 40054 82500 333 58015=
43110 32496 60000 10274 20245 40099 84720 333 58015 81712 83618 85456=
43128 31596 20000 10270 20218 39471 40069 70521 81530 333 58009 81620=
43150 31596 52503 10302 20263 39993 40054 70522 82501 333 58002 82620 84075=
43185 32596 42902 10298 20255 30053 40056 82531 333 58002 82620 83360=
43189 32596 30000 10300 20260 30052 40061 81501 333 58000=
43192 21496 81802 10276 20256 40094 76152 8477/ 333 58010 6004/=
43201 32496 32302 10250 20199 39352 40069 82530 333 58010 82612 83358=
43213 32596 50000 10300 20239 39744 40054 83538 333 58004=
43237 32996 42504 10290 20202 39667 40052 81032 333 58005 81360 83075=
43245 32596 52002 10338 20231 30040 40066 82432 333 58002=
43279 22596 51604 10300 20258 30059 40076 82531 333 58006 6990/ 82620 83360=
43284 21496 50903 10252 20237 39990 40106 70162 83831 333 58009 6007/ 83612 83358=
43295 21496 73204 10254 20170 39095 48511 72052 84630 333 56790 58005 6990/ 83710 83612 85358=
43314 32596 20000 10286 20255 40107 81501 333 58000=
43321 31496 52310 10268 20227 39645 40088 71022 82531 333 59004 82612 84070=
43329 32596 50000 10302 20272 30062 40075 83531 333 58007=
43333 21495 82303 10272 20261 40099 76062 8444/ 333 58000 6016/ 83618 85820 88458=
43344 31496 52708 10334 20199 39983 40080 70522 82531 333 58001 82616 83360=
43353 31496 43404 10276 20247 40107 71021 81720 333 56790 59003 81714=
43369 22596 62702 10282 20262 40112 83530 333 58003 6003/ 83620 86358=
43371 32597 52703 10272 20246 30034 40106 81631 333 58001 81620 83358=
43404 22470 32003 10288 20266 30081 40084 52019 82000 333 553// 20000 59001 60008 91007 555 60008==
43410 22/70 1//// 10306 20230 30088 40091 52021 80002 333 59002 60008 555 60008==
43413 22470 52004 10287 20249 30093 40098 52022 84100 333 553// 20006 58002 60008 91006==
43415 22470 42201 10288 20236 39992 40100 52020 82000 333 59003 60008 555 60008==
43418 22470 52300 10303 20225 30051 40092 52022 81101 333 59006 60008 555 60008==
43421 22470 32202 10278 20237 39995 40100 52021 81000 333 553// 20000 59004 60008 91004 555 60008==
43422 22/70 52301 10273 20239 39968 40101 52019 333 59005 60008 555 60008==
43424 22470 11803 10286 20255 30092 40094 53015 81000 333 59009 60008 555 60008==
43436 22470 60000 10297 20267 30089 40092 52017 83/// 333 59003 60008 81920 555 60008==
43441 22470 62301 10271 20241 39970 40102 52021 82000 333 59005 60008 555 60008==
43444 22470 50201 10249 20227 39581 40110 52026 82000 333 59003 60008 555 60008==
43450 22/70 61501 10279 20257 30106 40118 50019 333 59001 60008 85/80 555 60008==
43466 22470 62201 10284 20236 30109 40117 5/024 86000 333 553// 20000 59004 60008 91004==
43467 22470 42102 10291 20251 30110 40116 52022 84100 333 59004 60008 555 60008==
43473 22470 72903 10158 20158 38144 48510 52021 87000 333 553// 20000 58005 60008 91005 555 60008==
43475 22470 52102 10300 20233 30095 40100 52033 85000 333 553// 20000 59001 60008 91004 555 60008==
43476 22470 52301 10212 20161 38785 48530 5/025 82000 333 58005 60008 555 60008==
43479 22/70 22202 10241 20207 39269 52027 333 58002 60008 555 60008==
43486 22470 70201 10263 20263 30019 40119 53030 86800 333 553// 20000 59004 60008 91002==
43495 22470 42702 10285 20257 30102 40116 52/// 82000 333 59002 60008==
43497 22470 62303 10277 20000 30090 40107 5/032 82000 333 553// 20012 59006 60008 91006==
44212 41/// 82201 10119 20066 39107 40192 52007 72162 8802/==
44213 415// 80000 10094 20067 38790 40200 52005 76162 8872/==
44214 42/70 52702 10094 20017 38272 40176 53006 82048==
44215 416// 71002 10102 20032 38410 40185 52008 71522 87800==
44217 32998 20000 10050 21011 37874 40245 52011 82040 333 91204=
44218 426// 71302 10110 20071 38597 40178 52006 87500==
44219 326// 70803 10123 20059 38612 40170 52011 87500 333 91208=
44265 426// 33201 10144 20034 38834 40171 51010 82841==
44266 326// 22703 10074 21015 37799 40213 52009 82500 333 91207=
44454 41457 61205 10233 20207 38631 48473 71321 83330 333 58009=
48064 41440 80402 10250 20250 39959 40016 75065 8587/ 333 58010==
48094 42450 60000 10275 20265 30061 40071 84970 333 59002==
50557 14/80 /3504 10080 20037 39905 40199 52020 60001 333 10159 20077 3/006 55300 58042 70000 90761 91114==
51076 14/80 /0700 10095 20069 39328 40189 52004 60001 333 10175 20095 3/011 58004 70085 90761 91105==
51087 14/79 /0901 10122 20077 39188 40177 52004 60001 333 10185 20120 3/011 58000 70001 90761 91108==
51156 14/80 /3403 10071 20059 38697 40194 52002 60031 721// 333 10129 20070 3/005 59014 70371 90761 91109==
51243 14/80 /3301 10148 20112 39641 40165 52005 69981 333 10224 20148 3/015 59014 70016 90761 91111==
51463 14/73 /1402 10143 20076 39018 40162 52001 60001 333 10184 20132 3/012 59033 70000 90761 91106==
51573 14/68 /0106 10282 20074 30056 40102 52010 60001 333 10324 20218 3/027 59004 70000 90761 91110==
51644 14/60 /0201 10140 20092 38914 40121 52006 60001 333 10251 20100 3/017 59025 70003 90761 91105==
51656 14/61 /0902 10169 20114 39104 40110 52005 60001 333 10269 20129 3/015 59014 70000 90761 91106==
51709 14/63 /0301 10190 20074 38595 40091 52010 60001 333 10245 20129 3/020 59033 70000 90761 91107==
51716 14/57 /0200 10173 20104 38867 40098 52007 60001 333 10271 20124 3/019 59030 70000 90761 91106==
51765 14/70 /0901 10166 20083 39159 40103 52007 60001 333 10293 20133 3/015 59027 70000 90761 91105==
51811 14/62 /0302 10199 20073 38743 40088 52011 60001 333 10269 20101 3/018 59039 70000 90761 91107==
51828 14/58 /1201 10212 20063 38591 40061 52006 60001 333 10269 20146 3/017 59051 70000 90761 91107==
51886 14/80 /0805 10137 21031 37155 40091 52010 60001 333 10187 20087 3/014 58022 70000 90761 91111==
52203 14/75 /0802 10180 20096 39294 40138 52003 60001 333 10252 20156 3/017 58003 70000 90761 91107==
52602 14/80 /3502 10109 20009 37312 40133 52012 60001 333 10185 20075 3/009 58046 70002 90761 91114==
52681 14/80 /2804 10145 20118 38655 40158 52014 69911 721// 333 10170 20139 3/013 58054 70009 90761 91115==
52818 14/79 /2201 10103 20059 37290 40143 52009 60001 333 10155 20082 3/010 58038 70044 90761 91110==
53463 14/76 /0601 10197 20169 38838 40099 57002 60001 333 10247 20159 3/018 59066 70000 90761 91106==
54857 14/73 /3002 10265 20247 30018 40106 57008 60001 333 10285 20247 3/028 55300 59050 70000 90761 91106==
55228 14/68 /1102 10033 20017 36088 40090 52005 60031 760// 333 10119 20027 3/004 58028 70063 90761 91106==
55299 14/73 /1101 10085 20043 35915 49977 52009 60001 333 10155 20060 3/006 58004 70002 90761 91110==
55578 14/80 /1001 10141 20065 36404 49953 52016 60001 333 10230 20111 3/015 58002 70000 90761 91111==
55591 14/80 /0802 10174 20077 36548 49932 52015 60001 333 10239 20123 3/017 59007 70012 90761 91105==
55664 14/80 /1802 10116 20007 36057 49984 52021 60001 333 10192 20040 3/011 59001 70000 90761 91109==
55773 14/80 /1602 10072 20052 36078 40053 52015 60001 333 10128 20060 3/008 59003 70019 90761 91113==
56004 14/67 /2304 10068 20046 35898 40014 52015 60111 762// 333 10147 20034 3/001 58013 70111 90761 91114==
56116 14/69 /0201 10143 20064 36383 49962 52017 60001 333 10207 20062 3/013 59003 70000 90761 91109==
56312 14/80 /2601 10156 20074 37119 40034 52024 60001 750// 333 10241 20145 3/013 59010 70000 90761 91109==
57494 14673 /0101 10238 20215 30072 40101 52001 60001 333 10249 20235 3/025 59024 70002 90761 91106==
58847 14/63 /0302 10288 20237 39989 40085 52006 60001 721// 333 10345 20279 3/029 59002 70000 90761 91108==
62306 42560 23211 10294 20216 40142 57001 82100==
62309 42560 33308 10296 20213 40127 52003 83500==
62332 42960 00214 10304 20243 40107 57008==
62337 42960 00316 10324 20225 40098 57001==
62366 44960 03313 10382 20141 40082 57003 70720==
62387 42960 03311 10397 20152 40084 57006==
62393 42960 03115 10399 20115 40116 57005==
62405 42960 03106 10415 20121 40067 57008==
62414 42960 00210 10425 20078 40070 57006==
62419 42960 03105 10426 20084 40055 57004==
62420 42960 03406 10362 20122 40103 57002==
62435 42960 03209 10415 20098 40068 57004==
62440 42960 03008 10354 20231 40093 57001==
62455 42960 02404 10370 20172 40080 57008==
62458 42960 03008 10342 20187 40071 57009==
62459 41958 03112 10353 20197 40057 57008 70700==
62465 42960 03305 10353 20144 40061 57006==
