SMPK OPKC 171200=
41504 22997 00000 10040 21129 37842 48496 60002 333 10115 59013 60007 RH29%=
41505 22696 40000 10065 21018 38/// 48/// 60002 80020 333 10080 56090 58/// 84360 55%=
41506 02997 00000 10100 21014 38528 48525 60002 333 10141 59009 60007 45%=
41507 02997 00000 10145 20078 39272 49793 60002 333 10180 58003 60007 64%=
41508 02697 22302 10117 21055 38669 48538 60002 82200 333 10170 56900 59004 60007 82835 RH30%=
41509 02697 22302 10120 20007 38763 48504 60002 82100 333 10155 56900 59014 60007 82840 RH46%=
41510 02997 00000 10050 21057 37921 48531 60002 333 10110 58003 60007 46%=
41515 02997 30000 10088 21040 38568 48530 60002 83020 333 10118 56090 59001 60007 83460 39%=
41516 02996 00000 10040 21044 38565 48521 60002 333 10123 59003 60007 RH54%=
41517 02696 40000 10035 21061 37788 48517 60002 81530 333 10053 56990 59023 60007 81640 83360 49%=
41518 02997 01802 10067 21036 38/// 48/// 60002 333 10114 5//// 60007 47%=
41519 02996 00000 10090 21061 38760 48497 60002 333 10130 59031 60007 RH34%=
41520 02697 01802 10020 21106 37632 48279 60002 333 10070 58001 60007 39%=
41523 02997 02702 10140 21010 39100 48518 60002 333 10165 58008 60007 36%=
41524 02997 00000 10140 20007 39373 40243 60002 333 10192 58004 60007 40%=
41525 12997 00000 10050 21024 37685 48407 60002 333 10090 59015 59%=
41528 02997 00000 10140 20007 39238 48506 60002 333 10177 59005 60007 40%=
41529 01996 00000 10150 20103 39801 40187 60002 70400 333 10190 59016 60007 73%=
41530 01994 10000 10145 20042 39756 40175 60002 70500 80001 333 10195 56009 59010 60007 81075 47%=
41534 01994 00000 10165 20109 39756 40173 60002 71000 333 10190 58012 60007 70%=
41535 02997 00000 10130 21027 38727 48497 60002 333 10165 58006 60007 RH33%=
41536 02997 00000 10110 21008 39052 48517 60002 333 10175 58008 60007 44%=
41560 02997 00000 10115 21039 38299 48525 60002 333 10170 58007 60007 RH34%=
41562 02997 01302 10190 20072 39705 40167 60002 333 10220 58006 60007 RH46%=
41565 02997 03102 10106 21053 38671 48537 60002 333 10155 59002 60007 32%=
41567 01996 00000 10160 20057 39732 40153 60002 70400 333 10180 59010 60007 50%=
41571 11996 00000 10160 21028 39569 40176 60002 70500 333 10200 58007 RH27%=
41572 01996 03106 10140 21028 39531 40164 60002 70500 333 10195 58009 60007 RH31%=
41573 02997 00000 10070 21027 37985 48514 60002 333 10140 58000 60007 50%=
41574 02997 00000 10110 21014 38362 48540 60002 333 10163 58003 60007 42%=
41576 01996 00000 10185 20037 40184 60002 70500 333 10225 58002 60007 37%=
41577 01996 00000 10155 20056 39556 40176 60002 70400 333 10210 56000 58007 60007 RH52%=
41593 01996 00000 10190 20096 39944 40160 60002 70400 333 10223 59005 60007 55%=
41597 01996 00000 10190 20096 39881 40173 60002 70400 333 10207 58001 60007 55%=
41598 01996 00000 10160 20069 39882 40156 60002 70400 333 10202 58000 60007 55%=
41599 01996 00000 10185 20065 39876 40168 60002 70500 333 10205 59001 60007 46%=
41600 01996 00000 10175 20131 39863 40159 60002 70400 333 10204 58001 60007 75%=
41620 32996 00000 10160 21073 38582 48486 60002 70500 333 10170 58004 60007 19%=
41624 01996 03102 10220 20102 39957 40156 60002 70500 333 10235 58002 60007 47%=
41625 01996 00000 10215 20007 39946 40144 60002 70500 333 10235 59006 60007 25%=
41630 01996 00000 10200 20074 40167 60002 70500 333 10210 59001 60007 44%=
41633 02997 00000 10195 20067 3//// 4//// 60002 333 10220 5//// 60007 43%=
41634 02997 00000 10180 20039 3//// 4//// 60002 333 10200 5//// 60007 39%=
41635 02997 00000 10205 20116 3//// 4//// 60002 333 10225 5//// 60007 56%=
41636 01996 00000 10205 20093 39984 40169 60002 70500 333 10235 59007 60007 49%=
41638 01996 00000 10215 20095 4//// 60002 70500 333 10225 5//// 60007 46%=
41639 02997 00000 10200 20031 3//// 4//// 60002 333 10220 5//// 60007 33%=
41640 01996 00000 10180 20083 39911 40163 60002 70400 333 10205 59001 60007 53%=
41641 01995 03304 10170 20057 39889 40166 60002 70500 333 10200 58002 60007 47%=
41642 01996 00000 10180 20106 3//// 4//// 60002 70400 333 10192 5//// 60007 62%=
41643 01996 00000 10210 20122 39877 40153 60002 70400 333 10230 59004 60007 57%=
41644 01996 00000 10200 20086 4//// 60002 70400 333 10225 5//// 60007 RH48%=
41646 01996 00000 10200 20098 39963 40178 60002 70400 333 10210 59004 60007 52%=
41652 01996 00000 10205 20093 39988 40167 60002 70500 333 10225 58000 60007 49%=
41660 02997 22304 10090 21088 38439 48530 60002 80001 333 10095 56009 59033 60007 82070 RH27%=
41661 01996 00000 10100 21030 38391 48519 60002 70540 333 10115 59023 60007 40%=
41669 01996 00000 10205 20104 3//// 4//// 60002 70400 333 10225 5//// 60007 52%=
41670 01996 00000 10195 20085 3//// 4//// 60002 70400 333 10220 5//// 60007 50%=
41674 01995 00504 10195 20067 3//// 4//// 60002 70500 333 10215 5//// 60007 43%=
41675 01995 00000 10205 20068 30013 40156 60002 70500 333 10223 59002 60007 41%=
41676 01996 00000 10200 20098 30032 40189 60002 70400 333 10220 59005 60007 52%=
41677 01996 00000 10190 20118 39990 40157 60002 70400 333 10215 58002 60007 63%=
41678 01996 00000 10200 20074 40167 60002 70500 333 10205 59001 60007 44%=
41679 01996 00000 10170 20105 4//// 60002 70400 333 10192 5//// 60007 65%=
41680 01996 00000 10200 20104 39960 40160 60002 70400 333 10215 59006 60007 52%=
41685 02997 00000 10160 21049 38923 48508 60002 333 10165 59005 60007 RH23%=
41696 02997 03102 10090 21029 38034 48555 60002 333 10110 59001 60007 RH43%=
41697 02997 00000 10250 20084 39996 40150 60002 333 10260 58001 60007 RH35%=
41700 01995 00000 10200 20086 30025 40153 60002 70500 333 10217 59005 60007 48%=
41701 01994 03604 10200 20098 30023 40167 60002 70400 333 10221 58001 60007 52%=
41710 12997 00000 10115 21139 39406 40195 60002 333 10125 59029 RH15%=
41712 12996 00904 10090 21061 39226 48523 60002 333 10100 59042 RH34%=
41715 01996 00000 10220 20064 30089 40154 60002 70500 333 10225 59022 60007 RH36%=
41716 01995 00504 10210 20062 30063 40167 60002 70500 333 10223 59003 60007 38%=
41718 01995 00000 10210 20075 30051 40154 60002 70500 333 10230 58002 60007 42%=
41724 01995 00000 10220 20102 30094 40173 60002 70500 333 10235 58001 60007 RH47%=
41725 02996 00000 10210 20088 30076 40155 60002 333 10220 58001 RH45%=
41726 01995 03604 10210 20075 30103 40174 60002 70500 333 10240 59008 60007 RH42%=
41738 02996 00512 10200 21212 39988 40171 60002 333 10210 59026 60007 RH05%=
41739 01996 03610 10105 21102 39092 48536 60002 70500 333 10110 58009 60007 RH22%=
41742 12997 02702 10255 20064 30038 40142 60002 333 10270 59004 RH29%=
41743 21996 00000 10230 20092 60002 70400 333 10235 60007 RH41%=
41744 02996 00000 10190 21007 38798 48526 60002 333 10205 59009 60007 RH26%=
41745 01996 03606 10220 20034 60002 70400 333 10230 60007 RH29%=
41746 02996 03604 10210 20075 30097 40150 60002 333 10225 59005 60007 RH42%=
41747 01996 03606 10225 20084 30086 40146 60002 70400 333 10230 59001 60007 RH41%=
41748 02996 03606 10220 20064 30100 40164 60002 333 10230 58002 60007 RH36%=
41749 01995 03308 10225 20108 30126 40161 60002 70400 333 10245 59005 60007 RH48%=
41756 01995 00512 10210 21108 30098 40164 60002 70500 85030 333 10215 56090 59015 60007 85358 RH11%=
41757 22996 33606 10220 21108 30155 40168 80001 333 10245 56009 59024 60007 83070 RH10%=
41759 01995 01306 10225 21059 30145 40151 60002 70633 333 10230 59014 60007 RH14%=
41760 01995 71108 10230 20035 30127 40140 60002 70500 80001 333 10240 56009 59012 60007 87070 RH28%=
41764 01996 03610 10220 20064 30093 40144 60002 70400 333 10235 59004 60007 RH36%=
41765 02996 03604 10230 20079 30113 40148 60002 333 10255 59008 60007 RH38%=
41766 01996 03604 10220 20077 30132 40162 60002 70400 333 10240 58000 60007 RH40%=
41767 02996 00000 10230 20066 3//// 4//// 60002 333 10250 60007 RH35%=
41768 02996 00504 10260 20042 30124 40131 60002 333 10290 59008 60007 RH26%=
41780 01996 00710 10260 21039 30106 40133 60002 70500 333 10282 59009 60007 RH14%=
41783 02996 00504 10230 20035 30114 40143 60002 333 10250 59012 60007 RH28%=
41785 02996 03604 10230 20051 30136 40149 60002 333 10245 59010 60007 RH31%=
41786 02996 03604 10260 20025 30085 40122 60002 333 10280 59008 60007 RH22%=
41BAG 02696 42302 10040 21072 60002 84500 333 10055 56900 60007 84640 44%=
41BKI 02995 20000 10160 20081 39746 40167 60002 70400 82030 333 10190 56090 59002 60007 82360 RH60%=
41SKP 01996 00000 10175 20077 3//// 4//// 60002 70400 333 10188 5//// 60007 52%=
43532 02997 00000 10135 20014 39338 40148 60002 333 10165 58005 60007 44%=
43533 01997 00000 10140 20035 39229 48490 60002 333 10195 59003 60007 49%=
43563 02997 00000 10161 20050 39470 40163 60002 333 10217 58005 60007 48%=

PPAA 67111 41718 55285 05509 08011 77999=
PPAA 67111 41780 MISDA NO ASCENT DUE TO PAF FLIGHT=
PPAA 6712/ 41506 MISDATA DUE TO TECHNICAL PROBLEM=
PPAA 6712/ 41515 MISDA DUE TO TECHNICAL PROBLM=
PPAA 6712/ 41517. MISDA DUE TO LOCAL AIR MOVEMENT=
PPAA 6712/ 41598 MISDA DUE TO NOT PERMISSION BY P.A.F=
PPAA 6712/ 41646 MISDA DUE TO TECHNICAL PROBLEM =
PPAA 6712/ 41715 NO ASENT DUE TO BALLOONS OUT OF STOCK=
PPAA 6712/ 41739 no acent due to security risk=
PPAA 67121 41600 55185 23502 77999=
PPAA 67121 41600 55185 23502 77999=
PPAA 67121 41624 55285 36006 26010 77999=
PPAA 67121 41678 55285 28509 23504 77999=
PPBB 67111 41718 90/12 04504 04506 04506 9037/ 05007 08009 9125/ 09012 11014=
PPBB 67121 41600 90/12 00000 29502 30003 9037/ 28506 22003=
PPBB 67121 41600 90/12 00000 29502 30003 9037/ 28506 22003=
PPBB 67121 41624 90/12 31502 30505 33506 9037/ 33506 30508 9125/ 35011 01012=
PPBB 67121 41678 90/12 00000 32004 30006 9037/ 30006 27005 912// 23007=


Data Generated from File : D:/all data handling/Rmc_lhr/2024121712.FSU.txt
17/12/2024   13:02:54
____________________________________________________________________________________________
15020 04570 32707 10135 20019 39971 40166 57014 60001 83800 333 55310 21157 60007 91010 90760 91111==
15090 04/70 32805 10137 20024 30081 40172 57017 60001 82041 333 55310 00530 21232 30173 60007 91009 90760 91109==
15108 01/00 92914 11035 21035 38045 48462 50000 60001 74543 89/// 333 49067 55300 20211 60007==
15150 04/70 32902 10146 20012 39970 40180 58010 60001 82031 333 55310 21190 60007 91006 90760 91106==
15170 04570 72507 10050 20028 39431 42821 56020 60001 87300 333 55300 20364 60007 91010 90760 91111==
15280 01/00 9//// 11039 21043 37494 47042 58002 60001 73943 89/// 333 49040 55302 20672 60007==
15310 04/70 72102 10094 20049 30104 40191 57012 60001 85078 333 55300 00110 20356 30340 60007 91004 90760 91105==
15335 04/70 53203 10142 20042 30178 40185 57016 60001 83041 333 55310 21324 60007 91006 90760 91106==
15350 04570 62705 10135 20042 30081 40200 56016 60001 86500 333 55300 20217 60007 91010 90760 91110==
15360 04970 22707 10129 20039 30161 40177 56021 60001 80002 333 60007 91010 90760 91110==
15420 04/70 62404 10147 20065 30092 40202 56022 60001 82032 333 55310 21276 60007 91009 90760 91110==
15460 04970 22706 10135 20056 30180 40204 56019 60001 80004 333 55310 21389 60007 91010 90760 91113==
15470 04970 52610 10129 20062 30096 40221 56024 60001 80009 333 55305 20768 60007 91013 90760 91116==
15480 04/70 42804 10125 20056 30178 40195 56027 60001 82032 333 55310 00590 21398 31246 60007 91009 90760 91109==
15549 12970 32706 10149 20040 39798 40205 57023 60001 83030 333 10150 20066 555 548//=
15552 12970 12705 10166 20047 30149 40197 57032 60001 80001 222// 00098 10201 333 10167 20091 555 545// 92026 92428=
15640 12674 10000 10142 20100 39933 40241 57019 60001 81500 333 10144 20022 555 576//=
15655 12575 12508 10157 20045 30194 40226 57028 60001 81500 222// 00107 10201 333 10157 20044 555 547// 92025 92428=
15730 12965 00000 10140 20017 39858 40250 57029 60001 333 10141 21015 555 543//=
16627 12560 12412 10136 20051 30259 40265 57026 60001 81100 333 90730 91118==
16650 12960 02104 10152 20067 30260 40270 57029 60001 333 90730 91109==
16667 12960 00000 10136 20017 30271 40282 57024 60001 333 90730 91106==
16706 12960 00207 10138 20091 30260 40267 57023 60001==
16723 12960 00511 10144 20045 30260 40274 57020 60001 333 90730 91117==
16742 12960 03610 10166 20065 30107 40263 57018 60001 333 90730 91117==
16749 12960 02704 10162 20054 30240 40255 57019 60001 333 90730 91107==
16754 12560 33309 10150 20083 30237 40286 57017 60001 83400 333 90730 91115==
16757 12560 33215 10144 20103 30136 40271 57017 60001 83100 333 90730 91128==
16760 12560 20112 10126 20050 40281 57018 60001 82100 333 90730 91117==
16765 12460 13115 10168 20052 40261 57018 60001 81100 333 90730 91122==
17022 12970 22605 10116 20023 30084 40252 57028 60001 80001 333 82070 90760 91113==
17024 12670 12714 10161 20128 30140 40217 57025 60001 81100 333 81835 90760 91122==
17026 12/70 23107 10136 20072 30193 40232 57024 60001 82030 333 82359 90760 91111==
17031 12970 03204 10145 20013 30227 40233 57026 60001 333 90760 91114==
17034 12/70 40603 10123 20029 30201 40248 55023 60001 84030 333 84360 90760 91106==
17038 12/70 70906 10116 20025 30198 40246 57022 60001 87030 333 87358 90760 91110==
17042 11565 83006 10113 20018 30221 40261 57014 69951 76062 8552/ 333 85630 88458 90760 91114==
17050 12970 00000 10136 20050 30192 40255 57033 60001 333 90760 91104==
17056 12970 01710 10124 20087 30255 40259 57027 60001 333 90760 91116==
17060 12960 02014 10111 20046 30226 40267 57028 60001 333 90760 91120==
17070 12965 02405 10088 21007 39374 40260 57025 60001 333 90760 91112==
17074 12970 02807 10094 20038 39295 40240 57026 60001 333 90760 91114==
17084 12/70 22904 10052 20015 39350 40280 57022 60001 82030 333 82360 90760 91108==
17085 12/70 21702 10110 20004 39770 40268 57024 60001 82030 333 82360 90760 91113==
17092 12/60 10000 10034 21029 38925 48545 57017 60001 81030 333 81360 90760 91108==
17096 12/60 22409 11018 21073 38265 48537 55003 60001 82040 333 82360 90760 91114==
17098 12660 42409 11003 21080 38201 48516 55002 60001 82530 333 82640 84358 90760 91116==
17100 12/70 21501 10059 21043 39220 40242 57010 60001 82030 333 82357 90760 91105==
17112 12970 02207 10135 20097 30266 40268 57029 60001 333 90760 91111==
17115 12960 01708 10112 20022 30226 40279 57032 60001 333 90760 91110==
17116 12960 00000 10108 20024 30154 40279 57030 60001 333 90760 91104==
17124 11960 00402 10054 21014 39353 40303 57025 69901 70241 333 90760 91107==
17128 12570 32208 10046 21015 39160 40292 57023 60001 83500 333 83630 90760 91112==
17135 12/70 22104 10079 20035 39382 40278 57021 60001 82030 333 82360 90760 91108==
17140 12965 02305 10033 21040 38767 48547 57015 60001 333 90760 91112==
17150 11958 00000 10078 20031 30158 40286 57033 60001 71041 333 90760 91105==
17160 12670 12206 10058 21020 39099 48557 57018 60001 81500 333 81640 90760 91110==
17170 12560 52302 10027 21032 38364 48535 55006 60001 82550 333 82625 85357 90760 91118==
17175 12965 03201 10119 20002 30270 40274 57027 60001 333 90760 91104==
17184 12970 02401 10089 20011 30170 40285 57031 60001 333 90760 91103==
17190 12970 01301 10060 21011 39070 48557 57020 60001 333 90760 91105==
17195 12570 53102 10054 21024 39052 48563 57013 60001 85200 333 85830 90760 91111==
17200 12960 03209 10075 21032 39270 40281 56019 60001 333 90760 91114==
17202 12670 30806 10046 21012 39207 40280 56018 60001 83500 333 83635 90760 91111==
17203 12670 21402 10040 21035 38930 48573 57018 60001 82500 333 82640 90760 91108==
17210 11570 82802 10025 20002 39202 40268 56008 60001 70242 8452/ 333 84633 88459 90760 91106==
17219 12965 03408 10125 20024 30132 40280 57026 60001 333 90760 91113==
17234 12970 00902 10146 20045 30207 40276 57021 60001 333 90760 91108==
17237 12970 00000 10116 20020 39771 40283 57025 60001 333 90760 91103==
17240 12970 00103 10096 20031 39112 40276 57015 60001 333 90760 91110==
17244 12970 01206 10068 21003 39077 48564 57018 60001 333 90760 91113==
17248 12670 60000 10059 21003 39060 48560 57016 60001 86100 333 86840 90760 91106==
17250 12670 42104 10060 21015 38879 48564 57017 60001 84500 333 84640 90760 91107==
17260 12960 02002 10106 20003 39399 40229 57018 60001 333 90760 91108==
17270 12970 00202 10110 21012 39600 40258 57020 60001 333 90760 91107==
17275 12970 00110 10046 21022 39037 48544 55008 60001 333 90760 91128==
17280 12960 02807 10083 21035 39454 40262 57017 60001 333 90760 91112==
17290 12970 00103 10173 20023 30234 40266 57017 60001 333 90760 91113==
17292 12970 02801 10128 20014 39495 40261 57020 60001 333 90760 91105==
17300 12960 00605 10167 20024 30186 40258 57021 60001 333 90760 91113==
17310 12970 02402 10187 20071 30232 40239 57017 60001 333 90760 91106==
17330 12970 02801 10178 20026 30232 40250 57020 60001 333 90760 91112==
17350 12960 02504 10173 20017 30157 40236 57020 60001==
17370 12970 00000 10162 20076 30246 40250 57018 60001 333 90760 91112==
17375 12670 12202 10172 20060 30239 40241 57020 60001 81100 333 81840 90760 91109==
33088 /1597 82905 10063 20054 39897 40087 52009 78082 889// 555 1/006 60031=
33135 /1697 62805 10055 20028 39869 40015 57012 70262 83330 555 1/003 60021=
33177 /1598 82711 10084 20058 39898 40133 52002 70282 889// 333 91118 555 1/007 69901=
33317 /1496 82707 10068 20057 39771 40105 58006 78082 889// 333 88918 555 1/006 60011=
33393 /1460 82908 10075 20043 39785 40175 52005 70282 883// 333 84917 555 60021=
33415 /1598 82711 10077 20036 39753 40147 57002 70252 885// 333 88627 91120 555 1/006 69901=
33429 32598 82712 10076 20045 39711 40129 58009 8655/ 333 86620 91120 555 1/006=
33466 /1564 72508 10079 20048 39870 40054 57011 72582 86330 333 85926 555 11007 69981=
33506 /1496 82403 10026 20023 39829 40025 57038 76162 8772/ 555 1/001 60021=
33562 32560 83014 10090 20038 39815 40115 57010 8655/ 333 91019 91121 555 1/007=
33587 /1597 82703 10087 20046 39834 40093 57015 70282 885// 333 88626 555 1/007 69951=
33658 32684 72908 10108 20016 39875 40170 57006 87500 333 87646 555 1/008=
33663 32598 72408 10098 20041 30050 40145 58008 87500 555 1/008=
33664 42598 72806 10092 20036 39842 40155 58004 84530 333 91115=
33678 42898 72810 10083 20031 39955 40159 57005 87070 333 91115=
33679 42497 72705 10091 20038 39967 40155 58006 87500 333 87618 91112=
33711 /1560 82808 10086 20050 39864 40070 57017 70282 883// 333 88925 555 1/006 69971=
33745 42597 73010 10102 20030 39980 40173 57014 86930 333 91116 555 12009=
33748 42997 63008 10117 20020 39880 40159 58017 86030 333 91114=
33754 42998 82605 10104 20027 39994 40138 58016 8805/ 333 91113=
33761 32570 82807 10089 20043 39901 40121 57012 8655/ 555 1/007=
33791 /1589 82611 10084 20048 39956 40082 57019 70262 885// 333 88633 91118 555 1/008 69931=
33815 42598 33011 10128 20009 39944 40147 57021 82549 333 91117 555 11013=
33837 /1584 82806 10120 20027 30097 40148 58021 70282 83534 555 1/010 69901=
33881 42598 32907 10131 20029 39976 40168 57015 82530=
33883 42998 32503 10125 20034 30009 40169 57015 80002 555 11011=
33885 42998 42204 10080 20051 30048 40189 57015 84040=
33892 42998 53006 10122 20026 39947 40155 57021 85050=
33902 /1597 82706 10102 20030 30070 40129 57021 72582 883// 555 1/009 69931=
33924 41570 62406 10109 20073 30148 40161 57023 70282 86500 333 91010 90760 91112==
33946 41679 82410 10100 20091 39946 40164 57027 70262 883// 333 88642 91014 90760 91114==
33983 41560 72612 10097 20072 30081 40141 57019 72582 86530 333 91017 90760 91119==
34300 /1497 82307 10021 20003 39840 40017 57032 76162 885// 555 1/000 69901=
34336 42970 52704 10029 21013 39911 40014 57006 80001 333 90760 91112==
34344 42/70 32604 10031 20001 39924 40011 57002 82049 333 90760 91111==
34356 42560 62705 10022 21023 39852 49998 52006 86500 333 90760 91112==
34357 42/70 62404 10026 21026 39850 40003 52004 86030 333 90760 91114==
34398 41/70 52707 10008 21003 39957 49970 52020 70172 85035==
34415 /1568 72503 10036 20016 39939 40035 58029 78082 87900 555 1/002 69901=
34438 42560 82405 10026 20002 39845 40036 58012 82289 333 90760 91113==
34445 42570 22308 10022 21004 39910 40024 54001 81540 333 91011 90760 91114==
34461 42460 62706 10033 21019 39955 40010 53007 86500 333 91011 90760 91114==
34473 41597 72707 10025 21011 39949 49987 52009 70261 87200 333 91117 555 1/002=
34476 41570 82410 10030 21013 39991 49998 52011 70262 8693/ 333 91013 90760 91114==
34504 /1258 82606 10044 20037 39883 40056 57034 71082 886// 555 69971=
34535 42570 82304 10038 20001 39982 40053 58010 8593/ 333 90760 91114==
34545 42470 72406 10035 21002 39936 40047 57003 86630 333 91010 90760 91115==
34555 42570 32609 10034 21012 39955 40046 54001 83500 333 91014 90760 91116==
34560 42560 62612 10028 21005 39830 40019 52006 86500 333 86622 91015 90760 91117==
34578 42/60 82508 10037 20002 30027 40034 52010 8808/ 333 91013 90760 91118==
34579 42570 32506 10031 21013 39985 40028 52011 83500 333 91012 90760 91114==
34644 42560 82603 10043 20010 39993 40069 57010 8657/ 333 90760 91114==
34646 42570 82706 10040 20000 39984 40065 57007 8355/ 333 91010 90760 91114==
34655 42560 62407 10043 21003 30001 40061 56002 86500 333 91011 90760 91118==
34662 42570 22506 10039 21005 30031 40042 52003 82200 333 91013 90760 91116==
34691 41/70 52306 10027 21012 30166 40154 53011 70272 85030==
34720 41560 82404 10025 20017 30045 40084 57020 76161 887//==
34727 41560 82508 10056 20041 30068 40098 58023 78088 883// 333 91012 90760 91112==
34743 42460 82504 10044 20018 39989 40077 57004 885// 333 91010 90760 91115==
34759 42560 82306 10052 20026 39955 40085 58002 885// 333 91010 90760 91116==
34772 42570 42507 10035 21006 30057 40060 52008 8450/ 333 91010 90760 91117==
34785 41470 22604 10045 20001 30079 40057 53011 70171 82600 333 90760 91112==
34798 41660 62508 10040 20000 30097 40068 53009 70276 86200==
34824 41540 82604 10065 20056 30111 40116 57029 78082 883// 333 91010==
34838 41560 82605 10063 20034 30022 40118 57021 78082 889// 333 91011 90760 91113==
34845 42570 82706 10062 20022 39998 40104 58011 883// 333 91012 90760 91115==
34858 42560 82605 10058 20018 39996 40103 57004 885// 333 91010 90760 91119==
34861 41570 72809 10041 20004 39843 40084 52001 70282 84530 333 91014 90760 91119==
34866 42570 62807 10056 21002 30095 40086 52004 85930 333 91015 90760 91115==
34880 41560 32506 10053 20008 30097 40071 52010 70276 82901 333 90760 91116==
34887 41570 12704 10064 20025 30109 40087 53002 70181 81400 333 90760 91112==
34949 41560 82510 10046 20020 39577 40120 57017 76062 885// 333 91015 90760 91121==
34954 42570 82506 10077 20013 39946 40117 57007 885// 333 91014 90760 91116==
34958 42570 82705 10077 20008 39917 40114 56005 885// 333 91012 90760 91115==
34975 42570 62904 10057 20019 30109 40105 53005 86550 333 90760 91113==
34984 41570 22507 10060 20014 30129 40099 53002 70162 82500 333 91011 90760 91112==
35217 41/40 82307 10000 20000 39908 49948 57010 77173 8802/==
35302 41/70 82809 10008 21009 39931 49932 53013 70272 8807/==
35315 41496 82007 11001 21012 39911 49968 57019 77772 886// 555 1/101=
35344 41598 81805 11053 21086 39802 40094 56007 70273 885// 555 1/106=
35358 42/60 81807 11053 21094 39978 40152 57028 8804/==
35368 41998 81610 11066 21109 39899 40172 57014 73632 8807/ 555 1/108=
35386 415// 51706 11100 21165 39717 40259 57018 73633 82570 555 1/112=
35394 41670 61504 11084 21164 39574 40275 57022 73633 82530==
35404 41698 52906 10007 21016 39972 49980 53017 70272 82530 555 1/000=
35406 41/60 82106 10006 21008 39978 49980 53003 77172 8802/==
35416 41/60 81809 11001 21012 39880 49999 57030 77173 8802/ 333 91015 90760 91116==
35426 41560 81507 11024 21060 39759 40050 58023 73632 885//==
35437 41598 81902 11037 21069 39770 40085 57012 70232 885// 555 1/105=
35449 41998 81508 11058 21088 30023 40128 57019 73633 80003 555 1/106=
35497 419// 51406 11103 21176 39619 40465 57016 73633 80002==
35498 429// 31403 11130 21162 39381 40306 57018 80001 555 1/119=
35514 41598 82310 10010 20005 30094 40090 57008 72176 8872/ 555 1/001=
35522 41596 81808 11019 21040 39782 40032 57031 77372 8802/ 555 1/102=
35542 41498 81804 11058 21077 39967 40116 57013 70272 8802/ 555 1/105=
35563 41598 81906 11116 21136 39404 40203 57019 73632 86502 555 1/113=
35576 42/70 71203 11093 21161 39777 40243 57018 87070==
35582 42998 80904 11115 21177 39641 40269 57030 8807/ 555 1/114=
35594 419// 61306 11139 21184 39411 40295 57013 70231 80002 555 1/116=
35605 41598 82215 10020 20009 30038 40017 53004 70272 885// 333 91018 91118 555 1/001=
35633 42598 81803 11041 21067 39892 40108 57005 885// 555 1/105=
35671 41570 71405 11089 21122 39771 40215 57015 73632 85540==
35699 419// 23608 11108 21190 39514 40304 57023 73633 80001==
35700 41/70 82615 10014 20011 30063 40040 54000 70276 8802/ 333 91016 90760 91118==
35715 41396 82406 10010 21004 30069 40054 57019 77177 8802/ 555 1/000=
35739 42599 81804 11027 21057 39974 40114 58003 8802/ 555 1/103=
35746 42/70 81604 11046 21077 30062 40131 57014 8807/==
35777 429// 00000 11189 21120 30027 40239 57028 555 1/112=
35796 41960 20504 11130 21170 39843 40303 57014 70230 80001==
35849 42570 51804 11029 21100 30051 40139 57009 82550==
35895 41997 30204 11119 21132 39828 40295 57013 70230 80002 555 1/113=
35907 42598 72612 10037 20017 30128 40098 53005 87500=
35925 42670 81804 10001 21020 30000 40111 57002 885//==
35927 42598 81804 10018 21013 30097 57005 885//=
35953 42584 71202 11024 21076 30022 40153 57015 85530==
35969 42584 81103 11069 21137 30026 40205 57018 885//==
35997 42998 00702 11081 21138 39817 40267 57015 555 1/109=
36259 11905 20501 11312 21344 38316 48605 52003 60002 74440 80001 333 11209==
36335 429// 21202 11118 21221 39249 40318 57016 80002 555 1/116=
36358 429// 01803 11132 21186 39275 40345 57013 555 1/116=
36394 429// 01401 11155 21189 39929 40381 57010=
36397 429// 01404 11141 21189 39775 40374 57013==
36403 429// 02902 11193 21212 39993 40386 57018 555 1/123=
36418 429// 22704 11151 21187 39752 40410 57014 80003 555 1/123=
36421 429// 00000 11258 21280 39814 40445 57014 555 1/130=
36428 429// 03402 11196 21229 39875 40421 57013==
36439 429// 00903 11183 21210 39063 48541 57013 555 1/121=
36498 429// 20203 11155 21227 39506 40347 57011 80001 555 1/119=
36501 429// 01102 11160 21216 39551 40353 57013 555 1/118=
36535 429// 30000 11231 21271 39740 40439 57011 80001==
36546 429// 00000 11184 21207 39836 40421 57009 555 1/122=
36619 429// 00502 11097 21160 555 1/113=
36622 429// 00302 11161 21205 39493 40349 57015 555 1/117=
36639 429// 00000 11194 21235 39681 40335 57012==
36643 429// 03201 11183 21209 39700 40417 57009 555 1/130=
36665 429// 02101 11157 21203 39621 40397 57011 555 1/117=
36666 429// 01105 11148 21173 39873 40399 57012=
36729 41998 00908 11070 21103 39902 40403 57036 70230 333 91017 91123 555 1/108=
36736 419// 01110 11057 21163 39752 40320 57018 73630 555 1/109=
36744 429// 00702 11122 21157 39813 40286 57017 555 1/117=
36770 429// 00000 11158 21169 39517 40289 57012 555 1/126=
36786 42999 00000 11101 21181 39313 40265 57011=
36796 42998 00000 11221 21262 39041 48463 56009=
36803 42999 01317 11071 21088 39909 40376 53074 333 91022 91125=
36806 429// 01617 11167 21249 39862 40366 57022 333 91022 91128=
36819 429// 00000 11093 21137 39630 40266 57011=
36821 429// 00202 11104 21137 39771 40283 57008==
36839 42998 02402 11057 21163 39093 40244 57007=
36843 429// 00000 11102 21130 39054 40274 57008=
36846 419// 00706 11045 21171 38598 48489 57004 70230=
36859 429// 00000 11086 21123 39493 40306 57020==
36870 429// 00301 11070 21106 39207 40249 54000==
36874 42999 01801 11121 21150 39510 40331 57006=
36877 42999 00000 11125 21149 39510 40566 57004=
36885 429// 00902 11093 21122 39097 40268 53001=
36889 429// 01603 11072 21197 37025 47046 53002=
36894 419// 00708 11041 21143 39499 40253 57006 70230 333 91118=
36905 429// 01201 11072 21156 38752 48506 57013=
36911 42999 03201 11002 21079 39231 40213 53013 555 1/102=
36927 42698 10902 11038 21142 38375 48544 57002 81100=
36934 42597 63302 11053 21113 38295 48429 56007 84932=
36953 429// 00000 11190 21210 38221 48508 57008 555 1/131=
36963 429// 01103 11145 21251 37024 48/// 53005 555 17119=
36974 429// 10901 11126 21178 38030 48584 53003 80001 555 17118=
36982 429// 60000 11181 21270 36510 47123 53003 83046=
37018 41540 82310 10095 20089 30109 40183 57020 78082 889// 333 91015 90760 91115==
37031 41560 82607 10074 20047 39935 40129 57024 78082 889// 333 91013 90760 91117==
37054 42/70 82304 10069 20000 39754 40135 57012 8004/ 333 90760 91114==
37061 42560 82608 10069 20019 39957 40125 58002 8651/ 333 91011 90760 91115==
37085 41570 62406 10066 20024 30157 40130 58003 70262 86500 333 90760 91111==
37171 41560 80804 10050 20043 30201 40220 58013 78082 889// 333 88932 90760 91111==
37228 42/70 81401 10033 21041 39319 40156 57006 8807/==
37235 42670 81902 10049 21013 39852 40169 52006 885//==
37472 41560 82501 10049 20026 30189 40167 52035 76162 8872/ 333 90760 91111==
38149 42570 52101 10015 21054 30074 40152 57009 84500==
38178 42/70 81404 10009 21067 39844 40133 57018 8807/==
38262 42570 82402 10002 21058 30056 40140 57008 885//==
38264 42670 72103 11005 21050 30050 40146 57004 875//==
38345 42999 31001 11012 21096 38790 48484 54000 82032 555 1/106=
38353 42998 00000 11030 21106 39307 40231 53007=
38388 42998 50000 10046 21018 30085 40156 53002 85080 555 18002=
38392 42697 72104 10003 21039 30040 40144 57002 87500 333 87636 555 11002=
38396 42660 72003 10014 21049 30028 40155 53004 875// 333 84938==
38403 42/60 61803 10011 21107 30058 40181 57018 86080==
38413 42/70 81203 11026 21061 39868 40167 57012 8807/==
38457 42684 80000 10029 21044 39599 40193 57004 8354/==
38462 42684 40202 10023 21139 38748 48487 57007 82551==
38507 42598 72008 10100 20061 30041 40142 58028 87500 333 87632 91008 555 10009=
38545 42998 71302 10012 21030 39981 40160 57002 85083 555 12002=
38565 12870 31807 10080 20025 39551 40122 57007 60002 80003 333 43999==
38579 12/84 73501 10023 21007 39755 40179 57010 60002 85078==
38583 12/60 80501 11010 21016 39869 40201 57009 60002 83041==
38599 41996 60810 10002 21062 39697 40225 56011 71011 80001 333 91116=
38611 42/60 41301 11019 21068 39669 40260 57014 84040==
38613 42998 03201 11023 21087 39323 40255 55011 555 1/103=
38616 42999 22701 11036 21080 39207 40262 56008 80001=
38618 42960 60000 11002 21050 39534 40242 57009 80001==
38647 42698 72304 10103 20038 30117 40159 52004 87500 555 12008=
38656 42698 82702 10048 21008 30070 40180 53010 885// 555 10002=
38683 42960 61603 10046 21014 39892 40171 57006 80001==
38687 42997 72305 10052 21034 39942 40179 54000 87030 555 10004=
38696 12684 82503 10056 21073 39324 40181 57015 60002 82579==
38713 42999 80901 10008 21057 39020 48480 56006 83034=
38750 42997 62302 10124 20081 30234 40206 53010 86030 555 10011=
38763 42598 72405 10098 20036 30068 40172 52006 87800 333 87630 555 11008=
38774 42898 61401 10062 21038 39983 40180 53009 86070 555 12005=
38799 42597 72502 10052 21020 39945 40178 53001 87500 555 11002=
38806 42997 61405 10070 21030 39907 40168 57002 80002 555 11006=
38812 42960 61904 10077 21005 39720 40172 57008 80001==
38836 41998 60000 10036 20004 39235 40181 57012 71022 84202=
38880 42697 70803 10076 21017 39918 40174 53004 84930 555 11007=
38886 42697 70301 10096 20009 39951 40177 57003 85530 555 11009=
38895 42996 61901 10070 21012 39897 40187 57001 80008 555 12005=
38911 41996 61610 10073 21007 39904 40199 54000 70511 80002 555 10008=
38915 42597 71405 10082 20013 39879 40203 57015 87500 555 12009=
38927 11/58 71603 10044 21020 39833 40214 57011 60002 70512 87051==
38933 41796 82702 11016 21060 39734 40268 57017 71022 8455/=
38944 41694 70000 11040 21040 39625 40185 57018 85530=
38954 42899 30000 11002 21114 37969 48560 57007 82901=
38974 42998 82002 10098 21027 39831 40163 57013 85077 555 11008=
38987 42996 72202 10082 21019 39452 40192 57009 87070 555 12006=
40180 12660 43203 10206 20107 30172 40221 57019 60001 82138 333 70000==
40199 12/// /0207 10225 20030 30184 40208 57026 60001 333 70000==
40255 36/// /0000 10160 29034 3//// 4//// 5////=
40265 31950 00000 10165 20020 39445 40252 57017 70500=
40270 31956 01204 10152 20039 39333 40240 57015 70500=
40272 31950 00806 10164 20033 39400 40246 57020 70500=
40296 31959 02703 10214 20156 30694 40222 57028 70500=
40310 32960 00000 10172 21013 39004 48475 57018=
40340 32960 23514 10212 20013 40217 57027 80001 333 82070=
40356 32960 00406 10150 21130 39244 48540 333 59004 555 04410 50235=
40357 32960 00210 10161 21130 39578 40226 333 59020=
40360 32960 02404 10176 21090 39634 40235 333 58002=
40361 32960 00305 10171 21120 39447 40244 333 59004=
40362 32960 30607 10162 21150 39699 40224 80001 333 59031 83070=
40373 32960 33606 10156 21110 39802 40230 83030 333 59031 83360=
40375 32960 20000 10179 21070 39325 40211 80002 333 58006 82070=
40394 32960 00206 10200 20000 39064 48537 333 59020 555 04410 50197=
40400 32960 43011 10260 20070 30141 40169 80002 333 59012 84070=
40405 32660 42502 10212 21070 39451 40185 84500 333 59041 85640=
40417 32960 53110 10199 21010 30191 40207 80002 333 59026 85070=
40420 32960 43105 10205 20000 39995 40204 80002 333 59031 84070=
40430 21956 01902 10260 21040 39439 40168 70600 333 59021 60005==
40437 32960 00203 10206 21130 39497 40212 333 59035=
40439 32960 52410 10304 20100 30129 40147 80001 333 59010 85070=
40582 32960 43409 10150 21080 40225 56016 82031 333 0/019 55302 00375 10001 21089 30329 41037 51408 61417 55407 40760 82360 84070 90400 91013 91113 91211 91307=
40703 12960 00305 10062 21048 38932 40220 56012 60001 333 70000 555 10022 29045=
40706 12968 02203 10058 21068 38662 40230 57003 60001 333 70000 555 10014 29040=
40712 12965 00802 10070 21094 38683 40211 56008 60001 333 70000 555 10015 29030=
40713 12965 02702 10097 21069 38662 40189 55005 60001 333 70000 555 10036 29030=
40718 12960 03401 10153 20085 30221 40192 53007 60001 222// 0//// 20301 333 70000 555 10119 29064=
40723 12770 81705 10031 21069 38951 40231 57005 60001 8352/ 333 70000 83656 88458 555 11004 29048=
40726 12960 02105 10088 21100 38661 40191 56008 60001 333 70000 555 10024 29025=
40727 12965 02705 10083 21111 38494 40217 55003 60001 333 70000 555 10019 29024=
40732 12560 23602 10128 20088 30207 40183 53011 60001 82200 333 70000 82823 555 10108 29077=
40736 12560 70000 10125 20087 30214 40188 53012 60001 84370 333 70000 83720 81922 87459 555 10106 29078=
40737 12670 60000 10142 20084 30169 40187 52015 60001 82570 333 70000 82635 85360 555 10113 29068=
40738 12660 80000 10118 20069 30204 40206 52019 60001 8352/ 333 70000 83635 88461 555 10095 29072=
40739 12665 71801 11014 21069 38703 40265 55009 60001 83530 333 70000 83635 85360 555 11031 29066=
40741 12960 41805 10094 21019 39824 40162 57013 60001 80002 333 70000 84070 555 10050 29045=
40743 12665 70000 10031 21074 39088 40252 57012 60001 82506 333 70000 82635 87270 555 11005 29046=
40745 12660 71902 10029 21050 39029 40224 56007 60001 81446 333 70000 81640 83360 86268 555 11000 29056=
40747 12965 01804 10114 21181 38648 40214 56015 60001 333 70000 555 10028 29011=
40754 11656 52302 10040 21075 38842 40228 56014 60001 70522 81572 333 70000 81645 84359 555 10002 29043=
40762 12962 82102 10020 21108 38556 40255 57010 60001 80007 333 70000 88269 555 11018 29038=
40766 12980 03003 10110 21254 38723 40240 57016 60001 333 70000 555 10020 29006=
40768 12965 23006 10093 21266 38267 40216 55006 60001 82070 333 70000 82460 555 10007 29006=
40769 12665 42905 10089 21181 38302 40205 55009 60001 84500 333 70000 84635 91010 555 10011 29013=
40780 12970 02702 10120 21156 38720 40241 56005 60001 333 70000 555 10034 29013=
40782 12965 12703 10110 21088 38902 40240 57006 60001 81030 333 70000 81359 555 10040 29024=
40785 12660 73302 10059 21037 39120 40250 55009 60001 83510 333 70000 83640 87460 555 10023 29050=
40791 12970 63302 10089 21165 39385 40237 56017 60001 83078 333 70000 83361 84270 555 10018 29015=
40792 12965 71502 10065 21160 38731 40229 57009 60001 82036 333 70000 82360 86270 555 11002 29018=
40798 12960 33106 10084 21238 37969 40238 55001 60001 83030 333 70000 83360 555 11004 29008=
40800 11957 22701 10101 21076 38477 40239 57015 60001 70510 82050 333 70000 82360 555 10036 29028=
40809 12970 63203 10089 21190 38496 40211 57019 60001 81046 333 70000 81360 86270 555 10011 29012=
40811 12960 02702 10189 21010 30183 40210 57018 60001 333 70000 555 10104 29026=
40812 12960 42402 10195 21014 39816 40196 56013 60001 84040 333 70000 84360 555 10104 29024=
40818 12965 03006 10116 21294 37978 40199 55008 60001 333 70000 555 10017 29004=
40821 12965 53205 10113 21126 38795 40209 55006 60001 83032 333 70000 83360 83070 555 10035 29017=
40829 12960 10903 10101 21088 39658 40258 56024 60001 80002 333 70000 81069 555 10038 29026=
40831 12960 02906 10170 21037 30213 40221 57023 60001 333 70000 555 10088 29024=
40833 12960 00103 10204 21041 30184 40217 57018 60001 333 70000 555 10104 29019=
40835 12960 02705 10169 21020 39367 40214 56015 60001 333 70000 555 10088 29027=
40841 12970 23202 10163 21220 38224 40164 57019 60001 80002 333 70000 82070 555 10048 29006=
40845 12960 43209 10204 20087 30204 40209 57015 60001 80002 333 70000 84070 555 10143 29047=
40848 11958 30603 10122 21038 38530 40193 56012 60001 70500 80001 333 70000 83070 555 10056 29033=
40854 12960 50502 10117 21141 38957 40187 57016 60001 80006 333 70000 85270 555 10036 29015=
40856 12962 21405 10097 21224 38651 40235 57019 60001 80002 333 70000 82070 555 10014 29008=
40859 12960 51702 10130 21078 38719 40201 56021 60001 80001 333 70000 85070 555 10052 29023=
40875 11920 72203 10213 20019 30161 40172 57022 60001 70621 80006 333 70000 87270 555 10123 29028=
40879 12962 20000 10167 21168 39508 40205 56020 60001 80002 333 70000 82070 555 10063 29009=
40882 11650 43104 10230 20093 30140 40175 56022 60001 70511 81102 333 70001 81835 83069 555 10156 29042=
40883 11930 02002 10225 20112 30150 40173 57022 60001 70500 333 70000 555 10162 29049=
40893 11956 42907 10233 20029 30152 40158 57024 60001 70500 80001 222// 00220 20401 333 70000 84068 555 10135 29026=
40898 11956 00803 10230 20043 30138 40147 56018 60001 70500 222// 00248 20801 333 70000 555 10138 29030=
41024 21958 02807 10325 20110 30110 40135 70600 333 59010 60005==
41036 22560 13610 10241 20070 38582 48532 81100 333 59008 60005 81830==
41055 22960 00903 10226 20020 38383 48531 333 59014 60005==
41061 22960 01208 10233 21050 39471 40184 333 59036 60005==
41084 22960 00504 10237 21050 38875 48526 333 59015 60005==
41112 22960 03103 10209 21090 37962 48534 333 59008 60005==
41114 22960 03608 10214 21070 37999 48537 333 59005 60005==
41128 22960 00906 10222 21030 38840 48541 333 59026 60005==
41136 22960 00207 10230 21090 39364 40188 333 59030 60005==
41140 22960 02210 10305 20180 30129 40133 333 59010 60005==
41150 32670 43114 10190 20101 40205 81501 333 59022 81645 84075=
41176 34/69 /3205 10212 20064 30193 40199 333 59028=
41184 32960 33009 10237 20060 40177 80001 333 59022 83070=
41194 11957 23507 10240 20074 30169 40175 60001 70600 80001 333 59021 82075=
41196 12960 02803 10236 20065 30139 40180 60001 333 59020=
41216 32960 49902 10243 20093 30173 40177 84030 333 59029 84365=
41217 32660 13106 10242 20076 30144 40174 81500 333 59028 81645=
41244 36/// /3109 10229 20015 39734 40149 333 0E020 55300 25022 5////=
41246 36/// /0609 10240 20122 30160 40162 333 0E021 55300 25022 59035=
41254 36/// /1405 10132 20044 38050 49829 333 0E101 55300 25022 59019=
41255 36/// /2306 10261 20021 39620 40122 333 0E016 59021=
41256 31557 23309 10242 20124 30144 40161 70600 82501 333 59038 55407 55408 55507 55508 82625 83175=
41257 36/// /0303 10234 20067 39666 40159 333 0E014 55300 21043 59028=
41258 36/// /3105 10246 20131 30153 40156 333 0E/// 55310 21588 59036=
41263 36/// /2512 10252 20033 39560 40115 333 0E016 55300 22079 59022=
41265 36/// /2605 10248 20030 39561 40121 333 0E017 55300 21875 59024=
41267 36/// /3411 10240 20139 30148 40160 333 0E022 59018=
41275 36/// /3212 10270 20064 30002 40169 333 0E015 55300 22062 59013=
41288 36/// /0608 10259 20132 30139 40161 333 0E023 59013=
41304 36/// /3510 10228 20053 39861 40169 333 0E011 55300 22270 59008=
41315 36/65 /3421 10181 20011 39338 48200 333 0E015 55300 27865 59009=
41316 31960 03918 10257 20020 30138 40168 70700 333 59005 55407 55408 55507 55508=
41396 12960 10209 10250 21062 39445 40161 60002 80001 333 59015 81070=
41480 42460 21112 10286 20171 30145 40154 60002 82500 333 59007 82618=
41506 02997 00000 10100 21014 38528 48525 60002 333 10141 59009 60007=
41508 02697 22302 10117 21055 38669 48538 60002 82200 333 10170 56900 59004 60007 82835=
41515 02997 30000 10088 21040 38568 48530 60002 83020 333 10118 56090 59001 60007 83460=
41516 02996 00000 10040 21044 38565 48521 60002 333 10123 59003 60007=
41517 02696 40000 10035 21061 37788 48517 60002 81530 333 10053 56990 59023 60007 81640 83360=
41518 02997 01802 10067 21036 38/// 48/// 60002 333 10114 5//// 60007=
41519 02996 00000 10090 21061 38760 48497 60002 333 10130 59031 60007=
41523 02997 02702 10140 21010 39100 48518 60002 333 10165 58008 60007=
41535 02997 00000 10130 21027 38727 48497 60002 333 10165 58006 60007=
41536 02997 00000 10110 21008 39052 48517 60002 333 10175 58008 60007=
41560 02997 00000 10115 21039 38299 48525 60002 333 10170 58007 60007=
41571 11996 00000 10160 21028 39569 40176 60002 70500 333 10200 58007=
41598 01996 00000 10160 20069 39882 40156 60002 70400 333 10202 58000 60007=
41600 01996 00000 10175 20131 39863 40159 60002 70400 333 10204 58001 60007=
41620 31996 00000 10160 21073 38582 48486 60002 70500 333 10170 58004 60007=
41624 01996 03102 10220 20102 39957 40156 60002 70500 333 10235 58002 60007=
41630 01996 00000 10200 20074 40167 60002 70500 333 10210 59001 60007=
41640 01996 00000 10180 20083 39911 40163 60002 70400 333 10205 59001 60007=
41660 02997 22304 10090 21088 38439 48530 60002 80001 333 10095 56009 59033 60007 82070=
41678 01996 00000 10200 20074 40167 60002 70500 333 10205 59001 60007=
41696 02997 03102 10090 21029 38034 48555 60002 333 10110 59001 60007=
41697 02997 00000 10250 20084 39996 40150 60002 333 10260 58001 60007=
41700 01995 00000 10200 20086 30025 40153 60002 70500 333 10217 59005 60007=
41710 12997 00000 10115 21139 39406 40195 60002 333 10125 59029=
41712 12996 00904 10090 21061 39226 48523 60002 333 10100 59042=
41715 01996 00000 10220 20064 30089 40154 60002 70500 333 10225 59022 60007=
41718 01995 00000 10210 20075 30051 40154 60002 70500 333 10230 58002 60007=
41725 02996 00000 10210 20088 30076 40155 60002 333 10220 58001=
41739 01996 03610 10105 21102 39092 48536 60002 70500 333 10110 58009 60007=
41744 02996 00000 10190 21007 38798 48526 60002 333 10205 59009 60007=
41749 01995 03308 10225 20108 30126 40161 60002 70400 333 10245 59005 60007=
41756 01995 00512 10210 21108 30098 40164 60002 70500 85030 333 10215 56090 59015 60007 85358=
41757 22996 33606 10220 21108 30155 40168 80001 333 10245 56009 59024 60007 83070=
41759 01995 01306 10225 21059 30145 40151 60002 70633 333 10230 59014 60007=
41764 01996 03610 10220 20064 30093 40144 60002 70400 333 10235 59004 60007=
41768 02996 00504 10260 20042 30124 40131 60002 333 10290 59008 60007=
41780 01996 00710 10260 21039 30106 40133 60002 70500 333 10282 59009 60007=
41785 02996 03604 10230 20051 30136 40149 60002 333 10245 59010 60007=
41859 01930 00000 10213 20160 30082 40120 70500 333 10280 59017 70000==
41883 01930 00000 10205 20150 30101 40122 70500 333 10277 59011 70000==
41891 01930 00000 10235 20170 30078 40117 70500 333 10292 59012 70000==
41907 01940 00000 10197 20160 30106 40122 70500 333 10270 59007 70000==
41923 01/40 20000 10232 20130 30114 40124 70510 82030 333 10296 59008 70000 82365==
41936 01418 10000 10202 20160 30113 40121 70500 83162 333 10274 59004 70000==
41943 01430 30000 10225 20190 30112 40120 70500 81520 333 10285 59010 70000 81617==
41950 01440 50000 10210 20180 30123 40125 70522 82531 333 10260 59008 70000 82617 83362==
41978 01450 43205 10268 20170 30114 40120 70521 82530 333 10316 59009 70000 82618 84362==
41992 01/25 40000 10265 20180 30115 40117 70511 84030 333 10330 59012 70000 84362==
42027 31994 00000 10056 20001 38431 48518 70500 333 10099 59002=
42071 31995 03204 10154 20078 40162 70400 333 10192 59003=
42101 31994 00000 10174 20139 40164 71000 333 10223 58001=
42111 31995 00000 10182 20131 39435 40136 70500 333 10248 58003=
42123 31995 00000 10182 20071 40154 70500 333 10214 58001=
42131 31995 02702 10168 20100 40161 70500 333 10204 58002=
42165 31995 00502 10204 20043 40142 70500 333 10228 58004=
42182 31994 00000 10178 20116 40147 70400 333 10244 59002=
42189 31995 00000 10190 20134 40142 70500 333 10240 59002=
42309 31996 00202 10176 20145 40140 71000 333 10264 59007=
42314 31996 00000 10188 20136 40140 70500 333 10272 59006=
42328 31995 00503 10210 20015 40119 70500 333 10230 59007=
42339 31995 03602 10224 20046 40134 70500 333 10258 59003=
42348 31995 09902 10208 20061 40141 70500 333 10238 59021=
42361 31995 00000 10188 20120 40141 70500 333 10244 59011=
42369 31995 00000 10200 20113 40140 70500 333 10268 59008=
42379 31995 00000 10210 20145 40131 70500 333 10258 59006=
42398 32996 09902 10202 20152 40115 333 10274 59014=
42410 31595 10000 10210 20164 40130 71000 81500 333 10265 59012 81620=
42415 32996 00000 10212 20151 40137 333 10265 59011=
42452 31995 00000 10226 20097 40127 70500 333 10246 59012=
42492 31995 00000 10206 20145 40131 70500 333 10251 59011=
42559 32996 00000 10230 20078 40118 333 10291 59011=
42571 31996 00000 10198 20088 40130 70500 333 10260 59011=
42623 31495 30000 10188 20149 39258 40130 71000 82530 333 10242 59015 82618 83360=
42634 32996 00503 10258 21017 40129 333 10280 59008=
42647 31996 03602 10270 20098 40115 70400 333 10292 59010=
42667 31996 03405 10234 20078 39537 40120 70500 333 10276 59013=
42675 31996 23601 10190 20087 40131 70500 80001 333 10251 59009 82070=
42701 31995 20000 10190 20113 39389 40121 70500 80001 333 10248 59007 82075=
42724 31495 60000 10250 20180 40119 70522 84530 333 10306 59009 84618 85360=
42737 32996 00505 10256 20046 40123 333 10310 59003=
42754 32996 00000 10256 20110 39482 40108 333 10305 59008=
42779 31995 20000 10224 20114 39429 40123 70500 80001 333 10268 59006 82075=
42798 31995 00000 10220 20142 40123 70500 333 10270 59009=
42809 31595 30000 10220 20161 40126 70500 81530 333 10274 59008 81620 83360=
42840 32996 40204 10256 20138 40110 80001 333 10300 59006 84075=
42867 31996 30902 10228 20127 40124 70500 80001 333 20300 59008 83075=
42874 31996 00000 10242 20119 40119 70500 333 10286 59008=
42886 31996 00000 10210 20145 40130 70500 333 10286 59006=
42895 31595 50000 10236 20171 40130 70500 83530 333 10282 59008 83620 84360=
42909 32996 03604 10278 20115 40106 222// 20000 333 10303 59009=
42971 31995 40000 10256 20162 40132 70521 84030 333 10297 59010 84360=
43003 31995 20000 10282 20163 40094 70400 80001 333 10346 59007 82075=
43014 31996 00503 10276 20157 39454 40088 70542 333 10304 59014=
43041 31996 40000 10250 20147 39499 40111 70500 80001 333 10292 59005 84075=
43063 32997 20000 10274 20108 39475 40088 80001 333 10303 59010 82070=
43086 32597 40000 10248 20140 39930 40108 83530 333 10292 59009=
43110 31996 23203 10296 20136 40093 70541 80001 333 10344 59013 82078=
43117 32997 10502 10288 20115 40091 80001 333 10323 59009=
43128 31996 40000 10264 20062 39501 40100 70500 81031 333 10296 59011 81360 83070=
43150 21495 80208 10226 20211 30060 40121 72065 8472/ 222// 20000 333 10266 59012 6002/ 82712 84618 88458=
43185 21596 83601 10234 20193 30101 40105 72052 8447/ 333 10251 59011 6990/ 83620 86360=
43189 32597 60502 10256 20187 30105 40114 82502 333 10280 59016=
43192 32996 00502 10300 20178 40081 333 10339 59008=
43198 31996 20706 10260 20082 39268 40094 70510 80001 333 10292 59008 82075=
43201 32997 10902 10266 20110 39360 40074 80001 333 10290 59015 81075=
43213 32597 40000 10294 20104 39768 40079 81532 333 10325 59017=
43233 32997 29902 10256 20114 39287 40094 80001 333 10284 59011=
43237 31596 50702 10280 20204 39674 40061 70522 82532 333 10295 59016 82620 83075=
43245 32596 83404 10244 20190 30076 40103 84578 333 10271 59014=
43279 31595 73608 10254 20188 30075 40093 71022 83531 333 10272 59022 83620 85360=
43284 31996 12506 10290 20206 39967 40081 70500 80001 333 10327 58004 81075=
43295 32497 53202 10268 20176 39079 48498 83831 333 10283 59013 82612 83818=
43310 22596 50502 10272 20249 40097 82221 333 10276 58012 6009/=
43314 32997 12302 10310 20225 40085 80001 333 10329 58003=
43321 31496 41103 10300 20166 39640 40077 70500 83501 333 10314 59006 83615=
43329 32597 80503 10264 20250 30065 40078 8467/ 333 10274 56899 59019=
43333 21496 60903 10278 20247 40096 70562 84431 333 10301 56299 59004 6003/ 82618 83820=
43344 21495 79902 10276 20229 39984 40083 71022 83531 333 10281 59011 6990/ 83616 86360=
43353 31496 22304 10288 20223 40088 70521 81530 333 10316 56790 58006 81616=
43369 32497 70000 10294 20251 40090 84470 333 10326 58006 84618 86358=
43371 32597 82702 10288 20242 30016 40088 81177 333 10331 58002 81620 83458 86280=
44212 12/// 81703 11228 21262 39262 40529 57003 69962 88010 333 11174==
44213 11/// 80000 11197 21223 38897 40502 57001 60022 77172 8802/ 333 11165==
44214 12/70 73401 11219 21244 38343 40529 52002 60012 87070 333 11129==
44215 115// 71703 11188 21211 38485 40503 52002 69932 77872 876// 333 11115==
44217 12998 00000 11251 21290 37887 40596 53005 69902 333 11144 91202 555 80030 93100=
44218 11/// 40000 11200 21226 38698 40513 52004 60022 77672 84060 333 11097==
44219 119// 70000 11192 21214 38712 40503 57001 69972 70272 84078 333 11180 91202 555 80340 93101=
44265 129// 20503 11200 21223 38945 40497 54000 69932 80001 333 11119==
44266 329// 30000 11182 21204 37799 40493 53002 83080 333 11134 91203=
44404 22358 60905 10124 20039 38132 48474 83250 333 10176 59016 60008 70000=
44416 22960 02904 10162 20120 39361 40143 80000 333 10229 59008 60008 70000=
44424 22460 22605 10128 21089 37652 47052 81150 333 10203 59015 60008 70000=
44434 22560 31002 10168 20136 39230 48511 81130 333 10213 59011 60008 70000=
44438 22956 02803 10219 20130 30004 40131 80000 333 10264 59009 60008 70000=
44449 21930 00000 10192 20189 39977 40135 70444 80000 333 10263 59007 60008 70000=
44454 22458 22706 10128 20087 38664 48499 82100 333 10198 59012 60008 70000=
44462 22460 10901 10116 20082 38257 48477 81100 333 10199 59012 60008 70000=
44474 21910 01002 10106 20053 38257 48506 71044 80000 333 10193 59014 60008 70000=
44477 22958 02002 10152 20102 38806 48513 80000 333 10236 59013 60008 70000=
44478 22956 02903 10210 20170 30034 40116 80000 333 10278 59013 60008 70000=
48010 42905 00000 10220 20185 39976 40130 333 10270 58010==
48020 42310 20000 10204 20168 82800 333 10255==
48025 12456 50401 10267 20136 39982 40122 59019 60002 84840==
48048 42550 20401 10266 20226 30060 40116 81501 333 10310 59008==
48052 32957 00000 10304 20124 333 10335=
48062 42550 52703 10290 20248 30091 40097 84830 333 10310 58018==
48064 42450 30000 10272 20211 30031 40088 82801 333 10305 59004==
48094 42/56 10000 10290 20230 30103 40113 80040 333 10330 59004==
48109 42440 40402 10285 20259 30101 40104 84900 333 10317 59012==
51076 14/73 /3501 11192 21215 39481 40454 57005 60001 333 11107 21195 3/103 4/009 59051 70002 90761 91103==
51087 14/56 /0801 11198 21222 39331 40460 57003 60001 71000 333 11132 21198 3/105 4/009 59056 70014 90761 91104==
51156 14/80 /3301 11184 21214 38770 40447 57006 60001 333 11108 21194 3/113 4/001 59071 90761 91105==
51243 14/32 /3001 11118 21141 39833 40435 57005 60001 71000 333 11099 21174 3/114 4/001 59076 70000 90761 91105==
51334 14/50 /1302 11153 21176 39983 40424 57002 60001 72200 333 11051 21153 3/107 4/006 59084 90761 91104==
51379 14/68 /1602 11184 21215 39400 40450 57006 60001 333 11077 21195 3/105 4/014 59090 70006 90761 91104==
51463 14/67 /0401 11128 21165 39125 40405 57010 60001 333 11070 21128 3/101 4/029 59099 70016 90761 91105==
51573 14/57 /3301 11043 21132 30339 40392 52008 60001 70500 333 11002 21085 3/113 58017 70000 90761 91104==
51644 14/56 /0201 11096 21144 39065 40436 52011 60001 70500 333 11032 21169 3/105 4/006 58018 70000 90761 91103==
51656 14/31 /0000 11121 21144 39285 40449 52011 60001 71000 333 11070 21184 3/116 4/003 58023 90761 91104==
51709 14/58 /1101 11045 21097 38718 40380 52001 69901 70070 333 11034 21080 3/106 58046 90761 91104==
51711 14/70 /0702 11089 21177 38064 40349 52005 60001 333 11044 21146 3/119 58023 90761 91106==
51716 14058 01601 11037 21105 39021 40388 52002 69901 70070 333 11025 21084 3/106 58041 90761 91104==
51765 14/64 /3002 11077 21114 39348 40431 52008 60001 333 11031 21170 3/119 58022 70000 90761 91104==
51811 14050 01701 11041 21118 38891 40399 57001 60001 333 11011 21114 3/117 58057 70000 90761 91103==
51818 14/63 /0301 11044 21128 38733 40403 52001 60001 333 11016 21126 3/119 58058 70000 90761 91106==
51886 14/77 /0401 11079 21236 37112 40333 52011 60001 333 11042 21155 3/119 59013 70000 90761 91104==
52203 14/57 /0701 11108 21152 39464 40422 52010 60001 333 11041 21124 3/116 58018 70000 90761 91104==
52602 14/75 /2201 11073 21240 37256 40327 52006 60001 333 11008 21177 3/121 59030 70000 90761 91106==
52818 14/66 /0000 11064 21228 37237 40302 52011 60001 333 11016 21108 3/115 59017 70000 90761 91109==
52908 14/60 /2604 11077 21299 35755 40238 52009 60001 333 10006 21151 3/119 59023 70000 90761 91123==
55228 04980 /2408 11027 21339 36009 40174 52007 60002 70000 333 10010 21115 3/120 54415 59041 60001 70000 90720 91118=
55299 14/61 /0201 11004 21284 35844 40211 57005 60001 333 10067 21166 3/121 59040 70000 90761 91117==
55578 04958 /2401 10029 21191 36365 40212 57007 60002 70000 333 10132 21131 3/115 54405 59040 60001 70000 90720 91104=
55591 14/50 /2701 10027 21193 36499 40125 57008 60001 70600 333 10149 21048 3/113 59045 70000 90761 91104==
55664 04980 /2706 10031 21256 36029 40228 52003 60002 70000 333 10092 21121 3/115 54415 59022 60001 70000 90720 91116=
55773 04980 /1706 10008 21229 36034 40230 54000 60002 70000 333 10094 21133 3/119 54415 59023 60001 70000 90720 91117=
56004 14/80 /2606 11044 21315 35814 40254 52005 60001 333 10036 21185 3/126 59026 70000 90761 91123==
56018 14/61 /2001 10014 21269 36169 40173 52010 60001 333 10097 21127 3/117 59010 70000 90761 91115==
56312 04978 /3301 10044 21080 37082 40196 52008 60002 70000 333 10126 21054 3/107 54405 59026 60001 70000 90720 91107=
62306 42560 43210 10179 20071 40267 57014 84500==
62309 42560 43208 10194 20091 40244 57018 84800==
62325 42960 03304 10204 20124 40238 57020==
62332 42560 33506 10210 20130 40233 57017 83200==
62337 42560 40000 10207 20127 40225 57020 84200==
62366 44556 63606 10205 20105 40224 57021 70521 86200==
62387 42960 03513 10214 20110 40216 57022==
62393 42960 00112 10217 20068 40224 57025==
62405 42960 00503 10244 20022 40183 57028==
62414 42960 03607 10257 20044 40174 57024==
62419 42/60 30411 10256 20089 40152 57024 83030==
62420 42560 80409 10215 20097 40227 57023 82407==
62435 42960 40108 10239 20028 40184 57028 80004==
62440 42560 33510 10224 20093 40229 57024 83200==
62455 42960 03012 10210 20123 40216 57025==
62458 42960 03207 10237 20069 40197 57024==
62459 42960 33017 10219 20133 40187 57023 80002==
62465 42960 03416 10234 20097 40169 57018==
63210 32980 00517 10267 20200 40136 333 10279 59011=
63330 42980 11202 10238 20150 37804 40276 80002 333 59002 81070=
63331 42580 1//// 10296 20097 38096 40230 81100 333 59001 81827=
63332 42580 13602 10260 20130 38204 40043 81100 333 59003 81825=
63333 42580 11202 10256 20104 38170 40183 81100 333 59011 81827=
63334 42580 42704 10232 20044 37632 84500 333 58000 84627=
63340 42580 33602 10220 20091 37951 40175 83200 333 59010 83824=
63402 42580 30000 10275 20108 83200 333 83829=
63403 41560 63502 10234 20165 70520 82230 333 82823 85358=
63450 42580 11804 10216 20072 37743 40259 81100 333 59008 81824=
63451 42580 11802 10249 20082 38146 40061 81500 333 59010 81627=
63453 42580 10404 10280 20112 39092 40322 81100 333 58006 81823=
63460 42580 10000 10268 20150 81100 333 81824=
63471 42980 00203 10288 20097 38875 40112 333 59013=
63474 42580 10606 10234 20060 37592 4//// 81100 333 59007 81823=
63478 42980 00207 10352 20160 39775 40093 333 59007=
63500 42580 10000 10294 20115 81100 333 81826=
63533 42980 00305 10284 20101 38498 4//// 333 59007=
40100 43/70 09907 10194 20102 30230 40246 56015 6///1 333 58000=
