SMPK OPKC 090000=
41504 02995 00000 10140 20057 37839 48466 60002 333 58025 60007 RH56%=
41505 12995 00000 10145 20072 38/// 48/// 60001 80000 333 56000 58/// 61%=
41507 02996 00000 10230 20200 39192 49691 60002 333 58006 60007 83%=
41508 02995 00000 10194 20137 38617 48492 60002 333 59006 60007 69%=
41509 02996 00000 10220 20138 38703 48454 60002 333 58006 60007 RH 60%=
41510 02996 00000 10130 20122 37906 48502 60002 333 58007 60007 95%=
41515 02996 00000 10220 20128 38476 48440 60002 333 58007 60007 56%=
41516 02696 40000 10165 20131 38479 48438 60002 84500 333 56900 59035 60007 84640 RH80%=
41518 02696 51802 10194 20101 38/// 48/// 60002 83520 333 56990 5//// 60007 83640 82462 56%=
41519 02696 30000 10250 20126 38700 48451 60002 83500 333 56900 59029 60007 83640 RH46%=
41520 02695 10000 10130 20064 37615 48226 60002 81500 333 56900 59018 60007 81640 64%=
41523 02996 00000 10220 20193 39022 48461 60002 333 59011 60007 83%=
41524 02996 00000 10230 20185 39265 40097 60002 333 59009 60007 RH 76%=
41525 12996 00000 10130 20095 37680 48379 60002 333 58012 79%=
41528 01996 00000 10205 20190 39143 48453 60002 70400 333 59001 60007 91%=
41529 02996 03102 10255 20241 39663 40029 60002 333 59022 60007 RH 92%=
41534 02996 00000 10255 20241 39618 40016 60002 333 59028 60007 RH92%=
41535 02996 00000 10195 20171 38651 48428 60002 333 59019 60007 RH86%=
41536 02996 00000 10200 20169 38971 48457 60002 333 58008 60007 82%=
41560 02996 00000 10190 20125 38245 48463 60002 333 58009 60007 Rh66%=
41562 02996 00000 10285 20242 39581 40025 60002 333 59013 60007 RH 78%=
41565 02996 01302 10178 20164 38599 48471 60002 333 58004 60007 90%=
41567 01996 00000 10270 20234 39627 40027 60002 70400 333 59004 60007 81%=
41571 119// 10504 10250 20229 39472 40033 60002 70500 81030 333 56090 59030 RH88%=
41573 02996 03602 10170 20129 37949 48457 60002 333 59011 60007 77%=
41574 02997 00000 10140 20132 38318 48494 60002 333 58006 60007 95%=
41576 01996 00000 10270 20249 40040 60002 70400 333 59025 60007 88%=
41577 01996 00000 10235 20221 39440 40035 60002 70400 333 59027 60007 RH 92%=
41593 01996 00000 10270 20249 39818 40023 60002 70400 333 59017 60007 88%=
41597 01996 30000 10290 20269 39747 40030 60002 70400 83030 333 56090 59027 60007 83362 89=
41598 01996 00000 10270 20249 39753 40014 60002 70400 333 59027 60007 88%=
41599 01996 00000 10280 20252 39744 40022 60002 70400 333 59028 60007 85%=
41600 01996 00000 10270 20256 39742 40026 60002 70400 333 59015 60007 92%=
41620 32996 00000 10230 20200 38511 48416 60002 333 59010 60007 83%=
41624 01996 00000 10290 20262 39822 40013 60002 70400 333 59017 60007 85%=
41625 01996 00000 10280 20252 39831 40023 60002 70400 333 58004 60007 85%=
41630 01996 00000 10285 20264 40021 60002 70400 333 59025 60007 89%=
41633 02997 00000 10290 20262 4//// 60002 333 5//// 60007 85%=
41634 02997 00000 10250 20221 3//// 60002 4//// 333 5//// 60007 84%=
41635 01996 00000 10285 20257 3//// 4//// 60002 70400 333 5//// 60007 85%=
41636 01996 00000 10290 20262 39839 40015 60002 70400 333 59020 60007 85%=
41638 01996 00000 10270 20249 4//// 60002 70400 333 5//// 60007 88%=
41639 01996 00000 10265 20244 3//// 4//// 60002 70400 333 5//// 60007 88%=
41640 01996 00000 10275 20247 39781 40021 60002 70400 333 59026 60007 85%=
41641 01996 00000 10265 20244 39756 40020 60002 70400 333 59028 60007 88%=
41641 01996 00000 10265 20244 39756 40020 60002 70400 333 59028 60007 88%=
41642 01995 00000 10275 20261 3//// 4//// 60002 71000 333 5//// 60007 92%=
41643 01995 30000 10260 20238 39752 40019 60002 70400 83030 333 56090 59026 60007 83360 88%=
41644 01996 00000 10260 20246 3//// 4//// 60002 70400 333 5//// 60007 92%=
41646 01996 00000 10280 20252 39828 40032 60002 70400 333 59019 60007 85%=
41652 01996 00000 10270 20234 39845 40017 60002 70400 333 59017 60007 81%=
41660 019// 00506 10180 21009 38388 48475 60002 70500 333 59023 60007 28%=
41661 01995 00000 10175 20028 38342 48467 60002 70540 333 59013 60007 37%=
41669 02996 00000 10290 20270 3//// 4//// 60002 333 5//// 60007 89%=
41670 01996 00000 10280 20259 3//// 4//// 60002 70400 333 5//// 60007 88%=
41674 01996 00000 10280 20259 3//// 4//// 60002 70400 333 5//// 60007 88=
41675 01996 01806 10300 20243 39870 40007 60002 70400 333 59022 60007 72%=
41676 01996 00000 10295 20267 39898 40049 60002 70400 333 59010 60007 85%=
41677 01996 00000 10280 20259 39845 40005 60002 70400 333 59015 60007 88%=
41678 01996 00000 10290 20216 40019 60002 70500 333 59014 60007 70500 64%=
41679 01996 00000 10280 20259 4//// 60002 70400 333 5//// 60007 88%=
41680 01995 00000 10285 20264 39832 40022 60002 71000 333 59007 60007 89%=
41685 02997 00000 10240 20211 38844 48442 60002 333 59015 60007 RH84%=
41696 02996 00000 10130 20075 37995 48507 60002 333 58007 60007 Rh69%=
41697 02996 00000 10305 20256 39863 40011 60002 333 59014 60007 RH75%=
41700 01996 00000 10290 20255 39881 40003 60002 70400 333 59017 60007 81%=
41701 01996 00000 10260 20231 39878 40018 60002 70400 333 59021 60007 84%=
41710 11996 03108 10265 21044 39285 40026 60002 70600 333 58010 RH13%=
41712 12996 00000 10280 20063 39126 48473 60002 333 58003 RH25%=
41715 01996 00000 10290 20255 39957 40020 60002 70500 333 58009 60007 RH81%=
41716 01996 00000 10290 20269 39915 40013 60002 70400 333 59024 60007 89%=
41718 01996 00000 10290 20248 39907 40005 60002 70400 333 59008 60007 78%=
41724 01996 00000 10300 20258 39961 40037 60002 70500 333 59010 60007 RH78%=
41725 02996 01302 10310 20261 39944 40018 60002 333 59006 60007 RH75%=
41726 02996 00000 10295 20267 39969 40037 60002 333 58011 60007 RH85%=
41738 02996 00000 10260 20231 39872 40048 60002 333 58003 60007 RH84%=
41739 02996 00000 10245 21006 38992 48467 60002 333 58019 60007 RH19%=
41742 12696 50000 10280 20244 39940 40042 60002 85500 333 56900 59016 85640 RH 81%=
41743 01996 00000 10275 20231 60002 70500 333 60007 RH77%=
41744 12996 00000 10230 20062 38717 48450 60002 333 58024 RH 34%=
41745 01995 01302 10260 20223 60002 70500 333 60007 RH80%=
41746 21996 00000 10275 20261 39962 40014 60002 70500 333 58000 60007 RH92%=
41747 02996 00000 10295 20260 39947 40004 60002 333 59006 60007 RH82%=
41748 02996 01304 10290 20232 39954 40016 60002 333 59014 60007 RH71%=
41749 02996 01308 10270 20241 30000 40033 60002 333 58000 60007 RH84%=
41756 01495 52302 10250 20220 39980 40044 60002 70500 85600 333 56900 58006 60007 85715 RH84%=
41757 11995 00000 10265 20244 30037 40049 60002 71000 333 58000 RH88%=
41759 01995 00000 10255 20233 30035 40041 60002 71011 333 59001 60007 RH88%=
41764 02996 02112 10270 20234 39975 40024 60002 333 59014 60007 RH81%=
41765 01996 02104 10270 20241 39986 40021 60002 71000 333 59016 60007 RH84%=
41766 21696 02306 10250 20235 39983 40013 70400 333 59007 60007 RH92%=
41767 02996 0//// 10265 20244 60002 333 60007 RH88%=
41768 02996 02304 10270 20252 30015 40022 60002 333 59019 60007 RH92%=
41780 02596 62508 10280 20252 30008 40035 60002 86600 333 56900 59016 60007 86720 RH85%=
41785 02996 02304 10275 20254 30023 40036 60002 333 59010 60007 RH 88%=
41786 02596 30000 10275 20239 39978 40014 60002 83600 333 56500 59013 60007 83720 RH81%=
41BKI 02996 00000 10270 20226 39617 40017 60002 333 59034 60007 RH 77%=
41SKP 01996 00000 10275 20261 3//// 4//// 60002 70400 333 5//// 60007 92%=
43532 01996 00000 10210 20195 39251 40032 60002 70400 333 58001 60007 91%=
43533 02996 00000 10225 20195 399141 48437 60002 333 59024 60007 83%=
43563 02997 00502 10256 20219 39355 40017 60002 333 59031 60007 81%=
41760 01595 70000 10260 20238 30030 40043 60002 70400 87600 333 56900 59007 60007 87720 RH 88%=
41517 01696 20000 10120 20063 37771 48476 60002 70400 82500 333 56900 59028 60007 82640 68%= 
41BAG 02696 40502 10140 20086 60002 84500 333 56900 60007 84640 70%= 
41530 019// 00504 10260 20231 39625 40023 60002 70500 333 59030 60007 84%=


UPPK OPKC 090000=
PPAA 5900/ 41739 NO ACENT DUE TO SECURITY RISK=
PPAA 5900/ 41764 NO ASCENT DUE PAF FLYING=
PPAA 5900/ 41768 NO ASCENT DUE TO SHORTAGE OF STAFF=
PPAA 59001 41715 55185 11806 30006 77999=
PPAA 5900/ 41640 MISDA DUE TO TECHNICAL PROBLEM=
PPAA 59001 41600 55185 01005 77999=
PPAA 59001 41624 55185 11006 77999=
PPAA 59001 41678 55185 01002 77999=
PPAA 59001 41718 55185 22509 77999=
PPAA 59004 41598 55185 07501 77999=
PPAA 5900/ 41646 MISDA DUE TO TECHNICAL FAULT=
PPBB 59001 41715 90/12 00000 16008 12005 9037/ 22003 19004=
PPBB 59001 41598 90/12 00000 36002 02502 903// 05501=
PPBB 59001 41600 90/12 00000 01502 04502 903// 06004=
PPBB 59001 41678 90/12 00000 07503 05505 9037/ 05004 00503=
PPBB 59001 41718 90/12 00000 18006 22507 903// 23008 =
PPAA 59001 41675 55185 23512 77999=
PPBB 59001 41675 90/12 18006 18511 19016 903// 20013=
PPAA 5900/ 41517 MISDA DUE TO SMOKE HAZE=



Data Generated from File : D:\all data handling\Rmc_lhr\2024090900.FSU.txt
09/09/24 00:59:42
______________________________________________________________
15007 05/70 /2502 10093 20030 39717 40186 58016 60001 7000/ 333 4/000 55300 0//// 20000 3//// 55107 0//// 22144 3//// 60007=
15020 04/70 /0000 10112 20042 39979 40176 58015 60001 333 55110 22112 55300 20000 60007==
15023 05/70 /2101 10114 20029 39744 40167 58014 60001 7000/ 333 55300 0//// 20000 3//// 55109 0//// 22156 3//// 60007=
15056 05/70 /0901 10183 20023 39830 40170 58015 60001 7000/ 333 4/000 55300 0//// 20000 3//// 55105 0//// 22084 3//// 60007=
15073 05/70 /2500 10104 20039 39723 40188 58015 60001 7000/ 333 4/000 55300 0//// 20000 3//// 55102 0//// 22162 3//// 60007=
15090 04970 00000 10102 20081 30088 40180 58011 60001 333 55107 00829 22190 30286 55300 10220 20000 30000 60007 91001 90760 91101==
15107 05/70 /1400 10045 20022 39394 42814 57013 60001 7000/ 333 55300 0//// 20000 3//// 55105 0//// 22162 3//// 60007=
15108 02984 01306 10065 21008 38126 48527 58016 60001 333 55099 22204 55300 20000 60007 91007 90760 91107==
15109 05/70 /2704 10124 20037 39753 40184 58014 60001 7000/ 333 55300 0//// 20000 3//// 55110 0//// 22176 3//// 60007=
15111 05/70 /0401 10107 20063 39911 40174 58014 60001 7000/ 333 4/000 55300 0//// 20000 3//// 55106 0//// 22153 3//// 60007=
15113 05/70 /2701 10095 20080 30016 40180 57012 60001 7000/ 333 4/000 55300 0//// 20000 3//// 55108 0//// 22133 3//// 60007=
15150 04970 03501 10096 20079 39969 40183 58014 60001 333 55108 22024 55300 20000 60007 91002 90760 91102==
15154 05970 03400 10094 20084 30035 40178 57011 60001 7000/ 333 4/000 55300 0//// 20000 3//// 55109 0//// 22138 3//// 60007 91001 91102=
15168 05/70 /0102 10120 20035 39558 42798 57015 60001 7000/ 333 4/000 55300 0//// 20000 3//// 55107 0//// 22184 3//// 60007=
15170 04970 02901 10029 20020 39415 42806 57014 60001 333 55108 22158 55300 20000 60007 91001 90760 91102==
15194 05/70 /2806 10119 20070 39892 40184 57014 60001 7000/ 333 4/000 55300 0//// 20000 3//// 55106 0//// 22161 3//// 60007=
15219 05/70 /3005 10129 20075 30050 40174 57010 60001 7000/ 333 4/000 55300 0//// 20000 3//// 55106 0//// 22129 3//// 60007=
15238 05/70 /0401 10078 20053 39565 42800 57017 60001 7000/ 333 4/000 55300 0//// 20000 3//// 55110 0//// 22174 3//// 60007=
15262 02999 01103 10060 2//// 38245 48/// 58018 60001 333 55300 0//// 20000 3//// 55108 0//// 22361 3//// 60007 91004 91105=
15265 05/70 /3402 10128 20075 30095 40170 58010 60001 7000/ 333 4/000 55300 0//// 20000 3//// 55106 0//// 22164 3//// 60007=
15280 02984 00403 10054 20004 37550 47121 57013 60001 333 55096 22381 55300 20000 60007 91003 90760 91106==
15301 05970 02503 10107 21003 38656 48537 57016 60001 7000/ 333 55300 0//// 20000 3//// 55105 0//// 22330 3//// 60007 91004 91105=
15302 05/70 /1201 10091 20033 38947 48514 58015 60001 7000/ 333 55300 0//// 20000 3//// 55084 0//// 22002 3//// 60007=
15307 05/70 /3304 10163 20042 39984 40166 57017 60001 7000/ 333 4//// 55300 0//// 20000 3//// 55108 0//// 22152 3//// 60007=
15310 04970 00101 10179 20076 30081 40165 57012 60001 333 55092 00758 22065 31953 55300 10200 20000 30000 60007 91003 90760 91103==
15324 05/70 /1200 10102 20033 39395 42811 57014 60001 7000/ 333 4/000 55300 0//// 20000 3//// 55106 0//// 22168 3//// 60007=
15325 05999 02004 10106 21007 38509 48521 57018 60001 7000/ 333 4/000 55300 0//// 20000 3//// 55096 0//// 22194 3//// 60007 91006 91106=
15328 05/70 /0201 10130 20047 39835 40182 57016 60001 7000/ 333 4//// 55300 0//// 20000 3//// 55107 0//// 22199 3//// 60007=
15335 04970 02901 10163 20133 30157 40164 57009 60001 333 55062 21627 55300 20000 60007 91002 90760 91103==
15336 05/70 /3203 10167 20128 30154 40156 57009 60001 7000/ 333 4/000 55300 0//// 20000 3//// 55060 0//// 21379 3//// 60007=
15349 05/70 /0101 10117 20037 39633 40182 56018 60001 7000/ 333 4/000 55300 0//// 20000 3//// 55102 0//// 22086 3//// 60007=
15350 04970 03204 10160 20034 30055 40173 56015 60001 333 55096 21571 55300 20000 60007 91005 90760 91105==
15360 04970 03506 10186 20141 30135 40152 57010 60001 333 55072 60007 91008 90760 91108==
15377 05/70 /0202 10143 20044 39956 40169 56016 60001 7000/ 333 55300 0//// 20000 3//// 55097 0//// 21675 3//// 60007=
15387 05/70 /3203 10139 20126 30151 40155 57010 60001 7000/ 333 4/000 55300 0//// 20000 3//// 55106 0//// 22118 3//// 60007=
15402 05/70 /3501 10132 20039 30091 40165 58018 60001 7000/ 333 55300 0//// 20000 3//// 55104 0//// 22189 3//// 60007=
15405 05/70 /3302 10140 20075 30105 40167 57017 60001 7000/ 333 4/000 55300 0//// 20000 3//// 55106 0//// 22164 3//// 60007=
15406 05/70 /0402 10143 20126 30114 40161 57013 60001 7000/ 333 4/000 55300 0//// 20000 3//// 55072 0//// 21595 3//// 60007=
15408 05/70 /3002 10170 20086 39903 40164 57011 60001 7000/ 333 4/001 55300 0//// 20000 3//// 55067 0//// 21570 3//// 60007=
15409 05/70 /3305 10184 20080 30109 40156 57012 60001 7000/ 333 4//// 55300 0//// 20000 3//// 55063 0//// 21523 3//// 60007=
15419 05970 03602 10145 20037 39984 40176 56012 60001 7000/ 333 4/000 55300 0//// 20000 3//// 55094 0//// 22076 3//// 60007 91003 91103=
15420 04970 00000 10105 20072 30054 40165 56018 60001 333 55106 22158 55300 20000 60007 91001 90760 91101==
15421 05970 00901 10134 20058 30065 40175 56018 60001 7000/ 333 55300 10173 20000 30000 55101 00835 22182 30405 60007 91001 91102=
15422 05970 00400 10161 20079 30062 40161 56019 60001 7000/ 333 55300 0//// 20000 3//// 55087 0//// 22062 3//// 60007 91001 91101=
15425 05970 02602 10157 20108 30098 40161 58018 60001 7000/ 333 4/000 55300 0//// 20000 3//// 55101 0//// 22107 3//// 60007 91003 91103=
15434 02970 03401 10153 20024 39960 40167 57006 60001 333 4/000 55300 0//// 20000 3//// 55102 0//// 22090 3//// 60007 91002 91104=
15444 05/70 /0600 10162 20110 30091 40162 57014 60001 7000/ 333 4/000 55300 0//// 20000 3//// 55080 0//// 21681 3//// 60007=
15455 05/70 /3501 10146 20043 30036 40166 56015 60001 7000/ 333 4/000 55300 0//// 20000 3//// 55107 0//// 22160 3//// 60007=
15460 04970 02401 10165 20132 30135 40159 58016 60001 333 55101 22098 55300 20000 60007 91002 90760 91102==
15462 05970 02802 10151 20119 30077 40162 57011 60001 7000/ 333 55300 0//// 20000 3//// 55060 0//// 21530 3//// 60007 91002 91104=
15470 04970 00303 10166 20057 30036 40159 56013 60001 333 55107 22197 55300 20000 60007 91003 90760 91103==
15475 06/// /0602 10134 20112 30138 40158 58019 60001 333 55300 0//// 20000 3//// 55107 0//// 22164 3//// 60007=
15479 05/70 /3002 10170 20124 39973 40161 57014 60001 7000/ 333 55300 0//// 20000 3//// 55071 0//// 21647 3//// 60007=
15480 04970 02602 10175 20116 30138 40155 57011 60001 333 55053 00509 21458 31351 55300 10210 20000 30000 60007 91003 90760 91103==
15499 05/70 /2703 10164 20139 30144 40153 57012 60001 7000/ 222// 0//// 2//// 333 55047 60007=
15549 12970 01401 10153 20111 39748 40152 58017 60001 333 10211 20152 555 576//=
15552 12570 12901 10179 20155 30102 40149 58013 60001 81500 222// 00/// 309// 40402 333 10214 20178 555 586// 92033 92438=
15640 12970 00000 10176 20136 39844 40145 58028 60001 333 10232 20170 555 577//=
15655 12965 03602 10193 20161 30122 40154 58009 60001 222// 00250 10401 333 10233 20193 555 582// 92035 92437=
15730 12970 00000 10145 20058 39780 40168 58008 60001 333 10235 20145 555 556//=
16627 12960 00104 10214 20158 30134 40139 57017 60001 333 90730 91110==
16650 12960 00000 10214 20165 30131 40139 58008 60001 333 90730 91111==
16706 12960 00313 10244 20181 30099 40106 57014 60001 333 90730 91121==
16723 12560 20211 10254 20148 30086 40099 57001 60001 81140 333 90730 91120==
16732 26/// /3619 10256 20172 30102 40113 57006 333 60005 90730 91129==
16742 12960 03512 10242 20179 39935 40085 58008 60001 333 90730 91120==
16749 12960 12308 10258 20210 30056 40070 57004 60001 80001 333 90730 91115==
16754 12560 13113 10256 20173 30083 40130 58005 60001 81100 333 90730 91121==
16760 26/// /0406 10212 20148 39733 40134 57007 333 60005 90730 91112==
16765 26/// /3122 10255 20194 30065 40084 57011 333 60005 90730 91134==
17031 11570 60703 10209 20203 30117 40123 55005 60121 70292 84250 333 84830 86360 90760 91128==
17034 12670 61601 10236 20199 30080 40124 58006 60001 83250 333 83835 86360 90760 91105==
17038 11670 62210 10233 20171 30073 40118 51001 60011 70282 86200 333 86835 90760 91119==
17060 12560 63505 10218 20187 30104 40143 57006 60001 86200 333 86830 90760 91114==
17070 12965 00301 10151 20125 39294 40124 58002 60001 333 90760 91105==
17084 11670 40000 10153 20148 39252 40111 56003 60011 70291 84200 333 84835 90760 91110==
17096 12660 12403 10097 20080 38262 48515 50002 60001 81200 333 81840 90760 91113==
17098 12660 33504 10113 20108 38238 48530 50005 60001 83100 333 83840 90760 91114==
17100 12670 60102 10201 20140 39186 40120 50010 60001 84130 333 84840 86360 90760 91106==
17115 12960 00310 10230 20187 30090 40138 57010 60001 333 90760 91118==
17116 12970 00000 10177 20172 30023 40140 57005 60001 333 90760 91104==
17124 12960 02503 10150 20137 39254 40126 58003 60001 333 90760 91115==
17128 12970 00604 10146 20102 39069 40111 56001 60001 333 90760 91112==
17150 12660 11301 10181 20175 30015 40133 57006 60001 81100 333 81835 90760 91111==
17170 12660 41801 10144 20085 38360 48522 53002 60001 82140 333 82840 84358 90760 91116==
17184 12970 03503 10211 20150 30013 40118 57004 60001 333 90760 91115==
17190 12970 03202 10159 20115 38979 48505 58004 60001 333 90760 91109==
17190 12970 03202 10159 20115 38979 48505 58004 60001 333 90760 91109==
17195 12670 60702 10158 20086 38956 48505 51004 60001 82150 333 82840 86362 90760 91109==
17200 12/60 21904 10139 20128 39166 40102 55000 60001 82030 333 82360 90760 91115==
17202 12970 22405 10174 20102 39109 40080 50001 60001 80001 333 82070 90760 91110==
17203 12970 00000 10187 20101 38867 48545 51005 60001 333 90760 91104==
17219 12965 03611 10232 20136 39971 40107 58003 60001 333 90760 91122==
17237 12970 03002 10231 20142 39627 40099 58002 60001 333 90760 91111==
17240 12970 02604 10199 20125 39008 40078 57004 60001 333 90760 91110==
17244 12970 00704 10157 20111 38981 48504 57007 60001 333 90760 91114==
17260 12960 02901 10196 20141 39280 40041 57003 60001 333 90760 91108==
17280 12960 00000 10208 20128 39341 40071 52006 60001 333 90760 91110==
17292 12970 03302 10211 20128 39359 40064 58006 60001 333 90760 91109==
17300 12960 03502 10253 20172 30020 40087 58002 60001 333 90760 91108==
17310 12970 00601 10283 20231 30065 40072 58002 60001 333 90760 91104==
17350 12660 20104 10240 20131 30011 40084 54000 60001 82100 333 82835==
17370 12670 31001 10270 20215 30087 40091 57004 60001 83200 333 83835 90760 91104==
33088 32997 01102 10115 20056 30001 40189 57013 555 1/008=
33135 329// 00501 10094 20064 30070 40217 57006 555 1/010=
33177 32997 01302 10134 20063 39931 40162 57019 555 1/011=
33317 329// 01201 10096 20034 39858 40192 57013 555 1/009=
33393 32960 01403 10148 20017 39770 40149 57017=
33415 32997 00000 10160 20011 39787 40171 57016 555 1/008=
33429 32997 00902 10115 20022 39769 40184 57015 555 1/009=
33466 32971 00000 10107 20047 30014 40199 57008 555 10011=
33506 32597 80802 10174 20037 30009 40198 57003 885// 555 1/016=
33562 32960 00000 10089 20061 39901 40203 57010 555 1/009=
33587 329// 00000 10105 20038 39935 40196 57009 555 1/009=
33658 32983 01201 10119 20024 39877 40171 57017 555 1/009=
33663 32997 02701 10088 20038 30093 40188 57008 555 1/009=
33664 42997 00803 10146 21015 39862 40170 57015=
33678 42998 02801 10127 21012 39994 49066 57001=
33679 42997 00201 10127 20025 39998 40186 57003=
33711 32960 03302 10154 20040 39977 40180 57006 555 1/013=
33745 42997 00702 10118 20002 39994 40190 57018 555 10010=
33748 42997 01103 10148 20040 39897 40173 57013=
33754 42997 00000 10105 20064 30038 40183 56008=
33761 32998 03602 10131 20035 39964 40182 57007 555 1/011=
33791 32983 00402 10184 20028 30051 40174 56007 555 1/015=
33815 42998 00203 10177 20025 39967 40167 57010 555 10012=
33837 32984 00000 10171 20098 30109 40159 57006 555 1/015=
33881 42998 03402 10161 20038 39979 40169 57012=
33883 42998 03602 10142 20050 30006 40165 57012 555 10012=
33885 42997 00103 10156 20052 30046 40180 57008=
33892 42997 00302 10148 20036 39961 40167 57005=
33902 32997 20302 10170 20074 30100 40157 57007 80040 555 1/015=
33924 42970 00802 10170 20123 30130 40142 57008==
33946 42/77 60802 10174 20166 39921 40133 57006 86030==
33983 42560 50703 10190 20162 30066 40124 57006 84550==
34300 32997 30602 10170 20033 30042 40213 56003 83030 555 1/014=
34336 42960 00301 10132 20030 30132 40233 52002==
34344 42970 00000 10093 20093 30145 40232 54001==
34356 42970 00000 10094 20040 30099 40245 54000==
34357 42970 01402 10132 20032 30082 40233 52003==
34398 429// 40503 10155 20070 30234 40244 53001 80001==
34415 32997 00000 10106 20051 30108 40203 57003 555 1/009=
34438 42960 00703 10156 20020 30030 40215 57002==
34445 42970 00000 10072 20001 30119 40232 54001==
34461 42960 00301 10121 20018 30185 40239 53002==
34473 429// 01002 10137 20042 30208 40245 52002 555 10010=
34476 42970 00802 10157 20023 30235 40242 53003==
34504 32981 80103 10198 20020 30013 40179 57007 8805/=
34535 42970 01302 10142 20004 30135 40205 57004==
34545 42970 00702 10129 20023 30107 40216 58002==
34555 42970 00601 10154 20056 30143 40231 50001==
34560 42960 00804 10119 20028 30048 40235 52001==
34578 42960 00902 10135 20100 30226 40232 57002==
34579 42970 00301 10119 20037 30195 40238 54000==
34644 42960 00703 10156 20006 30123 40197 57006==
34646 42970 01004 10180 20065 30125 40204 57005==
34655 42960 00503 10113 21006 30157 40216 58003==
34662 42970 03401 10108 20008 30214 40225 58005==
34691 42970 00000 10131 20030 30257 40245 53003==
34720 42570 70704 10192 20069 30134 40172 55000 87900 333 90760 91110==
34727 42560 61005 10206 20073 30129 40157 52004 86400 333 90760 91111==
34743 42960 00703 10132 21008 30115 40202 57005==
34759 42560 20903 10142 20040 30075 40202 57008 82500==
34772 42960 00603 10141 20035 30221 40224 57005==
34785 42/60 80703 10148 20033 30249 40227 58002 8805/==
34798 42/60 40503 10146 20073 30259 40231 57001 84030==
34824 41960 00903 10203 20094 30139 40144 52001 70281==
34838 42960 00803 10194 20088 30061 40152 57004==
34845 42970 01103 10158 20034 30074 40177 57005==
34858 42/60 60901 10158 20035 30083 40187 57007 86030==
34861 42/60 41004 10134 20020 39963 40199 57011 84030==
34866 42960 00805 10150 20064 30204 40196 57015==
34880 42560 60701 10169 20090 30244 40219 57002 82930==
34887 42570 70402 10185 20112 30227 40209 57006 87500==
34949 42570 80906 10153 20105 39640 40165 57003 82531 333 90760 91111==
34954 42970 20401 10169 20085 30009 40175 57003 80001==
34958 42570 80803 10167 20094 39983 40174 57005 885//==
34975 42970 01004 10169 20115 30189 40185 57012==
34984 42/70 20504 10174 20133 30230 40201 57005 80060==
35217 429// 01104 10150 20041 30219 40258 52003==
35302 429// 00903 10144 20088 30232 40252 58001==
35315 429// 00902 10120 20058 30205 40260 52005 555 10009=
35344 429// 00000 10081 20059 39985 40267 51001 555 10009=
35345 46/// /2903 10106 20103 39948 40261 53001=
35358 429// 00201 10092 20029 30088 40454 55005==
35368 429// 00000 10064 20033 39995 40258 53007 555 11005=
35386 429// 00000 10054 20035 39731 40242 58007 555 10005=
35394 42970 00101 10074 20045 39574 40233 57002==
35404 429// 01002 10170 20119 30235 40243 58002 555 10016=
35406 429// 01002 10144 20067 30242 40244 52001==
35416 429// 03001 10107 20028 30148 40266 53004==
35426 429// 00000 10093 20048 39989 40273 52003==
35437 429// 00401 10077 20038 39967 40275 51001 555 10006=
35449 429// 03102 10123 20095 30157 40256 52002 555 10010=
35497 429// 00000 10051 20012 39455 40237 53002==
35498 429// 02001 10020 21031 39382 40253 57001 555 10001=
35514 42998 00903 10150 20056 30253 40249 52006 555 10013=
35519 42998 01102 10104 20051 30196 40266 52005 555 10007=
35522 429// 01301 10129 20049 30023 40266 52006 555 10009=
35542 429// 00903 10094 20054 30119 40262 52004 555 10008=
35563 42998 00000 10072 20048 39500 40250 53003 555 10004=
35576 429// 03502 10104 20026 39783 40215 57004==
35582 429// 00401 10033 20002 39647 40240 54000 555 10002=
35594 429// 01501 10028 21031 39417 40245 54000 555 10002=
35605 42998 23102 10162 20059 30257 40236 57001 80001 555 10013=
35633 429// 00000 10098 20049 30055 40263 52005 555 10008=
35671 42970 03503 10072 20027 39818 40237 52010==
35699 429// 00502 10111 21012 39492 40217 54000==
35700 42970 00301 10152 20065 30257 40234 57005==
35715 42997 01304 10180 20081 30260 40246 52005 555 10014=
35739 429// 00000 10096 20056 30115 40251 53002 555 18007=
35746 429// 00103 10122 20084 30180 40244 52007==
35777 429// 00000 10064 20005 39905 40243 52003 555 10004=
35796 42960 50404 10097 21002 39791 40211 53004 80002==
35816 46/// /1104 10168 20051 30251 40262 52007=
35849 429// 03502 10090 20064 30153 40237 52007==
35895 42597 43601 10100 20052 39788 40216 53006 84300 555 10009=
35907 42998 40809 10162 20118 30241 40212 57004 80002=
35925 429// 40702 10112 20032 30139 40247 52006 80002==
35927 429// 01102 10147 20044 30235 52005=
35953 429// 03404 10090 20042 30101 40227 53004==
35969 429// 00000 10080 20005 30039 40209 57003==
35997 429// 40901 10122 20061 39779 40194 53002 84050 333 91105 555 10010=
36259 12584 71002 10024 21029 38280 48548 52002 60002 86902 333 20024 30/// 55102==
36335 42999 00000 10034 20013 39258 40264 53005 555 10002=
36358 42999 00000 10043 20003 39254 40249 57003 555 10003=
36394 42597 70000 10061 20052 39825 40237 57002 87300=
36397 42684 30000 10092 20046 39687 40231 57003 82570==
36403 42698 70803 10103 20076 39882 40228 57002 85981 555 11007=
36418 42999 22403 10081 20035 39642 40236 57002 82030 555 10006=
36421 41696 30000 10012 20004 39703 40263 57003 71011 82501 555 10001=
36428 42784 23601 10056 20037 39757 40246 58005 81541==
36439 42998 31204 10031 20009 39020 48546 56002 82031 555 11003=
36467 429// 03201 10008 21050 39322 40260 58002 555 10001=
36498 42998 00104 10073 20032 39457 40222 57004 555 10006=
36501 42999 00000 10069 20056 39502 40231 57002 555 10004=
36535 42/84 41702 10025 21017 39633 40257 54000 82031==
36546 42999 02701 10057 20031 39712 40237 57002 555 10004=
36619 42999 00703 10077 20038 555 10005=
36622 42998 20000 10062 20022 39446 40226 56003 82040 555 10005=
36639 42984 00000 10032 20025 39621 40216 57004==
36643 42999 02602 10054 20035 39593 40238 56003 555 10002=
36665 42999 01901 10098 20036 39521 40216 57006 555 10008=
36666 42999 00000 10034 20016 39752 40236 57002=
36729 42998 32201 10064 20048 39726 40193 57006 80005 333 91110 555 10003=
36736 42999 03501 10067 20044 39682 40219 57001 555 11003=
36744 429// 50502 10094 20016 39766 40199 57005 85040 333 91104 555 10008=
36770 42999 00000 10042 20037 39489 40200 57009 333 91108 555 10005=
36786 42999 01101 10065 20031 39304 40195 57009 333 91107=
36796 42998 00000 11004 21027 39043 48503 57007 333 91102=
36803 42999 02301 10097 20056 39760 40191 56004 333 91112=
36806 42999 01406 10094 21003 39748 40198 53001 333 91118=
36819 429// 60202 10086 20036 39608 40200 53012 82044 333 91118=
36821 429// 40202 10084 20017 39719 40193 53002 80002 333 90760 91107==
36839 42999 33301 10057 20014 39103 40204 57002 80001 333 91109=
36843 42998 02403 10095 21026 39061 40191 57006 333 91109=
36846 429// 30501 10029 21009 38628 48521 57006 80002 333 91111=
36859 42984 03501 10088 20029 39431 40186 57006 333 90760 91109==
36870 429// 00000 10111 20057 39208 40178 53012 333 90760 91102==
36874 429// 51802 10069 20042 39442 40198 53013 80006 333 91118=
36877 42999 60000 10065 20054 39256 40208 53010 86030 333 91105=
36885 42999 21802 10087 20036 39100 40191 53006 82030 333 91106=
36889 429// 00000 10020 21115 37101 47127 54000 333 91103=
36894 42999 00000 10110 20024 39464 40172 53003 333 91114=
36905 42999 01301 10091 20027 38754 48506 57004 333 91106=
36911 429// 80000 10140 20093 39247 40176 53013 8805/ 555 10010=
36927 42697 60000 10111 20058 38379 48540 53001 86900=
36934 42697 70000 10124 20032 38273 48392 56005 86932=
36953 42999 21901 10012 21003 38234 48508 57009 80001 333 91112 555 1/101=
36963 427// 41602 10007 21054 37084 48/// 57004 82550 555 10102=
36974 43/// ///// 5//// 555 10007=
36982 42999 33501 11010 21099 36591 47146 57007 83030=
37018 42660 60302 10213 20171 30053 40125 52001 83501==
37031 42560 80702 10190 20124 39964 40150 52002 889//==
37054 42560 80000 10172 20121 39797 40165 50001 885//==
37061 42960 00504 10157 20109 30012 40175 57008==
37085 42940 00705 10192 20152 30202 40176 57006==
37171 42/40 70904 10231 20178 30104 40121 58004 87030 333 90760 91114==
37228 42560 41501 10136 20132 39347 40152 57014 84500==
37235 42960 00000 10151 20146 39846 40151 57009==
37472 42970 61505 10219 20177 30173 40152 57009 80001==
38149 42970 03001 10098 20013 30154 40230 52005==
38178 429// 03203 10100 21009 39911 40192 58009==
38262 429// 03201 10115 20041 30144 40223 52002==
38264 42970 03403 10129 20071 30125 40216 52002==
38345 42998 80000 10106 20041 38804 48496 58014 85032 555 10010=
38353 425// 80000 10159 20067 39303 40160 53005 889//=
38388 42998 00000 10121 20015 30150 40220 52004 555 18011=
38392 42997 03603 10146 20085 30108 40208 52002 555 10014=
38396 42960 03202 10117 20067 30087 40210 53005==
38403 429// 00702 10116 20002 30083 40201 52001==
38413 429// 00702 10136 21027 39906 40189 53012==
38457 42960 72601 10138 20036 39592 40162 57004 83540==
38462 426// 50000 10074 20002 38765 48514 57001 83950==
38462 426// 50000 10074 20002 38765 48514 57001 83950==
38507 42996 00907 10205 21022 30075 40173 57002 333 91007 555 10019=
38545 42998 03101 10104 20070 30029 40202 53001 555 10010=
38565 129// 00000 10088 20019 39595 40168 58001 60002==
38579 129// 00101 10118 20040 39761 40170 53008 60002==
38583 12/60 52701 10109 20036 39852 40168 53005 60002 82041==
38599 42997 82409 10173 20032 39659 40152 53004 85031=
38611 41760 83201 10185 20103 39598 40141 57002 70282 8337/==
38613 429// 62401 10142 20076 39283 40153 57003 80002 555 10013=
38616 425// 51801 10168 20046 39176 40145 58007 85300=
38618 429// 21201 10154 20081 39477 40140 57001 80001==
38647 42997 00905 10196 21036 30140 40181 52006 555 10017=
38656 42998 00000 10160 21017 30100 40207 53009 555 10015=
38683 42960 03403 10118 20011 39912 40183 53005==
38687 42997 03603 10135 20000 39957 40185 54000 555 10015=
38696 129// 02902 10142 20029 39334 40163 53005 60002==
38713 429// 81802 10120 20017 39039 48520 56007 8805/=
38750 42997 02501 10241 20219 30200 40173 57003 555 10023=
38763 42997 01003 10185 21025 30091 40192 52003 555 10017=
38774 42995 00801 10185 20027 30024 40212 52005 555 10014=
38799 42997 03601 10130 21009 39963 40191 57002 555 10012=
38806 42997 03601 10100 20036 39908 40166 53002 555 10009=
38812 42960 02201 10112 20017 39727 40173 53011==
38836 426// 40000 10185 20064 39209 40106 58011 83402=
38880 42997 01202 10171 21008 39945 40192 53002 555 10018=
38886 42997 00000 10139 20029 39974 40197 53005 555 10010=
38895 42996 00702 10156 20002 39918 40201 53001 555 10013=
38911 42998 00000 10136 20025 39884 40173 54000 555 10013=
38915 42997 00000 10163 20047 39843 40157 54000 555 10013=
38927 12960 02404 10133 20004 39788 40156 51006 60002==
38933 429// 70501 10153 20107 39664 40161 53007 80009=
38944 419// 00201 10174 20058 39578 40092 53004 70500=
38954 429// 00000 10122 20011 37955 48530 53008=
38974 42998 03401 10154 20027 39859 40185 53002 555 10017=
38987 42996 00000 10125 21007 39467 40198 54000 555 10009=
40030 32970 00000 10244 20182 40098 54000=
40080 32965 00000 10186 20111 39410 4//// 54000=
40100 43/60 01104 10272 20220 30083 40098 57003 6///1 333 58///=
40180 12960 51502 10254 20217 30039 40086 57002 60001 80001 333 70000==
40199 12/// /0103 10309 20181 30053 40077 52002 60001 333 70000==
40265 32960 00204 10208 20153 39341 40091 57004=
40270 32960 00000 10232 20136 39231 40076 57007=
40272 31950 03005 10220 20137 39293 40077 57009 70500=
40356 32960 00208 10254 20110 39136 48494 333 59003 555 04410 50041=
40357 32960 00704 10317 20040 39433 40017 333 59002=
40360 32960 03106 10247 20140 39507 40058 333 59003=
40361 32960 03206 10298 20070 39319 40069 333 58000=
40362 12960 01214 10342 20040 39549 40018 69902 333 59003=
40373 32960 01606 10334 20040 39649 40032 333 58002=
40375 32960 02904 10282 20090 39224 40042 333 59003=
40394 32960 01804 10304 20060 38982 48487 333 59108 555 04410 50044=
40394 32960 01804 10304 20060 38982 48487 333 59108 555 04410 50044=
40400 32960 00104 10274 20220 30042 40069 333 59001=
40405 22660 41408 10340 20040 39337 40017 84500 333 58019 60005 84640==
40417 32960 02703 10276 20220 30017 40031 333 58006=
40420 32960 02904 10276 20200 39839 40038 333 58006=
40430 32960 02602 10328 20050 39354 40058 333 58000=
40437 32960 01402 10292 20080 39388 40041 333 58007=
40439 32960 00604 10284 20200 30032 40050 333 59005=
40582 32960 02004 10307 20106 40034 56004 333 00029 55300 00000 10142 20000 30000 41268 51409 60000 55407 40000 90467 91003 91107 91205 91303=
40703 12960 00000 10184 20086 38915 40098 52007 60001 333 70000 555 10131 29053=
40706 12962 01102 10192 20070 38662 40093 52004 60001 333 70000 555 10126 29045=
40712 12960 02802 10126 20091 38684 40105 53011 60001 333 70000 555 10107 29079=
40713 12965 00804 10204 20083 38659 40064 53005 60001 333 70000 555 10137 29046=
40718 12960 01402 10214 20189 30196 40169 57004 60001 333 70008 555 10199 29086=
40723 12960 09901 10140 20041 38983 40158 53002 60001 333 70000 555 10092 29051=
40726 12960 00000 10170 20056 38663 40091 52006 60001 333 70000 555 10111 29047=
40727 12960 01802 10116 21009 38496 40100 52002 60001 333 70000 555 10061 29042=
40732 12560 60000 10240 20197 30175 40152 57003 60001 86500 333 70000 86626 555 10212 29077=
40736 12960 70000 10233 20212 30192 40168 54000 60001 87070 333 70026 87459 555 10219 29088=
40737 11558 71901 10223 20200 30148 40165 54000 60001 71022 82570 333 70000 82630 87359 555 10208 29087=
40738 12560 60000 10243 20210 30181 40183 53002 60001 83550 333 70000 83630 86359 555 10221 29082=
40739 12965 00203 10182 20105 38709 40120 54000 60001 333 70000 555 10138 29061=
40741 12960 00000 10150 20002 39857 40176 53004 60001 333 70000 555 10088 29036=
40743 12965 01204 10201 21042 39075 40124 53005 60001 333 70000 555 10097 29019=
40745 12960 01002 10143 20002 39066 40166 54000 60001 333 70000 555 10080 29038=
40747 12960 00000 10145 21004 38644 40087 52005 60001 333 70000 555 10078 29036=
40754 12960 03502 10242 20098 38832 40087 53002 60001 333 70000 555 10158 29040=
40762 12962 00403 10166 21027 38570 40098 56002 60001 333 70000 555 10081 29027=
40766 12960 00000 10174 21070 38690 40072 53006 60001 333 70000 555 10076 29018=
40768 12962 01801 10143 20019 38282 40075 51005 60001 333 70000 555 10083 29043=
40769 11958 02102 10175 20019 38322 40075 52001 60001 70600 333 70000 555 10098 29035=
40780 12960 01002 10213 21032 38677 40070 56003 60001 333 70000 555 10102 29019=
40782 12965 00000 10189 21016 38850 40066 52005 60001 333 70000 555 10097 29025=
40785 12960 02302 10229 20000 39069 40088 52002 60001 333 70000 555 10120 29022=
40791 12962 01002 10258 21068 39297 40057 52007 60001 333 70000 555 10119 29011=
40792 12962 00702 10188 21063 38708 40065 53001 60001 333 70000 555 10084 29018=
40798 12960 03303 10118 21040 37996 40075 53003 60001 333 70000 555 10051 29033=
40800 12960 03401 10181 21002 38476 40077 52001 60001 333 70000 555 10095 29029=
40809 12960 01104 10150 21091 38492 40055 53002 60001 333 70000 555 10059 29018=
40811 12960 00602 10284 20139 30004 40028 55003 60001 333 70000 555 10196 29041=
40812 12960 03201 10289 20029 39679 40025 57005 60001 333 70000 555 10156 29019=
40818 12965 02903 10167 21064 38008 40051 53001 60001 333 70000 555 10070 29020=
40821 12960 43003 10258 21010 38783 40063 53008 60001 84030 333 70000 84360 555 10128 29017=
40829 11958 03417 10248 21058 39514 40047 57008 60001 70700 333 70000 555 10118 29013=
40831 12960 03501 10274 20076 30029 40036 54000 60001 333 70000 555 10167 29029=
40833 12960 01002 10296 20144 30011 40041 56005 60001 333 70000 555 10203 29040=
40835 12960 00000 10231 20079 39267 40041 57003 60001 333 70000 555 10148 29038=
40841 12960 00000 10135 21093 38250 40056 55000 60001 333 70000 555 10049 29020=
40848 12960 10000 10196 20006 38505 40031 58001 60001 81030 333 70000 81360 555 10104 29028=
40851 12960 00000 10238 20046 38262 40010 54000 60001 333 70000 555 10134 29029=
40854 12960 02804 10276 21097 38902 40009 56001 60001 333 70000 555 10120 29008=
40856 12960 01602 10165 21066 38623 40056 55004 60001 333 70000 555 10072 29020=
40859 12960 00000 10210 20040 38674 40028 56002 60001 333 70000 555 10122 29033=
40875 11956 00304 10294 20264 30026 40037 58001 60001 71000 333 70000 555 10272 29084=
40879 12960 03502 10300 20128 39394 40017 53001 60001 333 70000 555 10195 29035=
40882 11930 03402 10304 20275 39993 40026 58003 60001 71000 333 70000 555 10283 29085=
40883 11950 00502 10306 20242 30005 40027 58004 60001 70500 333 70000 555 10261 29069=
40893 11958 03302 10292 20255 30023 40029 56006 60001 71000 333 70000 555 10266 29081=
40898 11556 31102 10287 20256 30023 40032 51002 60001 71000 83600 333 70000 83720 555 10265 29084=
41024 22960 03306 10323 20190 30026 40051 333 59005 60005==
41036 22560 50002 10274 20060 38548 48500 85800 333 58002 60005 85830==
41055 22560 23211 10262 20070 38352 48492 82400 333 58000 60005 82630==
41061 22960 01506 10288 21020 39360 40019 333 58004 60005==
41084 22/60 23203 10303 21030 38813 48486 82030 333 59003 60005 82360==
41112 22960 00000 10188 20090 37945 48493 333 58004 60005==
41114 22960 00000 10189 20110 37978 48493 333 58004 60005==
41128 22960 02404 10260 21050 38778 48497 333 58008 60005==
41136 22960 01706 10271 21020 39249 40015 333 59004 60005==
41140 21559 10103 10319 20280 30046 40052 71000 81400 333 58007 60005 81630==
41150 31960 03202 10314 20272 40034 70500 333 58006=
41176 34/56 /0200 10311 20265 30028 40034 333 58004=
41184 42960 01402 10268 20207 40039 333 58003=
41194 12960 01005 10325 20234 30027 40033 60001 333 58002 70000=
41196 12960 01103 10278 20221 39998 40038 60001 333 58002=
41216 31958 01503 10320 20274 30030 40034 70500 333 58006=
41217 32960 01504 10312 20259 30001 40029 333 58005=
41255 36/// /2203 10270 20208 39541 40034 333 0E029 59003=
41256 32960 00804 10292 20271 30023 40040 92345 333 58005 55000 55407 55408 55507 55508=
41258 36/// /1103 10291 20284 30031 40035 333 0E/// 55300 20000 58001=
41265 06/// /3100 10263 20219 39473 40022 60044 333 0E028 55300 20000 59011 70038=
41275 36/// /1207 10260 20234 39896 40062 333 0E027 55300 20000 58001=
41316 31459 81103 10270 20256 30032 40061 70522 886// 333 59002 55000 55407 55408 55507 55508 84710 88620=
41397 83615 10250 20220 40139 5/000 76300 887// 22200 00300 20201 309// 40802 80230=
41398 71410 10270 20241 40142 57010 78188 874// 22263 00300 20401 314// 41003 80250=
41480 11956 39902 10305 20260 30038 40046 60002 70544 82030 333 58014 82360=
41497 81024 10270 20257 40116 51008 76082 887// 2220/ 04300 20405 327// 40606=
41498 41414 10265 20196 40150 57/// 7//// 841// 22215 00250 20301 306// 40802 80220=
41508 42920 00000 20000 30000 333 58000==
41515 42940 00000 20000 30000 333 58000==
41523 42940 00000 20000 30000 333 58000==
41535 42940 00000 20000 30000 333 58000==
41536 42940 00000 20000 30000 333 58000==
41560 42940 00000 20000 30000 333 58000==
41571 42900 10502 20000 30000 333 58000==
41598 42940 00000 20000 30000 333 58000==
41600 42940 00000 20000 30000 333 58000==
41620 42940 00000 20000 30000 333 58000==
41624 42940 00000 20000 30000 333 58000==
41630 42940 00000 20000 30000 333 58000==
41640 42940 00000 20000 30000 333 58000==
41660 42900 00503 20000 30000 333 58000==
41678 42940 00000 20000 30000 333 58000==
41696 42940 00000 20000 30000 333 58000==
41697 42940 00000 20000 30000 333 58000==
41700 42940 00000 20000 30000 333 58000==
41710 42940 03104 20000 30000 333 58000==
41712 42940 00000 20000 30000 333 58000==
41715 42940 00000 20000 30000 333 58000==
41718 42940 00000 20000 30000 333 58000==
41725 42940 01301 20000 30000 333 58000==
41739 42940 00000 20000 30000 333 58000==
41744 42940 00000 20000 30000 333 58000==
41749 42940 01304 20000 30000 333 58000==
41756 42420 52301 20000 30000 333 58000==
41759 42920 00000 20000 30000 333 58000==
41764 42940 02106 20000 30000 333 58000==
41768 42940 02302 20000 30000 333 58000==
41780 42540 62504 20000 30000 333 58000==
41785 42940 02302 20000 30000 333 58000==
41859 02935 00000 10290 20280 39985 40022 333 59010 70000==
41883 02940 00902 10290 20260 30002 40022 333 59013 70000==
41891 31430 82703 10285 20270 39997 40035 70592 8532/ 333 56999 59012 70000 81710 83616 81930 88458=
41907 02945 50902 10277 20270 39999 40014 80001 333 59016 70000 85080==
41923 21435 61502 10286 20260 30014 40024 70562 82530 333 59018 60007 82615 85360==
41936 01425 41106 10280 20270 39998 40005 70521 83830 333 59022 70000 83615 83362==
41943 02435 50000 10270 20250 30020 40027 83530 333 59014 70000 83616 83362==
41950 11350 41202 10279 20270 30009 40011 69964 72111 84601 333 56309 59022 70006 81708 83617=
41978 21458 60804 10275 20270 30021 40027 70262 83520 333 59012 60035 70025 83617 85460==
41992 21430 40902 10270 20260 30027 40029 70520 82520 333 59010 60078 70080 82616 84460==
42001 09001 99259 70897 46/// /0705 10300 20286 30081 40084 92340 22200 00300 333 91206 555 11052 22055 8//05 92339=
42027 32996 00000 10162 20148 38375 48459 333 59023=
42044 32596 20000 10144 20131 38246 48480 82500 333 59022=
42045 32696 10000 10162 20149 38280 48405 81100 333 59019=
42056 32996 03601 10258 20246 39593 333 59029=
42071 31996 00000 10272 20266 40021 71000 333 59027=
42097 09001 99257 70837 46/// ///// 1//// 92356 22200 00302 10501 20501 70007=
42101 31995 00000 10268 20262 40028 71000 333 59025=
42111 21594 60000 10248 20239 39333 40011 71021 83830 333 59022 6059/ 82620 83830 86360=
42123 32996 00000 10280 20249 40016 333 59018=
42131 32996 30000 10258 20241 40025 80001 333 59019=
42165 32996 30000 10304 20247 40009 80001 333 59005 83070=
42182 21993 20000 10268 20265 40020 71144 82030 333 59017 6992/ 82360=
42189 31595 50000 10266 20257 40013 71022 83501 333 59021 83625 85070=
42309 21495 80000 10264 20258 40040 75052 8532/ 333 58008 6992/=
42314 21496 70000 10250 20247 40036 76062 83520 333 59001 6008/ 83616 87459=
42328 32496 82303 10272 20255 49999 84700 333 59017 84715=
42339 21495 30000 10258 20241 40025 70500 83600 333 59018 83715=
42348 21595 60000 10256 20241 40025 71022 84530 333 59016 6002/ 84630 85360=
42361 31595 40000 10264 20258 40016 70500 84500 333 59018 84620=
42369 21594 60000 10278 20267 40013 71022 83330 333 59015 6018/ 82620 81930 86360=
42379 31995 30902 10290 20276 40009 71000 80001 333 59016 83070=
42410 21495 60000 10272 20264 40031 71021 83530 333 59013 6018/ 83618 85360=
42415 32596 80000 10288 20260 40040 8552/ 333 59007 85620 88459=
42452 21595 82702 10258 20252 39715 40021 76062 8422/ 333 59006 6011/=
42492 21595 20503 10284 20276 40007 71020 82500 333 59019 6016/ 82620=
42559 22596 60000 10256 20244 40008 83530 333 59018 6001/ 83620 86360=
42571 22596 70000 10264 20258 40007 84530 333 59021 6004/ 84625 85360=
42623 31495 60000 10224 20218 39194 40046 71021 84530 333 59012 84618 86360=
42634 32596 32302 10258 20238 40045 83500 333 59015 83620=
42647 31596 23203 10286 20243 40037 70500 82500 333 59017 82620=
42667 21495 72504 10244 20238 39447 40023 70522 84930 333 59024 6004/ 82710 83620 81930 86360=
42675 21595 80000 10260 20254 40007 70592 85530 333 59030 6014/ 85620 87360=
42701 21495 70000 10242 20236 39287 40003 71022 84630 333 59032 6008/ 83710 83618 85360=
42724 31495 50000 10278 20267 40030 71022 82531 333 59013 82618 83360=
42737 32496 32305 10268 20248 40045 83600 333 59021 83712=
42754 21296 62907 10234 20228 39400 40026 72162 85730 333 59021 6994/ 83705 83618=
42779 22495 83602 10238 20229 39328 40012 8562/ 333 59025 6003/ 82712 84620 88458=
42798 21495 61104 10268 20257 49992 71062 84530 333 59030 6013/ 84615 86360=
42809 21495 30000 10277 20267 40004 70561 82530 333 59020 6002/ 82618 83360=
42840 32596 20000 10276 20256 40047 82500 333 59017 83620=
42867 21496 63206 10260 20234 40008 70522 83520 333 59032 6990/ 83618 85458=
42874 21496 73202 10266 20260 49990 71096 8473/ 333 59037 6032/ 81712 84618 87359=
42886 21595 40000 10262 20248 49984 70521 82530 333 59042 6003/ 82620 84360=
42895 21495 70503 10270 20262 49978 76066 84520 333 59040 6038/ 84618 86459=
42971 21495 80208 10270 20262 49945 76066 8554/ 333 59064 6012/ 85616 88459=
43003 21595 50000 10276 20244 40048 70562 84830 333 59019 6995/ 82620 83825=
43014 21596 52703 10228 20216 39400 40041 70544 85800 333 59017 6993/ 83620 84825=
43041 21495 10234 20228 39388 49994 72166 8672/ 333 59033 6042/ 83715 86620 88458=
43063 22596 60000 10224 20212 39438 40059 86500 333 59018 6002/ 86626=
43086 21596 82702 10262 20241 39827 40002 72162 8457/ 333 59035 6005/=
43110 22496 60000 10268 20242 40064 84720 333 59021 6003/ 81712 83618 85456=
43117 22996 22302 10246 20235 40046 80001 333 59020 6002/=
43185 21596 82703 10256 20241 30007 40010 75055 8487/ 333 59026 6004/ 83620 85458=
43189 21595 82303 10256 20244 39991 40000 76066 8352/ 333 59031 6022/=
43192 21496 60000 10252 20249 40064 70262 82732 333 59020 6027/=
43201 22496 52303 10220 20205 39320 40043 82530 333 56690 59018 6998/ 82612 83358=
43237 21596 62306 10250 20220 39638 40027 70522 82532 333 59021 6005/ 82620 84360=
43279 31596 82702 10280 20233 30038 40055 70522 8357/ 333 59010 83620 84458 87360=
43284 21195 70000 10252 20243 39957 40072 72162 85670 333 59020 6030/ 82702 83612 86458=
43295 32496 62306 10214 20183 39060 48471 84630 333 56590 59026 83710 83612 85358=
43314 22596 60000 10260 20251 40082 83831 333 59018 6016/=
43329 22596 40000 10270 20238 30042 40055 82531 333 59013 6990/=
43333 21495 62705 10274 20245 40079 70562 84430 333 56690 58007 6002/ 83618 84820 86360=
43344 31496 52506 10278 20228 39969 40068 70522 82531 333 59012 82616 84360=
43369 21596 60000 10264 20261 40094 72162 84530 333 59014 6006/ 84620 86358=
43371 21496 70000 10252 20243 30023 40096 70296 83971 333 57970 59012 6003/ 81715 81925 83457=
43410 22/70 7//// 10274 20241 30070 40073 86/6/ 333 60008 81/18 555 60008==
43413 22470 72207 10280 20248 30074 40079 56005 84105 333 553// 20006 59010 60008 91010==
43415 22470 42201 10262 20242 39984 40092 53/// 82000 333 59005 60008 555 60008==
43418 22470 72301 10273 20235 30039 40080 57/// 85101 333 59006 60008 555 60008==
43421 21470 22402 10254 20000 39980 40086 57004 70180 81000 333 553// 20000 59011 60008 91005 555 60008==
43424 21470 62003 10276 20253 30085 40087 57004 70282 85000 333 59008 69948 555 69948==
43436 22/70 40000 10267 20245 30080 40083 56001 333 59005 60008 555 60008==
43441 21470 52102 10250 20243 39959 40092 57002 72582 84000 333 59008 60018 555 60228==
43444 21470 82404 10238 20218 39566 40096 54000 76062 87110 333 55001 59003 69928 555 60018==
43450 21457 31402 10250 20243 30095 40107 56005 78081 83200 333 59004 69918 555 69958==
43466 21470 52001 10255 20242 30092 40100 5/003 72998 85000 333 553// 20000 59009 60028 91002==
43467 21458 72001 10263 20243 30095 40101 57003 78082 87200 333 59008 60028 555 60038==
43473 21260 82805 10150 20150 38117 48483 54001 75052 88000 333 553// 20000 59002 60008 91009 555 69958==
43479 22/70 62003 10208 20170 39243 333 55001 59007 60008 70000 84/16==
43486 21465 72701 10242 20242 30002 40103 5/001 76082 87000 333 553// 20000 59008 60008 91001==
43495 21470 62503 10282 20254 30083 40096 56/// 70282 85000 333 59011 60038==
43497 22/70 62702 10263 20000 30078 40095 57001 333 59007 60008 86460 82/18 91005==
44212 42584 73302 10079 20036 39136 40241 52006 87500 333 20044 3/004 55066==
44213 42/84 52004 10072 21015 38811 40236 52002 85050 333 20045 3/004==
44214 42970 03201 10031 21057 38318 40279 53005 333 20030 3/001==
44215 42/70 21901 10011 21050 38443 40290 52004 82040 333 21004 3/102==
44217 32998 00000 11030 21048 37905 40366 56004 333 21030 91200 555 31045=
44218 42984 02201 10032 21045 38635 40271 52005 333 20032 3/001==
44219 32999 00904 10054 21015 38656 40264 52004 333 20042 91206 555 30012=
44265 42984 00601 10024 21008 38880 40286 52003 333 20005 3/103==
44266 32999 03503 10008 21092 37819 40306 53001 333 21004 91205 555 31011=
44404 41/01 90902 10184 20184 38097 48424 745// 89/// 333 59018=
44416 42556 33502 10230 20222 39281 40016 82450 333 59013=
44424 42558 71301 10156 20146 37658 47072 83760 333 59018=
44434 41125 40000 10222 20208 39158 48469 710// 81601 333 59014=
44438 42958 20402 10278 20258 39894 40015 80002 333 59010=
44449 42562 43603 10270 20259 39864 40013 81101 333 59012=
44454 42457 50000 10207 20199 38609 48450 83130 333 59016=
44462 42358 60901 10186 20169 38219 48433 86400 333 59016=
44474 42056 70000 10192 20182 38227 48469 87700 333 59014=
44477 41340 50000 10216 20210 38764 48481 740// 82160 333 59016=
44478 42556 10703 10273 20262 39931 40013 81100 333 59018=
48010 42540 83601 10290 20274 39876 40026 8577/ 333 20270 59012==
48020 42350 50000 10271 20256 84730 333 20263==
48025 12320 60000 10266 20231 39892 40030 59028 60002 84840==
48031 41905 02201 10190 20175 74744 89/// 333 20173==
48048 41556 61801 10268 20258 39975 40031 70292 85950 333 20263 59016==
48052 32450 30000 10250 20219 83400 333 20246 56900=
48062 41450 81804 10280 20268 30022 40029 70295 86970 333 20219 58002==
48064 42450 80000 10275 20268 39971 40027 86870 333 20260 59016==
48071 41450 80000 10268 20256 30025 40033 72162 8697/ 333 20248 59010==
48094 41456 80000 10265 20260 30038 40048 75055 8597/ 333 20227 59002==
48109 41440 82306 10276 20268 30057 40060 75062 8697/ 333 20238 58000==
50557 14/80 /1907 10198 20142 39780 40063 57011 60001 333 10265 20146 3/014 59059 70000 90761 91110==
51076 14/80 /3102 10057 20016 39367 40231 57006 60001 333 10170 20044 3/004 59023 70000 90761 91103==
51087 14/74 /0901 10057 20030 39230 40233 57004 60001 333 10165 20055 3/004 59020 70000 90761 91109==
51156 14/80 /3303 10042 20009 38733 40234 57005 60001 333 10151 20028 3/003 59019 70000 90761 91106==
51243 14/80 /3202 10117 20068 39690 40220 57001 60001 333 10208 20115 3/010 59031 70000 90761 91103==
51334 14/80 /1601 10103 20074 39820 40211 57001 60001 333 10218 20080 3/008 59038 70000 90761 91105==
51379 14/80 /1401 10051 20033 39304 40230 57005 60001 333 10193 20048 3/005 59039 70000 90761 91103==
51463 14/80 /1503 10090 20023 39060 40221 57005 60001 333 10160 20086 3/006 59037 70000 90761 91105==
51573 14/80 /0102 10199 21007 30127 40174 52009 60001 333 10305 20191 3/017 58030 70000 90761 91108==
51644 14/58 /0701 10132 20072 38958 40159 52001 60001 333 10257 20089 3/013 58031 70000 90761 91104==
51656 14/57 /0701 10140 20073 39156 40168 57001 60001 70500 333 10266 20140 3/010 58044 90761 91105==
51709 14/80 /1102 10186 21029 38632 40117 52004 60001 333 10266 20129 3/017 58009 70000 90761 91106==
51711 14/79 /2401 10093 20019 38057 40119 57004 60001 333 10215 20058 3/004 58008 70000 90761 91105==
51716 14063 00504 10187 20029 38903 40118 57002 60001 333 10285 20117 3/018 58007 70000 90761 91107==
51765 14/80 /1102 10114 20011 39213 40168 52001 60001 333 10283 20106 3/007 58033 70000 90761 91103==
51811 14/66 /1801 10193 21007 38769 40096 52001 60001 333 10288 20189 3/018 59006 70000 90761 91110==
51818 14/63 /0701 10170 20106 38620 40087 54000 60001 333 10289 20169 3/017 59018 70000 90761 91104==
51828 14/50 /1202 10180 20065 38617 40087 54000 60001 70600 333 10268 20178 3/015 59026 70000 90761 91103==
51886 14/70 /2701 10084 21017 37174 40116 52001 60001 333 10186 20081 3/006 58019 70000 90761 91107==
52203 14/74 /3501 10090 20046 39334 40192 52003 60001 333 10255 20082 3/006 58036 70000 90761 91106==
52602 14/80 /3102 10064 21008 37319 40134 52004 60001 333 10206 20056 3/002 58033 70000 90761 91107==
52681 14/79 /2602 10153 20121 38679 40174 52013 69911 76060 333 10231 20144 3/014 58085 70010 90761 91109==
52818 14/80 /2201 10087 20004 37294 40120 52004 60001 333 10213 20087 3/006 58036 70001 90761 91113==
52908 14/80 /1301 10029 20010 35852 40103 52004 60001 333 10136 20024 3/001 58009 70071 90761 91111==
53463 14/80 /3605 10196 20121 38839 40104 52011 60001 333 10198 20158 3/015 59007 70144 90761 91109==
54857 14/80 /1503 10268 20216 30046 40135 52006 60001 333 10291 20245 3/023 59024 70000 90761 91106==
55299 14/70 /2101 10060 20038 35921 40017 52001 60021 333 10158 20054 3/005 59002 70020 90761 91109==
55591 14/80 /1002 10156 20061 36556 49930 52007 60001 333 10242 20152 3/013 59014 70000 90761 91106==
56004 14/80 /0601 10060 20030 35901 40039 52002 60001 333 10145 20047 3/004 58002 70063 90761 91110==
56018 14/78 /1901 10095 20071 36245 40001 52004 60001 333 10191 20083 3/009 59011 70001 90761 91108==
56299 58002 82818 555 90900=
57494 14/58 /1002 10313 20242 30063 40091 52011 60001 333 10375 20271 3/027 59020 70000 90761 91103==
58847 14/65 /2802 10281 20235 30004 40101 52012 60001 333 10335 20256 3/025 59017 70000 90761 91105==
62306 42560 33303 10264 20208 40117 57008 83200==
62309 42960 03305 10258 20224 40100 57007==
62332 42960 03207 10280 20242 40095 57005==
62366 44556 33605 10267 20232 40096 57001 71000 83200==
62387 42960 03409 10280 20194 40090 52001==
62393 42960 03006 10263 20118 40116 57002==
62405 42960 00000 10296 20110 40080 57003==
62414 42960 00000 10295 20071 40091 57003==
62419 42960 02903 10278 20104 40081 57002==
62420 42960 03403 10260 20178 40100 54000==
62435 42960 02801 10244 20097 40081 57006==
62458 42960 03305 10294 20156 40076 54000==
