SMPK OPKC 061200=
41504 02697 41804 10260 20082 37768 48361 60002 84800333 10275 56900 58018 60007 82640 82845 RH 32%= 
41505 12696 60000 10240 20076 38/// 48/// 60002 83520 333 10300 56990 58/// 60007 83640 86460 RH 35%=
41516 02696 60000 10275 20185 38441 48397 60002 83410 333 10295 56990 58021 60007 83840 84460 RH 58%=
41517 01696 70000 10230 20116 37750 48423 69902 70422 83570 333 10273 56990 58036 69907 83635 87460 RH 49%= 
41518 02696 73602 10278 20155 38/// 48/// 60002 84920 333 10317 56990 5//// 60007 81935 83640 87461 RH 47%= 
41519 02697 72702 10350 20116 38646 48402 60002 83520 333 10360 56990 58022 60007 83640 87462 RH 24%=
41520 02697 61802 10230 20073 37588 48163 60001 83570 333 10255 56990 58011 60007 83640 84762 RH 36=
41530 01696 70514 10340 20233 39597 49982 60002 70522 83430 333 56990 58017 60007 83840 84360 RH 54%=
41571 11696 71312 10280 20208 39464 40018 60002 71322 86330 333 10337 56990 58022 RH 65%=
41620 32696 23602 10345 20067 38491 48396 60002 82500 333 10350 56900 58013 60007 82640 RH 18%=
41660 02797 13110 10330 21094 38368 48447 60002 81400 333 10335 56900 58019 60007 81850 RH 07%=
41661 02997 03102 10330 21013 38322 48436 60002 333 10345 58018 60007 RH 11%=
41685 02697 12302 10320 20196 38828 48436 60002 81200 333 10330 56900 58018 60007 81840 RH.48%=
41696 02997 00000 10290 20093 37975 48456 60002 333 10300 58006 60007 RH 29%=
41697 02997 00000 10380 20272 39833 49976 60002 333 10395 58005 60007 RH 54%= 
41710 12997 03104 10415 21160 39231 49928 60002 333 10420 58014 RH.02%=
41712 12997 01304 10405 21015 39079 48452 60002 333 10415 58011 RH 07%=
41715 01996 01302 10360 20272 39935 49996 60002 70500 333 10375 58018 60007 RH 61%= 
41724 02996 00000 10385 20262 39938 40012 60002 333 10395 58017 60007 RH 50%=
41725 02996 00000 10385 20246 39920 49993 60002 333 10390 58018 60007 RH 45%=
41726 02996 01302 10370 20252 39946 40012 60002 333 10385 58017 60007 RH 51%=
41726 02996 01302 10370 20252 39946 40012 60002 333 10385 58017 60007 RH 51%=
41738 02996 02315 10380 20214 39833 40002 60002 333 10385 58016 60007 RH 38%=
41739 02696 12706 10380 20043 38939 48436 60002 81500 333 10385 56900 59014 60007 81635 RH13%=
41742 12697 21808 10365 20255 39895 49993 60002 82010 333 10372 56900 58011 82830 RH 53%=
41743 21996 00000 10385 20270 60002 70500 333 10390 60007 RH 52%=
41744 12996 00000 10310 20044 38685 48423 60002 333 10325 59023 RH 19%=
41745 01996 01304 10355 20281 60002 70500 333 10365 60007 RH 66%=
41746 02996 01802 10365 20270 39949 40000 60002 333 10375 58016 60007 RH 58%=
41747 02996 00000 10375 20250 39937 49992 60002 333 10390 58013 60007 RH 49%= 
41748 02996 00504 10370 20268 39946 40006 60002 333 10380 58008 60007 RH 56%=
41749 02996 01306 10370 20283 39973 40006 60002 333 10380 58031 60007 RH 61%=
41756 01496 61808 10325 20248 39954 40017 60002 70504 83630 333 10325 56990 58002 60007 83715 83358 RH 64%= 
41757 11596 22312 10315 20252 30025 40037 60002 70500 82600 333 10325 56900 58017 82720 RH 69%= 
41759 01996 02308 10320 20250 30016 40021 60002 70500 333 10345 58018 60007 RH 67%=
41760 01596 32314 10305 20249 30016 40029 60002 70500 83600 333 10320 56900 58017 60007 83720 RH 72%=
41764 02996 01814 10330 20261 39956 40032 60002 333 10350 58016 60007 RH 67%=
41765 02696 22306 10345 20255 39969 40003 60002 81530 333 10365 56990 58011 60007 81635 81360 RH60%=
41766 12996 02308 10325 20270 39972 40000 333 10355 58023 60007 RH 73%=
41767 02996 4//// 10330 20268 60002 84830 333 10345 56990 60007 82835 82360 RH 70%=
41768 02596 22304 10330 20268 30005 40012 60002 82600 333 10345 56500 58020 60007 82720 RH 70%=
41780 01596 72310 10300 20243 30001 40028 69902 70400 87600 333 10311 56900 58026 60007 84720 86630 RH 72%=
41783 02696 52304 10305 20256 39983 40012 60002 83530 333 10320 56990 58012 60007 83635 82360 RH 75%=
41785 02597 52304 10315 20260 30013 40026 60002 85600 333 10330 56500 58013 60007 85730 RH 72%= 
41786 02696 32306 10335 20251 39968 40003 60002 83500 333 10345 56900 58017 60007 83630 RH 62%=
41BAG 02696 70508 10210 20096 69902 84510 333 10255 56990 69907 84635 87460 RH 46%=

SMPK OPLA 061200=
=================
41506 02697 31816 10310 20112 38406 48399 60002 83100 333 10327 56900 58018 60007 83830 30%=
41507 02997 00000 10335 20215 39188 49669 60002 333 10340 58012 60007 49%=
41508 01697 50000 10272 20188 38593 48470 60002 70229 83220 333 10325 56990 58014 60007 83835 82460 61%=
41509 01997 11806 10325 20135 38649 48405 69902 70196 81010 333 10350 56090 58018 69907 81460 RH32%=
41510 02697 30902 10210 20148 37860 48431 60002 82530 333 10240 56990 58009 60007 82640 86360 68%=
41515 02697 22312 10321 20149 38447 48407 60002 82500 333 10342 56900 58003 60007 82650 36%=
41523 02697 52304 10320 20213 38995 48451 60002 83520 333 10330 56990 58016 60007 83640 82640 53%=
41524 01697 82304 10265 20173 39243 40064 60012 70366 8352/ 333 10357 5699/ 58041 60017 83640 85460 RH 57%=
41525 22697 60000 10210 20139 37670 48344 60002 82420 333 10230 56990 58015 82840 84460 64%=
41528 01697 70000 10265 20230 39153 48476 60062 70262 83520 333 10341 56990 58055 60067 83640 84460 81%=
41529 02696 43602 10345 20239 39636 49991 60002 82530 333 10360 56990 58015 60007 82640 82360 54%=
41534 02697 20902 10340 20257 39606 49992 60002 82500 333 10355 56900 58013 60007 82640 62%=
41535 01696 80000 10195 20180 38654 48431 60112 76662 8862/ 333 10280 5699/ 58023 88835 85460 RH91%=
41536 01597 70000 10230 20185 38971 48472 72962 60072 84920 333 10305 56990 58036 60007 83630 85460 76% =
41560 02997 20000 10280 20178 38246 48456 60002 82030 333 10290 56090 58015 60007 82360 Rh54%=
41562 02997 21308 10350 20237 39563 49996 60002 82030 333 10360 58013 56090 60007 82360 RH 52%=
41565 02997 32302 10250 20221 38603 48478 60132 83020 333 10270 56090 58031 60007 83460 RH 84%=
41567 01696 40000 10350 20253 39581 49969 60002 70400 84500 333 10362 56900 58018 60007 84640 57%=
41572 01696 61314 10290 20234 39398 49990 69902 71796 84910 333 10335 56990 58025 60007 81930 83640 85460 RH72%=
41573 01697 83604 10165 20149 37947 48457 60032 72161 84520 333 10210 56990 58022 60017 84630 84460 90%=
41574 02697 50000 10210 20180 38305 48476 60172 85400 333 10244 56900 58014 60007 85640 83%=
41576 01696 40000 10340 20265 40028 60002 70400 84400 333 10348 56900 58026 60007 84840 65%=
41577 01696 50502 10280 20223 39434 40021 69902 70496 82530 333 10345 56990 58028 60007 82640 83360 RH 71%=
41593 01996 21302 10365 20255 39795 49992 60002 70411 82030 333 10381 56090 58020 60007 82360 53%=
41597 02997 30000 10340 20279 39740 40017 69902 83030 333 10350 56090 58025 60007 83362 71%=
41598 01696 10000 10340 20272 39748 40003 69902 70400 81400 333 10347 56900 58029 60007 81835 68%=
41599 01696 20000 10320 20234 39737 40011 60152 70411 82400 333 10332 56900 58021 60007 82640 61%=
41600 01696 60000 10325 20263 39729 40009 60022 70422 83570 333 10330 56990 58027 60007 83645 83363 70%=
41624 02997 01304 10375 20258 39801 49987 60002 333 10385 58017 60007 52%=
41625 02997 00000 10370 20260 39811 49997 333 10375 58018 60007 54℅=
41625 02997 00000 10370 20260 39811 49997 333 10375 58018 60007 54℅=
41630 01696 51302 10350 20253 40006 60002 70411 85400 333 10363 56900 58019 60007 85640 57%=
41633 02997 00000 10365 20238 4//// 60002 333 10395 5//// 60007 48%=
41634 02697 30000 10300 20259 3//// 4//// 60132 83500 333 10320 56900 5//// 60007 83640 79%=
41635 01697 11302 10360 20264 3//// 4//// 60002 81800 333 10380 56900 5//// 60007 81840 58%=
41636 01996 21302 10360 20256 39824 49994 60002 70400 82030 333 10375 56090 58012 60007 82362 55%=
41638 01696 20000 10360 20264 4//// 60002 70400 82400 333 10372 56900 5//// 60007 82840 58%=
41639 02997 00000 10330 20253 3//// 4//// 60002 333 10345 5//// 60007 64%=
41640 01696 60000 10315 20267 39772 40009 60072 70496 83520 333 10345 56990 58026 60077 83640 85460 76%=
41641 01696 60608 10335 20251 39748 40007 60002 70422 84470 333 10345 56990 58024 60007 84640 85460 62%=
41642 02997 00000 10330 20276 3//// 4//// 60002 333 10342 5//// 60007 73%=
41643 01696 30000 10330 20261 39745 40006 69902 70410 83400 333 10335 56900 58021 60007 83640 67%=
41644 02997 00000 10335 20274 3//// 4//// 60002 333 10355 5//// 60007 70%=
41646 21696 40000 10360 20272 39813 40011 60002 70400 84500 333 10370 56900 58021 60007 84640 61%=
41652 01996 21304 10360 20272 39832 49999 60002 70400 82030 333 10378 56090 58020 60007 8260 61%=
41669 02697 31802 10380 20264 3//// 4//// 60002 82500 333 10400 56900 5//// 60007 83640 52%=
41670 01996 00000 10360 20264 3//// 4//// 60002 70400 333 10375 5//// 60007 58%=
41674 01996 10000 10360 20253 3//// 4//// 60002 70400 81030 333 10375 56090 5//// 60007 81362 55%=
41675 01696 21804 10370 20244 39859 49993 60002 70500 82500 333 10374 56900 58019 60007 82640 49%=
41676 01996 20000 10365 20285 39871 40017 60002 70400 82030 333 10373 56090 58017 60007 82361 64%=
41677 01996 00000 10360 20264 39829 49985 60002 70400 333 10370 58006 60007 58%=
41678 01996 30000 10370 20228 49996 60002 70500 83020 333 10380 56090 58018 60007 83460 44%=
41679 01696 50502 10320 20265 4//// 60002 70422 82570 333 10340 56990 5//// 60007 82640 83460 73%=
41680 01696 30000 10360 20264 39810 49994 60002 70411 83400 333 10370 56900 58018 60007 83840 58%=
41700 01696 30000 10380 20256 39866 49985 60002 70420 83500 333 10391 56900 58018 60007 83640 50%=
41701 01696 20904 10365 20262 39862 49996 60002 70400 82500 333 10369 56900 58012 60007 82640 56%=
41716 01696 32707 10360 20264 39903 40000 60002 70400 83500 333 10375 56900 58017 60007 83640 58%=
41718 01996 30000 10370 20276 39902 49998 60002 70400 83030 333 10381 56090 58018 60007 83362 59%=
41BKI 02696 43608 10350 20253 39593 49982 60002 82520 333 10365 56990 58014 60007 82640 82460 RH 57%=
41SKP 01696 20902 10335 20259 3//// 4//// 60002 70400 82500 333 10343 56900 5//// 60007 82640 65%=
43532 02696 70000 10270 20196 39226 49989 60012 84520 333 10370 56990 58038 60017 84640 86460 64%=
43533 02697 70000 10220 20198 39149 48444 60472 84520 333 10330 56990 58048 60427 84640 86460 87%=
43563 01697 80000 10278 20238 39365 40023 60032 72062 83530 333 10328 56990 58030 60037 83640 85360 78%=

41526 Not Received
41533 Not Received
41564 Not Received
41568 Not Received
41592 Not Received
41594 Not Received
41672 Not Received
41781 Not Received

UPPK OPKC 061200=
=================
PPAA 56111 41516 55285 34004 34506 77999=
PPBB 56111 41516 90/7/ 31004 34503=
PPAA 56111 41715 55285 36004 05005 77999=
PPBB 56111 41715 90/12 00000 26005 28004 9037/ 31004 01004= 
PPAA 5612/ 41764 NO ASSCENT DUE TO PAF FLYING=
PPAA 5612/ 41759 NO ASSCENT DUE TO SECUITY RISK=
PPAA 5612/ 41739 NO ASSCENT DUE TO SECUITY RISK= 
PPAA 5612/ 41517 NO ASSCENT DUE TO AIR MOVEMENT= 
PPAA 5612/ 41768 NO ASSCENT DUE TO SHORTAGE OF STAFF=
PPAA 56111 41780 NO ASSCENT DUE TO SHORTAGE OF RED BALOON=

PPAA 56121 41640 55185 14504 77999=
PPBB 56121 41640 90/12 00000 12502 13003 903// 15504=
PPAA 56121 41675 55185 18503 77999=
PPBB 56121 41675 90/12 18004 16502 18005 9037/ 18002 18004=
PPAA 56121 41600 55185 17004 77999=
PPBB 56121 41600 90/12 00000 08002 10502 9037/ 10004 18504=
PPAA 56121 41678 55285 02505 31502 77999=
PPBB 56121 41678 90/12 00000 06003 04003 9037/ 04004 01507 912// 31502=
PPAA 56121 41624 55285 10007 13010 77999=
PPBB 56121 41624 90/12 13504 15005 13006 9037/ 13006 09008 9125/ 15508 20011=
PPAA 56111 41718 55285 28009 29509 77999=
PPBB 56111 41718 90/12 00000 29007 29008 9037/ 28509 29009 9125/ 27506 25505=
PPAA 5612/ 41506 MISDA DUE TO STRONG WIND=
PPAA 5612/ 41515 MISDA DUE TO STRONG WIND=
PPAA 5612/ 41646 MISDA DUE TO TECHNICAL PROBLEM=

Data Generated from File : D:\all data handling\Rmc_lhr\2024090612.FSU.txt
06/09/24 13:05:16
______________________________________________________________
15007 05570 20904 10262 20064 39747 40191 58003 60001 7000/ 81240 333 4/000 55310 0//// 22734 3//// 60007 91009 91109=
15020 05570 31303 10279 20085 30006 40192 57002 60001 7000/ 81230 333 4/000 55309 0//// 22464 3//// 60007 91006 91108=
15056 05570 60904 10256 20107 39858 40191 54001 60001 7000/ 82270 333 4/000 55310 0//// 22790 3//// 60007 91008 91108=
15069 05599 60906 10188 20088 39151 42832 52009 60001 7000/ 83870 333 4/000 55304 0//// 21652 3//// 60007 91009 91112=
15073 01598 41002 10240 20098 39751 40196 50002 60021 70281 82241 333 4/000 55310 0//// 22674 3//// 60007 91005 91105=
15090 05570 61002 10255 20126 30107 40195 50003 60001 7000/ 83570 333 4/000 55303 00879 21470 31039 60007 91005 91107=
15107 05570 70806 10195 20126 39411 42837 53009 60001 7000/ 87300 333 55304 0//// 21365 3//// 60007 91011 91111 95010=
15108 01198 71105 10085 20085 38157 48556 52012 69921 72864 83871 333 55300 0//// 20723 3//// 69927 91008 91111 95150 444 28160=
15109 01570 42503 10219 20142 39780 40197 50004 69911 70186 82230 333 4/000 55308 0//// 22061 3//// 69917 91006 91106=
15111 01570 30602 10254 20125 39935 40185 50001 60031 70182 81240 333 4/000 55310 0//// 22698 3//// 60007 91005 91105=
15113 05/70 /0602 10261 20150 30031 40186 50001 60001 7000/ 333 4/000 55310 0//// 22661 3//// 60007=
15127 01598 70704 10174 20141 39337 42831 52010 69951 78022 87300 333 4/000 55300 0//// 20575 3//// 69957 91006 91110 95000=
15148 05470 70702 10149 20115 38758 48537 50009 60001 7000/ 85370 333 55303 0//// 21194 3//// 60007 91006 91109=
15150 01570 53503 10227 20152 39993 40197 50005 60141 70282 82230 333 4/000 55310 0//// 22425 3//// 60087 91005 91106=
15154 01570 50503 10252 20140 30048 40183 51003 69921 70281 83230 333 4/000 55306 0//// 21755 3//// 60007 91006 91106=
15168 05/70 /1104 10228 20130 39576 42825 50006 60001 7000/ 333 4/000 55303 0//// 21466 3//// 60007=
15170 05598 61004 10229 20127 39425 42825 50004 60001 7000/ 84370 333 55306 0//// 21885 3//// 60007 91007 91108=
15194 01570 70104 10208 20148 39913 40197 52003 60111 70282 84370 333 55305 0//// 21406 3//// 69947 91006 91107=
15197 01570 70304 10240 20154 39987 40188 50005 60021 70281 83270 333 4/000 55303 0//// 21510 3//// 60007 91006 91106=
15215 05599 60906 10236 20127 39593 42826 50002 60001 7000/ 83370 333 55304 0//// 21394 3//// 60007 91009 91109=
15219 05/70 /3205 10202 20161 30069 40190 50007 60071 7000/ 333 4/000 55300 0//// 21029 3//// 60037=
15238 05670 70803 10220 20132 39579 42827 52002 60001 7000/ 83370 333 55300 0//// 21169 3//// 60007 91005 91107=
15261 05566 73502 10203 20144 39390 42838 52004 60001 7000/ 87300 333 55301 0//// 21216 3//// 60007 91005 91106 95000=
15262 01/90 90906 10098 20098 38260 48/// 51010 60001 74544 333 55302 0//// 21001 3//// 60007 91012 91112=
15265 01570 73506 10232 20179 30112 40184 51007 60011 70186 82270 333 4/000 55305 0//// 21898 3//// 60007 91008 91110=
15280 01/90 92601 10072 20071 37571 47148 52009 60001 74541 333 55300 0//// 20226 3//// 60007 91003 91103=
15300 05799 50603 10233 20135 39559 42821 57004 60001 7000/ 84240 333 55310 0//// 22089 3//// 60007 91008 91108=
15301 05570 40202 10204 20119 38668 48555 52006 60001 7000/ 83340 333 55310 0//// 23160 3//// 60007 91005 91105 95000=
15302 05670 73203 10188 20126 38958 48541 52004 60001 7000/ 87300 333 55308 0//// 21985 3//// 60007 91005 91105 95000=
15307 01570 70305 10225 20159 39998 40177 52007 60021 70282 84370 333 4//// 55302 0//// 21252 3//// 60007 91009 91109=
15310 01570 70403 10239 20190 30087 40169 51008 60031 70282 86870 333 4/000 55300 00506 20850 30767 60007 91008 91108=
15324 05570 42002 10268 20104 39389 42813 52004 60001 7000/ 84300 333 55309 0//// 22727 3//// 60007 91005 91106=
15325 01497 72201 10137 20119 38526 48537 52011 69931 78082 87300 333 4/000 55300 0//// 20313 3//// 69937 91002 91102=
15328 05570 81003 10246 20145 39838 40171 51012 60001 7000/ 8532/ 333 4//// 55302 0//// 21212 3//// 60007 91008 91108=
15335 01570 60506 10251 20196 30155 40161 51011 69981 70298 85540 333 4/000 55309 0//// 22385 3//// 60007 91008 91110=
15336 07/70 /0904 10263 20201 30154 40156 52008 60011 7238/ 333 4/000 55308 0//// 22138 3//// 69927=
15349 05570 70703 10228 20139 39637 40165 52009 60001 7000/ 87300 333 4/000 55300 0//// 20961 3//// 60007 91007 91108=
15350 01570 50306 10226 20164 30062 40177 50008 60011 72582 85300 333 4/000 55300 0//// 20702 3//// 60017 91010 91112=
15375 05570 60703 10268 20125 39820 40159 52002 60001 7000/ 86200 333 4/000 55306 0//// 22192 3//// 60007 91006 91106=
15377 05597 40804 10247 20158 39960 40166 52007 60001 7000/ 84300 333 55303 0//// 21211 3//// 60007 91009 91109=
15405 05570 43609 10244 20173 30107 40167 50003 60001 7000/ 83260 333 4/000 55310 0//// 22451 3//// 60007 91014 91114=
15406 07470 83603 10222 20207 30107 40152 50002 60071 7616/ 8672/ 333 4/000 55300 0//// 20547 3//// 60077 91006 91108=
15408 05570 70606 10232 20189 39895 40149 52007 69971 7000/ 87800 333 4/000 55305 0//// 21725 3//// 69957 91008 91108=
15409 01570 71304 10242 20192 30108 40154 52012 60001 70292 87300 333 4/000 55310 0//// 22550 3//// 60007 91007 91107=
15419 05570 41102 10280 20143 39983 40166 50001 60001 7000/ 84200 333 4/000 55310 0//// 22777 3//// 60007 91006 91106=
15420 05570 60403 10268 20161 30059 40164 52003 60001 7000/ 86200 333 4/000 55305 0//// 21984 3//// 60007 91007 91108=
15421 05570 60504 10268 20156 30070 40175 50003 60001 7000/ 86200 333 4/000 55308 01523 22458 30688 60007 91007 91109=
15422 05570 60502 10281 20158 30067 40163 54001 60001 7000/ 86300 333 55306 0//// 22124 3//// 60007 91006 91106=
15425 05570 73607 10238 20172 30099 40160 50000 60001 7000/ 85570 333 4/000 55301 0//// 20966 3//// 60007 91010 91110=
15434 02970 02203 10289 20115 39960 40157 57005 60001 333 4/000 55310 0//// 22695 3//// 60007 91005 91105=
15444 05/70 /0104 10233 20182 30087 40156 50001 60001 7000/ 333 4/000 55300 0//// 20769 3//// 60007=
15455 05670 20603 10285 20133 30038 40161 54001 60001 7000/ 82100 333 4/000 55310 0//// 22695 3//// 60007 91007 91107=
15460 05570 50104 10242 20174 30137 40161 54001 60001 7000/ 85500 333 4/000 55301 0//// 20845 3//// 60007 91008 91108=
15462 05570 63003 10246 20183 30069 40151 50000 60001 7000/ 86900 333 4/000 55303 0//// 21492 3//// 60007 91005 91108=
15470 05970 20801 10293 20120 30038 40156 57003 60001 7000/ 80002 333 55310 0//// 22712 3//// 60007 91006 91106=
15475 01597 30303 10252 20167 30146 40165 52002 69941 70181 83100 333 4/000 55306 0//// 22064 3//// 60007 91006 91108=
15479 05470 72803 10226 20174 39971 40156 54001 60001 7000/ 87600 333 4/000 55302 0//// 21408 3//// 60007 91005 91107=
15480 05570 63301 10247 20182 30132 40149 52002 60001 7000/ 86300 222// 06248 2//// 333 4/000 55300 00315 20558 30520 60007 91003 91105 92428=
15489 05970 00603 10294 20120 30070 40158 54001 60001 7000/ 333 55310 0//// 22752 3//// 60007 91007 91109=
15491 05970 00604 10280 20159 30131 40160 54000 60001 7000/ 333 55310 0//// 22700 3//// 60007 91007 91108=
15499 05570 43202 10258 20183 30141 40149 50000 60001 7000/ 84200 222// 06257 2//// 333 4/000 60007 91005 91106 92428=
15549 12970 20204 10261 20131 39753 40142 52003 60001 80002 333 10267 20171 555 545//=
15552 12470 31402 10282 20201 30101 40146 54000 60001 83200 222// 00281 10201 333 10286 20197 555 562// 92023 92428=
15640 12774 62303 10308 20200 39837 40124 58008 60001 84231 333 10314 20212 555 553//=
15655 12968 10712 10250 20194 30111 40142 58004 60001 81030 222// 00256 10201 333 10254 20204 91116 555 571// 92027 92427=
15730 12670 81401 10308 20124 39755 40120 57010 60001 85937 333 10319 20180 555 532//=
16627 12560 32207 10304 20169 30123 40129 58006 60001 81101 333 81825 83070 90730 91113 555 30000 10380 20350 30330 40300 50310 6//// 40000 47625 44235 50000 50218=
16650 12960 10306 10314 20166 30125 40133 58001 60001 80001 333 90730 91113 555 30000 10438 20354 30344 40326 50296 60286 40000 47630 44265 50000 50220=
16667 12960 03511 10348 20168 30119 40130 54000 60001 333 90730 91115 555 40000 47625 44250 50000 50232=
16706 12960 00112 10320 20141 30106 40113 57007 60001 333 90730 91117 555 40000 47612 44215 50000 50210=
16723 12960 33611 10364 20129 30093 40105 57007 60001 80001 333 90730 91118 555 40000 47610 44280 50000 50220=
16732 36/// /0111 10291 20216 30115 40126 57003 333 90730 91116=
16742 12960 03412 10342 20113 39949 40093 57005 60001 333 90730 91120 555 40000 47500 44260 50000 50206=
16749 12460 12514 10316 20203 30071 40085 58005 60001 81100 333 90730 91117 555 40000 47591 44260 50000 50240=
16754 12960 23114 10320 20193 30082 40127 57002 60001 80001 333 90730 91120=
16757 12960 03015 10284 20219 39988 40113 57001 60001 333 90730 91126=
16760 12960 13512 10312 20124 40121 57002 60001 80001 333 90730 91124=
16765 12960 02826 10302 20214 40094 55001 60001 333 90730 91129=
17022 12670 63605 10245 20190 39993 40152 50002 60001 83250 333 83834 86360 91110 92438=
17024 12670 33107 10278 20261 30067 40141 50005 60001 83200 333 83835 91109 92428=
17026 12570 33406 10288 20212 30109 40146 50000 60001 83200 333 83830 91110 92438=
17031 12670 30109 10274 20202 30133 40139 50000 60001 83200 333 83835 91114=
17034 12670 40104 10265 20217 30102 40146 58001 60001 82130 333 82835 84360 91109 92428=
17038 12470 73307 10264 20205 30093 40138 50003 60001 87900 333 83716 81920 86835 91113 92438=
17042 11970 33102 10267 20202 30109 40147 50000 60021 70298 83030 333 83360 91109 92428=
17050 12670 41701 10317 20138 30083 40141 58009 60001 82230 333 82835 84360 91106=
17056 12970 01304 10265 20192 30141 40145 58004 60001 333 91110 92438=
17060 12960 02207 10290 20161 30105 40144 57005 60001 333 91112=
17070 12665 12506 10276 20115 39288 40115 57012 60001 81100 333 81835 91111=
17074 12670 53601 10273 20172 39224 40105 57014 60001 83250 333 83833 85360 91106=
17084 12570 40803 10284 20130 39249 40102 57013 60001 84300 333 81932 83835 91107=
17085 12670 40502 10313 20145 39639 40099 57017 60001 84200 333 84840 91112=
17092 11660 41704 10286 20115 38825 48480 57015 60001 71700 84300 333 81940 83845 91114=
17096 11660 30103 10247 20088 38234 48485 57016 69901 70281 83100 333 83840 91109=
17098 11560 60915 10150 20120 38215 48511 50007 60031 71792 85950 333 81920 84835 86357 91126=
17100 11570 73110 10228 20133 39155 40090 53015 69901 72581 84930 333 81925 84835 87357 91123=
17112 12670 13604 10331 20168 30120 40122 57006 60001 81100 333 81835 91110 92428=
17115 12960 00218 10286 20154 30088 40136 58006 60001 333 91121=
17116 12965 00308 10322 20096 30012 40126 57007 60001 333 91113=
17124 12960 02809 10278 20074 39250 40118 57009 60001 333 91116=
17128 12670 42405 10284 20074 39063 40097 57012 60001 84200 333 84840 91114=
17135 12970 01603 10298 20121 39267 40088 57015 60001 333 91106=
17140 12665 20302 10258 20076 38704 48502 58008 60001 82100 333 82840 91110=
17150 12960 00116 10333 20098 30002 40118 57010 60001 333 91122=
17160 12670 32305 10289 20079 38995 48500 57014 60001 83100 333 83840 91109=
17170 12660 32911 10258 20128 38316 48477 57006 60001 83100 333 83840 91120=
17175 12965 03505 10335 20129 30109 40113 58005 60001 333 91108 92437=
17184 12970 03606 10345 20075 30003 40107 57009 60001 333 91115=
17190 12970 03304 10269 20033 38978 48507 57013 60001 333 91109=
17190 12970 03304 10269 20033 38978 48507 57013 60001 333 91109=
17195 12670 23307 10293 20051 38945 48495 57013 60001 82100 333 82840 91115=
17200 12660 13305 10334 20086 39130 40039 57015 60001 81100 333 81840 91114=
17202 12670 42708 10324 20092 39074 40033 57013 60001 84200 333 84835 91114=
17203 11560 62601 10224 20149 38836 48511 57002 69981 78122 84250 333 84832 86357 91111=
17210 12670 12206 10339 20079 39073 40021 57010 60001 81100 333 81840 91112=
17219 12965 20216 10350 20092 39973 40107 58007 60001 80001 333 82070 91127=
17234 12970 21603 10369 20109 30030 40093 57014 60001 82030 333 82360 91107=
17237 12670 23303 10344 20074 39625 40093 57014 60001 82100 333 82840 91107=
17240 12570 11006 10302 20085 39006 40076 57013 60001 81100 333 81830 91116=
17244 12670 20106 10278 20080 38980 48509 58010 60001 82100 333 82840 91122=
17248 12670 33304 10300 20087 38952 48494 57016 60001 83200 333 83840 91110=
17250 12670 23505 10288 20079 38785 48496 57011 60001 82100 333 82840 91115=
17260 12660 40000 10332 20138 39256 40011 58010 60001 84200 333 84840 91112=
17270 12970 31105 10356 20168 39437 40032 58012 60001 80008 333 83270 91112=
17275 12670 11905 10321 20104 38938 48493 58007 60001 81100 333 81840 91015 91115=
17280 12660 31803 10347 20067 39302 40029 57009 60001 81130 333 81840 83360 91115=
17290 12970 03407 10371 20071 30062 40092 57005 60001 333 91116 92428=
17292 12670 32703 10349 20086 39368 40068 58008 60001 83200 333 83835 91108=
17300 12560 12012 10340 20192 30008 40074 57011 60001 81100 333 81830 91117=
17310 12570 22105 10340 20269 30062 40069 58006 60001 82200 333 82830 91107 92428=
17330 12670 22203 10330 20239 30051 40068 58010 60001 82100 333 82840 91112=
17350 12660 32311 10350 20203 39979 40052 58010 60001 83100 333 83835=
17370 12670 22505 10320 20262 30070 40074 58008 60001 82200 333 82835 91110 92438=
17375 12670 22006 10350 20172 30058 40060 58011 60001 82200 333 82835 91112 92428=
33088 32697 31005 10273 20114 30052 40231 58002 82109 555 1/043=
33135 32998 00706 10260 20083 30125 40264 57002 555 1/039=
33177 32998 21005 10275 20093 39983 40204 58005 80001 555 1/041=
33317 32999 31105 10274 20102 39898 40212 58004 82031 555 1/043=
33393 32960 31206 10277 20047 39820 40184 58007 80001=
33415 32598 50907 10283 20130 39825 40194 58006 83130 555 1/041=
33429 32697 50905 10267 20104 39806 40200 58003 83130 555 1/045=
33466 32998 01304 10270 20055 30056 40232 58002 555 10043=
33506 32997 01006 10262 20062 30057 40241 58003 555 1/042=
33562 32760 61207 10286 20087 39932 40215 56002 82101 555 1/043=
33587 32698 21303 10284 20086 39967 40211 58001 82100 555 1/046=
33658 32984 21207 10283 20070 39909 40187 57009 82030 555 1/039=
33663 32598 31004 10302 20053 30113 40202 52003 82130 555 1/050=
33664 42598 51104 10290 20045 39892 40186 58002 85200=
33678 42898 21805 10286 20072 30014 40212 57003 82031=
33679 42997 60704 10293 20105 30021 40198 52005 82031=
33711 32960 20706 10301 20075 30016 40210 58002 80001 555 1/051=
33745 42597 60804 10283 20110 30020 40200 58002 83931 555   10045=
33748 42997 60904 10255 20135 39915 40181 52004 86030=
33754 42998 20704 10280 20122 30057 40194 54000 82030=
33761 32670 10905 10269 20110 39990 40198 58002 81100 555 1/028=
33791 32686 20807 10300 20072 30090 40208 58003 82100 555 1/050=
33815 42998 30804 10251 20133 39989 40184 52004 82049 555   11029=
33837 32982 20705 10244 20153 30130 40179 58001 80001 555 1/034=
33881 42598 60404 10258 20144 39997 40181 52005 84330 999   91112=
33883 42598 60604 10256 20155 30022 40175 52005 82230 555   11029=
33885 41597 80605 10203 20200 30059 40183 52001 78282 889//=
33892 42998 20804 10262 20144 39984 40182 52003 82030=
33902 32598 60808 10306 20077 30127 40182 58002 82201 555 1/037=
33924 42999 30910 10282 20134 30152 40164 52004 80001 333 91013 91115=
33946 42776 30713 10270 20141 39940 40145 53003 81501 333 91016 91118=
33983 42997 50612 10270 20115 30099 40155 52005 82031 333 91019 91119=
34300 32997 01007 10257 21004 30098 40265 56004 555 1/048=
34336 42998 00803 10246 20008 30182 40280 58011=
34344 82998 00804 10253 20027 30193 40276 58013 333 91111=
34356 82997 00805 10231 20011 30144 40283 57011 333 91110=
34357 82998 00604 10233 20011 30129 40276 58010 333 91010 91112=
34398 42998 03602 10211 20039 30266 40276 57012 555 10039=
34415 32970 00904 10261 20018 30160 40251 58003 555 1/039=
34438 82997 00807 10242 20023 30082 40262 54001 333 91012 91114=
34445 81998 00707 10237 20010 30167 40275 57010 70730 333 91011 91113=
34461 82997 00903 10235 20000 30229 40282 57010 333 91112=
34473 42997 00702 10218 20018 30248 40285 57011 555 10039=
34476 82998 00603 10223 20003 30278 40285 57008=
34504 32680 31007 10273 20072 30057 40220 58006 83100=
34535 82998 00808 10246 21018 30184 40252 57006 333 91012 91114=
34545 82998 00608 10235 21008 30154 40259 57006 333 91013 91113=
34555 82998 00706 10219 20043 30187 40274 58006 333 91112=
34560 42997 00908 10219 20009 30093 40274 57009 333 91114=
34578 82997 02704 10225 20001 30266 40273 57006 333 91111=
34579 82998 00604 10223 21010 30233 40275 57009 333 91110=
34644 82997 00806 10253 20004 30167 40239 57008 333 91012 91113=
34646 82998 00705 10232 20078 30169 40246 57010 333 91010 91112=
34655 82997 00707 10251 21022 30195 40252 57007 333 91012 91113=
34662 81998 00705 10234 21006 30257 40268 57005 70700 333 91010 91112=
34691 42998 00902 10225 20002 30284 40272 57007 555 10036=
34720 82998 00603 10258 20060 30182 40219 58004 333 91111=
34727 82997 20805 10273 20040 30174 40202 57003 80001 333 91011 91113=
34743 82997 00806 10257 21012 30152 40236 57006 333 91011 91113=
34759 81997 20707 10256 20014 30107 40230 57005 70730 80001 333 91010 91113=
34772 82998 00706 10242 21016 30254 40257 57005 333 91010 91113=
34785 82998 00804 10246 21013 30276 40255 57005 333 91110=
34798 42998 01104 10225 20091 30289 40261 53001 555 10034=
34824 82997 80906 10277 20079 30177 40181 57002 80005 333 91011 91115=
34838 42697 20605 10277 20048 30096 40186 54001 81139 333 91011 91114=
34845 82998 21006 10271 20039 30100 40200 57004 80030 333 91012 91115=
34858 42997 20904 10269 20036 30109 40210 58006 82030 333 91010 91114=
34861 82998 21108 10245 21008 39997 40225 57003 80001 333 91013 91115=
34866 82998 01006 10259 20011 30240 40232 57004 333 91113=
34880 82597 60903 10236 20073 30273 40248 57001 83931=
34887 82598 10804 10236 20073 30263 40245 52002 81100 333 91110=
34949 82698 60912 10246 20053 39666 40177 57003 82531 333 91016 91118=
34954 82698 60804 10275 20065 30031 40192 58006 83401 333 91113=
34958 42598 71105 10271 20057 30008 40193 57008 87500 333 91017 91117=
34975 41997 21206 10256 20013 30228 40224 55007 70701 80030 333 91010 91114=
34984 82698 50707 10232 20046 30269 40240 52004 82531 333 91013 91113=
35217 42997 03402 10204 20021 30230 40268 57015 555 10037=
35302 42998 00305 10204 20046 30259 40279 57011 555 10032=
35315 42998 02901 10201 20048 30208 40261 57012 555 10034=
35344 42599 73506 10154 20028 39962 40236 58002 87300 555 10021=
35345 46/// /3504 10147 20041 39922 40230 56004=
35358 42697 73205 10146 20053 30050 30212 53002 87500 555 10019=
35368 41599 63107 10142 20077 39943 40198 58001 70282 85530 555 11013=
35386 41598 53002 10110 20032 39650 40149 57002 70282 85900 555 11015=
35394 41598 72904 10090 20060 39495 40144 52004 72582 86930 555 11011=
35404 42998 00605 10208 20050 30268 40276 57010 555 10039=
35406 42997 03602 10207 20032 30271 40273 57008 555 10030=
35416 42698 21201 10199 20023 30148 40262 57009 82100 555 10040=
35426 42599 53203 10178 21002 39975 40250 57007 83501 555 10032=
35437 42698 70206 10156 20022 39952 40250 53001 87500 555 10021=
35449 42698 73405 10162 20061 30125 40223 53001 87200 555 10025=
35497 41598 63202 10104 20014 39384 40146 52004 70282 86900 555 10016=
35498 42598 83202 10100 20015 39301 40139 52004 889// 555 11015=
35514 42998 03203 10216 20009 30271 40267 57006 555 10039=
35519 42698 20203 10207 20032 30195 40263 57007 82100 555 10031=
35522 42698 50403 10191 20024 30017 40254 57006 85100 555 10035=
35542 42699 73405 10151 20012 30092 40232 53004 87200 555 10022=
35563 42598 83306 10119 21013 39448 40182 53009 87801 555 10022=
35576 42698 63505 10140 20027 39741 40166 53007 86200 555 10023=
35582 42698 53203 10130 20044 39609 40179 52005 85200 555 10018=
35594 42599 73407 10114 21006 39347 40143 52007 86930 555 10015=
35605 42998 00303 10222 21002 30283 40263 57006 555 10038=
35633 42598 53507 10179 20003 30033 40235 54000 82380 555 10030=
35671 42598 63504 10160 20017 39764 40168 53003 86900 555 10019=
35699 42697 70000 10140 21016 39414 40125 53010 87200 555 10018=
35700 42998 00705 10224 21002 30283 40261 57003 555 10041=
35715 42999 01004 10223 21014 30266 40252 57004 555 10037=
35739 42999 03602 10192 20022 30096 40227 56001 555 18035=
35746 42998 53405 10193 20004 30151 40214 53004 85040 555 10029=
35777 42597 73405 10175 20048 39840 40162 52014 87500 555 10020=
35796 42697 62104 10170 20059 39712 40117 53006 83580 555 10025=
35816 46/// /0704 10222 20001 30254 40265 56005=
35849 42598 60207 10203 20045 30123 40203 53001 86300 555 10038=
35895 42598 70503 10168 20048 39713 40127 53002 86202 555 10023=
35907 42998 00412 10215 20058 30272 40244 52004=
35925 42998 20206 10216 21012 30132 40236 54000 81041 555 10033=
35927 42998 00704 10227 21012 30231 57004=
35953 42699 63612 10256 20023 30065 40183 52004 86200 333 91116 555 10032=
35969 42699 53603 10222 20013 30002 40163 52003 85200 555 10035=
35997 42598 60202 10162 20056 39723 40130 52007 84370 555 10020=
36259 62599 82104 10110 20017 38167 48425 57002 69912 85902 333 10142 91113=
36335 41599 62603 10076 20025 39160 40140 52007 70282 85330 555 11013=
36358 42699 70000 10098 20013 39155 40119 53008 87500 555 10015=
36394 42697 62905 10158 20027 39708 40101 57004 85502=
36397 42699 73202 10158 20029 39573 40099 57003 83571 555 10023=
36403 42798 72803 10158 20052 39760 40095 57003 82502 555 10018=
36418 42699 71604 10190 20031 39508 40071 57006 83933 555 10021=
36421 42699 71902 10182 20071 39547 40064 57007 85502 555 10024=
36428 41598 80103 10156 20126 39617 40081 57008 71798 8595/ 333 95050 555 11016=
36439 41498 80000 10113 20093 38902 48450 58002 70298 889// 555 11013=
36467 42699 63207 10104 21007 39236 40132 53007 86500 555 10015=
36498 42698 72703 10150 20002 39364 40101 53004 85501 555 10019=
36501 42699 32702 10135 20010 39395 40099 53003 83500 555 10015=
36535 42999 63104 10171 20028 39502 40085 57003 82031 555 10021=
36546 42699 62202 10186 20084 39581 40075 57007 84943 555 10024=
36619 42999 72303 10188 20028 87030 555 10023=
36622 42998 82703 10167 20008 39342 40085 53005 8807/ 555 10016=
36639 41596 80000 10161 20146 39538 40099 53012 78082 889// 555 13015=
36643 41599 70201 10172 20098 39471 40080 54000 72522 87900 555 10019=
36665 41596 81601 10157 20125 39409 40080 57001 78082 889// 555 12016=
36666 41599 80000 10160 20115 39628 40083 57005 70282 8697/=
36729 41598 82502 10168 20121 39657 40103 53014 70282 889// 555 11017=
36736 41596 80401 10142 20128 39602 40119 53007 78082 889// 555 12014=
36744 42998 73003 10169 20035 39701 40120 52007 87040 555 10021=
36770 42599 70302 10176 20083 39438 40111 52014 84970 555 10019=
36786 41597 80000 10135 20107 39260 40122 52020 78082 889//=
36796 41597 82701 10110 20077 38986 48477 53018 78082 889//=
36803 41596 82402 10165 20137 39696 40113 53020 78082 889//=
36806 42598 71504 10207 20115 39666 40094 53021 87900=
36819 42598 83407 10174 21026 39541 40111 52012 8595/=
36821 42598 73402 10166 20066 39659 40115 52005 87900=
36839 42599 83605 10158 20078 39054 40107 52020 82941 333 91116=
36843 42698 80000 10145 20078 39020 40122 52019 85932=
36846 42699 82906 10125 20039 38575 48477 53022 8595/ 333 91118=
36859 42599 62703 10250 20081 39319 40022 53010 83975 555 10030=
36870 42597 80401 10198 20045 39153 40088 52020 889// 555 10021=
36874 42599 83611 10198 20031 39379 40096 52020 85906=
36877 42699 80401 10208 20073 39196 40094 52017 889//=
36885 42599 72902 10180 20059 39055 40104 52025 85930=
36889 42499 80000 10016 20014 37056 47081 53010 886//=
36894 42599 72704 10224 20069 39397 40072 53021 83972=
36905 42699 62802 10192 20071 38680 48446 53020 82343=
36911 42998 30000 10226 20132 39217 40114 52003 80001 555 10027=
36927 42699 62720 10189 20043 38272 48422 53001 82952 333 91124=
36934 42699 70902 10198 20108 38203 48311 56006 83332=
36953 41699 73002 10201 20044 38136 48508 53013 78082 84903 555 1/022=
36963 42799 62704 10146 21074 37033 48/// 57005 83550 555 10017=
36974 42798 62704 10254 21014 37911 48407 57013 83902 555 10031=
36982 42598 62706 10098 21050 36545 47088 57002 83960=
37018 81698 70704 10296 20150 30063 40133 52006 70392 85902 333 91110=
37031 82597 81105 10256 20090 39992 40174 54000 885// 333 91010 91114=
37054 82698 80803 10211 20132 39830 40194 58003 885// 333 91010 91111=
37061 81997 60907 10253 20091 30044 40202 55002 70722 85079 333 91012 91114=
37085 82598 60711 10239 20106 30241 40215 54000 85501 333 91015 91116=
37171 41697 61606 10264 20179 30127 40144 52017 71798 83930 333 91112 91114=
37228 81495 83101 10160 20148 39386 40187 54000 78086 889//=
37235 82698 80904 10214 20145 39878 40178 57006 70282 885//=
37472 81597 81207 10218 20193 30221 40200 52001 78182 883// 333 91012 91112=
38149 42998 20205 10222 20013 30130 40202 58013 80002 555 10038=
38178 42998 00104 10218 20051 39888 40157 52009 555 10044=
38262 42998 20404 10218 20036 30118 40195 53004 80002 555 10037=
38264 42998 20106 10219 20011 30106 40194 52001 80003 555 10027=
38345 42799 42703 10193 20062 38758 48475 52008 82232 555 10028=
38353 42998 83201 10219 20055 39249 40084 53004 82931=
38392 42997 50407 10230 20017 30084 40181 52002 85030 555 10034=
38396 42997 20407 10228 20002 30065 40183 52004 80001 555 10036=
38403 42997 00206 10245 20051 30044 40157 53004 555 10041=
38413 42998 00303 10246 21030 39878 40150 52010 555 10040=
38457 42597 32403 10267 20034 39536 40078 54000 82140 555 10038=
38462 42699 52307 10213 21009 38705 48465 53006 82551 555 10027=
38462 42699 52307 10213 21009 38705 48465 53006 82551 555 10027=
38507 42998 00507 10322 20029 30049 40143 52002 333 91006 555 10043=
38545 42998 50105 10252 20064 39993 40157 52004 85050 555 10039=
38565 32998 03204 10244 20084 39550 40121 52010 555 10033=
38579 32699 10403 10267 21027 39708 40095 53011 81200 555 10037=
38583 32997 23205 10279 20015 39795 40091 53003 82040 555 10040=
38599 42998 42709 10266 20061 39610 40085 52012 81031 333 91116=
38611 42997 62104 10280 20084 39522 40035 57007 86040 555 10035=
38613 42999 60101 10271 20084 39216 40041 53005 80002 555 10036=
38616 42598 62001 10257 20086 39108 40039 53003 86300=
38618 42997 63001 10285 20080 39408 40036 52001 82061 555 10037=
38647 42998 00706 10316 20061 30089 40127 57003 555 10044=
38656 42998 60504 10304 20025 30050 40150 52007 86080 555 10044=
38683 42997 03607 10274 20015 39864 40120 52010 555 10040=
38687 42997 00506 30303 20023 39904 40120 52005 555 10053=
38696 32999 10203 10289 20084 39284 40066 53009 81080 555 10042=
38713 42998 33203 10238 20061 39003 48500 53014 83030=
38750 42597 32705 10302 20250 30166 40140 53002 83100 555 10044=
38763 42598 60904 10307 20080 30056 40153 52002 86200 333 86830 555 10039=
38774 42898 62401 10296 20092 39975 40155 53007 86070 555 10043=
38799 42997 00505 10323 20061 39904 40115 53002 555 10044=
38806 42997 03605 10304 20056 39852 40090 52008 555 10041=
38812 42997 03209 10318 20027 39661 40073 58001 555 10046=
38836 41998 02503 10329 20132 39140 49979 57003 70500 333 10043=
38880 42797 63204 10296 20067 39897 40132 58008 81531 555 10046=
38886 42997 03203 10322 20084 39921 40129 58001 555 10045=
38895 42996 00301 10323 20048 39851 40116 52003 555 10047=
38911 42998 03406 10333 20074 39814 40080 58002 555 10044=
38915 42997 02303 10344 20029 39776 40070 57004 555 10042=
38927 32960 32608 10358 20029 39705 40042 56009 80001 555 10044=
38933 42998 01804 10334 20197 39581 40043 57014=
38944 42997 01602 10347 20104 39505 49985 57002=
38954 42899 13002 10287 20074 37885 48410 57015 81200=
38974 42998 03404 10334 20021 39793 40097 52002 555 10049=
38987 42996 00206 10347 21017 39394 40065 57009 555 10041=
40030 32570 32701 10356 20158 40081 58008 83500 333 83630=
40066 32570 32602 10296 20224 4//// 5//// 83400 333 83626=
40080 32965 02704 10339 20123 39390 4//// 57010=
40100 43/70 22608 10305 20233 30087 40102 58006 6///1 333 58///=
40180 12660 13006 10312 20203 30038 40084 57007 60001 81100 333 70000=
40199 129// /0204 10380 20173 30037 40060 57018 60001 333 70000=
40255 36/// /0000 10303 29050 3//// 4//// 5////=
40265 31950 03110 10307 20159 39332 40086 57010 70600=
40270 31656 13109 10304 20141 39227 40079 57009 70500 81100 333 81835=
40272 31950 02911 10306 20144 39292 40085 57006 70500=
40296 36/// /0000 10381 29020 4//// 5////=
40340 32960 00310 10374 20159 30011 40072 57019=
40356 32960 00304 10354 20050 39130 48481 333 58006 555 04410 50040=
40357 32960 03203 10404 20040 39428 40012 333 58000=
40360 32960 03008 10367 20070 39497 40051 333 58005=
40361 32960 02712 10399 20040 39309 40033 333 58009=
40362 32960 02206 10437 20030 39531 40004 333 59015=
40373 32960 03004 10426 20010 39638 40023 333 58009=
40375 32960 02610 10356 20070 39213 40032 333 58009=
40394 32660 22410 10398 20090 38966 48482 82200 333 58001 82840 555 04410 50002=
40394 32660 22410 10398 20090 38966 48482 82200 333 58001 82840 555 04410 50002=
40400 32960 02312 10334 20230 30044 40071 333 58024=
40405 32960 02508 10426 20030 39327 9999 333 59002=
40417 32960 03612 10441 20020 39993 40007 333 58010=
40420 32960 00112 10439 20020 39815 40004 333 58013=
40430 32960 03015 10414 20040 39337 40021 333 58018=
40437 32960 00405 10410 21020 39369 40023 333 58010=
40439 32960 12616 10385 20170 30040 40058 81030 333 58041 81360=
40582 32960 03516 10450 20109 40009 56011 333 00051 55310 00746 10000 22320 30808 41394 51846 63128 55407 41512 90400 91025 91127 91221 91317=
40703 12960 00803 10324 20065 38864 40033 57016 60001 333 70000 555 10177 29020=
40706 12965 00605 10286 21015 38627 40059 57011 60001 333 70000 555 10138 29014=
40712 12960 00603 10290 20052 38644 40050 57012 60001 333 70000 555 10158 29022=
40713 12962 02102 10311 20010 38624 40029 57008 60001 333 70000 555 10153 29015=
40718 12560 13605 10285 20197 30180 40153 53003 60001 81100 222// 0//// 20203 333 70000 81820 555 10227 29059=
40723 12560 33108 10279 20119 38938 40092 55001 60001 81102 333 70000 81830 83069 555 10182 29037=
40726 12960 03503 10294 20049 38627 40052 58005 60001 333 70000 555 10158 29021=
40727 12965 22701 10310 20032 38451 40050 57004 60001 82003 333 70000 82070 555 10158 29017=
40732 12665 33312 10288 20207 30142 40119 51001 60001 83500 333 70000 83635 555 10234 29062=
40736 12560 32803 10307 20206 30161 40137 53003 60001 83600 333 70000 83722 555 10240 29055=
40737 12560 63104 10302 20195 30113 40130 52003 60001 83270 333 70000 83830 86359 555 10232 29053=
40738 11558 62306 10259 20214 30146 40148 53009 69901 78021 84370 333 79999 83630 81935 85458 555 10229 29076=
40739 12965 00306 10270 20116 38665 40064 54000 60001 333 70000 555 10176 29038=
40741 12960 03105 10343 20068 39800 40113 53008 60001 333 70000 555 10189 29018=
40743 12665 11203 10365 21048 39007 40035 56008 60001 81100 333 70000 81835 555 10165 29007=
40745 11958 10908 10308 20112 39010 40086 54000 60001 70700 80001 333 70000 81070 555 10189 29030=
40747 12960 01802 10353 21057 38580 40015 57012 60001 333 70000 555 10155 29007=
40754 12965 01605 10344 21064 38773 40020 57013 60001 333 70000 555 10152 29007=
40762 12965 00000 10332 21102 38523 40038 57007 60001 333 70000 555 10139 29006=
40766 12982 02805 10344 21224 38645 40025 57011 60001 333 70000 555 10135 29002=
40769 12660 10704 10345 21015 38258 49985 57014 60001 81100 333 70000 81835 555 10157 29010=
40780 12960 03006 10333 20032 38644 40040 58006 60001 333 70000 555 10168 29015=
40782 12960 02806 10359 21005 38799 40011 57011 60001 333 70000 555 10169 29010=
40785 12960 02602 10378 21039 39000 40007 57018 60001 333 70000 555 10171 29007=
40791 12970 02903 10420 21249 39248 40004 57013 60001 333 70000 555 10169 29001=
40792 12965 03004 10369 21124 38666 40008 56008 60001 333 70000 555 10153 29004=
40798 12660 52206 10335 21115 37940 40005 56009 60001 85800 333 70000 82835 83640 555 10134 29005=
40800 12960 00000 10374 21114 38409 49998 56017 60001 333 70000 555 10153 29004=
40809 12962 00404 10365 21203 38449 40006 56004 60001 333 70000 555 10143 29002=
40811 12960 00903 10445 20130 39964 49988 57014 60001 333 70000 555 10246 29016=
40812 12960 02404 10426 20062 39643 49987 57009 60001 333 70000 555 10215 29011=
40818 12965 00703 10333 21300 37943 49982 57015 60001 333 70000 555 10120 29001=
40821 12970 00602 10386 21239 38720 49998 57012 60001 333 70000 555 10152 29001=
40829 12960 03609 10417 21021 39466 49989 56010 60001 333 70000 555 10192 29006=
40831 11957 03514 10460 20101 39995 40002 57010 60001 70500 333 70000 555 10240 29012=
40833 12960 02806 10461 20059 39967 49997 56012 60001 333 70000 555 10229 29009=
40835 12660 12805 10392 20144 39226 49993 57006 60001 81100 333 70000 81840 555 10231 29023=
40841 12670 13603 10348 21128 38204 40004 57010 60001 81100 333 70000 555 10140 29004=
40845 12560 12704 10366 20250 39997 40002 57009 60001 81100 333 70000 81825 555 10283 29052=
40848 12660 30502 10366 20002 38459 49964 57015 60001 83270 333 70000 81835 555 10170 29010=
40851 12660 20000 10353 21012 38220 49966 57014 60001 82400 333 70000 82640 555 10160 29010=
40854 12960 00000 10400 21133 38866 49972 57007 60001 333 70000 555 10166 29003=
40856 12962 00804 10357 21100 38579 40006 55004 60001 333 70000 555 10150 29005=
40859 11658 32005 10376 21005 38645 49995 57007 60001 70500 83200 333 70000 83835 555 10174 29009=
40875 11540 12006 10351 20268 39991 40002 57013 60001 70500 81500 333 70000 81630 555 10290 29062=
40879 12665 12103 10426 20008 39353 49978 56015 60001 81200 333 70000 81840 555 10200 29008=
40882 11940 02704 10358 20268 39973 40006 56009 60001 70500 333 70000 555 10292 29060=
40883 11956 02505 10356 20269 39979 40001 57012 60001 70500 333 70000 555 10292 29061=
40893 11958 01805 10317 20256 39994 40000 57013 60001 70500 222// 00310 20401 333 70000 555 10273 29070=
40898 11558 11606 10312 20262 39990 49999 55008 60001 70500 81100 222// 00310 20802 333 70000 81825 555 10276 29075=
41024 32660 22912 10378 20210 30037 40062 82500 333 58028 82640=
41036 32560 13313 10332 20060 38547 48498 81100 333 58021 81830 555 04410 50055=
41055 32560 20311 10345 20000 38342 48481 82400 333 58015 82630 555 04410 50023=
41061 32960 03110 10428 21010 39341 49997 333 58009=
41084 32560 23611 10382 20010 38795 48466 82200 333 58008 82830 555 04410 59987=
41112 32560 42008 10276 20150 37932 48481 84400 333 58008 84620 555 04410 50027=
41114 32560 40210 10304 20010 37963 48476 84400 333 58010 84622 555 04410 50003=
41128 32560 30610 10370 20010 38756 48475 83100 333 58017 83830 555 04410 50010=
41136 32660 33510 10426 20070 39227 49980 83400 333 58009 83640=
41140 32660 43111 10351 20270 30041 40052 81330 333 58015 81935 83360=
41150 32966 03310 10387 20200 40012 333 58010=
41176 34/66 /0909 10366 20233 39997 40003 333 58010=
41184 32960 03408 10373 20244 40009 333 58005=
41194 11958 03110 10378 20242 30000 40005 60001 70600 333 58009=
41196 12960 03009 10366 20228 39971 40010 60001 333 58009=
41216 32960 03509 10366 20257 30002 40006 333 58009=
41217 32960 03212 10375 20253 39974 40001 333 58010=
41244 36/// /2911 10415 20066 39591 49975 333 0E034 55300 25022 58005=
41255 36/// /1804 10402 20154 39497 49969 333 0E028 58009 =
41256 32560 10610 10340 20255 39987 40004 81500 91145 333 58004 55407 55408 55507 55508 81625=
41258 36/// /0811 10336 20228 39997 40000 333 0E/// 55310 22534 58006=
41265 36/// /2010 10375 20144 39439 49968 333 0E030 55300 21032 58013 =
41267 36/// /3503 10321 20271 39997 40009 333 0E029 58006 =
41275 36/// /2404 10409 20178 39855 40012 333 0E026 55300 22891 58008 =
41288 36/// /1314 10291 20244 30007 40028 333 0E027 58006 =
41315 26/70 /0000 10247 20235 39235 47241 333 0E024 55300 27865 58013 70002 =
41316 31359 71808 10273 20252 30013 40042 70522 87600 333 58015 55407 55408 55507 55508 81709 83714 87625=
41397 72320 10290 20250 40110 58/// 700// 87766 22273 0//// 20402 80260=
41398 81828 10300 20274 40111 5//// 7//22 8/7// 22253 06310 2//10 323// 4//07 80280=
41480 11557 72418 10352 20245 30029 40037 60002 70544 82530 333 58002 82625 87360=
41497 51114 10272 20229 40110 52011 70280 84249 22241 04274 20305 31311 40903 50702=
41498 40817 10290 20250 40105 52011 70211 8226/ 22264 00294 20401 307// 41002 80260=
41506 02697 31816 10310 20112 38406 48399 60002 83100 333 10327 56900 58018 60007 83830=
41508 01697 50000 10272 20188 38593 48470 60002 70229 83220 333 10325 56990 58014 60007 83835 82460=
41515 02697 22312 10321 20149 38447 48407 60002 82500 333 10342 56900 58003 60007 82650=
41523 02697 52304 10320 20213 38995 48451 60002 83520 333 10330 56990 58016 60007 83640 82640=
41535 01696 80000 10195 20180 38654 48431 60112 76662 8862/ 333 10280 5699/ 58023 88835 85460=
41536 01597 70000 10230 20185 38971 48472 72962 60072 84920 333 10305 56990 58036 60007 83630 85460=
41560 02997 20000 10280 20178 38246 48456 60002 82030 333 10290 56090 58015 60007 82360=
41571 11696 71312 10280 20208 39464 40018 60002 71322 86330 333 10337 56990 58022=
41598 01696 10000 10340 20272 39748 40003 69902 70400 81400 333 10347 56900 58029 60007 81835=
41600 01696 60000 10325 20263 39729 40009 60022 70422 83570 333 10330 56990 58027 60007 83645 83363=
41620 32696 23602 10345 20067 38491 48396 60002 82500 333 10350 56900 58013 60007 82640=
41624 02997 01304 10375 20258 39801 49987 60002 333 10385 58017 60007=
41630 01696 51302 10350 20253 40006 60002 70411 85400 333 10363 56900 58019 60007 85640=
41640 01696 60000 10315 20267 39772 40009 60072 70496 83520 333 10345 56990 58026 60077 83640 85460=
41660 02797 13110 10330 21094 38368 48447 60002 81400 333 10335 56900 58019 60007 81850=
41678 01996 30000 10370 20228 49996 60002 70500 83020 333 10380 56090 58018 60007 83460=
41696 02997 00000 10290 20093 37975 48456 60002 333 10300 58006 60007=
41697 02997 00000 10380 20272 39833 49976 60002 333 10395 58005 60007=
41700 01696 30000 10380 20256 39866 49985 60002 70420 83500 333 10391 56900 58018 60007 83640=
41710 12997 03104 10415 21160 39231 49928 60002 333 10420 58014=
41712 12997 01304 10405 21015 39079 48452 60002 333 10415 58011=
41715 01996 01302 10360 20272 39935 49996 60002 70500 333 10375 58018 60007=
41718 01996 30000 10370 20276 39902 49998 60002 70400 83030 333 10381 56090 58018 60007 83362=
41725 02996 00000 10385 20246 39920 49993 60002 333 10390 58018 60007=
41739 02696 12706 10380 20043 38939 48436 60002 81500 333 10385 56900 59014 60007 81635=
41744 12996 00000 10310 20044 38685 48423 60002 333 10325 59023=
41749 02996 01306 10370 20283 39973 40006 60002 333 10380 58031 60007=
41756 01496 61808 10325 20248 39954 40017 60002 70504 83630 333 10325 56990 58002 60007 83715 83358=
41759 01996 02308 10320 20250 30016 40021 60002 70500 333 10345 58018 60007=
41764 02996 01814 10330 20261 39956 40032 60002 333 10350 58016 60007=
41768 02596 22304 10330 20268 30005 40012 60002 82600 333 10345 56500 58020 60007 82720=
41780 01596 72310 10300 20243 30001 40028 69902 70400 87600 333 10311 56900 58026 60007 84720 86630=
41785 02597 52304 10315 20260 30013 40026 60002 85600 333 10330 56500 58013 60007 85730=
41859 32450 60501 10341 20260 39972 40009 82530 333 10358 56990 59002 70000 82618 86362=
41883 32950 50000 10340 20270 39985 40005 85030 333 10365 56090 58001 70032 85362=
41891 31440 63205 10318 20270 39963 40000 70522 84370 333 10365 56990 58002 70000 83615 81930 86460=
41898 21022 10190 20160 40190 54000 70222 82002 22253 06240 21002 80180=
41907 32950 50000 10330 20290 39989 40004 80002 333 10360 56009 58006 70140 85080=
41923 32950 30000 10325 20250 39998 40008 83030 333 10350 56090 59002 70004 83365=
41936 31430 40000 10320 20270 39993 40000 70522 82830 333 10344 56990 58008 70000 82615 83362=
41943 32440 52302 10320 20270 39991 49998 83530 333 20346 56990 58001 70450 83616 83362=
41950 32450 40000 10314 20280 30006 40008 83531 333 10342 56999 58010 70064 83617=
41978 32458 62105 10311 20270 30004 40010 82301 333 10330 56909 58010 70568 82617 81930 85080=
41992 31430 62102 10305 20260 30011 40013 70522 84530 333 10334 56990 58001 79999 84615 86360=
42001 06121 99259 70897 46/// /1405 10298 20286 30093 40096 91140 22200 00301 333 91206 555 11049 22052 8//05 91135=
42027 32596 72302 10244 20167 38361 48441 84420 333 10276 58042=
42044 32596 50000 10220 20181 38232 48458 83310 333 10286 58026=
42045 32596 11401 10250 20166 38267 48385 81100 333 10280 58017=
42056 32696 13202 10314 20258 39591 81100 333 10325 58027=
42071 31596 30703 10328 20301 40009 71000 83400 333 10342 58026 83625=
42097 06121 99257 70837 46/// ///// 1//// 91156 22200 00300 10502 20502 70008=
42101 21596 60000 10282 20274 40030 70262 84430 333 10342 6993/ 82630 84835 86360=
42111 21595 70000 10276 20239 39339 40011 76096 85870 333 10328 58030 6992/ 83620 85830 87458=
42123 32596 10000 10338 20257 40003 81500 333 10358 58019 81630=
42131 32996 50901 10302 20266 40011 82032 333 10331 58021=
42165 32696 70000 10352 20245 49987 87800 333 10368 58017 84635 83840=
42182 31595 70905 10310 20274 40015 71022 84330 333 10326 58032 84830 81935 86360=
42189 21595 50000 10262 20262 40015 72196 83530 333 10313 58030 6026/ 83620 85360=
42309 31996 20000 10324 20283 49999 71000 81031 333 10354 59007=
42314 32596 30000 10322 20267 49998 82100 333 10355 59011 82825=
42328 31595 32302 10342 20246 49981 70500 83500 333 10355 58018 83630=
42339 21595 80000 10280 20246 40019 71765 8492/ 333 10325 58028 6094/ 83630 81935 88456=
42348 21495 71410 10288 20251 40014 71522 86320 333 10300 58024 6002/ 83712 83625 81930 87458=
42361 31596 60000 10320 20273 49999 70522 82532 333 10340 58010 82620 84360 86070=
42369 31596 20902 10320 20300 40010 70500 82500 333 10337 58021 82620=
42379 31595 30901 10320 20267 40007 70521 83400 333 10334 56200 58013 83620=
42398 32596 31603 10331 20277 40004 83500 333 10368 58008=
42410 31594 30000 10330 20266 40008 70510 83500 333 10363 59004 83620=
42415 32596 40000 10332 20269 40010 81201 333 10359 59005 81825=
42452 21595 80000 10266 20257 40003 71096 8422/ 333 10308 58032 6009/=
42492 21595 30000 10320 20279 40011 71010 83500 333 10339 58013 6992/ 83620=
42559 32596 81801 10308 20242 49993 8542/ 333 10337 58011 82620 84825 88458=
42571 21596 50000 10270 20256 4000/ 72996 83530 333 10301 58014 6019/ 83625 84360=
42623 31496 31403 10288 20213 39166 49999 82530 333 10323 58004 82618 83360=
42634 32596 52503 10314 20243 40036 85500 333 10325 58020 85620=
42647 21596 62702 10322 20264 40027 70522 83830 333 10322 56690 58016 6996/ 82620 83825 85358=
42667 31596 61807 10300 20235 39443 40008 70522 83830 333 10314 58012 82620 83825 84360=
42675 31596 50502 10300 20252 40005 70522 83530 333 10304 58014 83620 84360=
42701 31496 40000 10284 20256 39300 40006 71792 84300 333 10312 58000 82618 83825 81930=
42724 31496 60000 10320 20279 40006 71022 83431 333 10340 58009 82618 84360=
42737 32596 62708 10302 20257 40036 83531 333 10323 58016 83620 85358=
42754 21496 72707 10258 20241 39398 40019 76162 86730 333 10294 58016 6996/ 83710 84620 85360=
42779 21495 60000 10302 20238 39337 40006 79592 84930 333 10322 58006 6990/ 83620 81930 85360=
42798 21496 50000 10300 20264 40001 71062 83530 333 10350 58009 6001/ 83615 85360=
42809 31596 60502 10330 20269 40005 70522 82531 333 10358 58010 82620 83360 85075=
42840 21596 62502 10280 20257 40044 70262 82530 333 10321 58018 6008/ 82620 86360=
42867 31596 72303 10316 20248 40011 70522 84930 333 10342 58020 83620 81930 85458=
42874 31596 23202 10304 20247 40012 70321 82100 333 10334 58015 82825=
42886 32596 40000 10330 20287 40009 83430 333 10350 58014 82620 83825 84360=
42895 21596 70000 10302 20286 40006 70296 83531 333 10350 58004 6005/ 83620 86360=
42909 32496 72710 10274 20260 40049 84770 222// 20000 333 10324 58019 82715 86458=
42971 21496 70000 10298 20267 40009 70596 84430 333 10338 59003 6005/ 83618 87360=
43003 21495 73203 10292 20252 40056 70522 85830 333 10316 58015 6993/ 82618 83825 85360=
43014 21596 62506 10276 20239 39394 40024 70554 84830 333 10303 58011 6996/ 83620 84825 85360=
43041 21596 70000 10264 20241 39420 40023 70296 83510 333 10292 58009 6011/ 83620 87458=
43063 21596 72703 10254 20219 39441 40055 75065 86730 333 10291 56690 58017 6992/ 83722 84626=
43086 32597 70000 10312 20266 39843 40015 82531 333 10328 58013=
43110 21496 63204 10290 20247 40073 70262 85720 333 10304 58014 6997/ 82712 83618 85456=
43117 32597 52304 10296 20246 40028 83630 333 10320 58014=
43128 21496 73205 10268 20239 39441 40036 79596 86930 333 10308 56690 57962 58019 6996/ 82710 83615 81930 87360=
43150 21596 62906 10284 20250 39962 40023 70595 83831 222// 20000 333 10336 58006 6990/ 82620 84360 85075=
43185 21597 82902 10290 20247 30018 40021 70252 8487/ 333 10325 58012 6990/ 83620 86360=
43189 21597 80000 10276 20247 30017 40026 76096 8387/ 333 10342 58016 6003/=
43192 22596 73205 10300 20258 40070 83730 333 10314 58011 6990/=
43201 32497 52703 10286 20210 39323 40029 84801 333 10308 58011 83612 83818=
43213 21597 63202 10312 20224 39711 40019 70262 82531 333 10316 58011 6002/=
43233 32497 52711 10264 20230 39259 40062 83832 333 10290 58014=
43237 21597 52504 10304 20231 39628 40009 70262 82872 333 10338 58015 6992/ 81620 83360=
43245 32597 72503 10310 20244 30007 40033 83838 333 10320 58008=
43279 32597 70000 10306 20255 30023 40040 84571 333 10322 58015 84620 85458=
43284 21396 82708 10280 20246 39961 40075 8597/ 333 10288 56699 57922 58012 6998/ 82707 83612 81925 87458=
43295 32497 62706 10258 20164 39060 48478 83531 333 10268 56699 58016 83612 83358=
43310 32496 62201 10294 20263 40041 83321 333 10298 58004=
43314 32596 80000 10302 20254 40082 84808 222// 21001 333 10334 58002=
43329 32597 80000 10314 20267 30029 40042 81532 333 10329 58013=
43333 21495 62709 10282 20248 40045 70562 84430 333 10300 56990 58001 6990/ 82618 83820=
43344 31496 63206 10348 20216 39948 40045 70522 83451 333 10365 58018 82616 83820 85360=
43353 22496 53206 10286 20255 40085 81720 333 10300 56790 58015 6990/ 81714 83459=
43369 32596 63203 10300 20264 40085 83530 333 10326 58011 83620 86358=
44212 32599 73603 10196 21004 38989 40031 57010 87500 333 10219 91205=
44213 32999 73501 10190 21020 38682 40025 57005 87010 333 10241 91204=
44214 32698 83605 10138 20027 38209 40067 58005 88500 333 10184 91111 91207=
44215 32998 72904 10171 20027 38328 40040 52001 87010 333 10211 91110 91207=
44217 32698 72302 10123 21006 37813 40097 56005 85870 333 10154 91208=
44218 32699 60304 10229 21030 38499 49994 55002 83546 333 10279 91206=
44219 32999 41907 10261 21055 38511 49975 57013 82041 333 10289 91011 91112 91208=
44265 32999 01402 10246 20016 38742 40017 56007 333 10284 91204=
44266 31999 22313 10180 21080 37747 40044 57003 70731 82040 333 10224 91116 91214=
48010 32556 30000 10320 20265 39860 40007 83800 333 10325 56550 59013 60002=
48020 32340 40000 10305 20260 83930 333 10352 56440 60002=
48025 31458 50000 10308 20282 39885 40022 70299 83920 333 10350 56490 59003 69902=
48031 31/05 91801 10210 20195 74744 89/// 333 10235 56999 60002=
48048 22556 30401 10312 20267 39952 40006 83800 333 10330 56400 59003 60192=
48052 22456 50000 10300 20260 83430 333 10336 56990 60042=
48062 32557 52303 10300 20266 39998 40999 83930 333 10335 56990 59017=
48064 32450 51401 10304 20223 39974 40030 83830 333 10338 56990 58034=
48071 21450 81305 10273 20256 30005 40012 70262 8697/ 333 10315 5639/ 58003 60142=
48094 22456 80000 10280 20250 30015 40025 8597/ 333 10304 5699/ 58003 60102=
48109 21396 82303 10288 20259 30033 40037 70265 8697/ 333 10300 5699/ 58007 60282=
50557 04980 /1601 10128 20083 39784 40070 52013 60002 70000 333 10239 20099 3/013 5002/ 54415 58003 60001 70000 90720 91113=
51076 04980 /3001 10192 20073 39226 40053 57013 60002 70000 333 10214 20143 3/016 5002/ 54415 59017 60001 70000 90720 91104=
51087 04976 /3204 10244 20007 39081 40030 52002 60002 70000 333 10295 20158 3/015 5005/ 54415 59026 60001 70000 90720 91111=
51156 04980 /2906 10177 20028 38616 40059 57008 60002 70000 333 10203 20127 3/011 5005/ 54415 59021 60001 70000 90720 91111=
51243 04980 /3204 10251 20063 39532 40041 57003 60002 70000 333 10292 20199 3/019 5005/ 54415 59017 60001 70000 90720 91110=
51334 04972 /3406 10234 20091 39676 40054 52008 60002 70000 333 10285 20159 3/015 5008/ 54415 59006 60001 70000 90720 91112=
51379 04975 /2501 10263 20069 39148 40036 54000 60002 70000 333 10291 20097 3/009 5002/ 54415 59020 60001 70000 90720 91107=
51463 04980 /0304 10242 20024 38925 40023 52004 60002 70000 333 10266 20183 3/020 5005/ 54415 59023 60001 70000 90720 91115=
51573 04964 /3401 10347 20112 39962 40007 57017 60002 70000 333 10362 20227 3/021 5003/ 54405 59064 60001 70000 90720 91106=
51644 04960 /2101 10248 20107 38866 40052 57015 60002 70000 333 10273 20126 3/014 5003/ 54405 59043 60001 70000 90720 91108=
51656 04960 /2902 10254 20130 39049 40048 57016 60002 70000 333 10285 20117 3/007 5001/ 54405 59045 60001 70000 90720 91109=
51709 04972 /1402 10263 20074 38553 40025 57011 60002 70000 333 10274 20154 3/015 5004/ 54405 59035 60001 70000 90720 91107=
51711 04960 /0902 10186 20088 37984 40025 52002 60002 70000 333 10221 20097 3/009 5002/ 54405 59027 60001 70000 90720 91107=
51716 04059 00401 10282 20090 38821 40031 57018 60002 70000 333 10302 20143 3/014 5002/ 59040 60001 70000 90720 91104=
51765 04963 /2901 10268 20117 39111 40052 57014 60002 70000 333 10303 20113 3/011 5004/ 54405 59050 60001 70000 90720 91107=
51811 04965 /2201 10286 20067 38701 40026 57017 60002 70000 333 10292 20131 3/011 5002/ 54405 59038 60001 70000 90720 91106=
51818 04962 /2901 10270 20115 38563 40032 57016 60002 70000 333 10287 20127 3/012 5002/ 54405 59034 60001 70000 90720 91104=
51828 04946 /1102 10264 20079 38562 40023 57016 60002 70000 333 10281 20156 3/014 5003/ 54405 59037 60001 70000 90720 91105=
51886 04980 /0703 10196 21128 37133 40068 57009 60002 70000 333 10216 20026 3/001 5004/ 54407 59034 60001 70000 90720 91107=
52203 04977 /2301 10233 20107 39217 40051 57016 60002 70000 333 10298 20126 3/012 5003/ 54405 59059 60001 70000 90720 91105=
52602 04980 /2801 10189 21147 37292 40100 57009 60002 70000 333 10212 20009 3/000 54405 59019 60001 70000 90720 91106=
52681 04980 /1002 10163 20123 38653 40164 52003 69982 70000 333 10192 20117 3/013 5001/ 54405 59001 60001 70119 90720 91104=
52818 04980 /0801 10172 21035 37263 40092 57009 60002 70000 333 10215 20053 3/003 5001/ 54405 59022 60001 70000 90720 91105=
52908 04980 /3601 10085 21027 35841 40091 57005 60002 70000 333 10105 21018 3/000 54406 58013 60001 70000 90720 91108=
53463 04975 /3600 10136 20136 38869 40163 57003 60082 72150 333 10173 20133 3/015 5000/ 54415 59020 60051 70083 90720 91104=
54857 04980 /3304 10248 20154 30056 40146 52010 60002 70000 333 10299 20217 3/025 5004/ 54405 58026 60001 70000 90720 91109=
55228 04980 /2702 10186 21007 36046 49884 57011 60002 70000 333 10194 20087 3/007 5003/ 54415 58015 60001 70000 90720 91117=
55299 04977 /0902 10098 20050 35912 40026 54000 60002 70000 333 10133 20039 3/006 5000/ 54405 58025 60001 70075 90720 91107=
55578 04980 /3002 10189 20047 36386 49933 57003 60002 72100 333 10223 20100 3/011 5001/ 54405 58006 60001 70000 90720 91107=
55591 04971 /1201 10210 20062 36528 49907 57005 60002 70000 333 10232 20125 3/013 5002/ 54405 58015 60001 70000 90720 91106=
55664 04980 /3102 10150 20029 36043 49957 52009 60002 70000 333 10198 20079 3/009 5004/ 54405 58015 60001 70000 90720 91110=
55773 04980 /1106 10089 20053 36059 40047 54000 60002 70000 333 10144 20041 3/003 5002/ 54405 58011 60001 70004 90720 91113=
56004 04980 /3601 10117 21014 35891 40046 57005 60002 70000 333 10135 21003 3/002 54405 58021 60001 70000 90720 91107=
56018 04980 /1202 10140 20064 36232 49991 52006 60002 70000 333 10181 20081 3/010 58027 60001 70027 90720 91109=
56116 04980 /0901 10130 20087 36381 40010 52005 60022 70000 333 10184 20095 3/010 5001/ 54415 58032 60021 70043 90720 91109=
56299 58005 70577 88818 555 90612=
56312 04980 /1103 10204 20081 37093 49993 52005 60002 70000 333 10234 20144 3/015 5002/ 58013 60001 70000 90720 91110=
57494 04957 /0305 10271 20231 30070 40098 52020 60002 70000 333 10349 20270 3/028 5004/ 54415 58033 60001 70000 90720 91111=
58847 04967 /0503 10298 20237 30000 40097 52020 69952 70000 333 10330 20284 3/030 5003/ 58037 60001 70005 90720 91109=
62306 32560 23312 10308 20231 40119 57005 82100=
62309 32560 23108 10320 20226 40103 57005 82200=
62325 32560 43405 10318 20234 40103 54000 84200=
62332 32560 23311 10311 20232 40097 57005 82200=
62337 32960 03307 10321 20222 40091 57006=
62366 35560 63107 10330 20174 40088 57012 86200=
62387 32960 03212 10343 20170 40097 57014=
62393 32960 03614 10342 20153 40124 57013=
62405 32960 03007 10379 20130 40081 57016=
62414 32960 03005 10377 20121 40090 57012=
62419 32960 00407 10366 20151 40080 57016=
62420 32960 03406 10354 20145 40100 57017=
62432 32960 03410 10372 20139 40114 57014=
62435 32960 03105 10378 20134 40084 57019=
62440 32560 33313 10354 20198 40095 57007 83200=
62455 32960 03006 10345 20179 40072 57013=
62458 32960 03013 10313 20193 40082 57009=
62459 31956 02917 10320 20224 40067 57011 70700=
62465 32960 03304 10319 20231 40069 57009=
63210 32980 03509 10337 20270 40026 333 10399 58008=
