SMPK OPKC 040000=
41506 02695 40000 10180 20149 38473 48472 60002 82520 333 56990 59011 60007 82640 83460 82%=
41504 02695 40902 10135 20081 37833 48465 84500 333 56900 58022 60007 84640 Rh70%=
41505 12595 60000 10140 20106 38/// 48/// 60001 83470 333 56990 58/// 83840 86760 80%=
41507 02996 00000 10240 20211 39194 49691 60002 333 58008 60007 84%=
41508 02695 30000 10194 20163 38645 48520 60002 83500 333 56900 58017 60007 83635 82%=
41509 02996 00000 10230 20168 38725 48476 60002 333 58010 60007 RH68%=
41510 02996 30000 10130 20122 37923 48514 60002 83030 333 56090 58015 60007 83360 95%=
41516 02696 61304 10185 20169 38524 48483 60012 84570 333 56990 58013 60137 84640 82460 RH91%=
41517 01696 10000 10125 20089 37796 48500 69902 70400 81500 333 56900 58007 60007 81635 79%=
41518 02696 80000 10181 20129 38/// 48/// 69902 75051 8472/ 333 5699/ 5//// 69907 81935 83640 88460 72%=
41519 02696 52302 10240 20143 38747 48498 60002 83520 333 56990 58023 60007 83640 85462 RH55%=
41520 02595 70000 10130 20104 37639 48253 60002 85670 333 56990 58010 60007 82720 83640 84762 84=
41520 02595 70000 10130 20104 37639 48253 60002 85670 333 56990 58010 60007 82720 83640 84762 84=
41523 02995 00000 10205 20182 39044 48479 60002 333 59001 60007 87%=
41524 02996 00000 10230 20200 39302 40137 60002 333 58019 60007 RH 83%=
41525 12996 00000 10150 20116 37696 48391 60002 333 58006 80%=
41528 01996 00000 10200 20192 39148 48456 60002 70400 333 58000 60007 95%=
41529 02996 00000 10255 20233 39696 40064 60002 333 59022 60007 RH 88%=
41534 02996 20000 10250 20235 39671 40072 60002 82500 333 56900 58002 60007 82640 92%=
41535 02996 00000 10195 20171 38673 48448 60002 333 59002 60007 RH86%=
41536 02996 50000 10220 20198 38997 48485 60002 85010 333 66090 59004 60007 85360 87% =
41560 02996 00000 10190 20167 38260 48479 60002 333 58008 60007 Rh87%=
41562 02996 00000 10245 20223 39615 40065 60002 333 58030 60007 RH 87%=
41565 02996 03102 10178 20147 38609 48482 60002 333 58001 60007 81%=
41567 01696 40000 10260 20223 39630 40032 60002 70402 82520 333 56990 59010 60007 82640 82460 80%=
41571 116// 20000 10245 20231 39497 40060 60002 70500 82500 333 56900 59015 RH92%=
41572 01996 00000 10230 20230 39436 40043 60002 70400 333 59012 60007 RH100%=
41573 02996 03604 10165 20141 37958 48468 60002 333 59010 60007 86%=
41574 02697 50000 10145 20137 38331 48507 60002 85500 333 56900 58005 60007 85640 95%=
41576 01996 20000 10260 20246 40068 60002 70400 82030 333 56090 59017 60007 82360 92%=
41577 01996 00000 10240 20233 39463 40059 60002 70421 333 56000 59017 60007 RH 96%=
41593 01996 50000 10255 20241 39844 40052 60002 70422 84030 333 56090 58002 60007 84360 92%=
41597 01996 50000 10275 20261 39777 40060 60002 70422 85030 333 56090 59015 60007 85362 92%=
41598 01996 00000 10255 20241 39780 40043 60002 70400 333 59016 60007 92%=
41599 01696 50000 10260 20238 39771 40051 60003 70422 82470 333 56990 59016 60007 82640 83460 88%=
41600 01696 60000 10260 20246 39773 40060 60002 70422 83520 333 56990 58003 60007 83637 83460 92%=
41620 32696 43102 10215 20151 38544 48450 60002 84500 333 56900 58004 60007 84640 67%=
41625 01996 00000 10255 20233 39846 40041 60002 70400 333 58018 60007 88%=
41630 01996 00000 10255 20248 40055 60002 70400 333 58000 60007 96%=
41630 01996 00000 10255 20248 40055 60002 70400 333 58000 60007 96%=
41633 02997 00000 10260 20246 3//// 4//// 60002 333 5//// 60007 92%=
41634 02697 20000 10230 20215 3//// 4//// 60002 82500 333 5//// 60007 82640 92%=
41635 01996 00000 10255 20241 3//// 4//// 60002 70400 333 5//// 60007 92% =
41636 01996 00000 10265 20258 39883 40061 60002 70400 333 58026 60007 96%=
41638 01996 30000 10260 20238 4//// 60002 70410 83030 333 56090 5//// 60007 83360 88%=
41639 01696 70000 10260 20246 3//// 4//// 60002 70420 83570 333 56990 5//// 60007 83640 85460 92%=
41640 01696 60000 10250 20235 39812 40055 60102 70422 83570 333 56990 59001 60007 83640 84460 92%=
41641 01996 33003 10240 20218 39783 40050 69902 70400 83030 333 56090 59008 60007 83360 87%=
41642 21696 40000 10245 20230 3//// 4//// 60002 70400 82530 333 56990 5//// 60007 82640 84460 92%=
41643 01695 40000 10250 20235 39778 40047 60002 70410 82570 333 56990 59012 60007 82640 83460 92%=
41644 01996 20000 10265 20244 3//// 4//// 60002 70400 82030 333 56090 5//// 60007 82362 88%=
41646 01996 30000 10250 20235 39864 40070 60002 70422 82010 333 56090 58022 60007 83460 92%=
41652 01996 03602 10270 20256 39885 40058 60002 70400 333 58027 60007 92%=
41660 019// 21304 10210 20156 38400 48487 60002 70500 82030 333 56090 58008 60007 82362 71%=
41661 01995 00000 10210 20165 38355 48478 60002 70540 333 58007 60007 75%=
41669 02996 00000 10270 20249 3//// 4//// 60002 333 5//// 60007 88%=
41670 01996 00000 10255 20241 4//// 60002 70400 333 5//// 60007 92%=
41674 01696 70000 10265 20244 3//// 4//// 60002 70422 82570 333 56990 5//// 60007 82640 86460 88%=
41675 01996 30000 10280 20259 39905 40043 60002 70421 83070 333 56090 58015 60007 83460 88%=
41676 01996 40000 10270 20263 39920 40072 60002 70400 84030 333 56090 58020 60007 84360 96%=
41677 01696 50000 10240 20233 39872 40035 60002 70400 82530 333 56990 58020 60007 82640 83362 96%=
41678 01696 60000 10260 20231 40046 60002 70500 83520 333 56990 58012 60007 83640 83460 84%=
41679 01996 00000 10250 20243 60002 70400 333 5//// 60007 96%=
41680 01996 30000 10265 20251 39859 40051 60002 70410 83020 333 56090 58029 60007 83360 92%=
41685 02997 20000 10230 20208 38874 48470 60002 82020 333 56090 58014 60007 82460 RH87%=
41685 02997 20000 10230 20208 38874 48470 60002 82020 333 56090 58014 60007 82460 RH87%=
41696 02696 60000 10185 20146 37979 48478 60002 82520 333 56990 59005 60007 82640 84460 Rh78%=
41697 02996 00000 10300 20258 39893 40041 60002 333 58028 60007 RH78%=
41697 02996 00000 10300 20258 39893 40041 60002 333 58028 60007 RH78%=
41700 01696 60000 10270 20256 39910 40034 60002 70422 83530 333 56990 59018 60007 83640 84360 92%=
41701 01696 40000 10280 20252 39912 40050 69902 70422 82520 333 56990 58017 60007 82640 83460 85%=
41712 12996 00000 10280 20114 39130 48476 60002 333 58017 RH36%=
41715 01996 30502 10285 20257 39995 40058 60002 70500 83030 333 56090 58032 60007 83360 RH85%=
41716 01696 40000 10260 20253 39951 40052 60002 70411 82530 333 56990 58019 60007 82640 82360 96%=
41716 01696 40000 10260 20253 39951 40052 60002 70411 82530 333 56990 58019 60007 82640 82360 96%=
41718 01995 20000 10265 20244 39938 40038 69902 70400 82030 333 56090 58017 60007 82360 88%=
41724 01996 41306 10280 20237 39979 40055 60002 70522 84020 333 56090 58033 60007 84460 RH77%=
41725 02996 00000 10280 20237 39954 40030 60002 333 58013 60007 RH77%=
41725 02996 00000 10280 20237 39954 40030 60002 333 58013 60007 RH77%=
41726 02996 20000 10280 20259 39989 40058 60002 82030 333 56090 58041 60007 82360 RH88%=
41726 02996 20000 10280 20259 39989 40058 60002 82030 333 56090 58041 60007 82360 RH88%=
41738 02996 00000 10270 20241 39871 40045 60002 333 58006 60007 RH84%=
41739 01996 00000 10255 20076 38971 48449 60002 70500 333 58009 60007 RH32%=
41742 12996 30000 10285 20242 39943 40044 60002 83010 333 56090 58011 83460 RH 78%=
41742 12996 30000 10285 20242 39943 40044 60002 83010 333 56090 58011 83460 RH 78%=
41743 01996 00000 10260 20207 60002 70500 333 60007 RH73%=
41744 12996 40000 10195 20074 38726 48455 60012 84020 333 56090 58003 84020 RH 45%=
41745 01995 31302 10270 20241 60002 70500 83030 333 56090 60007 83360 RH 84%=
41746 01996 00000 10270 20256 39991 40043 60002 70500 333 58027 60007 RH92%=
41747 02996 01302 10280 20244 39971 40028 60002 333 58015 60007 RH81%=
41748 02996 01304 10280 20244 39991 40053 60032 333 58023 60007 RH81%=
41749 01696 70504 10265 20254 39993 40026 60002 70400 84530 333 56990 58004 60007 84635 83360 RH92%=
41756 01995 00000 10255 20226 39970 40034 60002 70500 333 59001 60007 RH84%=
41757 11995 00000 10265 20236 30036 40048 60002 71000 333 58005 RH84%=
41759 01995 00000 10260 20238 30034 40040 60002 71011 333 58002 60007 RH88%=
41760 01995 02706 10255 20226 30037 40050 60002 70400 333 58010 60007 RH 84%=
41764 02696 60000 10270 20249 39993 40042 60012 86570 333 56990 58011 60007 85635 83460 RH88%=
41764 02696 60000 10270 20249 39993 40042 60012 86570 333 56990 58011 60007 85635 83460 RH88%=
41765 02996 40000 10280 20252 30005 40040 60002 84010 333 56090 58010 60007 84360 RH85%=
41766 21996 42304 10265 20251 39996 40026 70400 84500 333 56090 58016 60007 82630 82360 RH 84%=
41767 02996 0//// 10265 20251 60012 333 60007 RH92%=
41768 02996 30000 10265 20258 30037 40044 60002 80001 333 56009 58017 60057 83070 RH96%=
41780 02696 42906 10280 20252 30021 40048 60002 84500 333 56900 58007 60007 84630 RH85%=
41785 02696 52302 10275 20261 30033 40046 60002 82530 333 56590 58010 60007 82640 83360 RH 92%=
41786 11596 80000 10255 20248 39996 40032 60053 88520 333 56490 58016 60057 84720 84630 86460 RH 96%=
41BAG 02696 70502 10135 20109 69902 85510 333 56990 69907 85635 87460 84%=
41BKI 12696 63304 10270 20241 39650 40062 60002 83520 333 56990 59014 83640 83460 RH84%=
41SKP 01996 20000 10250 20252 3//// 4//// 60002 70400 82030 333 56090 5//// 60007 82360 96%=
43532 01696 00000 10215 20200 39273 40054 60002 70400 333 58007 60007 91%=
43533 02696 40000 10220 20198 39168 48463 60002 84500 333 56900 59009 60007 84640 87%=
43563 02697 80000 10250 20229 39397 40064 60132 83530 333 56990 58011 60007 83640 85360 88%=
41783 02996 32302 10265 20244 30006 40035  60002 83090 333 56090 59010 60007 83360 RH 88%=
41624 01996 00000 10255 20233 39852 40049 60002 70400 333 58009 60007 88%=



UPPK OPKC 040000=
PPAA 5400/ 41517 MISDA DUE TO SMOKE HAZE=
PPAA 5400/ 41739 no acent due to security risk=
PPAA 5400/ 41764 NO ASCENT DUE TO LOW CLOUDS=
PPAA 54231 41780 MISDA NO ASCENT DUE TO RED BALLOON SHORTAGE=
PPAA 5400/ 41516 MISDA due to technical fault=
PPAA 5400/ 41715 NO ASENT DUE TO PAF FLYING=
PPAA 5400/ 41640 MISDA DUE TO TECHNICAL PROBLEM=
PPAA 5400/ 41646 MISDA DUE TO TECHNICAL FAULT=
PPAA 54001 41598 55185 33003 77999 =
PPAA 54001 41600 55185 08502 77999=
PPAA 54001 41624 55185 01506 77999 =
PPAA 54001 41678 55185 01005 77999=
PPAA 54001 41718 55185 01511 77999 =
PPAA 5400/ 41768 NO ASCENT DUE TO SHORTAGE OF STAFF=
PPBB 54001 41598 90/12 00000 23002 28004 903// 30003=
PPBB 54001 41600 90/12 00000 30502 35504 903// 01505=
PPBB 54001 41624 90/12 04504 03504 05004 9037/ 07005 01006=
PPBB 54001 41678 90/12 00000 05503 04004 903// 03004=
PPBB 54001 41718 90/12 00000 32507 33507 903// 35008=
PPAA 54001 41675 55185 06008 77999=
PPBB 54001 41675 90/12 00000 14002 11003 903// 11006=




Data Generated from File : D:\all data handling\Rmc_lhr\20240900400.FSU.txt
04/09/24 00:54:49
______________________________________________________________
15007 05/70 /2602 10164 20104 39753 40212 50009 60001 7000/ 333 4/000 55300 0//// 20000 3//// 55103 0//// 22042 3//// 60007=
15020 04/70 /0201 10195 20091 30009 40201 51005 60001 333 55101 21987 55300 20000 60007==
15023 05/70 /3202 10189 20084 39775 40188 51006 60001 7000/ 333 55300 0//// 20000 3//// 55107 0//// 22056 3//// 60007=
15056 05/70 /3503 10190 20092 39856 40196 54001 60001 7000/ 333 4/000 55300 0//// 20000 3//// 55102 0//// 21997 3//// 60007=
15069 05/70 /0800 10105 20083 39158 42841 54001 60001 7000/ 333 4/000 55300 0//// 20000 3//// 55099 0//// 22116 3//// 60007=
15073 05/70 /3201 10178 20088 39748 40203 50002 60001 7000/ 333 4/000 55300 0//// 20000 3//// 55103 0//// 22093 3//// 60007=
15090 04970 03201 10189 20108 30102 40192 52003 60001 333 55101 00795 21985 30539 55300 10180 20000 30000 60007 91002 90760 91104==
15107 05/67 /3401 10110 20088 39417 42838 52002 60001 7000/ 333 55300 0//// 20000 3//// 55090 0//// 21974 3//// 60007=
15108 06/// /0906 10098 20042 38162 48560 57008 60001 333 55095 22067 55300 20000 60007==
15109 05/70 /2603 10180 20099 39775 40198 50004 60001 7000/ 333 55300 0//// 20000 3//// 55108 0//// 22093 3//// 60007=
15111 05/70 /3503 10196 20089 39932 40187 51008 60001 7000/ 333 4/000 55300 0//// 20000 3//// 55101 0//// 22047 3//// 60007=
15113 05/70 /3201 10172 20098 30028 40187 52005 60001 7000/ 333 4/000 55300 0//// 20000 3//// 55107 0//// 22013 3//// 60007=
15127 05969 02401 10107 20083 39343 42835 50001 60001 7000/ 333 4/000 55300 0//// 20000 3//// 55096 0//// 22020 3//// 60007 91002 91103=
15148 05970 30603 10156 20074 38765 48544 57005 60001 7000/ 83040 333 55300 0//// 20000 3//// 55082 0//// 21894 3//// 60007 91004 91106=
15150 04970 03301 10174 20127 39984 40192 51008 60001 333 55102 21926 55300 20000 60007 91002 90760 91104==
15154 05970 03202 10188 20091 30041 40179 50006 60001 7000/ 333 4/000 55300 0//// 20000 3//// 55108 0//// 22024 3//// 60007 91004 91104=
15168 05/70 /0201 10169 20106 39577 42820 57002 60001 7000/ 333 4/000 55300 0//// 20000 3//// 55102 0//// 22106 3//// 60007=
15170 04970 01901 10108 20091 39434 42827 54001 60001 333 55094 22009 55300 20000 60007 91002 90760 91102==
15194 05/70 /2705 10181 20122 39901 40187 50006 60001 7000/ 333 4/000 55300 0//// 20000 3//// 55103 0//// 22099 3//// 60007=
15197 05/69 /3504 10203 20089 39976 40180 51003 60001 7000/ 333 4/000 55300 0//// 20000 3//// 55099 0//// 22061 3//// 60007=
15215 05/66 /1001 10145 20111 39596 42819 50001 60001 7000/ 333 4/000 55300 0//// 20000 3//// 55090 0//// 22023 3//// 60007=
15217 05/70 /3503 10148 20102 39533 42824 54000 60001 7000/ 333 4/000 55300 0//// 20000 3//// 55104 0//// 22113 3//// 60007=
15219 05/70 /2902 10179 20127 30055 40177 52006 60001 7000/ 333 4/000 55300 0//// 20000 3//// 55100 0//// 22015 3//// 60007=
15238 05/70 /2500 10143 20117 39582 42822 54000 60001 7000/ 333 4/000 55300 0//// 20000 3//// 55106 0//// 22116 3//// 60007=
15261 07/30 /1200 10114 20105 39398 42841 54001 60001 7101/ 333 55300 0//// 20000 3//// 55103 0//// 22170 3//// 60007=
15265 05/66 /3603 10204 20110 30100 40172 52006 60001 7000/ 333 4/000 55300 0//// 20000 3//// 55099 0//// 22063 3//// 60007=
15280 02970 02502 10078 20038 37589 47168 57009 60001 333 55098 22306 55300 20000 60007 91005 90760 91105==
15300 05970 32202 10162 20109 39568 42822 54000 60001 7000/ 83070 333 55300 0//// 20000 3//// 55109 0//// 22185 3//// 60007 91003 91103=
15302 05/70 /1201 10131 20086 38970 48542 57005 60001 7000/ 333 55300 0//// 20000 3//// 55085 0//// 21994 3//// 60007=
15307 05/70 /0203 10233 20102 39988 40166 52003 60001 7000/ 333 4//// 55300 0//// 20000 3//// 55097 0//// 22034 3//// 60007=
15310 04964 00102 10216 20113 30079 40161 54001 60001 333 55099 00727 22049 31918 55300 10200 20000 30000 60007 91005 90760 91107==
15324 05/70 /1001 10172 20097 39403 42822 57003 60001 7000/ 333 4/000 55300 0//// 20000 3//// 55079 0//// 21858 3//// 60007=
15325 05570 33303 10167 20057 38536 48548 57006 60001 7000/ 83500 333 4/000 55300 0//// 20000 3//// 55072 0//// 21769 3//// 60007 91006 91106=
15328 05/70 /0103 10185 20107 39836 40176 57003 60001 7000/ 333 4//// 55300 0//// 20000 3//// 55066 0//// 21612 3//// 60007=
15335 04965 03501 10204 20173 30146 40153 55001 60001 333 55107 22089 55300 20000 60007 91004 90760 91104==
15336 07/59 /0102 10199 20187 30143 40145 54001 60001 7101/ 333 4/000 55300 0//// 20000 3//// 55095 0//// 21951 3//// 60007=
15349 05/70 /3201 10183 20098 39639 40176 54001 60001 7000/ 333 4/000 55300 0//// 20000 3//// 55060 0//// 21576 3//// 60007=
15350 04966 00204 10242 20108 30054 40169 54000 60001 333 55078 21419 55300 20000 60007 91007 90760 91107==
15360 04966 00308 10239 20184 30125 40142 58011 60001 333 55091 60007 91010 90760 91110==
15375 05970 43402 10194 20111 39824 40172 54001 60001 7000/ 84070 333 4/000 55300 0//// 20000 3//// 55091 0//// 22001 3//// 60007 91002 91103=
15377 05/70 /0201 10218 20108 39956 40164 50001 60001 7000/ 333 55300 0//// 20000 3//// 55059 0//// 21389 3//// 60007=
15387 05/61 /0701 10194 20188 30141 40145 58007 60001 7000/ 333 4/000 55300 0//// 20000 3//// 55093 0//// 21948 3//// 60007=
15402 05/70 /0402 10209 20130 30090 40163 52003 60001 7000/ 333 55300 0//// 20000 3//// 55089 0//// 21980 3//// 60007=
15405 05/68 /3202 10189 20170 30105 40166 54001 60001 7000/ 333 4/000 55300 0//// 20000 3//// 55091 0//// 22036 3//// 60007=
15406 07/08 /3502 10208 20205 30109 40155 54001 60001 7343/ 333 4/000 55300 0//// 20000 3//// 55091 0//// 21972 3//// 60007=
15408 07/30 /2902 10205 20205 39898 40155 57004 60001 720// 333 4/000 55300 0//// 20000 3//// 55097 0//// 22069 3//// 60007=
15409 05/66 /2804 10210 20195 30098 40144 57008 60001 7000/ 333 4//// 55300 0//// 20000 3//// 55102 0//// 22037 3//// 60007=
15419 05570 63602 10226 20110 39982 40169 52002 60001 7000/ 83370 333 4/000 55300 0//// 20000 3//// 55100 0//// 22069 3//// 60007 91004 91104=
15420 04970 00101 10220 20120 30052 40158 54000 60001 333 55095 21965 55300 20000 60007 91003 90760 91104==
15421 05970 00101 10214 20113 30061 40168 54000 60001 7000/ 333 4/000 55300 10134 20000 30000 55090 00831 21954 30657 60007 91003 91103=
15422 05970 40101 10233 20126 30058 40156 54001 60001 7000/ 84030 333 55300 0//// 20000 3//// 55084 0//// 21922 3//// 60007 91003 91103=
15425 07960 02901 10209 20194 30096 40158 54001 60001 7101/ 333 4/000 55300 0//// 20000 3//// 55097 0//// 22101 3//// 60007 91002 91102=
15434 07/70 /0605 10242 20136 39954 40155 50001 60001 7818/ 333 55300 0//// 20000 3//// 55104 0//// 22180 3//// 60007=
15444 07/32 /3101 10206 20202 30086 40156 57003 60001 7101/ 333 4/000 55300 0//// 20000 3//// 55095 0//// 22048 3//// 60007=
15455 05/70 /3601 10221 20092 30032 40158 54001 60001 7000/ 333 4//// 55300 0//// 20000 3//// 55103 0//// 22079 3//// 60007=
15460 04964 00501 10204 20185 30129 40153 50000 60001 333 55101 22135 55300 20000 60007 91001 90760 91104==
15462 07903 02902 10210 20206 30070 40154 57004 60001 7313/ 333 4/000 55300 0//// 20000 3//// 55093 0//// 22046 3//// 60007 91002 91103=
15470 04/70 30202 10237 20092 30032 40152 50000 60001 83040 333 55097 22036 55300 20000 60007 91003 90760 91103==
15475 06/// /0901 10170 20151 30132 40152 50001 60001 333 55300 0//// 20000 3//// 55102 0//// 22059 3//// 60007=
15479 07/50 /2402 10208 20203 39968 40154 57004 60001 7101/ 333 55300 0//// 20000 3//// 55100 0//// 22119 3//// 60007=
15480 07/50 32701 10224 20216 30132 40149 57005 60001 7101/ 83030 333 55097 01009 22142 32028 55300 10160 20000 30000 60007 91003 90760 91103==
15489 05970 03603 10218 20077 30063 40153 57003 60001 7000/ 333 55300 0//// 20000 3//// 55098 0//// 22009 3//// 60007 91004 91104=
15491 05970 00301 10196 20166 30120 40149 57004 60001 7000/ 333 55300 0//// 20000 3//// 55104 0//// 22126 3//// 60007 91001 91101=
15499 07/59 /2702 10222 20216 30138 40146 57007 60001 7101/ 222// 0//// 2//// 333 55088 60007=
15549 12970 00000 10210 20127 39750 40146 58005 60001 333 10261 20208 555 559//=
15552 12970 03401 10217 20198 30096 40142 58007 60001 222// 00283 10201 333 10240 20216 555 589// 92022 92428=
15640 12974 00000 10212 20173 39857 40155 54000 60001 333 10288 20212 555 579//=
15655 12968 00000 10212 20183 30112 40143 58003 60001 222// 00256 10000 333 10259 20212 555 584// 92023 92427=
15730 12970 00000 10206 20141 39771 40149 58004 60001 333 10287 20206 555 567//=
16627 12560 10000 10208 20169 30126 40131 56008 60001 81100 333 90730 91105==
16650 12960 20000 10208 20147 30120 40129 56013 60001 80001 333 90730 91106==
16706 12960 00003 10220 20153 30107 40114 57012 60001 333 90730 91105==
16723 12960 03606 10240 20158 30098 40111 57013 60001 333 90730 91113==
16732 26/// /3406 10255 20221 30119 40130 57012 333 60005 90730 91110==
16742 12960 03205 10230 20183 39962 40111 57014 60001 333 90730 91108==
16749 12460 22308 10256 20208 30087 40100 57013 60001 81101 333 90730 91113==
16754 12260 12908 10258 20219 30089 40135 57013 60001 81600 333 90730 91112==
16760 17/// /0404 10221 20196 39741 40141 57013 69901 7//4/ 333 90730 91110==
17031 12660 52304 10217 20198 30122 40128 57010 60001 83250 333 83835 85359 90760 91111==
17034 11565 70503 10232 20216 30087 40131 56009 69961 78022 84250 333 84830 87359 90760 91107==
17038 11670 72406 10246 20215 30073 40118 57015 60121 70298 87200 333 87835 90760 91117==
17060 12960 00105 10237 20207 30099 40138 57009 60001 333 90760 91111==
17084 12970 02801 10175 20158 39264 40120 57004 60001 333 90760 91113==
17092 12960 03302 10195 20126 38838 48496 51001 60001 333 90760 91122==
17096 12960 02203 10109 20059 38242 48492 57001 60001 333 90760 91112==
17098 12960 00909 10134 20111 38206 48494 57002 60001 333 90760 91119==
17100 12970 03101 10251 20116 39131 40041 52006 60001 333 90760 91108==
17115 12960 02801 10211 20190 30089 40137 57008 60001 333 90760 91107==
17116 12965 02203 10225 20175 30018 40132 56006 60001 333 90760 91105==
17124 12960 02406 10177 20151 39258 40124 58005 60001 333 90760 91111==
17128 12/60 20404 10167 20137 39076 40112 57005 60001 82030 333 82360 90760 91111==
17150 12960 02303 10199 20150 30013 40130 55003 60001 333 90760 91110==
17160 12970 03503 10191 20119 39005 48507 56003 60001 333 90760 91113==
17170 12960 00903 10130 20046 38320 48481 57005 60001 333 90760 91105==
17184 12670 30000 10218 20155 30012 40117 57007 60001 83200 333 83835 90760 91105==
17190 12970 00000 10187 20136 38988 48517 57007 60001 333 90760 91108==
17190 12970 00000 10187 20136 38988 48517 57007 60001 333 90760 91108==
17195 12/70 50000 10185 20121 38953 48504 58003 60001 85050 333 85362 90760 91109==
17200 12960 01502 10229 20111 39134 40041 57003 60001 333 90760 91114==
17202 12970 02506 10188 20029 39076 40040 58002 60001 333 90760 91109==
17203 12970 00000 10178 20034 38840 48520 58001 60001 333 90760 91103==
17219 12965 00602 10235 20171 39981 40117 57010 60001 333 90760 91116==
17234 12970 00801 10243 20176 30048 40112 57007 60001 333 90760 91105==
17237 12970 02401 10236 20144 39639 40111 58007 60001 333 90760 91104==
17240 11970 00000 10179 20163 39025 40100 57008 69901 70281 333 90760 91119==
17244 12/70 23210 10213 20119 38983 48511 57010 60001 82030 333 82360 90760 91116==
17260 12960 02504 10222 20162 39265 40021 57006 60001 333 90760 91118==
17280 12960 01702 10210 20110 39308 40036 50002 60001 333 90760 91115==
17292 12970 03201 10214 20158 39384 40093 57013 60001 333 90760 91107==
17300 12960 03203 10249 20225 30031 40098 57011 60001 333 90760 91110==
17310 12670 50702 10272 20213 30073 40080 57017 60001 82250 333 82835 85360 90760 91107==
17350 12670 31605 10236 20190 30008 40081 58009 60001 83100 333 83835==
17370 11558 61204 10247 20246 30096 40100 55006 60061 78082 86200 333 86830 90760 91116==
33088 32997 50000 10162 20139 30030 40215 52001 80009 555 1/014=
33135 319// 00201 10175 20123 30070 40212 58004 70500 555 1/018=
33177 32997 00000 10165 20125 39982 40212 52002 555 1/016=
33317 329// 02002 10159 20104 39887 40214 58002 555 1/015=
33393 32960 20000 10154 20131 39823 40202 54000 82030=
33415 32997 51302 10194 20139 39828 40208 52008 85030 555 1/017=
33429 32997 01001 10153 20090 39802 40212 58001 555 1/014=
33466 /1568 80502 10200 20132 30008 40187 57007 70282 885// 333 88626 555 11018 69901=
33506 /1597 80403 10202 20043 39992 40179 57005 70282 885// 555 1/019 69901=
33562 /1660 80000 10187 20133 39912 40204 57014 78081 8495/ 555 1/019 69901=
33587 /15// 80101 10179 20140 39926 40179 57012 70282 889// 333 88923 555 1/017 69971=
33658 32976 00000 10185 20106 39920 40208 52010 555 1/016=
33663 32597 63501 10200 20111 30105 40195 58004 85530 555 1/020=
33664 42997 03401 10180 20088 39893 40198 58002=
33678 42898 70203 10196 20095 30001 40203 57006 87070=
33679 42597 33503 10202 20109 30002 40185 58009 83500=
33711 32660 80506 10214 20093 39959 40158 58006 885// 333 88644 555 1/021=
33745 42997 63101 10191 20101 30014 40200 58001 80001 555 10018=
33748 42997 00304 10190 20105 39908 40181 52001=
33754 42597 83203 10205 20113 30032 40172 58011 8335/=
33761 /1598 83604 10178 20131 39948 40162 57014 70282 885// 555 1/016 69941=
33791 32575 80504 10204 20107 30028 40149 57010 8235/ 555 1/018=
33815 42598 53502 10202 20088 39967 40165 58005 83530 555 10021=
33837 32567 83301 10187 20144 30094 40144 57009 8355/ 555 1/019=
33881 42998 03303 10181 20087 39985 40174 52001=
33883 42997 03403 10185 20086 30008 40166 52002 555 10016=
33885 42997 00102 10194 20096 30029 40164 52005=
33892 42997 60203 10180 20117 39957 40161 57008 80001=
33902 32597 60103 10197 20164 30072 40128 57008 86500 555 1/019=
33924 42970 00000 10204 20170 30115 40127 57008==
33946 42965 02003 10185 20172 39913 40124 57008==
34300 32997 70603 10199 20032 30022 40191 56004 87030 555 1/018=
34336 42960 00403 10184 21014 30097 40196 57005==
34344 42/70 80000 10148 20081 30110 40195 57002 8807/==
34356 42/70 80701 10193 21011 30060 40201 58001 8807/==
34357 42970 00903 10185 20004 30043 40191 57004==
34398 42/// 60502 10167 20058 30192 40202 57005 86041==
34415 32697 50000 10195 20062 30081 40173 58004 85500 555 1/018=
34438 42/// /0607 10204 20027 39992 40173 57006==
34445 42/70 60402 10187 20016 30079 40188 54001 85071==
34461 42/60 60502 10176 21011 30140 40193 57004 86050==
34473 429// 80604 10187 20001 30162 40199 57006 8805/ 555 10016=
34476 42570 80604 10193 21017 30189 40196 58005 8493/==
34504 32675 70504 10206 20077 39992 40157 57007 83530=
34535 42/70 60802 10215 20013 30096 40164 57003 86030==
34545 42970 00703 10176 20020 30064 40171 57002==
34555 42970 00605 10192 20073 30095 40182 57004==
34560 42/60 60806 10182 20002 30002 40184 57007 86030==
34578 42960 01402 10180 21003 30172 40178 56007==
34579 42970 00303 10185 21019 30143 40185 57005==
34644 42960 00603 10197 20041 30081 40154 57004==
34646 42970 30904 10210 20095 30078 40155 57007 80001==
34655 42960 00505 10177 20008 30106 40164 58004==
34662 42970 00202 10167 21008 30163 40174 57007==
34691 42/70 30902 10170 20034 30195 40189 57006 83030==
34720 42570 60303 10210 20098 30096 40135 57008 86500==
34727 42560 80403 10215 20144 30103 40131 57008 884//==
34743 42960 00602 10184 20042 30067 40152 57006==
34759 42560 70403 10195 20067 30019 40143 57080 86501==
34772 42960 00504 10170 21013 30159 40162 57006==
34785 42960 00804 10169 21001 30180 40159 57011==
34798 42960 00405 10172 20115 30191 40163 57009==
34824 41560 80801 10223 20147 30118 40123 57008 70282 883//==
34838 41960 40000 10197 20177 30036 40127 57006 70281 80001==
34845 41970 50802 10218 20158 30030 40131 58005 70282 80001==
34858 42/60 80901 10217 20148 30034 55016 8803/==
34861 42560 70805 10189 20064 39909 40140 57012 86930==
34866 42960 00403 10165 20071 30152 40143 57005==
34880 42960 00603 10169 20114 30172 40147 57009==
34887 42970 00101 10154 20129 30160 40142 57009==
34949 41970 21502 10190 20168 39615 40130 57008 70198 82001==
34954 41570 81201 10205 20205 39968 40131 55012 70282 884//==
34958 42970 00000 10196 20160 39941 40130 56015==
34975 42970 00402 10162 20118 30138 40134 54001==
34984 42960 00203 10169 20153 30160 40131 57009==
35217 42/// 60202 10172 20050 30163 40201 57009 86070==
35302 42/// 53303 10161 20055 30186 40206 57007 85030==
35315 425// 83601 10169 20046 30140 40194 57010 885// 555 10016=
35344 429// 53104 10120 20075 39902 40178 53002 85030 555 10012=
35345 46/// /0202 10134 20134 39862 40169 53002=
35358 429// 03202 10138 20068 39985 40146 57002==
35368 429// 00000 10106 20048 39882 40138 57009 555 10010=
35386 429// 20000 10080 20007 39634 40136 57009 82040 555 10006=
35394 42/70 22102 10094 21004 39488 40136 57011 82030==
35404 425// 80802 10188 20046 30196 40204 57001 885// 555 10017=
35406 425// 80302 10182 20089 30202 40204 57003 883//==
35416 426// 70901 10192 20038 30079 40192 57011 87400==
35426 429// 22001 10150 20051 39913 40190 57008 80001==
35437 429// 70000 10134 20056 39888 40187 57008 80003 555 10012=
35449 429// 02802 10166 20097 30058 40155 57002 555 10014=
35497 429// 00000 10038 21009 39390 40171 57009==
35498 42998 02502 10075 21007 39317 40164 57008 555 10003=
35514 42598 20502 10186 20032 30203 40199 57001 82300 555 10017=
35519 42598 63202 10160 20088 30135 40202 57008 86300 555 10014=
35522 429// 63001 10175 20059 39953 40190 57011 86030 555 10016=
35542 429// 72704 10152 20027 30023 40162 57009 80003 555 10014=
35563 42998 82902 10151 20053 39413 40135 57014 80001 555 10008=
35576 429// 02202 10113 20021 39740 40169 58020==
35582 429// 02503 10066 20031 39645 40230 57011 555 10005=
35594 429// 02302 10129 21031 39355 40148 57010 555 10009=
35605 42998 00404 10172 20059 30208 40188 57006 555 10017=
35633 429// 00000 10140 20045 39974 40177 57009 555 10013=
35671 42970 00000 10100 20045 39746 40158 57011==
35699 429// 20000 10113 20020 39447 40167 57011 80001==
35700 42970 30802 10174 20009 30209 40187 57001 80003==
35715 42597 50902 10170 20043 30202 40188 57006 85500 555 10014=
35739 429// 00000 10120 20015 30047 40179 56009 555 18012=
35746 429// 00000 10142 20056 30102 40166 57010==
35777 429// 00000 10106 20032 39879 40211 53012 555 10008=
35796 42960 00302 10106 20080 39754 40169 57008==
35816 46/// /1203 10173 21029 30191 40202 58008=
35849 429// 03403 10113 20019 30090 40173 57009==
35895 42997 60000 10100 20047 39749 40175 57009 82042 555 10008=
35907 42998 00805 10195 20145 30181 40153 58006=
35925 429// 00502 10129 21044 30080 40188 57005==
35927 429// 00000 10153 21043 30177 57005=
35953 429// 00000 10111 20007 30044 40169 57009==
35969 429// 00000 10086 20021 30018 40187 53010==
35997 429// 00000 10095 20043 39746 40163 57012 333 91105 555 10007=
36259 12584 60000 10011 21019 38257 48526 57001 60002 82901 333 20007 30/// 55077==
36335 42998 01802 10103 21017 39180 40153 57009 555 10006=
36358 42999 02302 10104 20012 39189 40155 57009 555 10007=
36394 42697 21205 10108 20064 39755 40157 57006 82501=
36397 42684 31804 10122 20038 39627 40162 57008 82540==
36403 42798 71905 10153 20104 39812 40149 57005 85581 555 10013=
36418 42999 32405 10089 20024 39606 40196 57005 80003 555 10006=
36421 42699 61101 10053 20041 39660 40208 57010 86500 555 10007=
36428 42784 62402 10051 20037 39716 40204 56003 82501==
36439 42798 31206 10051 20010 38990 48523 57005 82501 555 11004=
36467 42998 00000 10018 21049 39268 40197 57017 555 10002=
36498 42698 11104 10080 20008 39425 40186 57005 81500 555 10005=
36501 42999 02004 10116 20018 39438 40150 57009 555 10010=
36535 42984 03301 10038 21007 39597 40216 57006==
36546 42999 01003 10054 20003 39689 40214 57011 555 10004=
36619 42999 02901 10064 20023 555 10006=
36622 42998 60000 10060 20035 39420 40198 57007 83041 555 11005=
36639 42984 00000 10019 21008 39620 40218 53004==
36643 42999 01302 10048 20019 39559 40203 56003 555 10002=
36665 42999 02102 10106 20030 39495 40186 57008 555 10007=
36666 42999 02004 10087 20047 39723 40196 57004=
36729 42998 00000 10075 20058 39709 40173 57013 333 91108 555 10004=
36736 42999 23302 10053 20010 39667 40207 57011 80001 555 10003=
36744 42998 50000 10098 20009 39731 40162 57015 80001 333 91103 555 10007=
36770 42999 00000 10036 20016 39477 40189 57010 333 91105 555 10004=
36786 42999 00000 10071 20017 39292 40180 57013 333 91105=
36796 42998 00000 11014 21036 39034 48492 57011 333 91102=
36803 42999 02103 10110 20036 39744 40173 57014 333 91107=
36806 42999 01506 10128 20030 39732 40176 58020 333 91118=
36819 429// 01401 10113 20022 39574 40158 57010 333 91114=
36821 429// 01401 10088 20017 39699 40171 57007 333 90760 91107==
36839 42999 00000 10055 20009 39092 40192 57008 333 91106=
36843 429// 02504 10079 21019 39050 40186 57009 333 91107=
36846 429// 41002 10061 21025 38617 48512 57012 80006 333 91111=
36859 42984 03402 10106 20035 39435 40184 57011 333 90760 91111==
36870 429// 00000 10105 20048 39184 40154 57010 333 90760 91104==
36874 42999 01804 10044 20009 39417 40179 57009 333 91114=
36877 42999 00000 10051 20037 39230 40185 57013 333 91110=
36885 42999 01802 10092 20047 39083 40170 57008 333 91112=
36889 42999 01801 10050 21108 37108 47142 57005 333 91104=
36894 42999 00506 10123 20031 39459 40163 57008 333 91112=
36905 42999 01402 10091 20035 38752 48506 57012 333 91107=
36911 429// 00000 10092 20073 39221 40164 57007 555 10005=
36927 42997 03602 10098 20041 38393 48550 57016=
36934 42997 03502 10110 20012 38320 48442 56002=
36953 42999 00000 10016 20006 38241 48508 57010 333 91105 555 1/001=
36963 429// 01602 10002 21122 37099 48/// 57011 555 10103=
36974 429// 00000 10054 21034 38011 48553 53010 555 10000=
36982 42999 01701 11031 21092 36612 47172 57002=
37018 42960 20502 10223 20193 30042 40113 57010 80002==
37031 41/60 21101 10200 20195 39940 40124 57011 70198 82030==
37054 42960 00000 10213 20156 39769 40130 57013==
37061 41940 20703 10203 20178 39970 40130 58009 71011 80005==
37085 42940 00101 10186 20167 30150 40124 57005==
37171 42940 00702 10221 20204 30096 40113 57008==
37228 42560 20000 10199 20162 39339 40124 57002 82500==
37235 42960 03401 10210 20192 39821 40118 52002==
37472 41940 00000 10220 20206 30131 40110 57005 71000==
38149 42970 03501 10085 21007 30102 40178 57001==
38262 429// 03501 10108 20006 30101 40182 57005==
38264 42970 03501 10120 21019 30073 40164 57001==
38345 42998 00901 10083 20009 38806 48512 57002 555 10007=
38353 429// 01302 10136 20009 39292 40157 57003=
38388 42998 00000 10156 20036 30093 40162 54000 555 18013=
38392 42997 00102 10137 20041 30052 40152 57007 555 10014=
38396 42960 00303 10129 20021 30032 40154 57004==
38403 429// 00203 10178 20038 30030 40145 57010==
38413 429// 01202 10181 21027 39871 40148 57002==
38457 42960 00501 10145 20041 39569 40135 54000==
38462 429// 00501 10094 20009 38761 48505 57002==
38462 429// 00501 10094 20009 38761 48505 57002==
38507 42957 00000 10252 21117 30021 40118 57003 333 91002 555 10020=
38545 42998 03102 10137 20055 39967 40137 57004 555 10011=
38565 129// 01002 10140 20019 39547 40118 58006 60002==
38579 129// 00000 10129 20095 39727 40133 57003 60002==
38583 12960 00701 10126 20100 39822 40134 54000 60002==
38599 42997 00000 10150 20058 39648 40145 51007=
38611 42960 03303 10170 20070 39598 40145 57002==
38613 429// 00102 10142 20021 39283 40155 56004 555 10012=
38616 429// 01101 10117 20036 39173 40159 58013=
38618 429// 01601 10145 20067 39468 40113 57009==
38647 42997 00806 10207 21112 30061 40101 57005 555 10017=
38656 42998 00702 10178 21044 30027 40134 57010 555 10016=
38683 42960 03603 10155 20082 39852 40118 54000==
38687 42997 03603 10161 20029 39895 40122 57003 555 10015=
38696 129// 01102 10171 20076 39307 40125 57002 60002==
38713 429// 01403 10126 20013 39029 48510 56006=
38750 42997 02702 10233 20210 30136 40109 54000 555 10022=
38763 42997 01103 10184 21060 30011 40112 57006 555 10016=
38774 42995 00902 10171 20045 39947 40135 57005 555 10013=
38799 42997 02702 10148 20004 39910 40136 58001 555 10013=
38806 42997 02701 10128 20080 39851 40104 57004 555 10012=
38812 42960 00801 10150 20068 39686 40125 52003==
38836 429// 00000 10184 20068 39194 40084 58009=
38880 42997 01002 10158 20002 39880 40127 56008 555 10015=
38886 42997 03101 10134 20030 39913 40144 57006 555 10010=
38895 42996 00000 10178 20058 39859 40138 53002 555 10012=
38911 42997 00702 10182 20081 39830 40112 57002 555 10017=
38915 42997 00000 10179 20071 39798 40108 57002 555 10015=
38927 12960 01301 10185 20077 39753 40112 53002 60002==
38933 429// 00000 10174 20127 39633 40125 52009=
38944 419// 03602 10199 20084 39552 40060 52001 70500=
38954 429// 00000 10165 20050 37944 48490 52004=
38974 42998 03202 10170 20030 39809 40131 58021 555 10017=
38987 42996 01901 10134 21030 39423 40148 57004 555 10010=
40100 43982 01203 10266 20194 30107 40122 58012 6///1 333 58///=
40180 12560 41402 10260 20207 30061 40109 57013 60001 84400 333 70000==
40199 12/// /0203 10296 20163 30077 40101 57003 60001 333 70000==
40265 31658 43404 10201 20179 39361 40116 57006 70511 84400 333 84635=
40270 31558 12906 10200 20161 39252 40106 57010 70500 81400 333 81725=
40272 31950 02703 10190 20157 39314 40108 57010 70500=
40340 32960 03610 10294 20167 30046 40107 52004=
40356 32960 02910 10215 20100 39156 48506 333 59012 555 04410 50073=
40357 32960 03312 10291 20020 39459 40049 333 59014=
40360 32960 03110 10218 20140 39532 40089 333 59017=
40361 32960 02906 10278 20040 39340 40097 333 59017=
40362 32960 00000 10260 20040 39568 40048 333 59010=
40373 32960 03305 10296 20060 39655 40042 333 58000=
40375 32960 03207 10274 20070 39252 40071 333 59008=
40394 32960 00000 10270 20080 39004 48515 333 59007 555 04410 50055=
40394 32960 00000 10270 20080 39004 48515 333 59007 555 04410 50055=
40400 32960 03108 10308 20250 30031 40058 333 59016=
40405 32960 00304 10287 20060 39355 40061 333 59004=
40417 32960 03106 10299 20230 30009 40023 333 58006=
40420 32960 02703 10301 20170 39825 40022 333 58000=
40430 32660 23105 10344 20100 39354 40054 82500 333 59021 82640=
40437 32960 03005 10292 20010 39384 40039 333 58003=
40439 32960 01103 10330 20180 30020 40038 333 59038=
40582 32960 03414 10348 20109 40030 57001 333 00034 55300 00000 10193 20000 30000 41339 51535 60000 55407 40000 90467 91015 91123 91217 91313=
40703 12960 00000 10200 20104 38858 40015 54000 60001 333 70000 555 10145 29054=
40706 12965 00606 10261 20072 38614 40004 56001 60001 333 70000 555 10154 29030=
40712 12960 02703 10180 20040 38631 40014 57007 60001 333 70000 555 10109 29039=
40713 12962 00906 10248 20027 38617 49989 57004 60001 333 70000 555 10133 29024=
40718 12560 42502 10256 20219 30128 40101 56002 60001 84500 333 70000 84620 555 10231 29080=
40723 12970 09901 10132 21059 38945 40106 56002 60001 333 70000 555 10058 29026=
40726 12960 00000 10203 20039 38624 40018 54000 60001 333 70000 555 10119 29034=
40727 12960 00000 10149 20021 38463 40032 57003 60001 333 70000 555 10087 29042=
40732 12960 02501 10240 20203 30112 40089 54000 60001 333 70000 555 10216 29080=
40736 12960 70000 10252 20239 30121 40097 56001 60001 87070 333 70000 87359 555 10244 29093=
40737 12660 80000 10236 20222 30076 40093 54000 60001 8352/ 333 70000 83645 88461 555 10227 29092=
40738 12960 00000 10216 20191 30108 40109 55000 60001 333 70000 555 10200 29086=
40739 12965 03102 10205 21014 38677 40065 57004 60001 333 70000 555 10104 29023=
40741 12960 01702 10151 21027 39805 40122 58008 60001 333 70000 555 10079 29029=
40743 12965 00904 10197 21155 39042 40086 57003 60001 333 70000 555 10077 29008=
40745 12962 00000 10144 20003 39033 40123 57005 60001 333 70000 555 10081 29038=
40747 12960 00000 10179 21004 38612 40033 52004 60001 333 70000 555 10094 29029=
40754 12960 03603 10232 20015 38807 40058 58002 60001 333 70000 555 10124 29024=
40762 12965 03402 10152 21209 38541 40066 57010 60001 333 70000 555 10045 29007=
40766 12960 00000 10206 20024 38655 40014 55001 60001 333 70000 555 10115 29030=
40768 12965 00000 10123 21062 38262 40050 56002 60001 333 70000 555 10050 29027=
40769 12960 02102 10178 21036 38302 40042 57005 60001 333 70000 555 10083 29023=
40780 12960 01003 10235 20045 38649 40026 57008 60001 333 70000 555 10134 29029=
40782 12960 01303 10212 20009 38820 40019 56001 60001 333 70000 555 10114 29026=
40785 12960 00000 10211 21057 39043 40057 57002 60001 333 70000 555 10098 29016=
40791 12965 01002 10252 21282 39282 40045 52004 60001 333 70000 555 10097 29002=
40792 12962 00501 10143 21159 38692 40062 56003 60001 333 70000 555 10046 29011=
40798 12960 03301 10091 21084 37988 40079 58001 60001 333 70000 555 10026 29028=
40800 12960 00101 10179 21048 38463 40062 58004 60001 333 70000 555 10082 29021=
40809 12960 00902 10116 21202 38471 40043 55007 60001 333 70000 555 10026 29009=
40811 12960 02601 10289 20115 39986 40010 50001 60001 333 70000 555 10188 29034=
40812 12960 01502 10313 20067 39659 40002 57002 60001 333 70000 555 10177 29021=
40818 12965 03402 10125 21134 38003 40073 54000 60001 333 70000 555 10036 29015=
40821 12962 00000 10194 21146 38765 40061 50000 60001 333 70000 555 10074 29009=
40829 12960 03307 10241 21075 39514 40049 51002 60001 333 70000 555 10112 29012=
40831 12960 03005 10305 20123 30016 40023 56005 60001 333 70000 555 10197 29033=
40833 11958 01203 10285 20191 39998 40027 56004 60001 70500 333 70000 555 10224 29057=
40835 12960 00000 10250 20112 39252 40019 57007 60001 333 70000 555 10169 29042=
40841 12960 01302 10123 21122 38241 40056 56001 60001 333 70000 555 10038 29017=
40848 12960 00000 10180 20022 38498 40028 51002 60001 333 70000 555 10102 29035=
40851 12960 00000 10136 21126 38250 40035 56005 60001 333 70000 555 10044 29015=
40854 12960 02804 10251 21100 38897 40015 57006 60001 333 70000 555 10109 29009=
40856 12960 01903 10165 21060 38608 40047 56009 60001 333 70000 555 10073 29021=
40859 12960 03303 10188 21054 38669 40032 58002 60001 333 70000 555 10086 29019=
40875 11556 10304 10302 20266 30025 40036 50006 60001 71010 81100 333 70000 81830 555 10276 29081=
40879 12960 01002 10252 21059 39397 40031 53001 60001 333 70000 555 10119 29012=
40882 11950 01002 10320 20268 39983 40015 56001 60001 70500 333 70000 555 10282 29074=
40883 11950 00805 10317 20273 39995 40016 56003 60001 70500 80000 333 70000 555 10285 29078=
40893 11956 01107 10297 20261 30028 40033 58004 60001 71000 333 70000 555 10271 29081=
40898 11550 20000 10283 20256 30032 40041 56004 60001 71000 82600 333 70000 82720 555 10264 29086=
41024 22660 23206 10332 20260 30023 40048 82500 333 59005 60005 82640==
41036 22/60 23106 10255 20100 38546 48498 82040 333 59016 60005 82358==
41055 12960 03211 10241 20100 38351 48492 69922 333 59004==
41061 22960 02302 10285 20000 39357 40016 333 59002 60005==
41084 22960 03304 10286 20030 38813 48484 333 58000 60005==
41112 22960 00000 10189 20020 37938 48489 333 59006 60005==
41114 22960 00000 10179 20040 37972 48490 333 59006 60005==
41128 22960 02404 10256 20010 38771 48489 333 58001 60005==
41136 22960 00000 10316 20050 39251 40013 333 58001 60005==
41140 22560 30000 10311 20270 30041 40052 83100 333 59017 60005 83830==
41150 31958 03208 10324 20294 40022 70500 333 58007=
41176 34/20 /2801 10291 20257 30010 40016 333 58001=
41184 32960 01407 10278 20184 40026 333 58009=
41194 12960 00705 10323 20208 30014 40020 60001 333 58009 70000=
41196 12960 01002 10291 20196 39987 40026 60001 333 58009=
41216 32960 01009 10326 20275 30017 40021 333 58012=
41217 32960 00708 10312 20257 39988 40016 333 58009=
41244 36/// /1612 10301 20218 39617 40015 333 0E037 55300 25022 58012=
41255 36/// /1404 10258 20226 39533 40028 333 0E029 58019=
41256 32960 00805 10284 20239 30014 40031 92345 333 58008 55000 55407 55408 55507 55508=
41258 36/// /1108 10275 20262 30025 40029 333 0E/// 55300 20000 58008=
41275 36/// /1312 10272 20235 39890 40055 333 0E027 55300 20000 58015=
41288 36/// /1106 10261 20261 30021 40042 333 0E028 58017=
41315 26/03 /0000 10222 20221 39248 47366 333 0E025 55300 27865 58020 70002=
41316 31358 89902 10262 20252 30030 40059 70522 886// 333 58026 55000 55407 55408 55507 55508 86708 88618=
41397 61010 10300 20273 40050 55020 70322 8671/ 22200 00290 20500 80280=
41398 81813 10280 20237 40104 53012 70222 887// 22283 00290 2//// 80250=
41480 11950 22804 10304 20261 30016 40018 60002 70544 81530 333 59011 81620 82360=
41497 13303 10247 20201 40135 54000 7//// 8/111 22243 00274 2////=
41498 41726 10205 20168 40157 50014 702// 84700 22264 00240 20301 327// 40601 80181=
41506 42620 40000 20000 30000 333 58000==
41508 42620 30000 20000 30000 333 58000==
41523 42920 00000 20000 30000 333 58000==
41535 42940 00000 20000 30000 333 58000==
41536 42940 50000 20000 30000 333 58000==
41560 42940 00000 20000 30000 333 58000==
41571 42600 20000 20000 30000 333 58000==
41598 42940 00000 20000 30000 333 58000==
41600 42640 60000 20000 30000 333 58000==
41620 42640 43101 20000 30000 333 58000==
41624 01996 00000 10255 20233 39852 40049 60002 70400 333 58009 60007=
41630 42940 00000 20000 30000 333 58000==
41640 42640 60000 20000 30000 333 58000==
41660 42900 21302 20000 30000 333 58000==
41678 42640 60000 20000 30000 333 58000==
41696 42640 60000 20000 30000 333 58000==
41697 42940 00000 20000 30000 333 58000==
41700 42640 60000 20000 30000 333 58000==
41712 42940 00000 20000 30000 333 58000==
41715 42940 30501 20000 30000 333 58000==
41718 42920 20000 20000 30000 333 58000==
41725 42940 00000 20000 30000 333 58000==
41739 42940 00000 20000 30000 333 58000==
41744 42940 40000 20000 30000 333 58000==
41749 42640 70502 20000 30000 333 58000==
41756 42920 00000 20000 30000 333 58000==
41759 42920 00000 20000 30000 333 58000==
41764 42640 60000 20000 30000 333 58000==
41768 42940 30000 20000 30000 333 58000==
41780 42640 42903 20000 30000 333 58000==
41785 42640 52301 20000 30000 333 58000==
41859 01330 80000 10270 20270 30015 40052 76122 8572/ 333 59002 70000 83709 84617 88458==
41883 02450 80000 10264 20250 30032 40052 8552/ 333 59004 70198 85616 88459==
41891 01330 81604 10270 20260 30020 40058 79500 8632/ 333 59012 70004 85710 88458 81928==
41898 21021 10200 20180 40230 54000 70222 82002 22253 06240 21002 80180=
41907 01340 80000 10273 20260 30035 40050 70522 8662/ 333 59010 70375 83709 85615 88458==
41923 01440 70000 10272 20260 30049 40059 70522 82530 333 59010 70806 82615 86360==
41936 01420 50000 10274 20260 30041 40048 70562 83830 333 59009 70010 83615 84362==
41943 02435 70000 10270 20260 30051 40058 84520 333 59007 70000 84616 87458==
41950 01440 30000 10270 20270 30058 40060 70511 82530 333 58001 70024 82617==
41978 01457 60903 10277 20270 30056 40062 70522 83530 333 59006 70000 83618 85360==
41992 01425 20000 10265 20260 30062 40064 71021 82500 333 59014 70000 82616==
42001 04001 99259 70897 46/// /0802 10285 20270 30096 40099 92340 22200 00300 333 91203 555 11018 22019 8//02 92335=
42027 21596 80000 10188 20174 38393 48476 70252 8552/ 333 59010 6990/=
42044 32596 60000 10170 20161 38262 48495 83510 333 59010=
42045 22595 80000 10184 20175 38298 48422 8452/ 333 59012 6001/=
42056 22696 60502 10236 20227 39615 81530 333 59016 6008/ 81635 86358=
42071 21995 31803 10254 20254 40051 71000 83030 333 59009 6002/ 84359=
42097 04001 99257 70837 46/// ///// 1//// 90026 22200 00301 10401 20401 70004=
42101 21595 80000 10258 20258 40057 79522 8632/ 333 59010 6011/ 82925 85630 83458=
42111 21595 82701 10238 20223 39362 40045 71052 8583/ 333 59012 6004/ 84618 85830 88360=
42123 22596 80000 10248 20242 40039 8452/ 333 59003 6036/ 84630 88458=
42131 21696 81403 10250 20250 40049 71796 8532/ 333 59002 6068/=
42165 22596 80000 10256 20253 40038 887// 333 58010 6047/ 84725 88630=
42182 21595 60000 10272 20264 40041 71096 84530 333 59006 6998/ 84630 85360=
42189 31595 60000 10284 20270 40041 70522 82531 333 59012 82620 84360 86070=
42309 21295 80204 10250 20250 40056 79596 8592/ 333 59015 6021/=
42314 21395 80000 10246 20243 40060 76096 8472/ 333 59015 6050/ 82708 84618 88459=
42328 21495 80000 10254 20248 40024 71022 8672/ 333 58011 6026/ 84715 85625 88458=
42339 21595 80000 10266 20255 40040 70552 8252/ 333 58012 6995/ 82630 88458=
42361 31596 40000 10280 20272 40039 70500 82530 333 58000 82620 84360=
42369 31595 60902 10290 20268 40049 71021 84530 333 58001 82620 86360=
42379 21595 60901 10268 20257 40041 71022 83530 333 59012 6990/ 83622 84360=
42410 21495 50000 10254 20248 40060 71022 83530 333 59013 6028/ 83618 85360=
42415 32596 80000 10278 20255 40063 8532/ 333 59006 84620 81925 88459=
42452 21596 50000 10248 20239 40026 71065 82530 333 58003 6029/=
42492 31495 61102 10290 20268 40038 71022 83630 333 59017 82710 83618 85360=
42559 21596 80000 10246 20243 40032 70196 8651/ 333 58008 6023/ 86620 88458=
42571 32996 40000 10280 20257 40035 82031 333 58003 82360 84075=
42623 21495 60000 10238 20235 39213 40066 72162 84630 333 59012 6002/ 82710 84618 86360=
42634 22596 50000 10264 20253 40057 85500 333 58015 6996/ 85620=
42647 21496 63202 10264 20253 40051 71021 85730 333 56790 58015 6992/ 82715 83620=
42667 21495 71802 10246 20240 39465 40041 70522 84730 333 58015 6998/ 83710 84620 86360=
42675 31596 41401 10260 20246 40038 70521 82530 333 58011 82620 83360=
42701 31495 60000 10242 20236 39335 40051 71022 83530 333 59001 83618 85360=
42724 31495 60901 10268 20262 40055 71022 83530 333 59016 83618 84360=
42737 22896 42305 10258 20243 40058 84030 333 58017 6018/ 84358=
42754 21395 72903 10242 20236 39419 40044 70562 85630 333 58022 6003/ 83708 84618 86360=
42779 32596 40000 10246 20235 39364 40049 83031 333 58012 83360=
42798 21495 30000 10264 20255 40043 71000 83500 333 59011 6996/ 83615=
42809 21495 60000 10282 20272 40051 70562 83530 333 59009 6007/ 83618 86360=
42840 21596 60000 10256 20250 40059 70266 84830 333 58025 6017/ 83620 84360=
42867 31495 73202 10260 20249 40040 71022 85920 333 58011 82710 83618 81930 87458=
42874 21596 30000 10266 20255 40036 71000 81530 333 58000 6990/ 81620 83360=
42886 31595 30000 10258 20249 40048 70510 81530 333 59005 81620 83360=
42895 32996 20000 10276 20268 40047 81031 333 59010 81360=
42971 31495 50502 10270 20259 40050 71022 84430 333 59008 84618 85360=
43003 21495 62305 10276 20256 40070 70565 84830 333 58024 6012/ 82618 83825 84358=
43014 31596 52504 10234 20219 39417 40057 70542 82530 333 58028 82620 84360=
43041 21595 70000 10238 20231 39434 40044 71022 83510 333 58003 6015/ 83620 87458=
43063 22596 62702 10232 20217 39454 40074 85730 333 56690 58026 6990/ 83722 83626=
43110 21496 62703 10264 20250 40086 72162 85770 333 58026 6006/ 83712 84618 87456=
43117 32596 61802 10252 20229 40074 84430 333 58036=
43192 21496 52303 10268 20260 40084 70262 83430 333 58026 6017/=
43201 22496 62004 10226 20214 39341 40064 84630 333 56690 58021 6990/ 82710 83612 85358=
43233 22496 52708 10232 20208 39282 40096 83631 333 56699 58022 6994/=
43245 21596 82002 10262 20253 30033 40059 72196 84477 333 58011 6033/=
43284 21296 72503 10260 20246 39981 40097 72162 84771 333 56599 58025 6008/ 82706 83612 86458=
43295 22496 52302 10214 20186 39084 48492 84630 333 58019 6990/ 82710 83615=
43314 21496 70000 10258 20246 40101 70262 83872 333 58021 6014/=
43321 31496 42308 10236 20224 39645 40092 71022 82501 333 58014 82612 83070=
43333 21495 82704 10252 20246 40087 76065 8542/ 333 58005 6042/ 82617 84819 88456=
43344 31496 52909 10280 20227 39979 40078 70522 82531 333 58016 82616 83360=
43353 21395 49901 10258 20249 40105 71066 81720 333 56790 58019 6013/ 81708 83612=
43371 22497 63402 10260 20251 30031 40104 83431 333 58022 6996/ 83618 83358=
43404 22470 32302 10282 20264 30073 40076 5/009 83000 333 553// 20000 58013 60008 91004 555 60008==
43410 22470 5//// 10268 20229 30077 40080 52/// 83000 333 58010 60008==
43413 22470 62206 10278 20246 30083 40088 5/006 84106 333 58013 60008 91010==
43415 22470 40000 10260 20246 39983 40091 81000 333 58013 60008 555 60028==
43418 22/70 72303 10266 20240 30042 40083 50005 333 58015 60008 555 60008==
43421 22470 72402 10261 20000 39986 40091 52007 87000 333 553// 20000 58009 60008 91005==
43422 22970 62102 10259 20239 39959 40093 86010 333 58011 60008 555 60008==
43424 22470 42103 10279 20247 30084 40086 57001 84200 333 58006 60008 555 60008==
43436 22470 70000 10267 20239 30078 40081 51005 85000 333 58009 60008 555 60008==
43441 22470 82301 10256 20239 39961 40094 52025 88000 333 58009 60008 555 60018==
43444 22470 80000 10225 20217 39572 40104 51006 88000 333 58015 60008 555 60038==
43450 21459 72303 10263 20252 30099 40111 53003 78082 87270 333 58024 69948 81/18 555 60068==
43466 21470 82201 10250 20237 30097 40105 5/005 76086 88000 333 553// 20000 58007 60088 91001==
43467 21/62 80000 10265 20253 30098 40104 52003 79582 88/// 333 58005 60098 82712 84816 83918 555 60108==
43473 21/66 82904 10150 20150 38131 48498 52011 75055 333 553// 20001 58018 60008 84708 88810 91006 555 60028==
43475 22470 62301 10266 20224 30081 40086 52001 86000 333 553// 20000 58012 60008 91004 555 69978==
43476 21470 80000 10198 20166 38764 48509 70382 86000 333 55000 58015 69908 555 69908==
43479 22/70 71801 10208 20197 39251 86/4/ 333 55000 58016 60008 70000 84/16==
43486 21470 80401 10241 20241 30005 40106 53003 71386 8897/ 333 553// 20000 58006 60008 84/16 91001==
43495 21470 82307 10273 20249 30091 40104 52006 70282 88000 333 58005 69908 555 69918==
43497 22/68 72303 10267 20000 30079 40096 5/004 84/3/ 333 553// 20006 58008 60008 83/18 91006==
44212 32999 31204 10059 20007 39100 40210 52003 82044 333 20049 55094 91204 555 30040=
44213 42984 11601 10081 21001 38788 40204 52006 80004 333 20077 3/007==
44214 42/70 23201 10060 21034 38300 40234 53002 82040 333 20054 3/002==
44215 42/70 52604 10081 21033 38419 40211 52004 84040 333 20058 3/004==
44217 32998 00000 11017 21049 37892 40335 51007 333 21017 91200 555 31050=
44218 42/84 32201 10073 21030 38616 40223 52010 81084 333 20060 3/004==
44219 32999 20901 10048 21053 38630 40238 52015 82080 333 20031 91203 555 30018=
44265 32999 00502 10052 20001 38880 40271 52009 333 20026 91202 555 31009=
44266 32999 03002 10035 21048 37814 40272 52009 333 20016 91204 555 30010=
48010 42540 80000 10280 20268 39903 40053 8577/ 333 20264 59021==
48020 41240 80000 10256 20246 71790 8693/ 333 20246==
48025 11320 60000 10270 20235 39927 40065 59010 60002 70199 83970==
48031 41903 01801 10195 20185 74744 89/// 333 20180==
48048 42556 30000 10263 20246 39995 40051 83800 333 20258 59017==
48052 22450 50000 10250 20205 83430 333 20240 56990 60002=
48062 42556 62303 10273 20256 30045 40051 84931 333 20218 59014==
48064 42450 60401 10280 20250 39984 40040 84830 333 20260 59009==
48094 42456 70000 10260 20255 30051 40061 85970 333 20228 59005==
48109 41440 82303 10250 20250 30083 40086 70365 8697/ 333 20212 58007==
50557 14/80 /2106 10192 20129 39712 49991 57011 60001 333 10282 20156 3/015 59098 70000 90761 91112==
51076 14/80 /0201 10088 20010 39368 40225 57002 60001 333 10174 20060 3/006 59015 70000 90761 91106==
51087 14/77 /0100 10068 20029 39235 40236 57001 60001 333 10168 20065 3/005 59007 70000 90761 91110==
51156 14/80 /0204 10059 20009 38725 40216 57005 60001 333 10163 20048 3/004 59026 70000 90761 91106==
51243 14/80 /3202 10129 20071 39676 40202 57004 60001 333 10226 20114 3/011 59041 70000 90761 91106==
51334 14/80 /2001 10083 20068 39804 40194 57003 60001 333 10235 20080 3/008 59063 70000 90761 91103==
51379 14/80 /1502 10042 20014 39308 40240 57009 60001 333 10159 20038 3/003 59033 70000 90761 91104==
51463 14/80 /1403 10124 21051 39052 40205 57012 60001 333 10151 20095 3/005 59052 70000 90761 91106==
51573 14/75 /3302 10175 20073 30161 40209 52007 60001 333 10252 20171 3/014 58085 70000 90761 91105==
51644 14/58 /1301 10148 20137 38997 40204 57001 60001 333 10224 20148 3/015 58084 70000 90761 91105==
51656 14/67 /1001 10128 20123 39201 40228 57002 69911 333 10186 20102 3/006 58084 70065 90761 91105==
51709 14/57 /1503 10166 20115 38671 40170 52001 60001 333 10263 20163 3/016 58063 70000 90761 91106==
51711 14/69 /0601 10114 20103 38078 40139 57003 60001 333 10220 20084 3/011 58047 70000 90761 91106==
51716 14/60 /0000 10158 20136 38950 40185 52001 60001 333 10247 20157 3/016 58059 70000 90761 91105==
51765 14/72 /0901 10103 20092 39265 40243 52001 69911 333 10225 20099 3/009 58120 70011 90761 91103==
51811 14058 00601 10149 20128 38826 40174 52002 60001 333 10278 20149 3/013 58054 70000 90761 91104==
51818 14/63 /0301 10155 20139 38679 40171 52005 60001 333 10253 20148 3/014 58039 70001 90761 91105==
51828 14/63 /0702 10143 20140 38672 40178 52002 60001 333 10209 20143 3/014 58031 70034 90761 91104==
51886 14/80 /1102 10092 20021 37172 40107 52002 60001 333 10206 20091 3/008 58048 70002 90761 91108==
52203 14/73 /0802 10096 20054 39368 40233 52014 60001 333 10207 20089 3/007 58084 70002 90761 91110==
52602 14/80 /3003 10097 20014 37314 40101 52008 60001 333 10255 20076 3/008 58053 70000 90761 91116==
52681 14/44 /3005 10114 20106 38674 40183 52026 60131 76063 333 10259 20113 3/012 58106 70184 90761 91115==
52818 14/67 /2904 10106 20075 37296 40096 52017 60021 76050 333 10214 20106 3/011 58059 70016 90761 91114==
52908 14/80 /1005 10049 20034 35842 40017 52004 69941 333 10152 20046 3/005 58007 70019 90761 91113==
53463 14/80 /3607 10208 20166 38785 40037 52013 60221 333 10208 20177 3/018 59058 70300 90761 91113==
54857 14/76 /1802 10252 20202 30000 40089 52001 60001 333 10296 20222 3/023 59049 70000 90761 91104==
55228 04980 /2903 10107 21001 36073 49911 57003 60002 70000 333 10201 20092 3/008 5003/ 59008 60001 70000 90720 91108=
55299 14/80 /1602 10069 20047 35912 49985 52001 69931 333 10167 20065 3/004 59005 70031 90761 91110==
55578 04980 /0102 10136 20069 36412 49943 52004 60002 70000 333 10232 20118 3/014 5002/ 54405 59018 60001 70000 90720 91107=
55591 14/64 /2701 10160 20044 36551 49907 52008 60001 333 10262 20158 3/013 59018 70000 90761 91106==
55664 04980 /1801 10076 20051 36068 49997 52003 60002 72100 333 10211 20074 3/009 5000/ 59011 60001 70000 90720 91110=
55773 04970 /2801 10035 20025 36071 40082 52004 69982 70000 333 10134 20028 3/001 5001/ 59017 60001 70008 90720 91109=
56004 14/80 /3101 10062 20044 35892 49986 52003 60061 72000 333 10178 20058 3/006 58001 70061 90761 91111==
56018 14/76 /0701 10079 20065 36237 40023 52004 60001 333 10201 20074 3/008 59007 70097 90761 91111==
56116 04961 /2401 10092 20075 36391 49983 54000 60122 76000 333 10232 20091 3/010 5001/ 59013 60021 70121 90720 91120=
56299 59007 60007 87620=
56312 04980 /1902 10155 20103 37108 40015 52006 60002 70000 333 10243 20148 3/015 5000/ 54405 59025 60001 70002 90720 91106=
57494 14/64 /1302 10307 20248 30031 40059 52003 60001 333 10359 20266 3/028 59049 70000 90761 91105==
58847 14/73 /0203 10285 20215 39969 40066 52010 60001 333 10343 20265 3/025 59029 70000 90761 91107==
62306 42560 33407 10268 20214 40143 57008==
62309 42960 03503 10260 20221 40123 57014==
62332 42960 03305 10276 20212 40122 57013==
62366 45960 03607 10264 20209 40119 57011==
62387 42960 03406 10278 20200 40112 52003==
62393 42960 03506 10286 20156 40132 57004==
62405 42960 01902 10308 20134 40081 57010==
62414 42960 00305 10337 20119 40090 57011==
62419 42960 03604 10339 20134 40069 57014==
62420 42960 00402 10268 20182 40124 57004==
62435 42960 03403 10325 20128 40086 57009==
62458 42960 00406 10310 20146 40101 57004==
62465 42960 02908 10326 20148 40069 57013==
