SMPK OPKC 100600=
41504 02697 02302 10245 20095 37808 48407 60001 83200 333 56900 58008 60007 83640 RH 39%=
41505 22697 52702 10255 20062 38/// 48/// 60002 82430 333 56990 58/// 82840 83360 RH 29%= 
41516 02996 20000 10310 20088 38472 48430 60001 82030 333 56090 59020 60007 82360 RH 25%=
41517 02697 30000 10270 20060 37760 48424 60001 84424 333 56900 59012 60007 83840 RH 26%= 
41518 02697 31804 10317 20048 38/// 48/// 60001 82230 333 56990 5//// 60007 82840 81362 RH 18%= 
41519 02997 00000 10320 20063 38679 48434 60001 333 59004 60007 RH 20%=
41520 02697 21802 10240 20037 37605 48178 60001 82400 333 56900 59016 60007 82840 RH 27%= 
41530 01696 13110 10330 20230 39631 40019 60001 70500 81400 333 56900 59008 60007 81840 56%=
41620 32996 01802 10295 20135 38514 48419 60001 333 59012 60007 RH 38%=
41660 01995 03108 10250 21051 38391 48476 60001 70500 333 59010 60007 RH 13%=
41661 01996 00000 10260 20012 38349 48469 60001 70540 333 59006 60007 RH 20%=
41685 02697 11302 10300 20180 38840 48445 60001 81200 333 56900 59012 60007 81840 RH.49%= 
41696 02997 00000 10240 21032 38005 48498 60001 333 58005 60007 RH 16%=
41697 02997 02304 10380 20256 40003 60001 333 59015 60007 RH 50%= 
41710 11996 03114 10285 21095 39283 40018 60001 70700 333 59004 RH.08%=
41712 11996 03108 10305 21053 39120 48472 60001 70600 333 59009 RH 09%=
41715 01996 00502 10345 20285 39946 40007 60001 70500 333 59012 60007 RH 71%=
41724 01996 01804 10345 20263 39951 40025 60001 70500 333 59011 60007 RH 62%=
41725 12996 02302 10350 20253 40021 60001 333 59008 RH 57%=
41726 22996 00000 10345 20263 39946 40014 60001 333 59034 60007 RH 62%=
41738 02996 00000 10330 20204 39861 40032 60001 333 59020 60007 RH 48%=
41739 01996 03106 10305 21027 38995 48480 60001 70500 333 59002 60007 RH 11%=
41742 12697 40000 10320 20250 40029 60001 84100 333 56900 59018 84830 RH 67%=
41743 01996 00000 10355 20266 60001 70500 333 60007 RH 60%= 
41744 11996 00000 10315 20054 38717 48455 60001 70600 333 59027 RH 19%=
41745 01996 01804 10340 20265 60001 70500 333 60007 RH 65%= 
41746 02996 01804 10350 20268 39964 40016 60001 333 59007 60007 RH 63%=
41747 02996 01304 10355 20266 49998 60001 333 59016 60007 RH 60%= 
41748 02996 01302 10335 20266 40014 60001 333 59022 60007 RH 67%=
41749 02996 01304 10335 20259 39982 40015 60001 333 59016 60007 RH 65%=
41756 01996 01806 10310 20254 39975 40038 60001 70504 333 59017 60007 RH 72%=
41757 11996 02306 10320 20250 30039 40051 60001 70400 333 59010 RH 67%= 
41759 01996 00000 10325 20248 30030 40035 60001 70500 333 59020 60007 RH 64%=
41760 01995 02312 10320 20250 30019 40032 60001 70500 333 59019 60007 RH 67%=
41764 02996 32110 10320 20242 39969 40017 60001 83030 333 56090 59010 60007 83360 RH 64%=
41765 02996 02306 10330 20253 39981 40015 60001 333 59017 60007 RH 64%=
41766 22696 32306 10320 20258 40012 83500 333 56900 59011 60007 83635 RH 70%=
41767 02996 2//// 10320 20250 60001 82030 333 56090 60007 82360 RH 67%=
41768 02596 12306 10325 20263 30015 40022 60001 81600 333 56500 59012 60007 81720 RH 70%=
41780 02596 72508 10305 20241 39999 40026 60001 87600 333 56900 59017 60007 83720 86630 RH 69%= 
41783 02696 52306 10310 20254 39983 40012 60007 83530 333 56990 59010 60007 83635 82360 RH 72%=
41785 02697 32304 10305 20256 30023 40036 60001 83500 333 56500 59011 60007 RH 75%= 
41786 02696 42706 10320 20242 39979 40014 60001 84500 333 56900 59025 60007 84630 RH 64%=
41BAG 02697 20000 10250 20123 60001 82500 333 56900 60007 82640 RH 45%=

SMPK OPLA 100600=
=================
41506 02697 21802 10280 20122 38453 48450 60001 82200 333 56900 59008 60007 82830 38% =
41507 02997 00000 10290 20194 39176 49664 60001 333 59022 60007 56%=
41508 02997 02302 10283 20142 38612 48491 60001 333 59002 60007 RH 42%=
41509 02697 20000 10295 20145 38667 48422 60001 82200 333 56900 59013 60007 82845 RH 40%=
41510 02697 10000 10235 20092 37882 48449 60001 81200 333 56900 59003 60007 81840 40%=
41515 02697 30000 10250 20126 38490 48454 60001 83200 333 56900 59003 60007 83850 46%=
41523 02997 00000 10280 20183 39020 48469 60001 333 59006 60007 55%=
41524 02997 00000 10305 20178 39243 40053 60001 333 59006 60007 RH 47%=
41525 12697 30000 10190 20151 37662 48341 60001 83200 333 56900 59018 83840 78%=
41528 02997 00000 10295 20192 39155 48484 60001 333 59012 60007 54%=
41529 02996 23602 10330 20205 39672 40031 60001 82030 333 56090 59005 60007 82360 RH 64%=
41534 02997 03102 10330 20246 39635 40024 60001 333 59004 60007 RH 61%=
41535 02997 03602 10265 20173 38634 48414 60001 333 59026 60007 RH57%=
41536 02997 00000 10290 20177 38964 48465 60001 333 59010 60007 51%=
41560 02997 01302 10260 20154 38257 48469 60001 333 59004 60007 Rh52%=
41562 02997 01302 10350 20245 39582 40016 60001 333 59005 60007 RH 55%=
41565 02996 30000 10256 20211 38614 48489 60001 83020 333 56090 58001 60007 83460 77%=
41567 01996 00000 10315 20236 39613 40006 60001 70400 333 59016 60007 63%=
41573 02697 41302 10235 20192 37956 48453 60001 84400 333 56900 59004 60007 84640 77%=
41574 02997 00000 10250 20168 38307 48475 60001 333 59010 60007 60%=
41576 01696 12706 10340 20265 40037 60001 70400 81500 333 56900 59001 60007 81640 65%=
41577 01696 12302 10330 20241 39440 40018 60001 70400 81200 333 56900 59017 60007 81840 RH 60%=
41593 01996 00000 10355 20266 39812 40010 60001 70400 333 59012 60007 60%=
41597 02997 00000 10335 20274 40032 60001 333 59010 60007 70=
41598 01696 10000 10335 20266 39755 40010 60001 70400 81100 333 56900 59012 60007 81835 67%=
41599 01696 30000 10335 20266 39748 40021 60001 70400 83500 333 56900 59011 60007 83640 67%=
41600 01696 60000 10325 20285 39737 40015 60001 70422 82570 333 56990 59010 60007 83645 84363 79%=
41624 02697 62302 10355 20266 39824 40012 60001 82520 333 56990 59009 60007 82637 83460 60%=
41625 01996 30000 10350 20261 39811 49999 60001 70400 83030 333 56090 59012 60007 83360 60% 100924/0600Z=
41630 01696 32302 10355 20259 40020 60001 70400 83400 333 56900 59012 60007 83640 58%=
41633 02997 00000 10360 20256 4//// 60001 333 5//// 60007 55%=
41634 02997 00000 10310 20256 3//// 4//// 60001 333 5//// 60007 73%=
41635 02997 02702 10350 20261 3//// 4//// 60001 333 5//// 60007 60%=
41636 01996 00000 10365 20262 39855 40024 60001 70400 333 59005 60007 56%=
41638 01996 00000 10350 20253 4//// 60001 70400 333 5//// 60007 57%=
41639 02997 02304 10340 20265 3//// 4//// 60001 333 5//// 60007 60%=
41640 01696 40000 10340 20249 39781 40015 60001 70400 82530 333 56990 59013 60007 82640 83360 59%=
41641 01696 73106 10340 20249 39758 40016 60001 70421 83470 333 56990 59014 60007 84640 86460 59%=
41642 01696 20000 10340 20279 3//// 4//// 60001 70400 82800 333 56900 5//// 60007 82840 RH.71%=
41643 01696 71804 10315 20260 39751 40013 60001 70421 84470 333 56990 59015 60007 84640 84460 72%=
41644 02997 00000 10340 20272 4//// 60001 333 5//// 60007 68%=
41646 01696 50904 10355 20259 39827 40025 60001 70400 85400 333 56900 59015 60007 85640 58%=
41652 01996 00504 10350 20253 39851 40020 60001 70400 333 59013 60007 57%=
41669 02697 61302 10345 20255 3//// 4//// 60001 83530 333 56990 5//// 60007 83640 83360 65%=
41670 01996 41802 10345 20270 4//// 60001 70400 84040 333 56090 5//// 60007 84460 65%=
41674 01996 01308 10350 20263 3//// 4//// 60001 70400 333 5//// 60007 60% =
41675 01996 01306 10355 20243 39881 40016 60001 70400 333 59013 60007 52%=
41676 01996 00000 10355 20288 39900 40048 60001 70400 333 59008 60007 69%=
41677 01996 21302 10350 20253 39847 40004 60001 70400 83030 333 56090 59008 60007 82360 57%=
41678 01996 00000 10350 20237 40020 60001 70500 333 59016 60007 52%=
41679 01696 60502 10320 20265 4//// 60001 70422 83570 333 56990 5//// 60007 83640 83460 73%=
41680 01696 20000 10355 20259 39828 40012 60001 70410 82400 333 56900 59019 60007 82840 58%=
41700 01996 01804 10370 20252 40003 60001 70400 333 59015 60007 51%=
41701 01996 01804 10360 20256 39882 40017 60001 70400 333 59007 60007 55%=
41716 01996 02304 10350 20268 39920 40017 60001 70400 333 59011 60007 63%=
41718 01996 00000 10350 20253 39907 40004 60001 70400 333 59019 60007 57%=
41BKI 12696 20506 10330 20246 39626 40018 60001 82500 333 56900 59006 82640 RH 61%=
41SKP 01996 03102 10340 20265 3//// 4//// 60001 70400 333 5//// 60007 65%=
43532 02997 00000 10300 20180 39240 49996 60001 333 59004 60007 49%=
43533 02997 00000 10295 20183 39136 48451 60001 333 59008 60007 51%=
43563 02997 00000 10306 20235 39366 40017 60001 333 59007 60007 66%=

41526 Not Received
41533 Not Received
41564 Not Received
41568 Not Received
41571 Not Received
41592 Not Received
41594 Not Received
41672 Not Received
41781 Not Received

UPPK OPKC 100600=
=================
PPAA 60051 41715 55285 06006 14006 77999=
PPBB 60051 41715 90/12 00000 03504 04005 9037/ 04506 12506 9125/ 10010 05007=
PPAA 6006/ 41764 NO ASSCENT DUE TO PAF FLYING=
PPAA 6006/ 41516 NO ASSCENT DUE TO AIR MOVEMENT=
PPAA 6006/ 41517 NO ASSCENT DUE TO AIR MOVEMENT=
PPAA 6006/ 41739 NO ASSCENT DUE TO SECUITY RISK= 
PPAA 6006/ 41768 NO ASSCENT DUE TO SHORTAGE OF STAFF=
PPAA 60051 41780 NO ASSCENT DUE TO RAD BALLOON SHORTAGE=

PPAA 60061 41506 55270 19504 20011=
PPBB 60061 41506 90/7/ 18002 19003 9125/ 20005 18510 920// 20012=
PPAA 6006/ 41515 MISDA DUE TO TECHNICAL FAULT=
PPAA 6006/ 41624 MISDA DUE TO TECHNICAL FAULT=
PPAA 6006/ 41675 MISDA DUE TO TECHNICAL ISSUE=
PPAA 6006/ 41640 MISDA DUE TO TECHNICAL PROBLEM=
PPAA 6006/ 41646 MISDA DUE TO TECHNICAL PROBLEM=
PPAA 6006/ 41598 MISDA DUE TO TECHNICAL PROBLEM=
PPAA 6006/ 41600 MISDA DUE TO TECHNICAL PROBLEM=
PPAA 6006/ 41678 MISDA DUE TO TECHNICAL PROBLEM=
PPAA 6006/ 41718 MISDA DUE TO TECHNICAL PROBLEM=

Data Generated from File : D:\all data handling\Rmc_lhr\2024091006.FSU.txt
10/09/24 07:06:48
______________________________________________________________
15007 05568 71601 10148 20064 39617 40073 57002 60002 7000/ 82571 333 10186 20096 30010 4/000 55302 0//// 20380 3//// 60007 70000 91002 91102=
15020 05570 81002 10160 20067 39884 40076 52002 60002 7000/ 82577 333 10206 20104 30010 4/000 55300 0//// 20423 3//// 60007 70000 91003 91103=
15023 05570 71402 10133 20057 39646 40061 54000 60002 7000/ 87500 333 10191 20106 30013 4/000 55300 0//// 20272 3//// 60007 70000 91002 91103=
15056 05570 71603 10183 20107 39738 40075 52002 60002 7000/ 84570 333 10210 20156 30012 4/000 55303 0//// 20469 3//// 60007 70000 91004 91104=
15069 05970 63400 10093 20058 39036 42730 52002 60002 7000/ 86030 333 10160 20070 30/// 4/000 55300 0//// 20264 3//// 60007 70000 91001 91101=
15073 05998 71101 10156 20070 39626 40078 54001 60002 7000/ 87070 333 10189 20115 30009 4/000 55300 0//// 20426 3//// 60007 70000 91002 91102=
15090 05970 80902 10174 20130 39994 40084 52003 60002 7000/ 84077 333 10195 20135 30011 4/000 55300 00112 20353 30305 60007 70000 91003 91103=
15107 05669 70500 10103 20073 39302 42735 52002 60002 7000/ 82370 333 10183 20078 30006 55300 0//// 20180 3//// 60007 70000 91001 91102 95000=
15108 02298 72701 10110 20021 38050 48443 54001 60002 82570 333 10113 20084 3//// 55300 0//// 20199 3//// 60007 70000 91001 91103 95100=
15109 05598 72704 10150 20070 39656 40079 54001 60002 7000/ 82570 333 10177 20131 30013 4/000 55302 0//// 20426 3//// 60007 70000 91007 91107=
15111 05970 71001 10149 20092 39818 40074 54001 60002 7000/ 87070 333 10191 20121 30011 4/000 55300 0//// 20297 3//// 60007 70000 91001 91102=
15113 05970 71601 10138 20106 39923 40083 50002 60002 7000/ 87070 333 10181 20106 30013 4/000 55300 0//// 20337 3//// 60007 70000 91001 91101=
15127 05998 71700 10109 20062 39227 42731 54000 60002 7000/ 87070 333 10183 20080 30006 4/000 55300 0//// 20132 3//// 60007 70000 91001 91101 95000=
15148 02970 81400 10124 20059 38649 48429 57002 60002 8807/ 333 1//// 2//// 30/// 55300 0//// 20139 3//// 60007 70000 91001 91101=
15150 05970 63200 10146 20106 39876 40084 50003 60002 7000/ 86070 333 10161 20107 30010 4/000 55300 0//// 20284 3//// 60007 70000 91001 91101=
15154 05970 70901 10155 20123 39943 40082 52004 60002 7000/ 87070 333 10169 20111 31010 4/000 55302 0//// 20462 3//// 60007 70000 91002 91102=
15168 05/70 /0501 10157 20071 39467 42721 54001 60002 7000/ 333 10226 20142 3/012 4/000 55300 0//// 20139 3//// 60007 70000=
15170 05998 83300 10113 20061 39321 42726 54001 60002 7000/ 85077 333 10172 20058 30011 55303 0//// 20460 3//// 60007 70000 91001 91102=
15194 05970 72603 10139 20081 39795 40083 50000 60002 7000/ 87070 333 10169 20120 30010 55301 0//// 20327 3//// 60007 70000 91005 91107=
15197 05970 70102 10165 20141 39882 40086 50003 60002 7000/ 87070 333 10230 20151 30012 4/000 55300 0//// 20274 3//// 60007 70000 91003 91103=
15215 05966 71901 10158 20085 39486 42723 55000 60002 7000/ 86071 333 10212 20127 39011 4/000 55300 0//// 20302 3//// 60007 70000 91001 91103=
15217 05998 83404 10130 20065 39424 42726 55003 60002 7000/ 8807/ 333 10194 20094 30009 55300 0//// 20205 3//// 60007 70000 91005 91105=
15219 05/70 /2802 10151 20095 39957 40078 50003 60002 7000/ 333 10180 20129 3/011 4/000 55300 0//// 20331 3//// 60007 70000=
15238 05998 71901 10146 20084 39472 42724 55001 60002 7000/ 87070 333 10186 20116 30010 55300 0//// 20173 3//// 60007 70000 91002 91102=
15261 05564 81602 10149 20102 39284 42739 57004 60002 7000/ 8437/ 333 10168 20103 30009 55300 0//// 20171 3//// 60007 70000 91004 91104 95000=
15262 02698 71703 1//// 2//// 38169 48/// 54000 60002 87070 333 1//// 2//// 30/// 55300 0//// 20207 3//// 60007 70000 91004 91105=
15265 05564 73601 10159 20128 30007 40080 50003 60002 7000/ 83570 333 10218 20134 30012 4/000 55300 0//// 20299 3//// 60007 70000 91002 91102=
15280 02598 83602 10076 20033 37484 47055 55002 60002 8807/ 333 10093 20053 30/// 55302 0//// 20396 3//// 60007 70000 91003 91106=
15300 05999 80701 10155 20079 39455 42721 55001 60002 7000/ 8807/ 333 10203 20130 30012 55300 0//// 20209 3//// 60007 70000 91003 91103=
15301 05970 82502 10130 20042 38575 48460 55000 60002 7000/ 8807/ 333 10147 20122 30/// 55300 0//// 20222 3//// 60007 70000 91004 91104 95000=
15302 05970 72800 10149 20080 38862 48443 55002 60002 7000/ 87070 333 10166 20129 30/// 55300 0//// 20228 3//// 60007 70000 91001 91103 95000=
15307 05/70 /3202 10168 20120 39898 40078 52002 60002 7000/ 333 10217 20143 3/018 4//// 55300 0//// 20175 3//// 60007 70000=
15310 05568 70502 10180 20161 39998 40081 50002 60002 7000/ 81576 333 10225 20166 30016 4/000 55300 00110 20354 30339 60007 70000 91003 91103=
15324 05570 80201 10156 20079 39301 42729 55000 60002 7000/ 8537/ 333 10184 20135 30013 55300 0//// 20156 3//// 60007 70000 91002 91102=
15325 05970 72002 10119 20070 38432 48444 54000 60002 7000/ 87070 333 10127 20103 30/// 4/000 55300 0//// 20282 3//// 60007 70000 91004 91107=
15328 05970 60102 10154 20096 39741 40082 57003 60002 7000/ 86070 333 10179 20142 30015 4//// 55300 0//// 20106 3//// 60007 70000 91003 91105=
15335 07402 81201 10166 20164 30076 40083 54001 60002 7333/ 886// 333 10197 20140 30013 4/000 55301 0//// 20350 3//// 60007 70000 91001 91102=
15336 05/65 /0101 10187 20183 30077 40079 54001 60002 7000/ 333 10187 20136 3/016 4/000 55304 0//// 20621 3//// 60007 70000=
15349 05570 83201 10161 20105 39543 40078 55001 60002 7000/ 883// 333 10179 20132 30012 4/000 55300 0//// 20148 3//// 60007 70000 91002 91102=
15350 01570 70403 10177 20145 39964 40080 54001 69912 7216/ 87500 333 10234 20169 30018 55300 0//// 20071 3//// 69917 70001 91004 91104=
15360 05570 43603 10208 20193 30065 40081 52002 60002 7000/ 82230 222// 06212 20000 333 10225 20196 3//// 60007 70000 91003 91104 92418=
15375 01570 80203 10206 20105 39724 40067 55000 69912 70262 8357/ 333 10210 20175 30017 4/000 55300 0//// 20271 3//// 60007 70001 91004 91105=
15377 05597 80301 10193 20097 39861 40068 55003 60002 7000/ 883// 333 10226 20173 30016 55300 0//// 20162 3//// 60007 70000 91003 91104=
15387 05970 30102 10207 20190 30076 40080 54001 60002 7000/ 83050 333 10207 20156 30016 4/000 55303 0//// 20549 3//// 60007 70000 91003 91103=
15402 05570 70703 10187 20160 39997 40069 58002 60002 7000/ 87500 333 10217 20171 30016 4/000 55300 0//// 20190 3//// 60007 70000 91005 91105=
15405 05970 50903 10186 20172 30019 40079 57002 60002 7000/ 85070 333 10222 20129 30013 4/000 55300 0//// 20257 3//// 60007 70000 91005 91105=
15406 05961 70302 10181 20174 30029 40075 54001 60002 7000/ 87070 333 10214 20153 30014 4/000 55300 0//// 20233 3//// 60007 70000 91002 91103=
15408 01570 70802 10191 20182 39820 40076 57002 60002 700// 87500 333 10192 20155 30015 4/000 55300 0//// 20297 3//// 60007 70000 91003 91103=
15409 01470 70104 10197 20183 30030 40075 54001 60002 700// 87600 333 10198 20175 30017 4/000 55301 0//// 20401 3//// 60007 70000 91006 91106=
15419 05570 80504 10198 20110 39880 40067 54000 60002 7000/ 8337/ 333 10224 20185 30017 4/000 55300 0//// 20175 3//// 60007 70000 91007 91109=
15420 05570 80501 10192 20143 39956 40062 55000 60002 7000/ 8437/ 333 10222 20177 30015 55300 0//// 20161 3//// 60007 70000 91003 91106=
15421 05570 80703 10188 20146 39966 40073 56002 60002 7000/ 8536/ 333 10228 20173 30/// 4/000 55300 00062 20240 30221 60007 70000 91006 91106=
15422 05570 70501 10196 20143 39961 40059 55002 60002 7000/ 83370 333 10233 20184 30017 55300 0//// 20200 3//// 60007 70000 91005 91105=
15425 07950 70603 10167 20161 30010 40072 58002 60002 7101/ 84076 333 10224 20144 30015 4/000 55300 0//// 20299 3//// 60007 70000 91004 91104=
15434 01570 80804 10199 20109 39854 40055 51008 69972 78082 8597/ 333 10254 20175 31015 4/000 55300 0//// 20090 3//// 69977 70007 91009 91109=
15444 05/62 /0201 10181 20170 30005 40075 54000 60002 7000/ 333 10217 20154 3/012 4/000 55300 0//// 20323 3//// 60007 70000=
15455 05570 80504 10194 20133 39931 40056 52003 60002 7000/ 8437/ 333 10243 20185 30020 4/000 55300 0//// 20150 3//// 60007 70000 91007 91107=
15460 05970 70702 10179 20162 30042 40066 57002 60002 7000/ 87070 333 10229 20139 30011 4/000 55300 0//// 20229 3//// 60007 70000 91004 91104=
15462 05965 80901 10188 20170 39991 40074 57003 60002 7000/ 8807/ 333 10202 20158 30013 4/000 55300 0//// 20379 3//// 60007 70000 91002 91103=
15470 01570 70404 10187 20128 39927 40048 50000 69942 70282 84370 333 10263 20178 30016 55300 0//// 20103 3//// 69947 70004 91006 91106=
15475 02597 80603 10185 20149 30035 40055 57004 60002 883// 333 10234 20178 30019 4/000 55300 0//// 20251 3//// 60007 70000 91006 91106=
15479 05/67 /1201 10180 20172 39887 40073 57002 60002 7000/ 333 10197 20145 3/012 55300 0//// 20262 3//// 60007 70000=
15480 05566 62800 10209 20184 30057 40073 57002 60002 7000/ 82270 222// 06232 2//// 333 10223 20177 31016 4/000 55301 00100 20418 30382 60007 70000 91001 91101 92417=
15489 05570 70305 10201 20116 39957 40046 50000 60002 7000/ 83370 333 10257 20193 30020 55300 0//// 20170 3//// 60007 70000 91007 91108=
15491 05970 80302 10198 20138 30017 40046 57002 60002 7000/ 8807/ 333 10239 20185 30020 55300 0//// 20212 3//// 60007 70000 91004 91104=
15499 05970 83401 10211 20189 30061 40069 57004 60002 7000/ 8807/ 222// 06226 2//// 333 10227 20176 30015 4/000 60007 70000 91001 91102 92418=
15549 12570 71403 10193 20144 39649 40043 57006 60002 87500 333 10215 20171 70000 555 30015 573//=
15552 12570 60701 10228 20180 30018 40064 57008 60002 85530 222// 0//// 10401 333 10228 20177 50322 55105 70000 555 30015 574// 92022 92428=
15640 12674 80000 10202 20176 39765 40061 54000 60002 82557 333 10230 20181 55113 70000 555 30017 585//=
15655 12568 70000 10210 20183 30030 40061 57005 60002 85252 222// 00248 10201 333 10233 20195 70000 555 30/// 584// 92022 92427=
15730 12670 80000 10200 20127 39673 40048 57007 60002 82577 333 10233 20178 55118 70000 555 39/// 563//=
16627 12565 70000 10212 20166 30040 40046 58003 60002 81156 333 20210 30/// 50540 55105 70000 81825 85359 86068 90730 91106 555 10000 30246 20000 89041 99086 30000 10260 20270 30276 40300 50310 6//// 40000 47562 44230 50000 50184=
16650 12560 60000 10240 20203 30042 40050 52002 60002 81175 333 20208 30/// 55101 70000 81825 86358 90730 91113 555 10000 30240 20000 89047 99082 30000 10262 20274 30278 40268 50294 60284 40000 47568 44265 50000 50216=
16667 12560 61705 10242 20192 30055 40066 54000 60002 83451 333 20220 30/// 55103 70000 83625 86358 90730 91111 555 10000 30250 20000 89042 99070 40000 47577 44250 50000 50210=
16706 11460 52004 10240 20210 30045 40051 57005 69902 70361 84652 333 20210 30/// 55107 79999 81715 83825 90730 91107 555 10000 30244 20000 89051 99078 40000 47570 44250 50000 50220 60000 65555 60035 70000 77/// 7R///=
16723 12560 60000 10220 20182 30055 40069 57001 60002 82160 333 20210 30/// 50000 55/// 7//// 82820 86359 90730 91103 555 10000 30256 20000 89038 99066 40000 47582 44280 50000 50196=
16732 36/// /1511 10250 20199 30051 40061 57002 333 20218 90730 91115 555 10000 30251 20000 89056 99078=
16742 12560 41509 10244 20194 39923 40071 50001 60002 82149 333 20208 30/// 70000 82820 84359 90730 91112 555 10000 30244 20000 89045 99084 40000 47483 44275 50000 50212=
16749 12460 42204 10256 20162 30060 40074 57002 60002 83440 333 20230 30/// 55111 70000 83618 83360 90730 91108 555 10000 30260 20000 89055 99080 40000 47583 44260 50000 50198=
16754 11560 61613 10268 20158 30016 40062 52001 69902 70261 83151 333 20214 30/// 50720 55104 79999 83820 86358 90730 91118 555 10000 30270 20000 89051 99074 60000 65555 60020 70000 77/// 7R///=
16757 11560 61715 10244 20220 39938 40065 54000 69912 72162 81150 333 20212 31/// 55064 70001 81825 86358 90730 91120 555 10000 30246 20000 89063 99089 60000 60001 60002 70000 77R// 7R///=
16760 12560 61812 10242 20152 40071 53002 69902 762 83152 333 20207 30/// 55102 79999 83820 86358 90730 91119 555 10000 30243 20000 89039 99067 60000 65555 60020 70000 77/// 7R///=
16765 12460 51810 10262 20210 40077 52002 60002 82102 333 20232 30/// 70000 82818 83068 90730 91113 555 10000 30290 20000 89053 99083=
17022 12970 41003 10244 20179 39910 40067 55006 60002 82035 333 20186 30017 50341 55085 21876 82360 84270 91106 92428=
17024 12970 00000 10237 20219 39989 40062 55001 60002 333 20177 32016 50381 55102 91117 92428=
17026 12970 41411 10268 20218 30039 40076 57006 60002 80004 333 20227 30018 50284 55090 22022 84070 91115 92438=
17031 12970 01004 10247 20208 30079 40085 58001 60002 333 20185 30016 91105=
17034 12970 02402 10239 20192 30052 40096 55001 60002 333 20218 32020 50151 55000 70065 91105 92428=
17038 12970 00904 10265 20205 30041 40086 53001 60002 333 20226 30/// 91108 92428=
17042 12670 40000 10263 20224 30056 40093 57003 60002 82130 333 20220 30023 55000 82835 84360 91108 92428=
17050 12670 61402 10225 20159 30004 40063 58006 60002 83230 333 20199 30017 50551 55104 83835 86360 91105=
17056 12670 60304 10231 20195 30050 40054 57007 60002 83230 333 20194 30019 55115 22219 83835 86360 91107 92428=
17060 12960 40805 10242 20189 30024 40063 58003 60002 82041 333 20197 30016 50441 55000 82360 84068 91108=
17070 12665 60901 10171 20126 39248 40077 50000 60002 84240 333 20130 30010 50444 22215 84835 86360 91102=
17074 11658 80000 10167 20160 39200 40092 50000 60002 71011 8421/ 333 20132 31009 50351 55070 21913 84833 88460 91103=
17084 11956 33501 10201 20176 39234 40091 51003 60002 71022 80001 333 20152 32012 50321 55113 22453 83070 91103=
17085 12970 01402 10234 20175 39629 40089 50002 60002 333 20179 30017 50601 55094 91106=
17092 12960 10902 10215 20122 38847 48500 51002 60002 81030 333 20121 30011 50284 55080 22072 81360 91105=
17096 11560 60913 10173 20109 38264 48516 53001 60042 70292 86900 333 20109 31010 50554 55081 20749 70042 81925 85835 91121=
17098 11560 63405 10138 20125 38243 48538 57005 60012 79522 84930 333 20115 32011 70016 81925 84840 86358 91118=
17100 11570 70000 10192 20165 39213 40162 53004 60012 79092 85930 333 20184 32017 50154 55068 22261 70032 81925 84835 87357 91109=
17112 12665 70901 10229 20153 30043 40045 55000 60002 82270 333 20217 30019 50671 55095 22265 82835 87360 91104 92407=
17115 12960 71402 10203 20177 30014 40062 57004 60002 80001 333 20157 30016 50614 55077 22026 79999 87070 91107=
17116 12962 60000 10213 20185 39948 40063 56003 60002 84031 333 20179 30017 55114 84360 86070 91103=
17124 12960 20000 10190 20119 39211 40082 51001 60002 82030 333 20124 30011 21779 82360 91105=
17128 12660 32201 10173 20095 39043 40084 52004 60002 81130 333 20124 30011 50474 55068 20800 81840 83360 91106=
17135 12970 01702 10213 20130 39252 40075 52002 60002 333 20158 30013 50401 55099 24543 91104=
17140 12965 00000 10236 20109 38684 48483 52002 60002 333 20132 30013 50701 91104=
17150 12660 62401 10190 20160 39945 40062 57002 60002 81131 333 20167 30015 50511 55087 22219 81835 83360 85070 91105=
17160 12970 02501 10205 20084 38986 48486 53002 60002 333 20138 30011 50801 55107 22089 91107=
17170 11660 52702 10199 20137 38368 48531 53003 60032 78098 83250 333 20139 32/// 70028 83840 85357 91115=
17175 12665 72801 10242 20165 30043 40047 57006 60002 84250 333 20210 30018 50421 55102 22215 84835 86360 91106 92427=
17184 12670 70000 10225 20144 39957 40062 57002 60002 83250 333 20196 30019 50781 55114 22370 83835 87361 91103=
17190 12970 31601 10208 20112 38942 48471 56001 60002 80001 333 20149 30012 50511 55099 83070 91103=
17190 12970 31601 10208 20112 38942 48471 56001 60002 80001 333 20149 30012 50511 55099 83070 91103=
17195 12970 00000 10209 20059 38946 48495 52008 60002 333 20113 30009 55083 21913 91107=
17200 12970 01602 10260 20097 39155 40079 52004 60002 333 20129 30/// 91108=
17202 12970 21403 10268 20115 39102 40070 52006 60002 82030 333 20189 30/// 82360 91107=
17203 12670 51401 10245 20128 38872 48551 53001 60002 83150 333 20200 30019 50564 55077 21922 83840 85360 91105=
17210 12670 40000 10291 20131 39102 40058 55000 60002 81101 333 20233 30022 50401 55049 70008 81840 84070 91116=
17219 12565 61802 10225 20167 39932 40069 58003 60002 82131 333 20184 30018 5086/ 55105 22265 82830 84360 86068 91106=
17234 12670 51101 10245 20192 30008 40072 51003 60002 83230 333 20215 30020 50521 55094 22156 83840 85360 91103=
17237 12970 23301 10254 20157 39595 40066 52004 60002 80001 333 20213 30016 50501 55092 82070 91103=
17240 12970 03201 10215 20152 38993 40071 50001 60002 333 20157 30011 50724 55112 22311 91105=
17244 12970 01102 10202 20109 38965 48490 52009 60002 333 20125 30/// 50561 91108=
17248 12970 00402 10220 20106 38949 48487 52005 60002 333 20149 30013 50601 55000 91106=
17250 12970 00501 10217 20070 38785 48496 52006 60002 333 20135 30013 55116 22198 91108=
17260 12960 00000 10287 20117 39278 40033 52007 60002 333 20190 30018 91107=
17270 12970 03203 10324 20122 39459 40052 53004 60002 333 20265 30022 50811 91108=
17275 12970 00213 10271 20107 38948 48502 53002 69912 333 20256 30023 50941 55088 70001 91119=
17280 12960 11003 10291 20128 39335 40063 52004 60002 81030 333 20211 30018 50734 55083 21876 81360 91105=
17290 12970 41803 10257 20192 30045 40075 51001 60002 84030 333 20245 30021 50764 55109 84360 91106 92428=
17292 12570 51401 10224 20195 39352 40065 52003 60002 83230 333 20185 30017 50451 55090 22110 83830 84359 91103=
17300 12560 10104 10270 20207 30021 40088 52006 60002 81100 333 20238 30024 81830 91109=
17310 12570 31102 10297 20228 30070 40077 52008 60002 83200 333 20268 30024 55000 83830 91105 92428=
17330 12970 03001 10279 20143 30076 40093 52007 60002 333 20227 30021 50601 91106=
17350 12660 22802 10283 20218 30010 40083 52008 60002 82100 333 20225 30/// 82835=
17370 12670 33301 10296 20226 30089 40093 52007 60002 83100 333 20276 31026 50401 55113 83835 91104 92438=
17375 12670 10103 10256 20150 30073 40075 52006 60002 81100 333 20227 30019 50801 55099 22248 81836 91105 92418=
33088 32997 61405 10154 20074 39906 40090 53003 80001 333 20115 555 10022=
33135 32997 31302 10154 20083 39981 40123 57006 83030 333 20065 555 10019 30004 52003=
33177 32598 80901 10138 20064 39840 40069 53001 885// 333 20124 555 10018=
33317 32997 61403 10154 20077 39763 40086 53002 82075 333 20116 555 10023=
33393 32960 70000 10153 20094 39690 40065 52005 87030 333 20129=
33415 32998 71302 10165 20067 39691 40071 51002 87070 333 20143 555 10022=
33429 32997 71003 10161 20086 39677 40081 53003 82031 333 20116 555 10024=
33466 32998 00000 10165 20081 39927 40107 57002 333 20085 555 10024=
33506 11596 80902 10151 20140 39927 40116 58004 69982 78082 889// 333 20139 555 11017=
33562 32960 60000 10156 20103 39810 40102 53003 83031 333 20111 555 10017=
33587 32998 51701 10168 20089 39852 40104 53003 80001 333 20116 555 10020=
33658 32983 71004 10157 20064 39782 40069 54000 86031 333 20115 555 10018=
33663 32998 60000 10131 20088 39996 40089 53003 83031 333 20109 555 10017=
33664 32998 71402 10171 20069 39773 40075 53003 85032 333   20122 555   80015=
33678 32898 72803 10155 20076 39900 40101 52006 82039 333   20128 555   80012=
33679 32497 70902 10175 20095 39910 40092 54000 83531 333   20147=
33711 32960 20602 10161 20115 39896 40097 53001 82030 333 20120 555 10020=
33745 32597 51102 10174 20077 39913 40095 52005 85900 333   20124 555   80014=
33748 32997 71304 10175 20115 39809 40080 53002 87030 333   20139 555   80012=
33754 32998 70000 10176 20100 39946 40085 56001 87030 333   20120=
33761 32570 60802 10172 20116 39882 40095 52001 83431 333 20119 555 10124=
33791 12370 60902 10187 20174 39977 40098 58001 60022 86600 333 20135 86706 555 11023=
33815 32598 61101 10175 20118 39884 40082 53004 82532 333   20151=
33837 32465 80703 10208 20176 30038 40087 53004 82609 333 20172 555 10023=
33881 32598 70602 10178 20134 39898 40085 53004 86330 333   20145 555   80014=
33883 32898 71001 10174 20146 39929 40084 52005 87030 333   20137 555   80013=
33885 32997 71201 10178 20161 39962 40094 57002 87030 333   20151 555   80011=
33892 32998 70901 10184 20114 39884 40085 52005 87030 333   20136=
33902 32997 01001 10216 20154 30037 40093 53006 333 20150 555 10027=
33924 12597 51501 10225 20186 30076 40088 53003 60002 82901 333 20177=
33946 12680 31003 10227 20189 39879 40086 54000 60002 81301 333 20173=
33983 12597 23001 10239 20196 30034 40090 54000 60002 82500 333 20159=
34300 32697 61104 10200 20049 39960 40128 56001 85530 333 20177 555 10023=
34336 41598 80903 10193 20112 30061 40159 57004 72522 8633/=
34344 82598 71104 10211 20128 30075 40158 57003 82930=
34356 81997 80804 10189 20130 30040 40180 57004 70282 8807/ 333 20170=
34357 81498 80903 10172 20129 30023 40171 54001 78082 8695/ 333 20172=
34398 32998 61405 10238 20064 30213 40222 58006 86086 333 20155=
34415 32670 70901 10189 20099 30027 40119 57002 87500 333 20153 555 10023=
34438 82997 20907 10224 20095 39956 40135 57004 82040 333 91010 91112=
34445 82998 60907 10213 20107 30051 40158 54001 86070 333 91010 91112=
34461 81597 60904 10204 20098 30125 40178 54001 70182 84550=
34473 32997 71006 10219 20071 30164 40200 57004 84051 333 20180=
34476 82998 71005 10234 20052 30190 40197 57004 86034=
34504 11965 50903 10148 20132 39937 40104 57006 60102 70198 85030 333 20095=
34535 82698 41105 10229 20108 30059 40127 58005 81181 333 20181=
34545 82998 20905 10229 20088 30034 40139 58007 80030 333 91110=
34555 81598 31104 10221 20116 30074 40159 57006 70181 82232=
34560 42997 61207 10220 20089 39991 40170 57001 86030 333 91110=
34578 82997 81304 10224 20096 30172 40178 56001 8808/=
34579 82598 60703 10233 20082 30146 40188 52001 86500=
34644 82597 30803 10217 20109 30053 40125 57004 82830 333 20179 91110=
34646 82998 11104 10220 20134 30055 40132 57008 80001 333 20192=
34655 82597 50907 10230 20097 30085 40141 57008 83130 333 20182 91011 91112=
34662 82998 81004 10231 20087 30153 40164 58007 80051 333 20177=
34691 32998 61104 10230 20059 30217 40205 58003 83032 333 20168=
34720 81598 60502 10193 20140 30072 40109 54000 71798 86500 333 20163=
34727 82597 30403 10216 20150 30073 40101 54001 82501=
34743 82997 71104 10217 20114 30050 40134 57002 84031=
34759 81597 80805 10209 20140 30014 40137 58006 72998 85931 333 20160 91110=
34772 82998 71105 10246 20062 30167 40170 53003 87034 333 20195 91111=
34785 82998 81207 10243 20071 30204 40183 58002 86082 333 91111=
34798 32997 51109 10242 20103 30220 40193 58003 80005 333 20120=
34824 82997 01701 10228 20177 30094 40098 52001 333 20176=
34838 42697 61301 10234 20157 30011 40101 57002 84439=
34845 82998 01103 10228 20155 30011 40111 53002 333 20171=
34858 41597 81303 10214 20149 30025 40126 55000 70291 8635/=
34861 82698 61408 10221 20100 39906 40133 57006 84131 333 91010=
34866 82998 31208 10248 20121 30146 40138 58009 80031 333 20190 91011 91113=
34880 82597 71004 10229 20115 30200 40175 57001 84931=
34887 81998 80704 10241 20118 30178 40160 58003 70711 82087 333 91111=
34949 81998 31203 10204 20151 39593 40105 57001 70281 82031=
34954 82598 50702 10225 20163 39949 40111 58006 83501=
34958 42598 70802 10218 20156 39928 40115 50000 85501=
34975 41997 61307 10253 20154 30132 40128 57004 70711 86034 333 91013 91113=
34984 81997 70909 10230 20137 30180 40152 54000 70722 80071 333 91014 91114=
35217 32997 70903 10248 20038 30214 40251 58002 80001 333 20138=
35302 32998 61404 10232 20087 30226 40246 58002 80003 333 20132=
35315 32598 40901 10210 20074 30204 40257 52004 84500 333 20110=
35344 32699 40000 10226 20124 30000 40268 58001 82181 333 20097=
35345 36/// /0803 10226 20120 39969 40269 50002=
35358 32997 00203 10223 20095 30099 40258 54000 333 20142=
35368 32999 03604 10205 20109 30001 40251 58001 333 20110=
35386 32998 50000 10200 20062 39752 40238 58005 85070 333 20064=
35394 32698 23401 10189 20063 39600 40234 58006 82100 333 20054=
35404 32598 71504 10234 20084 30221 40229 58004 84504 333 20145=
35406 32997 61403 10249 20081 30239 40241 58002 86030 333 20128=
35416 32998 61501 10224 20075 30141 40254 57002 84035 333 20122=
35426 32999 60000 10239 20120 39992 40261 52002 80001 333 20119=
35437 32698 70601 10236 20077 39971 40262 54000 82104 333 20109=
35449 32998 00205 10226 20121 30167 40263 52003 333 20147=
35497 32998 00901 10200 20036 39478 40221 58006 333 20056=
35498 32698 21101 10208 20032 39402 40216 57007 82100 333 20036=
35514 32998 61103 10234 20053 30250 40246 54000 84031 333 20130=
35519 32998 31103 10203 20046 30189 40257 57002 80001 333 20113=
35522 32998 61103 10231 20071 30021 40255 52008 80001 333 20117=
35542 32999 20503 10240 20111 30128 40264 52002 80001 333 20131=
35563 32598 50000 10200 20102 39514 40230 58004 85200 333 20097=
35576 32998 00504 10217 20086 39815 40231 58004 333 20074=
35582 32998 00504 10199 20113 39668 40226 58004 333 20053=
35594 32999 11702 10198 20030 39436 40215 58007 80001 333 20049=
35605 32998 81105 10227 20074 30248 40228 58001 80008 333 20135=
35633 32998 23603 10235 20063 30061 40259 54000 80003 333 20114=
35671 32998 03503 10213 20056 39837 40236 58004 333 20090=
35699 32997 60502 10192 20022 39514 40219 53014 80003 333 20104=
35700 32998 61105 10240 20067 30248 40226 58002 80005 333 20164=
35715 32999 51405 10243 20056 30253 40239 58003 80001 333 20146=
35739 32999 20904 10238 20084 30121 40250 53001 80001 333 20100=
35746 32998 00606 10243 20068 30188 40250 58003 333 20129=
35777 32997 00000 10183 20067 39908 40232 52006 333 20114=
35796 32997 80503 10196 20029 39813 40218 53002 8801/ 333 20129=
35816 36/// /1206 10243 20057 30244 40255 56003=
35849 32998 20503 10227 20071 30159 40239 54000 80001 333 20112=
35895 32598 70504 10183 20090 39806 40221 52001 82302 333 20115=
35907 32998 71009 10201 20121 30209 40181 53003 80002 333 20176=
35925 32998 21106 10230 20056 30132 40235 58006 80004 333 20118=
35927 32998 21404 10236 20051 30228 58003 80001 333 20131=
35953 32999 00502 10236 20048 30115 40233 52001 333 20132=
35969 32999 00501 10246 20053 30096 40228 52003 333 20119=
35997 32698 63601 10220 20094 39798 40198 54000 83575 333 20140=
36259 82999 02201 10135 21020 38285 48544 57019=
36335 32699 20401 10172 20045 39279 40237 58004 82101 333 20045=
36358 32599 60000 10148 20064 39280 40239 58004 86300 333 20025=
36394 32797 23403 10197 20078 39837 40231 58011 82101 333 20035=
36397 32699 30202 10188 20071 39700 40227 58007 82241 333 20068=
36403 32998 00802 10176 20097 39885 40222 58016 333 20036=
36418 32799 20303 10202 20063 39632 40200 58011 81203 333 20077=
36421 32999 00000 10179 20069 39683 40208 58023 333 21006=
36428 32999 01603 10185 20074 39745 40211 58016 333 20034 95000=
36439 32998 03102 10162 20042 39005 48559 58018 333 20027=
36467 32999 62303 10182 20007 39342 40223 58006 86070 333 20032=
36498 32698 70106 10182 20045 39478 40215 58007 81531 333 20092=
36501 32699 50000 10170 20070 39524 40228 58007 85200 333 20075=
36535 32999 00000 10235 20057 39622 40199 57014 333 20027=
36546 32999 41402 10208 20052 39709 40206 57005 80001 333 20036=
36619 32999 60501 10223 20056 80001 333 20106=
36622 32998 70404 10194 20036 39457 40201 58010 83041 333 20088=
36639 32999 60000 10229 20050 39624 40178 58008 80001 333 20068=
36643 32999 20803 10203 20040 39591 40202 58013 80001 333 20070=
36665 32999 33102 10197 20045 39527 40198 58011 80002 333 20100=
36666 32999 73406 10186 20083 39752 40210 58010 80001 333 20077=
36729 32998 82702 10206 20068 39742 40187 58005 8807/ 333 20100=
36736 32699 71101 10227 20052 39680 40188 58011 82135 333 20070=
36744 32998 80502 10202 20045 39785 40202 54000 8807/ 333 20105=
36770 32599 80000 10179 20082 39522 40200 58006 86902 333 20103=
36786 32699 80201 10160 20065 39336 40199 52005 889// 333 20117=
36796 32998 80000 10134 20026 39064 48544 54000 8805/ 333 20044=
36803 32999 83304 10184 20122 39780 40198 58001 80007 333 20127=
36806 32599 81305 10222 21037 39752 40183 58008 889// 333 20108=
36819 32598 82010 10196 21008 39634 40205 52007 8295/ 333 20123 91118 91804=
36821 32598 81307 10189 20084 39751 40208 52003 889// 333 20137=
36839 11599 82102 10123 20082 39138 40215 58007 60010 71582 8394/ 333 20105=
36843 32698 80401 10153 20047 39091 40199 58006 86932 333 20105=
36846 11699 81801 10107 20050 38656 48554 58008 69940 70282 883// 333 20070=
36859 11598 71602 10180 20110 39468 40199 54000 69910 70282 83971 333 20133=
36870 11597 62301 10186 20092 39240 40186 58016 69940 70282 86903 333 20115=
36874 32699 60506 10198 20030 39470 40194 58009 86500 333 20113=
36877 11699 71003 10201 20021 39286 40196 58009 69900 70282 84931 333 20117=
36885 11599 62704 10157 20034 39140 40208 58011 60010 70282 82931 333 20104=
36889 11499 83601 10040 20036 37103 47127 58001 60120 70272 886// 333 21031=
36894 11598 72302 10170 20067 39515 40212 58009 69970 70282 85972 333 20129=
36905 31598 72601 10119 20074 38789 48556 58001 78082 85370 333 20115=
36911 42999 30703 10180 20093 39281 40199 58043 83080 333 20105=
36927 42699 72710 10134 20034 38382 48540 57001 84952 333 20088 91116=
36934 11599 71103 10131 20069 38298 48422 57018 60202 70382 84932 333 20083=
36953 32699 70000 10124 20044 38239 48508 58007 85941 333 20087=
36963 41798 61802 10018 20010 37089 48/// 51001 70242 86500 333 21046=
36974 42798 60000 10116 20045 38011 48541 58010 84202 333 20025=
36982 41598 72105 11009 21012 36581 47134 52004 70272 83550 333 21026=
37018 82998 00000 10283 20179 30027 40097 52001 333 20201=
37031 82597 11102 10232 20164 39917 40099 54000 81100=
37054 82698 80000 10198 20166 39751 40113 58003 84534=
37061 82597 70802 10210 20169 39960 40118 53001 82570=
37085 82598 71107 10250 20176 30151 40125 54000 83102 333 91012 91113=
37171 42998 10502 10275 20175 30075 40092 58003 81030=
37228 82698 52901 10188 20154 39326 40113 52009 82571=
37235 82698 71801 10208 20186 39818 40115 52003 8750/=
37472 81596 81502 10243 20210 30137 40116 52001 71011 8657/=
38149 42998 00603 10232 20041 30148 40220 57005 333 20073=
38178 42998 00102 10253 20046 39930 40197 52002 333 20141=
38262 32998 00602 10238 20095 30141 40218 52004 333 20105=
38264 42998 00303 10243 20011 30127 40215 57003 333 20110=
38345 42799 22501 10206 20061 38837 48554 58005 82200 333 20060=
38353 42698 30702 10214 20041 39348 40194 52002 82101 333 20143=
38392 72997 01005 10253 20053 30114 40211 52006 333 20130 6////=
38396 42997 00503 10246 20065 30091 40208 54000 333 20121=
38403 42297 00504 10254 20076 30087 40200 52003 333 20176=
38413 42998 00703 10251 20027 39922 40194 52017 333 20142=
38457 32997 02702 10240 20029 39623 40174 57002 333 20112=
38462 42999 22302 10193 21005 38782 48533 58010 82050 333 20083=
38462 42999 22302 10193 21005 38782 48533 58010 82050 333 20083=
38507 72998 00908 10277 20002 30065 40161 58004 333 20199 6//// 91002 555 50266=
38545 32998 00203 10254 20094 30024 40188 58002 333 20100=
38565 32998 00000 10238 20051 39608 40181 58006 333 20056=
38579 32999 00903 10240 20082 39781 40174 58001 333 20130=
38583 32997 03202 10226 20070 39884 40188 58001 333 20113=
38599 32998 00705 10216 20074 39695 40182 58007 333 20130=
38611 42997 01803 10218 20084 39645 40185 57008 333 20118=
38613 42999 21301 10198 20056 40176 58006 82200 333 20110=
38616 42599 11801 10190 20072 39209 40173 58002 81300 333 20066=
38618 12997 02801 10209 20103 39521 40173 57010 69900 333 20089=
38647 72998 00707 10240 20015 30115 40155 54000 333 20176 4//// 6////=
38656 72998 00704 10248 20027 30092 40195 52004 333 20168 6////=
38683 42997 00205 10249 20043 39913 40172 58001 333 20011=
38687 32997 00503 10246 20009 39957 40179 58001 333 20134=
38696 32999 00702 10231 20055 39355 40161 52005 333 20112=
38713 32998 00702 10200 20055 39060 48500 53002 333 20085=
38750 72997 02201 10288 20222 30179 40152 52006 333 20194 6////=
38763 72998 01006 10228 21002 30071 40171 52003 333 20160 6////=
38774 72998 01102 10233 20036 39999 40184 52008 333 20144 6////=
38799 32997 00202 10255 20013 39959 40177 58001 333 20119=
38806 32997 03603 10244 20070 39908 40153 52001 333 20112=
38812 42997 00000 10240 20040 39727 40153 52010 333 20124=
38836 32999 00000 10244 20086 39216 40090 58006 333 20137=
38880 02997 01006 10264 20025 39919 40158 58014 60002 333 20142 6////=
38886 72997 00401 10267 20068 39984 40198 52012 333 20110 6////=
38895 32996 00201 10256 20076 39913 40184 52003 333 20138=
38911 32998 01801 10216 20073 39882 40162 54000 333 20126=
38915 32997 00000 10276 20102 39867 40168 52009 333 20130=
38927 32960 01602 10231 20048 39802 40158 58002 333 20111=
38933 32997 01802 10234 20122 39682 40167 58002 333 20110=
38944 32998 01801 10239 20067 39588 40093 52006 333 20131=
38954 32999 00000 10184 20050 37929 48480 57012 333 20088=
38974 72998 01802 10250 20030 39863 40178 52005 333 20014 6////=
38987 32996 00403 10267 21054 39465 40161 52005 333 20100=
40030 32970 00000 10270 20194 40109 51011 333 20228=
40066 32570 30000 10256 20217 4//// 5//// 83400 333 20200 83626=
40080 32965 02203 10259 20139 39410 4//// 54000 333 20203=
40100 43/60 09902 10281 20227 30100 40115 52011 6///1 333 58///=
40180 12560 21601 10279 20223 30057 40104 52011 60002 82400 333 10281 20252 70000=
40199 129// /0504 10314 20184 30071 40095 52007 60002 333 10337 20284 70000=
40255 36/// /2805 10224 29086 3//// 4//// 5////=
40265 31956 03606 10246 20112 39351 40104 52011 70500 333 20180 30015=
40270 32960 03006 10267 20065 39246 40096 52012 333 20218 30017=
40272 31950 00000 10248 20115 39310 40105 52016 70500 333 20170 30015=
40296 36/// /0000 10296 29063 4//// 5////=
40340 32960 00105 10308 20174 30040 40101 52010 333 20284 30027=
40356 42960 00112 10290 20100 39145 48501 333 20244 58007 555 04410 50053=
40357 42960 03211 10325 20050 39450 40040 333 20275 58003=
40360 42960 03114 10290 20060 39521 40076 333 20225 58004=
40361 42960 02308 10300 20070 39339 40090 333 20247 58007=
40362 42960 32908 10361 20010 39571 40043 83030 333 20289 58006 83359=
40373 42960 32715 10388 20040 39661 40046 83030 333 20300 59011 83360=
40375 42960 03204 10286 20110 39244 40067 333 20245 58004=
40394 42660 41804 10338 20070 39004 48519 84400 333 20298 58004 84640 555 04410 50046=
40394 42660 41804 10338 20070 39004 48519 84400 333 20298 58004 84640 555 04410 50046=
40400 42960 03304 10332 20160 30053 40080 333 20272 59001=
40405 42660 21303 10310 20030 39365 40066 82500 333 20262 58005 82640=
40417 42960 02706 10390 20040 30019 40033 333 20252 59022=
40420 42960 02604 10391 20020 39845 40038 333 20273 59015=
40430 42660 52907 10352 20050 39367 40067 85500 333 20321 59009 85640=
40437 42960 00202 10358 21030 39396 40050 333 20262 59008=
40439 42660 32603 10320 20170 30045 40063 81530 333 20270 59002 81640=
40582 31958 03106 10430 20100 40036 51006 70500 333 55307 00594 10000 21836 30707 41393 51738 62543 55407 41129 90400 91007 91107 91205 91303=
40703 12660 50910 10254 20115 38930 40110 51002 60001 85300 333 30015 50661 70000 81935 84640 555 10171 29042=
40706 12562 13404 10258 20087 38663 40090 56002 60001 81400 333 30014 50861 70000 555 10160 29034=
40712 12660 11103 10259 20102 38687 40096 52007 60001 81500 333 30009 50701 70000 81640 555 10166 29037=
40713 12960 02903 10260 20083 38667 40082 52005 60001 333 30013 50851 70000 555 10158 29033=
40718 12460 10901 10284 20219 30172 40145 55000 60001 81100 222// 0//// 20301 333 30018 50351 70000 555 10240 29068=
40723 12970 09901 10220 21025 38978 40152 58001 60001 333 30005 50751 70000 555 10109 29019=
40726 12960 00000 10250 20067 38665 40091 58001 60001 333 30009 50821 70000 555 10148 29031=
40727 12960 03201 10249 20046 38504 40102 52006 60001 333 30008 50751 70000 555 10140 29027=
40732 12565 33502 10280 20224 30158 40135 53002 60001 83500 333 30022 50441 70000 83627 555 10242 29072=
40736 12560 30000 10298 20232 30167 40143 57002 60001 83600 333 30023 50351 70000 83722 555 10253 29068=
40737 12660 13401 10298 20212 30119 40136 57006 60001 81100 333 30019 50301 70000 81835 555 10240 29060=
40738 12960 00000 10296 20216 30153 40155 58002 60001 333 30018 50521 70000 555 10242 29062=
40739 12965 00603 10240 20050 38707 40122 58002 60001 333 30013 50881 70000 555 10138 29029=
40741 12960 00000 10256 20046 39864 40183 51005 60001 333 30011 50881 70000 555 10149 29026=
40743 12970 01007 10235 21046 39078 40141 58001 60001 333 30016 51241 70000 555 10112 29015=
40745 12965 01003 10208 20031 39066 40171 58002 60001 333 30006 51061 70000 555 10120 29031=
40747 12960 00000 10260 20006 38648 40091 51004 60001 333 30008 50971 70000 555 10132 29019=
40754 12960 01702 10293 20025 38840 40090 51002 60001 333 30017 51101 70000 555 10152 29018=
40762 12965 01302 10231 21098 38568 40114 50003 60001 333 30006 51041 70000 555 10097 29010=
40766 12970 01304 10290 21062 38698 40076 53007 60001 333 30009 51201 70000 555 10130 29010=
40768 12960 02702 10234 20022 38287 40082 52004 60001 333 30008 50881 70000 555 10125 29025=
40769 11956 00402 10253 20039 38329 40080 53003 60001 70600 333 30012 51001 70000 555 10138 29025=
40780 12960 01302 10332 20011 38677 40062 52006 60001 333 30020 51031 70000 555 10162 29013=
40782 12965 00000 10299 20022 38854 40070 52007 60001 333 30014 50901 70000 555 10154 29017=
40785 12960 00000 10260 21012 39081 40102 52008 60001 333 30019 50971 70000 555 10130 29017=
40791 12962 03205 10322 21021 39318 40084 50000 60001 333 30021 51121 70000 555 10155 29011=
40792 12965 00205 10268 21138 38715 40082 58001 60001 333 30014 51101 70000 555 10110 29006=
40798 12960 00401 10245 20003 38015 40108 51003 60001 333 30007 51001 70000 555 10121 29020=
40800 11958 01101 10303 20025 38498 40095 51005 60001 70500 333 30014 50801 70000 555 10154 29017=
40809 12962 02602 10244 21203 38489 40074 58001 60001 333 30006 51471 70000 555 10091 29004=
40811 12960 01001 10386 20144 30003 40027 51011 60001 333 30025 51001 70000 555 10233 29024=
40812 12960 01502 10426 20065 39681 40024 52012 60001 333 30023 51061 70000 555 10216 29011=
40818 12965 02902 10249 21054 38023 40074 58002 60001 333 30012 50951 70000 555 10109 29013=
40821 12965 03002 10286 20011 38802 40095 51005 60001 333 30017 51541 70000 555 10145 29017=
40829 11908 03417 10267 20000 39528 40068 51017 60001 73030 333 30019 52711 70000 555 10139 29018=
40831 11957 03004 10407 20113 30028 40036 52010 60001 70500 333 30025 51401 70000 555 10228 29018=
40833 12960 01402 10395 20194 30006 40036 53009 60001 333 30025 50921 70000 555 10259 29031=
40835 12960 00000 10385 20101 39268 40033 51005 60001 333 30020 51141 70000 555 10212 29018=
40841 12970 03402 10252 21013 38266 40062 50002 60001 333 30014 51141 70000 555 10122 29017=
40845 11956 03602 10348 20291 30022 40027 51005 60003 70500 333 30026 50551 70000 555 10305 29073=
40848 12960 00000 10308 20027 38527 40046 51008 60001 333 30015 50941 70000 555 10156 29017=
40851 12960 02804 10292 20019 38271 40034 50001 60001 333 30014 51401 70000 555 10146 29017=
40854 12960 03303 10328 21015 38918 40032 58004 60001 333 30023 51061 70000 555 10156 29011=
40856 11958 00504 10267 21013 38609 40042 58003 60001 70500 333 30010 51141 70000 555 10130 29016=
40859 12960 03005 10338 21025 38688 40037 51006 60001 333 30017 51271 70000 555 10156 29010=
40875 11940 01302 10372 20269 30015 40026 51007 60001 70500 333 30029 51001 70000 555 10296 29056=
40879 12962 02405 10373 20018 39398 40023 50001 60001 333 30023 51691 70000 555 10184 29011=
40882 11930 70503 10348 20296 39995 40027 51012 60001 70522 83039 333 30027 50861 70000 83359 84168 555 10309 29075=
40883 11930 21602 10350 20292 30005 40027 53010 60001 70500 82030 333 30028 50701 70000 82360 555 10306 29072=
40893 11956 01106 10310 20284 30014 40020 51015 60001 71000 222// 00295 20401 333 30029 50901 70000 555 10291 29086=
40898 11956 01305 10318 20267 30000 40009 56008 60001 70500 222// 00300 20900 333 30026 50791 70000 555 10281 29075=
41024 42660 23310 10351 20230 30041 40066 82500 333 20318 59008 82640=
41036 42960 03509 10302 20060 38557 48509 333 20240 59008 555 04410 50064=
41055 42960 03210 10284 20050 38362 48504 333 20238 59006 555 04410 50059=
41061 42660 41116 10383 20030 39371 40030 84100 333 20286 59010 84840=
41084 42960 00406 10330 21030 38826 48497 333 20267 59003 555 04410 50025=
41112 42960 00208 10248 20040 37955 48509 333 20156 59002 555 04410 50056=
41114 42960 00304 10254 20060 37986 48504 333 20159 59003 555 04410 50045=
41128 42960 01106 10338 21050 38786 48506 333 20220 58003 555 04410 50044=
41136 42960 02203 10358 20030 39262 40026 333 20250 59007=
41140 41959 00908 10336 20260 30057 40062 70500 333 20291 59008=
41150 42966 02705 10382 20170 40036 333 20327 30032 59021=
41176 44/70 /2909 10379 20162 30026 40032 333 20259 59019=
41184 41658 42504 10354 20247 40037 81530 333 20245 59018 81640 83360=
41194 11940 22007 10322 20278 30028 40035 60001 70500 82030 333 20302 59019 82368=
41196 11940 31705 10336 20271 39999 40038 60001 70500 83030 333 20265 59018 83368=
41216 41935 09904 10337 20292 30033 40037 70500 333 20313 59016=
41217 41956 02605 10351 20269 30004 40032 70500 333 20301 30029 59017=
41246 31958 01006 10337 20283 30025 41025 70500 333 20285 3/030 59025=
41255 36/// /1403 10345 20173 39536 40018 333 0E029 20273 59017 =
41256 32960 02003 10401 20126 30011 40026 90545 333 20285 59026 55407 55408 55507 55508=
41258 36/// /2808 10381 20160 30014 40018 333 0E/// 20305 55305 21829 59029=
41263 26/// /1401 10346 20169 39480 40012 333 0E025 20270 55300 22024 59010 70000 =
41265 26/// /1301 10359 20172 39473 40006 333 0E028 20263 55300 21985 59020 70010 =
41275 36/// /2408 10350 20181 39895 40056 333 0E027 20264 55300 21795 59019 =
41288 31457 22407 10292 20245 30036 40057 70511 82500 333 20248 3/026 59015 82610=
41316 32560 71905 10287 20254 30046 40075 87500 90545 333 20267 59002 55407 55408 55507 55508 87625=
41398 52419 10310 20271 40090 50/// 70382 85463 22263 00290 20306 324// 40306 80280=
41480 41456 13004 10324 20259 30052 40061 70544 81500 333 20290 30/// 59013 81617=
41497 51303 10326 20245 40063 56006 70322 82304 22282 04305 20100 335// 40501 80266=
41498 52406 10310 20284 40061 57012 70211 84464 22253 00301 20401 322// 40502 80290=
41506 02697 21802 10280 20122 38453 48450 60001 82200 333 56900 59008 60007 82830=
41508 02997 02302 10283 20142 38612 48491 60001 333 59002 60007=
41515 02697 30000 10250 20126 38490 48454 60001 83200 333 56900 59003 60007 83850=
41523 02997 00000 10280 20183 39020 48469 60001 333 59006 60007=
41535 02997 03602 10265 20173 38634 48414 60001 333 59026 60007=
41536 02997 00000 10290 20177 38964 48465 60001 333 59010 60007=
41560 02997 01302 10260 20154 38257 48469 60001 333 59004 60007=
41598 01696 10000 10335 20266 39755 40010 60001 70400 81100 333 56900 59012 60007 81835=
41600 01696 60000 10325 20285 39737 40015 60001 70422 82570 333 56990 59010 60007 83645 84363=
41620 32996 01802 10295 20135 38514 48419 60001 333 59012 60007=
41624 02697 62302 10355 20266 39824 40012 60001 82520 333 56990 59009 60007 82637 83460=
41630 01696 32302 10355 20259 40020 60001 70400 83400 333 56900 59012 60007 83640=
41640 01696 40000 10340 20249 39781 40015 60001 70400 82530 333 56990 59013 60007 82640 83360=
41660 01995 03108 10250 21051 38391 48476 60001 70500 333 59010 60007=
41678 01996 00000 10350 20237 40020 60001 70500 333 59016 60007=
41696 02997 00000 10240 21032 38005 48498 60001 333 58005 60007=
41697 02997 02304 10380 20256 40003 60001 333 59015 60007=
41700 01996 01804 10370 20252 40003 60001 70400 333 59015 60007=
41710 11996 03114 10285 21095 39283 40018 60001 70700 333 59004=
41712 11996 03108 10305 21053 39120 48472 60001 70600 333 59009=
41715 01996 00502 10345 20285 39946 40007 60001 70500 333 59012 60007=
41718 01996 00000 10350 20253 39907 40004 60001 70400 333 59019 60007=
41725 12996 02302 10350 20253 40021 60001 333 59008=
41739 01996 03106 10305 21027 38995 48480 60001 70500 333 59002 60007=
41744 11996 00000 10315 20054 38717 48455 60001 70600 333 59027=
41749 02996 01304 10335 20259 39982 40015 60001 333 59016 60007=
41756 01996 01806 10310 20254 39975 40038 60001 70504 333 59017 60007=
41764 02996 32110 10320 20242 39969 40017 60001 83030 333 56090 59010 60007 83360=
41768 02596 12306 10325 20263 30015 40022 60001 81600 333 56500 59012 60007 81720=
41780 02596 72508 10305 20241 39999 40026 60001 87600 333 56900 59017 60007 83720 86630=
41785 02697 32304 10305 20256 30023 40036 60001 83500 333 56500 59011 60007=
41859 32450 41302 10346 20260 30000 40037 82530 333 56990 58005 70000 82618 84362=
41883 32456 50904 10330 20250 30013 40033 82530 333 56290 58005 70000 82616 85362=
41891 31445 73603 10330 20230 30004 40041 70522 84370 333 56990 58007 70000 84615 81930 86460=
41907 32456 51304 10335 20270 30008 40023 83830 333 56390 58001 70012 82615 83362=
41923 32456 51202 10338 20270 30023 40033 82530 333 56390 58004 70214 82615 85365=
41936 31440 51706 10334 20260 30012 40019 70522 83630 333 56990 58006 87210 83615 84362=
41943 11445 51302 10298 20260 30036 40043 60025 70262 83530 333 56990 58002 70020 83616 84362=
41950 32350 61802 10335 20270 30022 40024 86301 333 56409 58000 70000 81708 84616 81928=
41978 32457 71610 10333 20260 30032 40038 84320 333 56990 58002 70010 83618 81930 87460=
41992 11430 71604 10318 20270 30037 40039 60028 70565 83530 333 56990 58004 70030 83616 87362=
41997 11009 10202 20107 40231 57010 70111 81040 22200 04203 20302 30611 40704 50602=
42001 10051 99259 70897 46/// /0908 10298 20292 30104 40107 90530 22200 00299 333 91210 555 11091 22097 8//09 90529=
42027 32596 22301 10260 20140 38370 48449 82100 333 59010=
42044 32596 33201 10260 20157 38238 48461 83400 333 59014=
42045 32596 21402 10282 20173 38267 48382 82200 333 59014=
42056 32696 52303 10326 20271 39594 85800 333 59012 82635 88440=
42071 31596 61408 10304 20282 40020 71711 84920 333 59011 83625 81930 85459=
42097 10061 99257 70837 46/// ///// 1//// 90556 22200 00304 10601 20601 70005=
42101 31696 40502 10314 20258 40037 70261 81130 333 59001 81835 83360=
42111 31595 41402 10322 20254 39345 40006 70511 83830 333 59001 82620 83830=
42123 32596 20501 10346 20241 40012 82100 333 59014 82830=
42131 21596 71801 10254 20254 40035 72996 85520 333 58000 6003/=
42165 32696 10000 10364 20246 40001 81500 333 59017 81640=
42182 31695 40000 10336 20267 40018 70511 82530 333 59005 82635 83360=
42189 31595 50000 10334 20274 40016 70521 85800 333 59001 84625=
42260 32596 40505 10335 20294 40013 83531 333 59008=
42309 31496 50703 10330 20284 40026 71022 83830 333 59001=
42314 32596 59902 10344 20276 40021 82530 333 59009 82620 85360=
42328 32996 02302 10338 20235 49991 333 59015=
42339 31695 43201 10328 20255 40019 70522 82501 333 59011 82635=
42348 31595 70704 10318 20268 40020 71022 84530 333 59009 84630 85359=
42361 31595 50000 10324 20272 40010 70510 85400 333 59015 83620 85825=
42369 31596 60902 10340 20287 40008 70522 84530 333 59007 82620 82360=
42379 31595 60906 10342 20273 40007 70522 86400 333 56200 59014 86620=
42410 31496 51403 10342 20282 40034 70522 83330 333 58002 83618 81925 85360=
42415 31596 60000 10336 20282 40037 70196 83430 333 59001 82620 84360=
42452 31596 50000 10312 20265 40009 71011 84520 333 59011=
42492 31596 61106 10332 20260 40008 70522 85430 333 59008 82620 83825=
42559 32596 50502 10306 20252 49999 82202 333 59004 82825 85075=
42571 32596 50000 10304 20271 49986 83530 333 59022 83625 84360=
42591 31496 70711 10304 20262 40007 70521 84630 333 59007 82712 84618 86360=
42623 31496 62701 10308 20235 39184 40013 70522 84630 333 58000 81710 84618 86360=
42634 32596 52002 10310 20232 40044 85800 333 59012 83825 83620=
42647 31496 63204 10314 20267 40038 70521 86700 333 56700 59019 83715 83620=
42667 21596 72705 10274 20249 39443 40014 70596 83730 333 59012 6001/ 82710 83620 86360=
42675 21595 70503 10290 20265 49978 70562 85430 333 59029 6996/ 83620 84830 86360=
42701 21496 61404 10272 20253 39293 40001 71062 84430 333 58000 6992/ 83615 82825 85360=
42724 21495 70000 10300 20269 40037 72162 85330 333 58005 6004/ 84618 83825 81930=
42737 32596 52506 10316 20245 40042 83530 333 59011 83620 85358=
42754 31496 62507 10272 20247 39403 40020 70522 84630 333 59008 82710 83618 86360=
42779 21495 80000 10248 20242 39290 49970 75065 8572/ 333 59034 6007/ 82710 84620 88458=
42798 31496 61109 10312 20259 49990 70522 83530 333 58000 84615 85360=
42809 31496 61404 10329 20270 40008 70522 85430 333 57970 58001 82618 84825 81930 85360=
42840 21596 70000 10284 20259 40052 72162 84530 333 59007 6999/ 84620 87360=
42867 21495 82703 10260 20254 40008 79596 8792/ 333 59011 6004/ 83710 83618 81930 88458=
42874 21496 82503 10256 20253 49969 76096 8372/ 333 59026 6008/ 83710 85618 88458=
42886 21496 80908 10284 20256 49990 70562 8652/ 333 58004 6996/ 86618 88458=
42895 31596 60503 10324 20272 49997 70262 84401 333 58016 85620=
42909 21596 69902 10294 20269 40046 70152 83230 222// 20000 333 59014 6994/ 83825 84358=
42971 31496 62306 10326 20262 40002 70522 85430 333 58072 84618 85360=
43003 21495 80000 10282 20251 40056 76022 8672/ 333 59009 6001/ 82712 84616 88458=
43014 31596 72705 10272 20220 39400 40030 70542 83530 333 59008 83620 86360=
43041 21495 82304 10260 20243 39400 40003 70562 8672/ 333 58001 6991/ 83715 86620 88458=
43063 21597 52702 10272 20238 39439 40048 70265 85800 333 59004 6992/ 83626 83828=
43086 32597 82301 10282 20265 39841 40015 8357/ 333 59016=
43110 21496 42510 10302 20251 40072 70162 83730 333 59006 6992/ 82712 83618 85358=
43117 32597 61802 10290 20240 40052 84420 333 59006=
43128 31496 72704 10274 20225 39441 40034 70522 83830 333 56690 59012 83615 87360=
43150 32596 52308 10324 20257 39948 40008 83801 333 56509 58016 82620 84075=
43185 32597 42510 10318 20253 30019 40021 83530 333 59006 83620=
43189 32597 62303 10318 20279 30013 40022 83530 333 58010=
43192 21596 82304 10286 20264 40073 75062 8377/ 333 59002 6005/=
43198 21396 72710 10246 20220 39248 40060 75952 85631 333 56689 59004 6997/ 83708 84612 85358=
43201 32497 72305 10284 20215 39330 40037 85430 333 56690 59001 82612 83818 85358=
43213 32597 82703 10294 20229 39729 40039 84877 333 56699 59005=
43233 21497 72515 10260 20235 39268 40073 70262 84631 333 56699 59001 6992/=
43237 32497 72510 10314 20216 39644 40024 85832 333 56699 59006 84615=
43245 32597 52506 10356 20226 30010 40036 83801 333 59017=
43279 32597 22308 10346 20214 30034 40051 82500 333 59005 82620=
43284 21496 72308 10286 20252 39970 40084 70262 84831 333 58002 6996/ 82612 83820 85358=
43295 32497 52306 10256 20166 39067 48484 84801 333 56509 59005 83612 84818=
43314 31597 22302 10304 20262 40096 70265 82400 333 58002=
43321 31496 42519 10324 20197 39633 40067 70520 82401 333 59001 82612 83070=
43329 32597 20000 10348 20243 30043 40056 81501 333 58001=
43333 21495 82308 10290 20262 40072 76062 8541/ 333 59004 6002/ 82617 84819 88456=
43353 21396 52704 10288 20254 40098 71065 82720 333 56790 58001 6003/ 82708 83612 83459=
43369 21496 72703 10270 20267 40106 72166 84430 333 59007 6996/ 84618 86358=
43371 32497 53202 10310 20260 30029 40101 84401 333 59004 84618=
44212 32599 20702 10198 21013 39134 40192 57017 82100 333 91203=
44213 32699 23502 10172 21005 38821 40195 57012 82200 333 91203=
44214 32998 03601 10162 21039 38314 40177 58021 333 91203=
44215 32698 13502 10165 21026 38448 40188 57015 81100 333 91202=
44217 32998 00000 10127 21046 37906 40214 58009 333 91202=
44218 32999 01204 10180 21031 38638 40185 58017 333 91204=
44219 32999 01202 10189 21067 38657 40185 57010 333 91205=
44265 32999 12001 10210 21017 38865 40174 58019 80001 333 91201=
44266 32999 01703 10145 21096 37834 40192 58009 333 91204=
44404 42356 70904 10243 20202 38103 48427 85250 333 58035=
44416 42559 31804 10313 20261 39278 40013 82251 333 59003=
44424 42460 30603 10262 20164 37641 47075 82201 333 59001=
44438 42560 21014 10338 20273 39903 40022 82100 333 59003=
44449 42559 31308 10337 20287 39866 40015 83100 333 59010=
44454 42458 20605 10306 20205 38611 48452 82100 333 59002=
44462 42356 30901 10256 20195 38237 48445 83100 333 59013=
44474 41020 60201 10246 20214 38228 48468 71044 86500 333 58002=
44477 42560 32102 10314 20235 38772 48489 83200 333 58006=
44478 42558 30910 10334 20266 39942 40024 83100 333 59002=
48010 32460 42201 10295 20266 39878 40027 82830 333 56550 59008=
48020 21457 73602 10299 20253 70254 85930 333 56490=
48025 32456 73201 10301 20253 39902 40039 84870 999 56990 59004=
48031 32257 61401 10265 20215 86800 333 56400=
48048 21550 81801 10288 20282 39975 40030 75155 8692/ 333 56449 59005=
48052 32457 70000 10330 20244 85830 333 56990=
48062 21456 83603 10270 20256 30042 40048 70295 86970 333 56990 58001=
48064 22456 81401 10274 20256 39981 40038 86870 333 56990 58002=
48071 21356 82703 10286 20274 30048 40056 75165 8692/ 333 5669/ 58010=
48094 21456 82201 10280 20260 30047 40057 70366 8597/ 333 5699/ 58004=
48109 32497 62303 10305 20267 30067 40070 86900 333 56900 58005=
50557 04980 /2907 10232 20003 39777 40060 52001 60002 70000 333 10242 20117 3/009 5004/ 54415 58065 60001 70000 90720 91116=
51076 04980 /1902 10202 20034 39357 40208 57009 60002 70000 333 10206 20053 3/005 5001/ 54405 59008 60001 70000 90720 91105=
51087 04980 /1801 10213 20035 39213 40192 57020 60002 70000 333 10213 20076 3/006 5000/ 54405 59010 60001 70000 90720 91104=
51156 04980 /1303 10170 20010 38733 40212 57009 60002 70000 333 10177 20056 3/005 5000/ 54405 58006 60001 70000 90720 91106=
51243 04980 /0802 10215 20046 39679 40202 57010 60002 70000 333 10224 20129 3/012 5002/ 54405 59007 60001 70000 90720 91105=
51334 04980 /3001 10208 20100 39811 40200 57008 60002 70000 333 10241 20105 3/011 5002/ 54415 59002 60001 70000 90720 91104=
51379 04980 /3302 10223 20008 39282 40192 57021 60002 70000 333 10227 20067 3/006 5002/ 54405 59010 60001 70000 90720 91105=
51463 04980 /3605 10188 20030 39046 40188 57018 60002 70000 333 10193 20104 3/006 5001/ 54405 59006 60001 70000 90720 91109=
51573 04980 /2101 10298 20022 30087 40133 57023 60002 70000 333 10302 20209 3/017 5003/ 54405 59032 60001 70000 90720 91107=
51644 04957 /3205 10212 20063 38952 40155 57006 60002 70600 333 10247 20137 3/016 5003/ 54415 59001 60001 70000 90720 91112=
51656 04957 /3504 10262 20068 39133 40129 57004 60002 70600 333 10262 20146 3/010 5001/ 54405 59013 60001 70000 90720 91110=
51709 04965 /1502 10212 20063 38635 40146 57010 69912 70000 333 10213 20099 3/010 5001/ 54405 59003 69911 70002 90720 91105=
51711 04980 /2702 10134 20060 38051 40138 57013 60112 70000 333 10172 20062 3/007 5002/ 54415 59007 69961 70214 90720 91107=
51716 04058 00704 10221 20086 38909 40133 57001 69902 70060 333 10244 20178 3/017 5002/ 54405 58004 69901 79999 90720 91108=
51765 04959 /0603 10279 20014 39175 40111 57011 60002 70000 333 10281 20129 3/008 5004/ 54405 59023 60001 70000 90720 91112=
51811 04965 /3203 10200 20087 38790 40146 57009 60002 70000 333 10206 20128 3/013 5001/ 54405 58010 60001 79999 90720 91109=
51818 04964 /3402 10204 20067 38644 40132 57008 60002 70000 333 10253 20135 3/013 5003/ 54415 58021 60001 70000 90720 91109=
51828 04958 /3104 10208 20067 38636 40116 57011 60002 70000 333 10280 20150 3/015 5002/ 54415 58025 60001 70000 90720 91114=
51886 04976 /2002 10181 21002 37141 40047 57015 60002 70000 333 10189 20065 3/004 5002/ 54405 59024 60001 70000 90720 91105=
52203 04974 /0802 10287 21014 39289 40126 57021 60002 70000 333 10291 20084 3/006 5002/ 54405 59032 60001 70000 90720 91104=
52602 04980 /3202 10226 21022 37284 40024 57014 60002 70000 333 10230 20075 3/003 54405 59023 60001 70000 90720 91106=
52681 04978 /0903 10174 20123 38667 40172 57009 60002 70000 333 10202 20118 3/010 5002/ 54415 59015 60001 70000 90720 91107=
52818 04980 /0702 10197 20081 37260 40009 57013 60012 70000 333 10223 20107 3/012 5002/ 54405 59021 69911 70012 90720 91110=
52908 04980 /2601 10093 20015 35841 40062 57008 69982 70000 333 10100 20009 3/001 54405 59009 60001 70095 90720 91106=
53463 04980 /1702 10206 21012 38907 40193 57021 60002 70000 333 10210 20106 3/007 5000/ 54405 58039 60001 70006 90720 91108=
54857 04978 /1703 10293 20242 30041 40130 57005 60002 70000 333 10299 20251 3/024 5003/ 54405 58009 60001 70000 90720 91107=
55228 04980 /2705 10164 21042 36063 49906 57009 60002 70000 333 10201 20068 3/004 5003/ 54415 59007 60001 70000 90720 91109=
55299 04980 /1502 10140 20046 35911 49968 57012 69912 70000 333 10150 20060 3/005 5000/ 54405 59001 69911 70019 90720 91106=
55578 04980 /3503 10159 20055 36412 49985 57013 60022 70000 333 10204 20101 3/012 5001/ 54415 58001 60001 70015 90720 91109=
55591 04980 /1203 10179 20079 36564 49968 57014 60022 70000 333 10245 20116 3/012 5002/ 54415 58015 69981 70021 90720 91107=
55664 04980 /3102 10177 20017 36052 49946 57018 60002 70000 333 10190 20082 3/008 5003/ 54405 58000 60001 70000 90720 91105=
55773 04980 /1109 10123 20040 36068 40008 57008 69922 70000 333 10144 20032 3/001 5003/ 54415 58001 60001 70002 90720 91112=
56004 04980 /0202 10124 20041 35889 49988 57012 60002 70000 333 10124 20035 3/002 54405 59005 60001 70035 90720 91106=
56018 04980 /2704 10159 20063 36233 49966 57016 60002 70000 333 10180 20084 3/007 54415 58000 60001 70013 90720 91108=
56116 04980 /2201 10185 20047 36380 49961 57019 60002 70000 333 10211 20082 3/006 5000/ 59004 60001 70000 90720 91105=
56299 81820 83360=
56312 04980 /2302 10234 20079 37099 49971 57025 60002 72100 333 10281 20127 3/012 5001/ 54415 58009 60001 70000 90720 91104=
57494 04968 /0203 10377 20234 30048 40076 57020 60002 70000 333 10378 20265 3/027 5004/ 54405 58007 60001 70000 90720 91107=
58847 04963 /1602 10350 20216 39958 40054 57019 60002 70000 333 10354 20255 3/025 5004/ 54405 59018 60001 70000 90720 91107=
62306 32960 01512 10283 20171 40092 52003 333 20242=
62309 32960 01705 10266 20200 40085 5//// 333 20244=
62325 32960 02803 10280 20232 40103 5//// 333 20248=
62332 32960 02004 10273 20227 40104 52008 333 20258=
62337 32960 00000 10292 20227 40104 52008 333 20241=
62366 35960 01001 10308 20108 40093 52004 333 20253=
62387 31930 03305 10270 20202 40099 52005 70500 333 20226=
62393 32960 00000 10274 20123 40126 52005 333 20238=
62405 32960 02504 10324 20115 40094 52011 333 20260=
62414 32960 03404 10328 20106 40104 52012 333 20282=
62419 32960 00000 10306 20110 40091 52009 333 20254=
62420 32960 01203 10287 20182 40098 52004 333 20245=
62435 32960 01003 10301 20121 40093 52010 333 20224=
62440 32960 01805 10270 20204 40104 52004 333 20240=
62455 32960 02304 10282 20220 40102 5//// 333 20252=
62458 32960 03206 10296 20190 40091 52008 333 20273=
62459 31956 02912 10290 20243 40082 52007 70700 333 20267=
62465 32960 03210 10312 20230 40087 52014 333 20296=
63210 32980 02606 10370 20230 40052 333 20314 59009=
63227 32580 22423 10288 20180 40147 82200 333 20254 59002 82830=
63330 33980 00000 10188 20129 37813 40288 333 20115 59005==
63331 13980 0//// 10202 20168 38119 40259 60034 333 20140 59001==
63332 12980 11702 10192 20175 38237 40134 60214 80001 333 20140 58000 81070==
63333 32580 10000 10214 20162 38179 40195 81100 333 20140 59010 81827==
63334 31570 40000 10112 20104 37653 7102/ 84500 333 20104 58001 84627==
63340 12580 61802 10155 20147 37977 40208 60024 82530 333 20134 58000 82623 85358==
63402 11560 80000 10172 20154 60084 7106/ 8322/ 333 20162 83827 86460==
63403 11060 81804 10150 20139 69984 7154/ 8657/ 333 20130 81700 86622 87457==
63451 11260 33501 10197 20158 38160 40132 60064 7100/ 83830 333 20124 59005 81703==
63460 12580 80000 10198 20157 60044 888// 20170 83625 85826==
63471 12580 22702 10276 20182 38865 40107 60314 82100 333 20180 59013 82833==
63474 32580 40501 10178 20122 37619 4//// 84200 333 20104 59007 84823==
63478 32480 72105 10278 20211 39824 40143 87800 333 58003 83824 84627==
63500 32580 30901 10246 20177 81130 333 20200 81824==
63533 32580 72505 10194 20144 38545 4//// 87801 333 20165 59002 83823 85625==

42747 Not Received
42686 Not Received
42398 Not Received
43344 Not Received
43410 Not Received
43450 Not Received
