SIPK OPKC 170300=
41504 22997 00000 11050 21117 37882 48558 333 21070 59041 60007 70000 RH56%=
41505 22696 40000 11015 21043 38/// 48/// 80030 333 21040 58/// 60007 70000 83360 RH81%=
41506 22997 00000 11020 21034 38544 48541 333 21022 58011 60007 70000 90%=
41507 22697 50000 10025 21001 39290 49835 82520 333 21010 56990 59005 60007 70000 82640 83460 83%=
41508 22696 50000 11011 21040 38676 48538 83220 333 21025 56990 59029 60007 70000 83835 82460 RH 80%=
41509 22997 32302 10015 21027 38781 48511 80030 333 21005 56090 59023 60007 70000 83360 RH74%=
41510 22997 40000 11020 21032 37923 48545 84030 333 21032 56090 59027 60007 70000 84360 90%=
41515 22997 30000 10001 21028 38612 48569 83020 333 21005 56090 58007 60007 70000 83460 81%=
41516 21996 00000 11050 21067 38572 48527 70402 333 21060 59038 60007 70000 RH88%=
41517 21696 10000 11060 21091 37809 48562 70400 81500 333 21070 56900 59040 60007 70000 81640 76%=
41518 22697 40000 11011 21040 38/// 48/// 82230 333 21017 56990 5//// 60007 70000 82840 82362 80%=
41518 22697 40000 11011 21040 38/// 48/// 82230 333 21017 56990 5//// 60007 70000 82840 82362 80%=
41519 22997 00000 10030 21040 38798 48527 333 20020 59062 60007 70000 RH60%=
41520 22997 01802 11030 21077 37635 48299 333 21040 59025 60007 70000 70%=
41523 22997 10902 10005 21038 39104 48496 80030 333 21010 56009 59025 60007 70000 81360 73%=
41524 22997 00000 10055 21008 39388 40287 333 20045 59026 60007 70000 64%=
41528 22997 00000 10030 20005 39244 48504 333 20027 59021 60007 70000 85%=
41529 21995 20000 10025 20012 39803 40206 71000 80001 333 20017 56009 59029 60007 70000 82070 91%=
41530 21995 10000 10065 21026 39766 40197 70500 81030 333 20045 56090 56090 59019 60007 70000 81360 50%=
41534 22994 00000 10030 20017 39758 40196 71000 333 20015 59025 60007 70000 RH91%=
41535 22997 00000 10010 21089 38723 48484 333 20005 59019 60007 70000 RH48%=
41536 22997 00000 10000 21044 39059 48503 333 21005 59022 60007 70000 72%=
41560 22997 01302 10040 21037 38315 48546 333 21015 59008 60007 70000 RH57%=
41562 22997 03102 10075 21019 39698 40178 333 20050 59039 60007 70000 RH51%=
41565 22997 23102 10044 21076 38672 48534 82020 333 20020 56090 59018 60007 70000 82460 41%=
41567 21996 00000 10035 20009 39726 40165 70400 333 20025 59028 60007 70000 65%=
41571 21996 00000 10050 20001 339597 40208 70500 333 20030 59010 60007 70000 RH70%=
41571 21996 00000 10050 20001 339597 40208 70500 333 20030 59010 60007 70000 RH70%=
41572 21996 00000 10040 21011 39535 40191 70400 333 20018 59022 60007 70000 RH 69%=
41573 22997 01302 10070 21043 37972 48502 333 20000 59028 60007 70000 44%=
41574 22997 00000 10010 21002 38374 48558 333 21015 59019 60007 70000 92%=
41576 21995 00000 10025 21002 40209 71000 333 20019 59020 60007 70000 82%=
41577 21996 00000 10015 20002 39558 40207 70400 333 20005 56000 59021 60007 70000 RH 91% FROST OBSERVED=
41593 21996 00000 10055 20031 39952 40180 70400 333 20051 59021 60007 70000 84%=
41597 21996 00000 10070 20047 39889 40195 70400 333 20058 59026 60007 70000 85%=
41598 21994 00000 10030 20003 39894 40182 71000 333 20023 59035 60007 70000 92600 83%=
41599 21993 00000 10050 20038 39882 40188 74100 333 20037 59015 60007 70000 92%=
41599 21993 00000 10050 20038 39882 40188 74100 333 20037 59015 60007 70000 92%=
41600 21995 30000 10040 20028 39881 40192 71012 83020 333 20022 56090 59010 60007 70000 83460 92%=
41620 32996 00000 10020 21054 38600 48502 70400 333 20005 59006 60007 70000 58%=
41624 21994 00502 10075 20040 39970 40180 70400 333 20055 59019 60007 70000 79%=
41625 21996 00000 10050 20025 39956 40167 70400 333 20035 59027 60007 70000 84%=
41630 21994 01302 10050 20025 40186 71000 333 20040 59025 60007 70000 84%=
41633 21995 30000 10040 20028 3//// 4//// 71000 83030 333 20030 56090 5//// 60007 70000 83361 92%=
41634 22996 00000 10050 21030 3//// 4//// 333 20030 5//// 60007 70000 56%=
41635 21995 30000 10070 20059 3//// 4//// 71011 83030 333 20030 56090 5//// 60007 70000 83362 93%=
41636 21994 00000 10055 20043 30002 40197 71000 333 20040 59011 60007 70000 92%=
41638 21995 00000 10065 20054 4//// 71000 333 20056 5//// 60007 70000 92%=
41639 21996 00000 10055 20108 3//// 4//// 70400 333 20035 5//// 60007 70000 77%=
41640 21994 00000 10070 20047 39921 40181 71040 333 20048 59022 60007 70000 85%=
41641 21994 00000 10065 20029 39896 40183 70400 333 20040 59022 60007 70000 78%=
41642 21994 20000 10045 20020 3//// 4//// 71000 82030 333 20035 56090 5//// 60007 70000 82360 84%=
41643 21994 00000 10040 20028 39883 40176 71000 333 20027 59014 60007 70000 92%=
41644 21994 00000 10055 20043 4//// 71000 333 20045 5//// 60007 70000 RH 92%=
41646 21994 00000 10060 20036 39975 40200 71000 333 20040 59020 60007 70000 85%=
41652 21995 03102 10055 20031 30000 40188 71000 333 20043 59021 60007 70000 84%=
41660 21996 02304 11015 21096 38478 48569 70500 333 21025 59007 60007 70000 RH52%=
41661 21996 00000 11030 21077 38425 48556 70540 333 21040 59005 60007 70000 70%=
41669 21996 00000 10060 20036 3//// 4//// 70400 333 20035 5//// 60007 70000 92%=
41670 21995 00000 10045 20020 3//// 4//// 71000 333 20040 5//// 60007 70000 84%=
41674 21993 00000 10070 20059 3//// 4//// 74644 333 20055 5//// 60007 70000 93%=
41675 21993 00000 10070 20047 30027 40177 71000 333 20058 59024 60007 70000 85%=
41675 21993 00000 10070 20047 30027 40177 71000 333 20058 59024 60007 70000 85%=
41676 21994 00000 10070 20047 30029 40194 71000 333 20058 59021 60007 70000 85%=
41677 21994 00000 10040 20028 39999 40177 71000 333 20035 59014 60007 70000 92%=
41678 21996 00000 10065 20042 40182 71000 333 20055 59017 60007 70000 85%=
41679 21995 00000 10050 20025 4//// 71000 333 20045 5//// 60007 70000 84%=
41680 21994 00000 10055 20031 39974 40184 71000 333 20040 59022 60007 70000 84%=
41685 22997 03102 10100 21063 38934 48510 333 20070 59017 60007 70000 RH31%=
41696 22997 03102 10100 20039 38048 48567 333 20080 58001 60007 70000 RH66%=
41697 22997 00000 10100 20031 30013 40176 333 20080 59014 60007 70000 RH62%=
41700 21994 00000 10070 20047 30029 40164 71000 333 20060 59022 60007 70000 85%=
41701 21993 00000 10055 20031 30038 40189 71000 333 20048 59022 60007 70000 84%=
41710 12996 00504 10010 21049 39460 40285 60002 333 58052 RH65%=
41712 22996 00502 11015 20674 39280 48541 333 21025 59003 60007 70000 RH61%=
41715 21994 00000 10075 20053 30103 40171 70500 333 20060 59021 60007 70000 RH86%=
41716 21994 00000 10070 20047 30087 40196 71000 333 20057 59020 60007 70000 85%=
41718 21995 00000 10055 20031 30064 40174 71000 333 20050 59021 60007 70000 84%=
41724 21994 00000 10080 20046 30112 40195 70400 333 20065 59020 60007 70000 RH79%=
41725 21995 00000 10105 20050 30085 40168 70500 333 20090 59025 60007 70000 RH69%=
41726 21993 00000 10090 20069 30110 40185 71000 333 20065 59015 60007 70000 RH86%=
41738 21996 00000 10105 21097 30055 40244 70500 333 20100 58009 60007 70000 RH23%=
41739 21996 00506 10000 21062 39121 48540 70500 333 21010 58036 60007 70000 RH63%=
41742 22996 00000 10155 20063 30084 40191 333 20015 59005 60007 70000 RH54%=
41743 21996 00000 10100 20068 70400 333 20080 60007 70000 RH81%=
41744 21995 03106 10030 21040 38820 48539 70600 333 20020 59003 60007 70000 RH60%=
41745 21995 00000 10095 20063 71000 333 20075 60007 70000 RH80%=
41746 21995 00000 10100 20079 30112 40169 71000 333 20080 59026 60007 70000 RH87%=
41747 21994 00000 10080 20046 30092 40155 71000 333 20048 59027 60007 70000 RH79%=
41748 21995 00000 10100 20068 30111 40177 70500 333 20080 59013 60007 70000 RH81%=
41749 21994 03604 10090 20069 30160 40193 71000 333 20075 58005 60007 70000 RH86%=
41756 21994 00514 10150 20103 30135 40203 70700 333 20105 58002 60007 70000 RH73%=
41757 21995 03610 10120 21040 30197 40210 70600 333 20100 59003 60007 70000 RH32%=
41759 21994 03612 10145 21056 30184 40190 70733 333 20115 59003 60007 70000 RH24%=
41760 21995 03612 10140 20056 30158 40171 70600 333 20080 58022 60007 70000 RH57%=
41764 21996 00000 10125 20049 30106 40158 70400 333 20103 59026 60007 70000 Rh60%=
41765 22996 00000 10130 20068 30129 40166 333 20120 59022 60007 70000 RH66%=
41766 01995 00502 10095 20074 30130 40161 60002 71000 333 20085 59028 60007 70000 RH87%=
41767 22996 05006 10100 20068 3//// 4//// 333 20080 60007 70000 RH81%=
41768 22996 00000 10055 20018 30148 40155 333 20040 59018 60007 70000 RH77%=
41780 21995 00702 10135 20005 30138 40165 70500 333 20106 59012 60007 70000 RH41%=
41783 22996 00000 10120 20056 30133 40164 333 20100 59013 60007 70000 RH65%=
41785 22996 00000 10105 20074 30170 40184 333 20093 58002 60007 70000 RH81%=
41786 22996 00000 10050 21003 30124 40163 333 20020 59005 60007 70000 RH69%=
41BAG 22696 60502 11030 21077 83510 333 21065 60007 70000 83635 86460 70%=
41BKI 22996 20000 10060 2006/ 39758 40195 70400 82030 333 20045 56090 59024 60007 70000 82360 RH63%=
41SKP 21993 00000 10035 20035 4//// 74440 333 20032 5//// 60007 70000 100%=
43532 22997 00000 10025 20013 39364 40209 333 20016 59011 60007 70000 92%=
43533 21996 00000 10025 21015 39237 48482 70400 333 20020 59021 60007 70000 75%=
43563 22997 00000 10011 21049 39481 40214 333 20000 59013 60007 70000 92600 65%=




Data Generated from File : D:/all data handling/Rmc_lhr/2024121703.FSU.txt
17/12/2024   04:08:46
____________________________________________________________________________________________
15020 24/70 /2504 10091 20013 39985 40183 58011 333 55300 20000 60007==
15090 24/70 72501 10074 20016 30102 40196 58007 87070 333 55300 10050 20000 30000 60007 91003 90730 91103==
15108 21/00 92918 11036 21036 38049 48465 58021 74543 89/// 333 55300 20000 60007 91020 90730 91121==
15150 24/70 62103 10084 20015 39992 40206 58008 84078 333 55300 20000 60007 91006 90730 91106==
15170 24570 82205 10031 20008 39456 42841 58006 883// 333 55300 20000 60007 91008 90730 91110==
15280 21/00 9//// 11029 21033 37517 47067 58015 74943 89/// 333 55300 20000 60007==
15310 24/70 /2003 10039 20017 30137 40225 58003 333 55300 10170 20000 30000 60007==
15335 24/70 52503 10071 20017 30216 40223 58002 85030 333 55300 20000 60007 91006 90730 91107==
15350 24/70 /2404 10075 20023 30111 40233 57016 333 55300 20000 60007==
15360 24/70 22407 10057 20023 30198 40216 58002 82030 333 55300 20000 60007 91008 90730 91108==
15420 24/70 /2303 10044 20022 30137 40251 58005 333 55300 20000 60007==
15460 24/70 /2502 10054 20020 30226 40251 58002 333 55300 20000 60007==
15470 24/70 32405 10034 20016 30135 40265 50000 83040 333 55300 20000 60007 91007 90730 91107==
15480 24/70 32605 10061 20020 30221 40238 57003 83030 333 55300 10150 20000 30000 60007 91009 90730 91112==
15549 42970 12504 10060 20010 39834 40256 57007 80002 333 10063 20041 555 570//=
15552 42970 22704 10088 20023 30199 40248 54000 82040 333 10089 20066 555 564// 92026 92428=
15640 42670 30701 10027 20014 39960 40283 58003 83500 333 10099 20021 555 591//=
15655 42968 02903 10048 20009 30232 40266 57008 333 10066 20046 555 576// 92023 92427=
15730 42970 00000 11004 21025 39887 40302 58004 333 10040 21007 555 586//=
16627 42960 00000 10014 21008 30280 40287 56007 333 90730 91105==
16650 42960 00000 10050 20035 30290 40299 56004 333 90730 91101==
16723 42960 00210 10094 20055 30285 40299 52011 333 90730 91120==
16742 42460 23520 10108 20036 30109 40267 58004 82100 333 90730 91125==
16749 42560 13209 10136 20089 30240 40255 52006 81100 333 90730 91117==
16754 42560 73311 10130 20063 30248 40296 57006 83450 333 83620 87358 90730 91118==
16760 46/// /0408 10085 20032 39873 40298 57010 333 90730 91118==
16765 46/// /3313 10127 20037 30244 40264 57002 333 90730 91128==
17022 46/// /1909 10066 21016 30118 40285 50000==
17024 46/83 /2011 10086 20078 30172 40250 55003==
17026 46/75 /2507 10099 20026 30217 40255 55005==
17031 42670 42303 10068 20026 30251 40257 55011 82130 333 82836 84360 90730 91108==
17034 42670 60000 10083 20019 30217 40264 55016 83230 333 83835 86360 90730 91104==
17038 42/70 42001 10078 20033 30209 40258 57015 84030 333 84360 90730 91107==
17042 46/79 /0907 10062 20030 30228 40270 57013==
17050 42970 00000 10025 21012 30230 40294 58008 333 90730 91103==
17056 42970 03002 10057 20016 30289 40294 57009 333 90730 91108==
17060 42960 02412 10087 20024 30255 40296 57008 333 90730 91117==
17070 42665 20001 11004 21029 39398 40299 55010 82500 333 82634 90730 91103==
17074 46/// /1601 10019 20004 39322 40290 55003==
17084 46/80 /1603 10000 21006 39360 40295==
17085 42670 41901 10027 20014 39782 40286 55008 82530 333 82640 84360 90730 91106==
17092 41445 70000 11044 21047 38937 48551 57005 71022 87500 333 84710 87635 90730 91104==
17096 41104 91902 11112 21112 38263 48538 57010 74944 333 90730 91104==
17098 42660 22309 11076 21102 38197 48513 57010 82500 333 82640 90730 91112==
17100 41656 30000 11049 21082 39231 40272 56006 71022 81530 333 81635 83360 90730 91102==
17112 46/80 /0904 10029 21006 30297 40304 58008==
17115 42960 00000 11007 21007 30257 40310 57007 333 90730 91102==
17116 41930 00000 10002 20002 30187 40314 56006 71000 333 90730 91102==
17124 41956 03304 11038 21038 39368 40325 56004 71000 333 90730 91105==
17128 42660 22904 11018 21034 39167 40303 55005 82500 333 82640 90730 91107==
17135 46/60 /2401 10007 21004 39392 40295 50000==
17140 41630 72602 11012 21012 38768 48546 58006 71022 87500 333 87638 90730 91108==
17150 41956 00000 11012 21012 30187 40316 56002 71000 333 90730 91104==
17160 46/62 /0000 11014 21047 39103 40305 58002==
17170 41458 72002 10000 21012 38352 48524 57008 77177 85550 333 83710 84630 86357 90730 91109==
17175 46/83 /1501 10040 21008 30294 40299 58004==
17184 42961 03501 10009 21002 30194 40310 50001 333 90730 91103==
17190 41950 00000 11026 21027 39085 48567 55000 71000==
17195 41446 70000 10014 20009 39055 48563 50004 71022 85570 333 82717 85625 87358 90730 91104==
17200 41556 72105 11023 21026 39284 40316 51001 71022 83570 333 82720 83633 87359 90730 91108==
17202 41457 72502 10002 21008 39218 40301 55000 71022 86550 333 84718 85630 87359 90730 91105==
17203 42670 32101 11021 21049 38940 48578 58002 82520 333 82640 83460 90730 91105==
17210 46/68 /0201 10011 21014 39203 40265 57007==
17219 42965 00109 10038 20007 30152 40301 58002 333 90730 91114==
17234 47/58 /1101 10046 20040 30217 40287 50001 704//==
17237 41960 00000 10045 20031 39789 40306 52004 71000 333 90730 91103==
17240 42970 03001 10002 21018 39122 40296 53003 333 90730 91105==
17244 42570 60108 10015 21016 39086 48569 52005 86500 333 86630 90730 91113==
17248 42670 80404 10018 20004 39071 48567 52013 8352/ 333 83640 88460 90730 91110==
17250 42670 60503 10025 21004 38885 48568 52009 84550 333 84640 86360 90730 91106==
17260 41240 30107 10004 21003 39406 40255 55001 71022 83600 333 83705 90730 91114==
17270 42670 70000 10018 21006 39611 40279 55001 85570 333 85640 87360 90730 91105==
17275 46/68 /0110 10001 21021 39037 40267 57008==
17280 41530 62604 10009 21019 39467 40283 56002 71022 83530 333 82725 83640 86360 90730 91105==
17290 46/// /0303 10094 20034 30245 40277 50001==
17292 42970 03001 10033 20003 39498 40270 55000 333 90730 91109==
17300 42960 03311 10099 20013 30193 40265 52008 333 90730 91115==
17310 42/70 10602 10122 20058 30231 40238 52004 81030 333 81360 90730 91105==
17330 46/// /3501 10110 20035 30240 40252 53001==
17350 42960 00304 10030 20011 30171 40252 54000==
17370 42670 50000 10099 20001 30253 40257 53001 83230 333 83835 85360 90730 91107==
17375 42670 13502 10119 20060 30238 40240 52004 81200 333 81834 90730 91107==
33088 41597 82403 10054 20051 39889 40079 57024 78082 889// 555 1/004=
33135 415// 82606 10030 20009 39904 40052 58002 78082 8535/ 333 55000 85924==
33177 41540 82708 10075 20068 39890 40125 57006 78088 889//==
33317 41440 82807 10067 20058 39773 40107 58016 78082 889// 333 55000 88915==
33393 41456 82608 10069 20052 39780 40170 57006 78082 883// 333 84917==
33415 41460 72711 10074 20047 39750 40145 57008 78082 879// 333 87710==
33429 41460 82711 10069 20052 39717 40136 57004 72582 889// 333 85614==
33466 42565 82704 10037 20003 39912 40100 58002 885// 333 34/// 88627==
33495 /0104 10170 20127 39148 4//// 7//// 333 20170 59014 83/10 83/12=
33506 42960 22503 10018 21004 39869 40066 52010 80001 333 55000==
33562 41560 82705 10050 20045 39828 40133 58013 78082 8695/==
33587 425// 82703 10050 20028 39868 40131 52001 885// 333 88627==
33658 42784 82303 10090 20017 39880 40177 57004 885// 333 88650==
33663 42560 82904 10097 20048 30058 40153 58002 889//==
33664 42597 82605 10082 20038 39851 40165 58003 885// 333 55000 91112 555 20075 7002/=
33678 41598 82809 10079 20034 39967 40177 57003 78082 889// 333 91114 555 20067 7001/=
33679 42497 82604 10067 20034 39977 40168 58001 889// 333 88917 555 20057 7999/=
33711 42960 62603 10036 20013 39906 40117 52005 80001==
33745 42597 82706 10064 20019 39997 40189 52004 8693/ 333 55000 555 20033 7994/=
33748 42597 82802 10062 20015 39901 40186 58004 883// 555 20050 7996/=
33754 42997 82403 10075 20036 30017 40163 54000 8805/ 333 55000 555 20074 7001/=
33761 41440 82502 10055 20050 39929 40152 58001 76162 8872/==
33791 42/88 22505 10038 20018 30000 40129 52012 82030==
33815 42598 82505 10081 20006 39972 40179 58003 885// 333 55002 555 20062 7993/=
33837 42684 82704 10075 20016 30128 40180 58004 8655/ 333 55029 86642==
33881 42598 22104 10047 20007 30005 40204 58008 82500 555 20046 7000/=
33883 42897 42102 10043 20011 30039 40204 57004 84030 555 20043 7000/=
33885 42997 21803 10047 21001 30092 40225 57004 82040 333 55059 555 20024 7000/=
33892 42997 82704 10064 20011 39981 40194 57004 8803/ 333 55041 555 20038 7994/=
33902 42560 82605 10069 20028 30103 40163 52004 885// 333 55042==
33924 22/70 82707 10107 20064 30173 40186 53001 8805/ 333 20079 69942 91012 90730 91115==
33946 22682 82707 10085 20058 39973 40193 52006 885// 333 20056 55022 60042 88636 91010 90730 91113==
33983 22/60 42808 10057 20033 30096 40157 53015 84030 333 20052 55074 60032 91013 90730 91118==
34300 42560 72807 10028 21003 39861 40038 52013 87500==
34336 22/60 62805 10027 21025 39884 49986 53025 83039 333 20001 43006 60032 91010 90730 91111==
34344 22570 72804 10027 21002 39891 49978 53025 87500 333 20002 43006 60032 90730 91111==
34356 21570 72605 10016 20000 39800 49946 53012 70252 87500 333 20000 43007 55009 60032 90730 91110==
34357 21460 82404 10009 21008 39804 49958 52010 78582 889// 333 20000 43005 60012 91014 90730 91118==
34398 41/// 82010 11005 21014 39954 49967 57049 77173 8802/ 333 47002 55000 91018==
34415 42670 62703 10024 20005 39951 40048 51021 83501==
34438 22960 02605 10015 20000 39824 40014 52024 333 21001 43010 60062 91010 90730 91111==
34445 21570 52308 10019 20011 39874 49987 53022 72682 82930 333 20000 44002 60022 91012 90730 91113==
34461 21460 82604 10024 21004 39902 49956 53009 70182 885// 333 20008 60012 90730 91112==
34473 /14// 82209 10007 21004 39903 49942 57029 77172 8802/ 333 43002 55000 91015 91117 555 21013 69992 7999/=
34476 21440 82108 10007 21002 39944 49951 57034 71082 8693/ 333 21007 55000 69942 91011 90730 91114==
34504 42582 32708 10020 20007 39927 40103 52020 83500==
34535 22570 62705 10036 21003 39962 40034 52025 83980 333 20013 60022 90730 91112==
34545 22/70 32608 10022 20007 39903 40014 53022 80030 333 20004 43002 69952 91012 90730 91115==
34555 21570 82509 10020 20005 39910 40001 53014 70276 885// 333 20006 46997 60032 91012 90730 91119==
34560 41260 82611 10014 20007 39779 49968 52004 70287 885// 333 20004 84705 84624 91015 90730 91116==
34578 21540 82410 10020 20019 39979 49986 56025 78182 889// 333 20005 60012 91015 90730 91115==
34579 21410 82107 10015 20015 39937 49981 57028 72176 8872/ 333 21004 43003 60022 91012 90730 91114==
34644 21540 82806 10036 20019 39967 40043 53020 71062 8657/ 333 20001 60042 91011 90730 91112==
34646 21570 82706 10032 20019 39949 40029 52015 70282 884// 333 20015 55012 60052 90730 91115==
34655 21560 82408 10033 20019 39961 40021 53008 70262 885// 333 20008 60032 91012 90730 91119==
34662 21470 82406 10020 20002 39984 49995 54000 70288 886// 333 20008 60012 88714 91012 90730 91114==
34691 41/70 81804 10000 21008 30193 40180 57032 77172 8802/ 333 47001 55000==
34720 22/// /2803 10047 20017 30044 40083 53026 333 20015 55027 60002==
34727 22960 02710 10041 20021 30077 40107 52024 333 20029 60042 91013 90730 91117==
34743 21/40 82606 10040 20028 39952 40041 52009 71062 8805/ 333 20007 60042 91014 90730 91118==
34759 21440 82310 10031 20026 39918 40049 57003 78082 889// 333 20005 55019 60052 91018 90730 91120==
34772 21/60 82309 10029 20011 30020 40023 56027 72176 8802/ 333 20001 41001 60032 91015 90730 91118==
34785 21440 82107 10003 21002 30066 40043 56043 77172 8672/ 333 21015 43001 60022 91014 90730 91115==
34798 41440 81804 11036 21061 30105 40076 58044 77171 8872/ 333 47997==
34824 21940 02703 10048 20030 30125 40130 52019 71011 333 20036 55020 60052 90730 91114==
34838 21460 82605 10058 20032 30015 40111 53011 76166 8872/ 333 20025 60112 91011 90730 91119==
34845 21440 82307 10040 20029 39965 40072 56004 78082 883// 333 20020 31/// 60052 91013 90730 91121==
34858 21/40 82509 10047 20015 39965 40071 57004 76162 8802/ 333 20009 69952 91020 90730 91123==
34861 21540 82712 10028 20004 39809 40050 57004 78088 889// 333 21013 55003 60062 91020 90730 91128==
34866 21560 82207 10029 20004 30069 40060 56014 78082 889// 333 20003 60012 91012 90730 91119==
34880 21310 81905 10007 20004 30089 40062 57046 77172 8672/ 333 21005 43001 55002 60012 91011 90730 91111==
34887 21440 81606 10012 21008 30104 40081 57039 76272 8872/ 333 21010 43997 60012 91012 90730 91113==
34949 21/60 82416 10014 20003 39566 40115 52010 76162 8802/ 333 21005 42997 55012 69952 91026 90730 91125==
34954 22570 82407 10057 21016 39926 40098 57004 885// 333 20012 55014 60002 91016 90730 91118==
34958 22570 82302 10027 21022 39911 40111 55006 885// 333 20006 60002==
34975 21460 82306 10012 21022 30105 40101 56021 78582 889// 333 21017 69902 88910 91011 90730 91111==
34984 22470 81806 10012 21023 30132 40101 57027 8567/ 333 21019 60002==
35217 125// 81806 11022 21037 39979 40019 57034 60002 885// 333 47005==
35302 12/// 82115 11010 21032 39970 49991 57042 60002 8802/ 333 42001 91016 90730 91118==
35315 /25// 82005 11005 21023 39991 40047 57021 885// 333 42004 555 21031 3/103 69972 7001/=
35344 325// 81606 11074 21091 39838 40133 57025 885// 333 46004 55000 555 21075 7000/=
35358 12/// 71805 11080 21112 30071 40243 57033 60002 87040 333 43005==
35368 31996 71814 11084 21116 39964 40240 57049 73832 87070 333 47003 55000 91116 555 21097 7000/=
35386 31598 31504 11150 21177 39796 40353 57021 73631 83500 333 47010 555 21162 7000/=
35394 42970 41304 11142 21193 39647 40369 57028 80001 333 47015 55055==
35404 /15// 82209 11004 21016 39989 49997 57044 77172 885// 333 46997 555 21012 3/102 69902 7990/=
35406 125// 81905 11015 21029 30028 40030 57036 60002 885// 333 46004 55000==
35416 425// 81806 11025 21044 39956 40077 57014 885// 333 47008 55000==
35426 415// 81405 11055 21093 39805 40100 56014 70273 885// 333 47004==
35437 /15// 81908 11065 21089 39805 40124 57016 77173 8802/ 333 47003 55000 555 21066 69952 7995/=
35449 319// 81409 11076 21111 30073 40179 57029 73733 80003 333 47004 91117 91015 555 21083 7000/=
35497 11970 21408 11145 21183 39683 40549 57033 60002 73733 80001 333 47022 91016 90730 91118==
35498 32998 21603 11177 21211 39452 40401 57022 80001 333 47028 555 21220 7000/=
35514 /1598 72005 11034 21042 30159 40155 57025 70347 87500 333 47003 555 21043 60032 7003/=
35522 /1/// 91901 11031 21045 39842 40095 57011 74747 333 47003 555 21050 60052 7005/=
35542 329// 81608 11078 21104 30011 40163 57031 8807/ 333 47003 55020 555 21079 7000/=
35563 31998 81605 11158 21185 39486 40306 57024 70232 80002 333 47010 55000 91116 555 21160 7993/=
35576 12/70 41605 11136 21179 39856 40334 57029 60002 84041 333 47003==
35582 32998 33004 11154 21191 39727 40370 57031 80003 333 47011 555 21195 7000/=
35594 /1999 21405 11162 21194 39483 40382 57026 73633 80001 333 47012 555 21206 69902 7990/=
35605 /2598 61806 11012 21019 30085 40063 57030 86500 333 47001 555 21032 69992 7002/=
35633 315// 81806 11070 21091 39925 40144 57027 71032 8655/ 333 48003 55006 91115 555 21070 7000/=
35671 12570 21203 11164 21185 39853 40314 57023 60002 82500 333 47005==
35699 12960 40505 11167 21192 39595 40411 57023 60002 80001 333 47008==
35700 42470 62204 11012 21029 30122 40098 57019 86700 333 47003 55000==
35715 /2997 82603 11012 21034 30131 40116 57004 8802/ 333 47002 555 21022 60022 7002/=
35739 316// 81607 11062 21098 39998 40140 58021 73633 885// 333 48004 555 21062 7000/=
35746 11/// 81608 11075 21115 30109 40178 57030 60002 73633 86051 333 47009 55051==
35777 32997 50000 11142 21169 30071 40443 58019 80004 333 47002 555 21145 7992/=
35796 42960 30504 11195 21214 39925 40401 57031 80001 333 47009 55078==
35849 125// 61405 11075 21110 30102 40190 57030 60002 86500 333 47/// 55071==
35895 31998 60204 11153 21162 39908 40385 57024 73631 80002 333 46003 555 21155 7000/=
35907 32598 82605 10011 21006 30159 40128 57013 885// 555 21007 7000/=
35925 415// 82304 11018 21024 30019 40130 56006 71032 887// 333 47006==
35927 /15// 82702 10000 21003 30130 57006 71022 886// 333 46004 555 21026 69902 7990/=
35953 12/// 61002 11098 21124 30097 40232 57027 60002 83032 333 47001==
35969 12/84 61102 11122 21157 30096 40280 57018 60002 86070 333 47001==
35997 31996 20904 11137 21157 39896 40360 57023 71000 82030 333 46997 555 21137 7000/=
36259 42584 51201 11256 21284 38334 48617 52002 82901 333 21282==
36335 32999 51003 11157 21233 39317 40411 57023 80005 333 43023 555 21193 7000/=
36358 32999 01605 11230 21252 39345 40467 57022 333 47014 555 21230 7000/=
36394 32997 01404 11224 21242 30003 40471 57015 333 48009 555 21231 7000/=
36397 12984 02004 11178 21212 39844 40456 57022 60002 333 47008==
36403 32998 00000 11240 21259 30071 40474 57020 333 47016 55017 555 21243 7990/=
36418 32999 03004 11151 21185 39805 40466 57014 333 48029 555 21187 7000/=
36421 32999 20000 11284 21303 39876 40518 57011 80002 333 47044 555 21299 7995/=
36428 12984 03602 11234 21264 39931 40489 57013 60002 333 47021 55000==
36439 /1998 01106 11186 21197 39117 48587 57013 73631 333 48016 555 21224 69902 7002/=
36498 32998 00205 11239 21268 39585 40464 57024 333 48026 555 21265 7000/=
36501 32999 00000 11176 21235 39622 40436 57022 333 47999 555 21180 7000/=
36535 12/84 20000 11265 21300 39797 40509 57020 60002 82030 333 47023 55025==
36546 32999 03201 11265 21287 39890 40498 57033 333 47014 555 21280 7000/=
36619 32999 03601 11222 21249 333 47006 555 21255 7000/=
36622 32998 00000 11273 21298 39580 40485 57021 333 47027 555 21285 7000/=
36639 12984 00000 11260 21284 39779 40457 57022 60002 333 47024==
36643 32999 02301 11249 21274 39755 40496 57014 333 47009 555 21251 7000/=
36665 32999 02001 11163 21199 39688 40471 57009 333 47017 55000 555 21164 7001/=
36666 32999 00701 11226 21251 39943 40490 57009 333 47005 55000 555 21238 7992/=
36729 32598 20906 11096 21112 30022 40534 57033 82600 333 47006 555 21175 7990/=
36736 32999 21401 11200 21223 39847 40454 57030 80001 333 47002 55000 555 21226 7000/=
36744 32998 00502 11177 21189 39898 40385 58041 333 47002 555 21191 7000/=
36770 32999 00000 11255 21273 39593 40403 57026 333 47017 555 21280 7992/=
36786 32999 00000 11192 21222 39396 40392 57027 333 47036 555 21192 7002/=
36796 31/92 90000 11298 21306 39118 48511 57026 74944 333 47043 555 21299 7998/=
36803 31998 01214 11132 21150 39933 40412 58120 73630 333 42001 91017 91120 555 21155 7005/=
36806 32998 01610 11196 21276 39930 40444 57033 333 91118 555 21232 7998/=
36819 31997 00501 11154 21167 39700 40357 57028 71000 333 47003 55072 555 21154 7000/=
36821 11984 00602 11158 21167 39838 40364 57024 60002 71000 333 47002==
36839 32999 01701 11166 21198 39163 40375 57023 333 47008 555 21211 7993/=
36843 32998 02402 11122 21180 39116 40355 57024 333 47025 555 21168 7995/=
36846 32999 00402 11150 21196 38655 48539 57019 333 47033 555 21208 7993/=
36859 12984 01501 11146 21163 39580 40420 57018 60002 333 47006==
36870 12960 00000 11132 21134 39265 40339 57019 60002 333 47021==
36874 32999 01801 11190 21213 39574 40424 57021 333 47006 555 21210 7990/=
36877 32999 00000 11226 21235 39569 40676 57023 333 47012 555 21226 7990/=
36885 32999 01602 11149 21177 39153 40359 57016 333 47013 555 21152 7993/=
36889 32999 01803 11101 21252 37043 47057 57005 333 47021 555 21142 7000/=
36894 32999 00708 11078 21132 39576 40347 57023 333 46001 91016 91120 555 21090 7993/=
36905 32999 00000 11163 21176 38823 48556 57017 333 47010 55009 555 21164 7997/=
36911 12999 00907 10020 21056 39252 40227 57016 6//// 333 21132 47003 555 51067 530// 7000/=
36927 12699 70502 11058 21120 38406 48576 57005 6//// 87900 333 21105 555 51083 530// 7000/=
36934 12597 70502 11055 21131 38325 48464 56005 6//// 87930 333 2//// 555 11034 5//// 530// 7990/=
36953 32894 80000 11203 21220 38278 48508 57009 8804/ 333 47018 55000 555 21221 7002/=
36963 12999 21402 11176 21245 37034 48/// 57003 6//// 80001 333 2//// 4/008 555 11132 5//// 530// 7000/=
36974 12798 70000 11180 21192 38054 48611 53007 6//// 85572 333 11093 2//// 47001 555 5//// 530// 7////=
36982 12999 50000 11251 21336 36526 47197 53004 6//// 80004 333 21304 47001 555 5//// 530// 7////=
37018 21540 82310 10083 20078 30110 40185 57025 78082 889// 333 20060 32/// 55002 60062 91016==
37031 21560 82411 10034 20021 39935 40131 52011 78082 889// 333 20017 55039 60072 91016 90730 91121==
37054 22/60 70000 10002 21030 39737 40127 55018 80030 333 20002 42001 60002==
37061 22/60 81904 10016 21031 39954 40125 57012 8805/ 333 21014 55000 60002==
37085 22540 81606 10021 21043 30148 40120 58024 885// 333 21013 60002==
37171 21540 80705 10041 20031 30225 40244 57005 78098 889// 333 20035 60122 88922 90730 91110==
37228 22/60 80000 11028 21060 39289 40143 52009 8807/ 333 21050 47013 55061 60002==
37235 22560 72301 11014 21039 39815 40139 57003 8750/ 333 21016 41001 60002==
37472 22/70 71401 10046 20015 30164 40142 57021 84071 333 21009 34/// 55034 60002==
38149 12570 71301 11066 21098 30098 40178 57014 60002 87500==
38178 12970 61504 11116 21160 39906 40211 57022 60002 80005 333 55067==
38262 129// 81302 11049 21070 30087 40172 57029 60002 80002 333 55061==
38264 12/70 71505 11038 21060 30074 40170 57017 60002 83033==
38345 12999 01001 11137 21172 38827 48506 53003 6//// 333 21175 3/124 47008 555 5//// 530// 7000/=
38353 12998 01401 11116 21136 39334 40291 57020 6//// 333 11057 21122 47004 55/// 95004 555 5//// 530// 7000/=
38388 32998 61502 11038 21071 30106 40180 58024 80005 333 21040 38105 55028 555 7000/=
38392 32997 61404 11048 21058 30067 40171 57018 80001 333 21052 34106 55075 555 7000/=
38396 12940 31203 11059 21074 30055 40186 57010 60002 80001 333 21063==
38403 12960 00502 11091 21127 30120 40249 57016 60002==
38413 12/70 70806 11082 21114 39929 40237 57035 60002 87030 333 55020==
38457 12984 00401 11082 21119 39637 40260 57022 60002 333 55067==
38462 12984 00000 11054 21160 38781 48505 57006 60002 333 21102==
38507 32396 70000 10053 20044 30069 40172 58010 83630 333 20050 31001 55023 555 7000/=
38545 32998 41303 11050 21057 30011 40194 57014 84070 333 45997 21057 34107 55071 555 7000/=
38565 12870 30902 11087 21098 39596 40170 57019 60002 80004 333 21148 47012==
38579 12970 00000 11096 21117 39803 40248 57021 60002 333 55029==
38583 11920 00901 11162 21174 39917 40270 57026 60002 71044==
38599 31996 00812 11048 21069 39745 40286 57004 71000 333 21049 42000 91116=
38611 11940 03403 11082 21105 39724 40333 54000 60002 71000 333 55072==
38613 12999 00401 11112 21146 40341 57002 6//// 333 21112 31107 4/011 555 11045 5//// 530// 7000/=
38616 12599 21801 11109 21143 39259 40342 57012 6//// 82500 333 2//// 555 11053 5//// 530// 7000/=
38618 12984 01301 11083 21097 39586 40321 53001 60002 333 55061==
38647 32997 82303 10041 21027 30115 40158 57008 80006 333 21037 3/108 42004 555 7000/=
38656 32998 60000 11049 30075 40190 57009 86080 333 21051 34105 55061 555 7000/=
38683 11940 40902 11061 21080 39934 40225 57021 60002 71000 80001==
38687 32997 01606 11030 21047 39974 40229 57022 80001 333 21045 3/104 41998 55075 555 7000/=
38696 12984 20902 10016 21075 39354 40226 57010 60002 80004 333 43004 55072==
38713 32999 00902 11057 21109 39052 48490 57030 333 21094 47007 55078=
38750 32597 82601 10073 20053 30238 40210 52013 885// 333 20011 30000 55056 555 7000/=
38763 32997 70000 10000 21018 30055 40163 57007 80001 333 21012 3/101 42002 55059 555 7000/=
38774 32897 82902 10000 21021 39992 40194 52006 8807/ 333 21026 64103 555 7000/=
38799 32597 61606 11002 21022 39954 40192 57020 84501 333 21042 3/105 42002 555 7000/=
38806 32997 31604 11024 21036 39943 40214 57016 80002 333 21036 34105 555 7000/=
38812 12940 00903 11015 60002==
38836 31998 00000 11068 21073 39288 40279 54000 71000 333 21088 47004=
38880 12997 52002 11007 21035 39914 40177 56003 60002 80001 333 21037 34104 555 7000/=
38886 31996 62201 11055 21073 39949 40188 53004 71011 80009 333 21059 34110 41000 555 7000/=
38895 32996 21903 11022 21037 39892 40193 57006 80002 333 21036 3/105 41001 555 7000/=
38911 32998 21605 11032 21053 39933 40241 57003 80002 333 21038 34103 55040 555 7000/=
38915 32997 00905 11024 21037 39911 40249 57007 333 21032 34104 555 7000/=
38927 11035 20502 11067 21079 39881 40276 56004 60002 71000 333 55077 80/01==
38933 31595 80902 11040 21077 39782 40326 57014 71022 886// 333 21042 47009=
38944 31692 83402 11052 21056 39681 40246 57003 74442 885// 333 21053 43004=
38954 32899 10000 11049 21097 37981 48590 52016 81200 333 21057=
38974 32998 01804 10038 21031 39827 40166 53005 333 21014 31001 55033 555 7000/=
38987 32996 31803 10022 21049 39482 40243 57014 83040 333 21098 37102 47013 55047 555 7000/=
40100 43/82 20905 10146 20022 30227 40243 56006 333 58000=
40180 02960 01200 10096 20072 30185 40235 52003 333 70000==
40199 02/// /0104 10100 21005 30207 40233 57005 333 70000==
40265 41950 00000 10008 21092 39448 40266 57003 70500=
40270 41950 01801 10056 20033 39331 40245 57004 70500=
40272 41950 00000 10014 21061 39394 40257 57011 70500=
40340 42960 00503 10104 21030 40238 57006=
40356 42960 00000 10022 21140 39241 48533 333 59029 555 04410 50238=
40357 42960 03404 10036 21130 39579 40232 333 59043=
40360 42960 02704 10010 21140 39634 40243 333 59032=
40361 42960 00304 10046 21170 39443 40277 333 59041=
40362 42960 01106 10034 21170 39709 40241 333 59052=
40373 42960 02403 10034 21120 39815 40256 333 59042=
40375 42960 00000 10026 21100 39330 40225 333 59018=
40394 42960 01806 10054 21110 39080 48544 333 58037 555 04410 50230=
40400 42960 00104 10172 20010 30147 40175 333 59014=
40405 42960 03502 10038 21070 39477 40261 333 59039=
40417 42960 02806 10070 21130 30222 40238 333 59025=
40420 42960 33110 10079 21140 30024 40243 80001 333 59027 83070=
40430 42960 03604 10143 21040 39458 40219 333 59042=
40437 42960 00000 10046 21190 39522 40250 333 59035=
40439 42960 11102 10188 20080 30133 40151 81030 333 59014 81360=
40582 32960 30000 10050 21103 40242 56002 80/// 333 55300 00000 10178 20000 30000 40832 51010 60000 55407 40000 83070 90400 91003 91107 91205 91303=
40703 42660 20000 11039 21093 38933 40238 56012 82500 333 10025 21040 70000 82640 555 11053 29066 66666 01018 11016 20024 30042 50092 90132=
40706 42665 50702 11050 21100 38662 40265 56010 81472 333 11020 21050 70000 82359 85067 555 11062 29068 66666 01033 11005 20028 30049 50076 90112=
40712 42670 32703 11050 21113 38684 40251 57010 81502 333 11035 21060 70000 81640 83068 555 11064 29061 66666 01021 11003 20015 30024 50058 90087=
40713 42965 41001 11018 21099 38661 40212 57011 81038 333 10031 21018 70000 81360 83269 555 11041 29054 66666 00011 10031 20051 30070 50100 90138=
40718 42960 51201 10064 20047 30217 40188 57026 80006 222// 0//// 20300 333 10120 20061 70000 85267 555 10057 29089 66666 00062 10082 20082 30094 50122 90148=
40723 42970 79901 11062 21096 38972 40264 58002 83056 333 10008 21084 70000 83362 87269 555 11069 29077 66666 01030 11010 20020 30034 50064 90098=
40726 42960 41905 10030 21133 38669 40211 55004 80001 333 10052 20028 70000 84070 555 11019 29029 66666 00004 10006 20032 30050 50076 90122=
40727 42960 31702 11005 21112 38498 40235 57011 80001 333 10036 21025 70000 83070 555 11036 29044 66666 01014 10002 20018 30036 50063 90111=
40732 42960 82401 10092 20036 30215 40191 56016 80009 333 10110 20064 70000 88167 555 10068 29068 66666 00068 10074 20080 30088 50118 90128=
40736 42960 70000 10073 20054 30223 40197 57012 80006 333 10078 20055 70000 87267 555 10065 29088 66666 00056 10063 20078 30090 50114 90153=
40737 42560 61501 10046 20031 30185 40203 57009 82570 333 10130 20013 70000 82630 86358 555 10040 29090 66666 00076 10092 20112 30118 50132 90150=
40738 42960 62303 10083 20052 30215 40217 50002 80006 333 10083 20018 70000 86269 555 10069 29081 66666 00046 10056 20070 30090 50118 90156=
40739 42665 70201 11058 21085 38737 40308 53002 81536 333 11022 21066 70000 81640 83360 87268 555 11064 29081 66666 01032 11032 20000 30024 50050 90112=
40741 42960 02104 10022 21061 39837 40182 53005 333 10034 20001 70000 555 11006 29054 66666 00018 10033 20055 30075 50107 90149=
40743 42965 40804 11050 21105 39114 40288 57006 80002 333 11005 21061 70000 84070 555 11063 29065 66666 01027 10000 20050 30090 50133 90170=
40745 42962 62004 11074 21111 39050 40270 55003 80006 333 11054 21096 70000 86270 555 11081 29075 66666 01016 10000 20036 30046 50080 90132=
40747 42960 00000 11040 21066 38671 40262 57005 333=
40754 41950 70000 11004 21066 38858 40253 56014 70522 83076 333 10013 21009 70000 83360 86268 555 11024 29063=
40762 42965 00000 11116 21145 38588 40321 53008 333 11058 21121 70000 555 11119 29079 66666 01040 11036 21006 30034 50082 90128=
40766 42960 40801 11043 21107 38733 40270 57005 80001 333 10099 21058 70000 84068 555 11059 29061 66666 00002 10030 20069 30084 50105 90143=
40768 42960 61601 11066 21098 38277 40271 56011 82078 333 11011 21072 70000 82460 86268 555 11073 29078 66666 01018 11012 20020 30042 50054 90096=
40769 41957 70000 11040 21058 38317 40263 55007 71022 80006 333 11013 21042 70000 87269 555 11044 29087 66666 00002 10012 20042 30052 50090 90148=
40780 42960 61203 10000 21130 38721 40266 57008 80006 333 10011 21011 70000 86269 555 11036 29037 66666 00040 10058 20086 30086 50110 90144=
40782 42965 50000 11036 21061 38917 40277 55002 80005 333 10013 21043 70000 85272 555 11042 29083=
40785 42960 01101 11026 21042 39149 40296 57007 333 10009 21028 70000 555 11030 29089 66666 00010 10052 20060 30096 50130 90180=
40791 42665 41601 11019 21151 39430 40297 55001 81502 333 10026 21026 70000 81640 83070 555 11050 29036 66666 00032 10050 20076 30116 50146 90196=
40792 42965 00000 11056 21144 38759 40290 57004 333 11018 21056 70000 555 11076 29050 66666 01010 10040 20052 30090 450128 90166=
40798 42960 10000 11121 21136 37991 40322 55007 80002 333 11017 21130 81070 555 11121 29088 66666 01055 11031 20019 30048 50080 90118=
40800 41957 00000 11078 21123 38510 40313 55006 70500 333 10012 21082 70000 555 11087 29070 66666 01086 11040 20028 30086 50122 90164=
40809 42962 20902 11091 21132 38544 40310 53004 80002 333 11010 21101 7000 82070 555 11098 29072 66666 01057 11021 20048 30086 50106 90160=
40811 42960 03302 10053 21035 30197 40224 53002 333 10156 20045 70000 555 10023 29053 66666 00070 10108 20150 30170 50202 90240=
40812 42960 03301 10061 21016 39824 40208 55003 333 10146 20056 70000 555 10032 29058 66666 00126 10130 20142 30158 50194 90232=
40818 42962 03302 11067 21157 38020 40299 57003 333 10013 21086 70000 555 11086 29049 66666 01001 10029 20055 30075 50077 90080=
40821 42962 01303 11009 21131 38828 40264 56008 333 10064 21010 70000 555 11042 29039 66666 00017 10041 20091 30111 50140 90180=
40829 42960 00102 11068 21135 39711 40323 53003 333 10033 21075 70000 555 11081 29059 66666 01060 10002 20084 30090 50156 90206=
40831 41956 02702 10014 21058 30231 40240 57010 70500 333 10131 20014 70000 555 11009 29059 66666 00052 10062 20096 30114 50180 90192=
40833 41957 01202 10037 21019 30191 40224 58007 70500 333 10138 20032 70000 555 10017 29067 66666 00058 10094 20122 30170 50220 90246=
40835 42960 00000 10024 21017 39389 40245 55000 333 10131 20022 70000 555 10009 29074 66666 00070 10096 20122 30148 50175 90202=
40841 42965 01302 11094 21159 38286 40301 56008 333 10024 21105 70000 555 11106 29059 66666 00066 10064 20100 30126 50152 90190=
40845 41958 33405 10169 20103 30219 40224 53007 70500 80002 333 10183 20164 70000 83070 555 10134 29065 66666 00144 10154 20172 30180 50210 90234=
40848 41957 10000 11022 21050 38571 40270 54000 71000 80001 333 10050 21032 70000 81070 555 11030 29081 66666 00018 10044 20084 30110 50124 90158=
40854 42960 02802 11004 21124 39008 40265 55004 333 10034 21015 70000 555 11037 29040 66666 00008 10068 20126 30160 50196 90242=
40856 42962 01703 11101 21248 38698 40318 55003 333 10019 21101 70000 555 11122 29029 66666 01048 10006 20082 30120 50152 90184=
40859 42960 30000 11016 21089 38753 40256 53002 80001 333 10098 21020 70000 83070 555 11036 29058 66666 01002 10076 20118 30146 50162 90191=
40875 41923 13604 10127 21056 30204 40216 53004 70500 80001 333 10181 20124 70000 81070 555 10061 29028 66666 00150 10202 20226 30230 50260 90282=
40879 42962 00103 10017 21140 39557 40263 53001 333 10134 20013 70000 555 11025 29030 66666 00110 10134 20194 30210 50232 90274=
40882 41550 51102 10195 20117 30174 40209 53006 70511 85500 333 10206 20190 70001 85625 555 10152 29061 66666 00190 10206 20226 30240 50246 90278=
40883 41930 00000 10174 20082 30190 40213 53010 70500 333 10208 20157 70000 555 10127 29055 66666 00167 10191 20221 30258 50258 90283=
40893 41950 00303 10167 21021 30198 40204 53008 70500 333 10235 20166 555 10090 29028 66666 00207 10213 20240 30243 50266 90247=
40898 41950 00903 10159 21068 30203 40212 51006 70600 222// 00246 20900 333 10235 20158 70000 555 10076 29020 66666 00152 10186 20244 30266 50282 90302=
41024 42960 00000 10233 20080 30125 40151 333 58000=
41036 41950 22203 10128 20020 38593 48542 70542 82040 333 59007 82358 555 04410 50179=
41055 41956 01603 10108 21060 38395 48544 70630 333 59015 555 04410 50193=
41061 42960 01206 10086 21190 39505 40231 333 59026=
41084 42960 00000 10088 21110 38897 48543 333 59021 555 04410 50188=
41112 42960 00000 10067 21030 37973 48552 333 59008 555 04410 50177=
41114 42960 00000 10052 21030 38013 48558 333 59007 555 04410 50185=
41128 42960 00000 10070 21040 38872 48565 333 59019 555 04410 50248=
41136 31957 00904 10105 21100 39397 40228 70600 333 59009=
41140 42960 01204 10231 20170 30145 40153 333 59004=
41150 42670 52808 10138 20021 40230 85501 333 59027 85640=
41170 42960 43007 10152 20073 30211 40225 80001 333 59024 84072=
41176 44/70 /2905 10101 20055 30221 40227 333 59024=
41184 41958 03003 10114 20114 40219 70600 333 59010=
41194 41956 40704 10187 20082 30203 40209 70600 80001 333 59010 84075=
41196 42960 30000 10134 20078 30173 40216 80001 333 59009 83072=
41216 41658 21605 10170 20138 30204 40208 70500 82500 333 59019 82640=
41217 41658 31604 10170 20116 30175 40205 70500 83500 333 59017 83640=
41244 36/// /2100 10149 20089 39769 40196 333 0E020 55300 25022 5////=
41253 26/// /1801 10156 20151 39830 40201 333 0E017 55300 25022 59010 70034=
41255 36/// /1900 10143 20098 39667 40191 333 0E016 59008=
41256 31957 02203 10180 20114 30185 40202 70600 333 59005 55005 55407 55408 55507 55508=
41257 36/// /1902 10139 20091 39709 40221 333 0E014 55300 20000 59002=
41262 36/// /2605 10138 20102 30002 40205 333 0E015 55300 20000 59010=
41263 36/// /0000 10146 20088 39608 40185 333 0E016 55300 20000 59008=
41267 36/// /3015 10225 20110 30179 40192 333 0E022 59004=
41268 36/// /3510 10219 20089 30136 40184 333 0E021 55300 25022 59007=
41275 36/// /3009 10143 20095 30044 40219 333 0E015 55300 20000 59005=
41288 36/// /0415 10236 20153 30169 40192 333 0E023 59012=
41315 36/63 /3319 10102 21026 39365 48415 333 0E015 55300 27865 58007=
41316 32960 03415 10187 21011 30171 40202 333 59001 55000 55407 55408 55507 55508=
41396 41958 02602 10099 21037 39487 40246 70600 333 59008=
41480 42460 20205 10228 20154 30168 40177 82500 333 59003 82618=
41506 12960 00000 11020 21034 38544 48410 60001 333 21022 58011 70000==
41508 12440 50000 11011 21040 38676 48380 60001 82220 333 21026 56880 59029 70000==
41515 12960 30000 10001 21028 38612 48690 60001 83020 333 21006 56080 58007 70000==
41516 11940 00000 11050 21067 38572 48270 60001 70402 333 21060 59038 70000==
41517 11440 10000 11060 21091 37809 48620 60001 70400 81500 333 21070 56800 59040 70000==
41518 12460 40000 11011 21040 30001 48010 60001 82230 333 21018 56880 58000 70000==
41519 12960 00000 10030 21040 38798 48270 60001 333 20020 59062 70000==
41523 12960 10901 10005 21038 39104 48960 60001 81030 333 21010 56008 59025 70000==
41535 12960 00000 10010 21089 38723 48840 60001 333 20004 59019 70000==
41536 12960 00000 10000 21044 39059 48030 60001 333 21006 59022 70000==
41560 12960 01301 10040 21037 38315 48460 60001 333 21016 59008 70000==
41571 21996 00000 10050 20001 39597 40208 70500 333 20030 59010 60007 70000=
41598 11910 00000 10030 20003 39894 40182 60001 71000 333 20022 59035 70000==
41600 11920 30000 10040 20028 39881 40192 60001 71012 83020 333 20022 56080 59010 70000==
41620 11940 00000 10020 21054 38600 48020 60001 70400 333 20004 59006 70000==
41624 11910 00501 10075 20040 39970 40180 60001 70400 333 20054 59019 70000==
41630 11910 01301 10050 20025 30000 40186 60001 71000 333 20040 59025 70000==
41640 11910 00000 10070 20047 39921 40181 60001 71040 333 20048 59022 70000==
41660 11940 02302 11015 21096 38478 48690 60001 70500 333 21026 59007 70000==
41678 11940 00000 10065 20042 30000 40182 60001 71000 333 20054 59017 70000==
41696 12960 03101 10100 20039 38048 48670 60001 333 20080 58001 70000==
41697 12960 00000 10100 20031 30013 40176 60001 333 20080 59014 70000==
41700 11910 00000 10070 20047 30029 40164 60001 71000 333 20060 59022 70000==
41710 12940 00502 10010 21049 39460 40285 60002 333 58052==
41712 22996 00502 11015 20674 39280 48541 333 21025 59003 60007 70000=
41715 11910 00000 10075 20053 30103 40171 60001 70500 333 20060 59021 70000==
41718 11920 00000 10055 20031 30064 40174 60001 71000 333 20050 59021 70000==
41725 11920 00000 10105 20050 30085 40168 60001 70500 333 20090 59025 70000==
41739 11940 00503 10000 21062 39121 48400 60001 70500 333 21010 58036 70000==
41744 11920 03103 10030 21040 38820 48390 60001 70600 333 20020 59003 70000==
41749 11910 03602 10090 20069 30160 40193 60001 71000 333 20074 58005 70000==
41756 11910 00507 10150 20103 30135 40203 60001 70700 333 20104 58002 70000==
41757 11920 03605 10120 21040 30197 40210 60001 70600 333 20100 59003 70000==
41759 11910 03606 10145 21056 30184 40190 60001 70733 333 20114 59003 70000==
41764 11940 00000 10125 20049 30106 40158 60001 70400 333 20102 59026 70000==
41768 12940 00000 10055 20018 30148 40155 60001 333 20040 59018 70000==
41780 11920 00701 10135 20005 30138 40165 60001 70500 333 20106 59012 70000==
41785 12940 00000 10105 20074 30170 40184 60001 333 20092 58002 70000==
41859 01950 00502 10191 20160 30133 40171 70500 333 20130 59005 70000==
41883 02950 00000 10176 20150 30146 40167 333 20127 59006 70000==
41891 02956 00000 10220 20120 30131 40170 333 20150 59004 70000==
41907 01935 00000 10155 20150 30151 40167 72843 333 20108 59007 70000==
41923 01935 00000 10218 20120 30159 40169 70500 333 20144 59004 70000==
41936 01907 00203 10166 20160 30153 40161 74246 333 20118 59005 70000==
41943 01/35 40000 10200 20130 30153 40160 70522 84030 333 20140 59007 70000 84362==
41950 01425 20000 10200 20160 30163 40165 71011 81530 333 20145 59006 70000 81617==
41978 01450 30305 10236 20160 30151 40158 70511 82830 333 20185 59005 70000 82618 83363==
41992 01935 03303 10250 20170 30151 40153 70510 333 20210 59010 70000==
42027 31993 02301 11044 21055 38446 48534 71100 333 21053 59037 555 10012=
42071 31992 00000 10034 20024 40188 71144 333 10190 20026 59022 555 10017=
42101 31994 00000 10068 20064 40192 71000 333 10228 20048 59025 555 10003=
42111 31995 10000 10098 20078 39454 40179 71000 81030 333 10258 20070 59019 81360=
42123 31995 00000 10054 20040 40182 71000 333 10255 20048 59025=
42131 31994 00000 10050 20041 40185 71000 333 10233 20016 59019 555 10004=
42165 31995 00000 10102 20059 40163 70500 333 10246 20085 59025=
42182 31992 00000 10070 20066 40182 74440 333 10245 20059 59024 555 10000=
42189 31994 00000 10100 20084 40181 71040 333 10238 20070 59012 555 10001=
42309 32996 00201 10184 20131 40197 333 20048 59003=
42314 31996 09902 10182 20112 40192 70500 333 20084 59006 555 10118=
42328 31995 00000 10094 20018 40149 70500 333 10242 20067 59022 555 10002=
42339 31995 00501 10110 20043 40166 70500 333 10273 20082 59020 555 10028=
42348 31995 09903 10116 20061 40175 70500 333 10251 20078 59027 555 10000=
42361 31993 00000 10066 20062 40184 74240 333 20050 59022 555 10001=
42369 31993 00000 10124 20097 40184 74140 333 10262 20083 59010 555 10015=
42379 31994 00000 10126 20111 40176 71040 333 10257 20080 59009 555 10000=
42398 32996 09902 10180 20102 40170 333 20116 59009 555 10128=
42410 31995 00000 10152 20149 40189 71000 333 20114 555 10156=
42415 32996 00000 10160 20120 40202 333 20121 59005 555 10287=
42452 31995 00000 10079 20080 40170 71000 333 10239 20074 59021 555 10013=
42492 31993 03201 10152 20115 40180 74240 333 20125 59012 555 10015=
42559 31995 00000 10100 20057 40170 70500 333 20085 59024 555 10001=
42571 31995 00000 10102 20068 40185 71040 333 20066 59011 555 10015=
42623 31495 20000 10126 20088 39313 40209 71000 82500 333 20039 59010 82618=
42634 31995 00000 10130 20048 40160 70500 333 20115 59012 555 10114=
42647 31994 00000 10158 20088 40151 70500 333 20118 59020 555 10008=
42667 31995 01107 10158 20060 39565 40168 70500 333 20040 59032 555 10026=
42675 31996 00000 10102 20064 40187 70500 333 20050 59014=
42701 31994 00000 10130 20097 39426 40178 71000 333 10236 20090 59003 555 10098=
42724 31995 10000 10184 20146 40165 71000 81030 333 20119 59004 81360 555 00000 10161=
42737 32996 00905 10128 20079 40158 333 20108 59008 555 10056=
42754 31994 00000 10176 20079 39505 40151 70500 333 20106 59022 555 10024=
42779 32996 00000 10108 20064 39462 40190 333 20066 59012 555 10023=
42798 31994 00000 10138 20095 40176 71040 333 20095 59010 555 10043=
42809 31995 13601 10192 20140 40169 70500 81030 333 20146 81360=
42840 31996 00000 10184 20123 40143 70500 333 20154 59011 555 10118=
42867 31995 03401 10154 20074 40175 70500 333 20082 59014 555 10023=
42874 31996 00502 10162 20084 40175 70500 333 20118 59009 555 10015=
42886 31995 00000 10130 20099 40185 70500 333 20072 59011 555 10039=
42895 31995 23602 10198 20113 40171 70500 82030 333 20113 59011 82360 555 10171=
42909 32996 00203 10188 20089 40141 222// 20000 333 20171 59009 555 10049=
42971 31595 63401 10194 20110 40173 70521 84530 333 20136 59026 84620 86360 555 10096=
43003 31995 00000 10170 20146 40136 70500 333 20150 59019 555 10086=
43014 31994 00000 10164 20082 39493 40155 70544 333 20100 59014 555 10116=
43041 31995 30000 10150 20095 39535 40171 70500 80001 333 20095 59008 83075 555 10047=
43063 31996 00000 10122 20108 39524 40173 70500 333 20080 59009 555 00000 10062=
43086 31996 20000 10150 20132 39972 40157 70500 80001 333 10284 20110 59013=
43110 31995 00000 10202 20111 40136 70544 333 20153 59008 555 10171=
43117 32997 20000 10180 20154 40154 80001 333 20129 59014 555 10055=
43128 31596 30000 10174 20106 39536 40156 70510 82501 333 10293 20119 59012 82620 83070 555 10065=
43150 31596 40210 10242 20128 30083 40144 70500 82531 222// 20000 333 10288 20217 59021 82620 83360 555 10251=
43185 31595 63603 10222 20190 30125 40129 71022 84530 333 10302 20197 59020 84620 85360 555 10193=
43189 31596 40000 10232 20159 30131 40140 70521 81502 333 10290 20199 59023 555 10164=
43192 31995 10502 10202 20144 40124 70500 80002 333 20186 59008 555 10301=
43198 31495 30703 10138 20101 39304 40154 71000 82501 333 10282 20092 56209 59011 82612 555 10283=
43201 31997 00000 10186 20143 39388 40125 70500 333 10284 20122 59010 555 10266=
43213 31596 69901 10176 20137 39812 40138 71022 81532 333 10315 20164 59011 555 10129=
43233 31896 40903 10186 20177 39323 40154 71010 82032 333 10279 20124 59009 555 10314=
43237 31595 40000 10162 20148 39718 40122 71000 83530 333 10301 20138 59009 83620 555 10201=
43245 31596 73405 10228 20200 30107 40134 70510 84502 333 10293 20225 59018=
43279 31596 80509 10250 20214 30105 40123 71022 82507 333 10300 20240 59022 82620 87270 555 10959=
43284 31996 00908 10228 20166 39996 40113 70500 333 10324 20205 59009 555 10388=
43295 32497 50902 10184 20158 39113 48514 83631 333 10272 20155 56299 59010 82710 83612=
43310 22496 52302 10288 20251 40112 83331 333 20267 58006 6006/ 555 00057=
43314 32997 10000 10260 20212 40112 80001 333 10344 20232 59008=
43321 31495 49902 10220 20175 39672 40124 71000 81501 333 10294 20180 59020 81615 83070 555 10438=
43329 32597 83603 10240 20225 30097 40110 8457/ 333 10290 20220 59021=
43333 21496 60904 10286 20246 40122 70522 85401 333 20260 56209 58001 6002/ 83618 85820 555 00016 10858=
43344 31495 72903 10238 20207 30015 40116 71022 83531 333 10287 20230 59023 83616 86360 555 10644=
43353 31495 20504 10266 20205 40110 71021 81530 333 10316 20246 56790 59002 82620=
43369 32597 40000 10262 20251 40108 84500 333 10328 20246 59005 84620=
43371 32896 40000 10274 20242 30033 40105 83031 333 10332 20241 59007 83358 555 10592=
43404 22470 73403 10251 20236 30097 40100 52022 86000 333 10265 553// 20029 59019 60008 70010 91005==
43410 22470 83302 10269 20251 30093 40096 57018 88000 333 10271 20259 3/025 59022 60008 70054==
43413 22470 83504 10262 20249 30102 40107 56020 88270 333 10265 20239 3/025 553// 20091 59019 60008 70000 91007==
43415 22470 82901 10250 20235 39996 40104 52007 84000 333 20240 59020 60008 70049==
43418 22470 83201 10256 20247 30052 40093 52009 88170 333 10262 20236 59022 60008 70486==
43421 22470 83201 10251 20250 39999 40105 52021 88000 333 10264 20234 553// 20036 59017 60008 70000 91002==
43422 22470 82901 10246 20239 39971 40106 52022 88110 333 10249 20239 3/024 59015 60008 70089==
43424 22470 80000 10258 20241 30102 40104 52023 88170 333 20239 59016 60008 70003==
43436 21469 80000 10258 20246 30092 40095 52016 70266 88/// 333 10270 20246 59015 69918 70177 81920==
43441 21470 809// 10250 20237 39969 40102 52025 70382 88120 333 10252 20240 3/024 59011 60108 79999==
43444 21470 80000 10236 20227 39568 40100 52017 70262 88000 333 10236 20221 59014 69918 70071==
43450 21457 70101 10256 20243 30102 40114 52022 71021 87720 333 10269 20240 3/023 59006 60008 70063==
43466 21465 80201 10261 20220 30104 40112 5/028 70522 88050 333 10283 20245 553// 20066 59006 60008 70000 91003==
43467 21450 70201 10266 20239 30105 40111 52027 70522 86100 333 20245 59006 60008 70046==
43473 22/70 71301 10196 20196 38127 48488 52017 81000 333 10196 20145 3/014 553// 20218 59006 60008 70197 91001==
43475 22470 42902 10271 20240 30094 40099 52022 84000 333 10280 20244 553// 20151 59011 60008 70352 91003==
43476 22462 72701 10200 20191 38774 48519 52017 87000 333 10200 20185 59011 60008 70290 91001==
43479 21/68 70901 10225 20221 39254 52014 70562 333 10225 20205 59015 69918 70319 84/08==
43486 21458 62301 10254 20254 30008 40108 51027 70522 84000 333 10303 20235 553// 20141 59006 60008 70000 91002==
43495 22470 53402 10265 20241 30092 40105 5/240 82000 333 10277 20250 59010 60008 70006==
43497 22470 52502 10294 20000 30084 40101 5/025 85000 333 10326 20248 553// 20250 59003 60008 70006 91003==
44212 41/70 80000 11188 21220 39288 40538 54000 77177 8802/==
44213 41/60 80000 11197 21229 38925 40535 52002 77172 8802/==
44214 41/40 80000 11146 21170 38356 40477 52004 77077 8802/==
44215 41560 81405 11136 21166 38502 40479 52003 72272 886//==
44217 41998 70000 11160 21186 37894 40495 52002 70272 87010 333 91200=
44218 41/40 81901 11129 21156 38713 40477 50000 77177 8802/==
44219 41996 81003 11209 21242 38738 40548 52005 77172 8802/ 333 91203=
44265 41/84 70000 11124 21162 38973 40481 52003 70272 87010==
44266 31597 82802 11148 21169 37816 40475 53004 71522 8652/ 333 91204=
44404 22458 20903 10114 20031 38153 48496 82200 333 20055 59011 60004=
44416 22760 21503 10106 20088 39413 40195 82040 333 20053 59007 60004=
44424 22460 70801 10008 21057 37705 47085 84430 333 21030 59013 60004=
44434 21335 11402 10133 20095 39278 48554 71044 81100 333 20076 59013 60004=
44438 21930 03202 10148 20128 30052 40180 71044 80000 333 20104 59003 60004=
44449 22960 00302 10168 20123 30017 40175 80000 333 20100 59005 60004=
44454 21445 20000 10092 20066 38705 48539 71040 82100 333 20047 59016 60004=
44462 22965 02702 10126 20036 38286 48506 80000 333 20086 59008 60004=
44474 22956 00000 10094 20037 38289 48537 80000 333 20056 59012 60004=
44477 22958 01802 10164 20085 38850 48556 80000 333 20080 59009 60004=
44478 21910 03603 10156 20138 30087 40169 7104/ 80000 333 20100 59006 60004=
48010 42956 03601 10150 20134 30026 40180 333 59015==
48020 41908 00000 10148 20142 74544 89///==
48025 41108 73601 10152 20134 31002 40194 59003 74244 85770==
48048 42957 00401 10210 20175 30110 40168 333 59011==
48052 32957 00000 10220 20173 333=
48062 42557 33603 10268 20240 30134 40141 83800 333 58000==
48064 333 59006==
48094 42958 23201 10275 20195 30139 40149 80006 333 59001==
48109 42460 50902 10294 20259 30148 40152 84901 333 59007==
51076 14/64 /0601 11173 21194 39514 40477 57006 60001 333 11107 21195 3/103 4/009 58047 70015 90761 91104==
51087 14/17 /1800 11164 21186 39366 40490 57001 69961 71000 333 11127 21172 3/106 4/009 58045 70014 90761 91102==
51156 14/58 /0002 11164 21196 38810 40472 57006 60001 77000 333 11072 21187 3/113 4/001 58031 70000 90761 91107==
51243 14/56 /0801 11150 21174 39874 40480 57005 60001 71000 333 11123 21174 3/114 4/001 58035 70000 90761 91103==
51334 14/31 /3202 11111 21136 30017 40454 57005 60001 77000 333 11034 21111 3/107 4/008 58015 70019 90761 91105==
51379 14/72 /1402 11167 21195 39448 40481 57007 69921 333 11064 21195 3/105 4/015 58028 70006 90761 91104==
51463 14/57 /1802 11109 21125 39175 40457 57011 69921 70500 333 11054 21113 3/101 4/031 58003 70081 90761 91105==
51573 14/59 /0101 11048 21131 30361 40414 52016 60001 333 11027 21088 3/114 58063 70000 90761 91104==
51644 14/17 /0301 11135 21149 39082 40450 52012 60001 70500 333 11066 21169 3/105 4/005 58082 70000 90761 91103==
51656 14/01 /2801 11172 21188 39296 40464 52016 60001 74540 333 11043 21184 3/116 4/003 58076 70000 90761 91102==
51709 14/49 /1702 11065 21105 38739 40410 52008 60001 70500 333 11028 21087 3/109 58091 70000 90761 91103==
51711 14/23 /2301 11135 21149 38086 40388 52013 60001 77000 333 10052 21146 3/119 58080 70000 90761 91104==
51716 14/57 /0101 11061 21100 39044 40418 52009 60001 70500 333 11001 21084 3/111 58089 70000 90761 91105==
51765 14/50 /3101 11155 21166 39359 40456 52018 60001 71000 333 11060 21170 3/119 58069 90761 91103==
51811 14033 02901 11100 21123 38913 40423 52012 60001 333 10020 21114 3/117 58082 70000 90761 91104==
51818 14/42 /2801 11108 21137 38749 40418 52009 60001 70500 333 10016 21126 3/119 58073 70000 90761 91104==
51886 14/63 /1501 11136 21246 37128 40384 52010 60001 333 11057 21155 3/121 59016 70000 90761 91103==
52203 14057 01002 11086 21148 39471 40424 52010 60001 333 11051 21124 3/116 58064 70000 90761 91105==
52602 14/74 /3501 11137 21247 37274 40398 52007 60001 333 11024 21177 3/123 59028 70000 90761 91103==
52818 14/80 /2703 11087 21243 37240 40295 52010 60001 333 11008 21108 3/115 59025 70000 90761 91106==
52908 14/79 /2606 11073 21276 35779 40214 52010 60001 333 10015 21151 3/119 59011 70000 90761 91109==
55228 14/76 /0801 11050 21301 36032 40156 52005 60001 333 10049 21115 3/120 59043 70000 90761 91107==
55299 14/60 /0101 11095 21255 35898 40307 52009 60001 333 10073 21166 3/122 59024 70000 90761 91104==
55578 14/61 /1301 11009 21152 36433 40286 52014 60001 333 10105 21131 3/115 59039 70000 90761 91102==
55591 14/79 /1102 10001 21186 36578 40227 52016 60001 72000 333 10117 21048 3/113 59040 70000 90761 91104==
55664 14/74 /1901 11024 21248 36067 40223 52008 60001 333 10116 21121 3/115 59032 70000 90761 91103==
55773 14/80 /2201 11044 21206 36067 40277 52015 60001 333 10114 21133 3/119 59025 70000 90761 91102==
56004 14/80 /0000 11103 21232 35844 40267 52007 60001 333 10050 21185 3/126 59017 70000 90761 91106==
56018 14/61 /1901 11055 21239 36215 40179 52012 60001 333 10089 21127 3/117 59028 70000 90761 91105==
56312 14/80 /3202 10013 21080 37153 40287 52010 60001 333 10122 21054 3/107 59028 70000 90761 91103==
62332 42960 02406 10152 20130 40238 57003==
62366 45960 00000 10127 20090 40238 57005==
62387 31950 03207 10099 20085 40226 57007 71000=
62393 42960 03303 10080 20042 40239 54000==
62405 42960 03603 10132 20020 40198 54000==
62414 42960 03506 10142 20051 40185 57001==
62419 42960 00105 10174 20100 40166 57005==
62420 31957 00202 10108 20092 40244 57003 71000=
62458 32960 03304 10145 20042 40217 57003=
