SIPK OPKC 160300=
41505 22696 40000 11040 21055 38/// 48/// 80030 333 21045 58/// 60007 70000 83360 69%=
41506 22997 30000 10000 21026 38555 48551 83020 333 21013 56090 59033 60007 70000 83460 82%=
41507 22997 00000 10020 21006 39295 49840 333 21020 58006 60007 70000 83%=
41508 22997 30000 11022 21051 38705 48564 83020 333 21030 56090 58008 60007 70000 83460 RH 79%=
41509 22997 40000 10000 21014 38804 48531 80070 333 21005 56090 59024 60007 70000 84460 RH91%=
41510 22997 20000 11025 21037 37950 48577 82030 333 21035 58003 60007 70000 82360 90%=
41515 22697 20000 10015 21043 38603 48563 82500 333 21004 56900 58009 60007 70000 82650 65%=
41516 22996 00000 11045 21062 38610 48560 333 21055 59044 60007 70000 RH88%=
41517 21696 70000 11060 21091 37849 48601 70422 83530 333 21070 56990 59063 60007 70000 83635 86360 76%=
41518 22697 40000 11011 21040 38/// 48/// 82230 333 21017 56990 5//// 60007 70000 82840 82362 80%=
41519 22697 30000 10030 21058 38860 48583 83200 333 20015 56900 59025 60007 70000 83840 RH52%=
41520 22697 40000 11035 21096 37660 48328 82530 333 21055 56990 59040 60007 70000 82640 82362 59%=
41523 22997 00000 11010 21040 39129 48515 333 21015 58003 60007 70000 80%=
41524 22997 00000 10085 21030 39414 40307 333 20065 59022 60007 70000 44%=
41525 22997 02306 11010 21070 37712 48453 333 21030 58005 60007 70000 64%=
41528 22697 60000 10045 20022 39255 48517 83520 333 20038 59010 60007 70000 83640 83460 85%=
41529 22996 30000 10025 20012 39832 40237 80001 333 20020 56009 58011 60007 70000 83070 Rh91%=
41530 21996 20000 10055 21041 39785 40218 70511 80001 333 20050 56009 58002 60007 70000 82075 48% COR=
41530 21996 20000 10055 21041 39785 40218 70511 80001 333 56009 58002 60007 70000 82075 48%=
41534 22697 30000 10020 20007 39783 40223 83500 333 20015 56900 58003 60007 70000 83640 RH 91%=
41535 22697 40000 10035 21051 38742 48504 82520 333 21003 56990 58002 60007 70000 82635 84460 RH53%=
41536 22997 30000 10025 21015 39081 48528 83010 333 20011 56090 59003 60007 70000 83360 75% =
41560 22997 00000 10025 21026 38323 48555 333 21030 59001 60007 70000 RH69%=
41562 22997 00502 10080 20005 39737 40219 333 20050 58016 60007 70000 RH 59%=
41565 22997 23102 10039 21047 38690 48546 80001 333 20020 56009 58025 60007 70000 82070 47%=
41567 21996 20000 10040 20014 39754 40194 70401 82030 333 20030 56090 58002 60007 70000 82360 83%=
41571 21995 30000 10050 20001 39607 40218 70511 80001 333 20025 56009 59011 60007 70000 RH70% COR=
41571 21995 30000 10050 20001 39607 40218 70511 80001 333 56009 59011 60007 70000 RH70%=
41572 21996 02308 10060 21016 39557 40210 70400 333 20030 59001 60007 70000 RH 58% =
41573 22697 50000 10065 21070 38001 48533 83420 333 20005 56990 58010 60007 70000 83640 82460 36%=
41574 22697 30000 10000 21013 38393 48575 82530 333 21010 56990 58023 60007 70000 82640 83360 91%=
41576 21994 20000 10020 21008 40231 71000 82030 333 20019 56090 58004 60007 70000 82360 82%=
41577 21996 20000 10025 20013 39579 40227 70411 82030 333 20015 56090 59003 60007 70000 82360 RH 92%=
41593 21996 00000 10055 20031 39973 40201 70400 333 20047 58001 60007 70000 84%=
41597 21996 00000 10060 20036 39915 40227 70400 333 20040 58007 60007 70000 85%=
41598 21994 30000 10030 20003 39929 40217 71000 83030 333 20029 56090 58005 60007 70000 83360 83%=
41599 21994 00000 10040 20014 39897 40204 71040 333 20037 59001 60007 70000 83%=
41600 21995 00000 10025 20025 39891 40205 71000 333 20018 59001 60007 70000 100%=
41620 32696 23102 10040 21044 38606 48506 70400 82500 333 20020 56900 58001 60007 70000 82640 54%=
41624 21994 00000 10065 20003 39989 40200 70400 333 20055 59001 60007 70000 78%=
41625 21995 00000 10035 20022 39983 40195 71000 333 20030 58003 60007 70000 91% =
41630 21994 00000 10045 20020 40212 71000 333 20035 58005 60007 70000 92600 84%=
41633 21995 00000 10050 20038 3//// 4//// 71000 333 20035 5//// 60007 70000 92%=
41634 22996 00000 10060 20013 3//// 4//// 333 20040 5//// 60007 70000 72%=
41635 21995 00000 10035 20009 3//// 4//// 71000 333 20025 5//// 60007 70000 83%=
41636 21995 00000 10045 20033 30013 40208 71000 333 20042 58004 60007 70000 92%=
41638 21995 00000 10065 20054 4//// 71000 333 20058 5//// 60007 70000 92%=
41639 21996 00000 10060 20036 3//// 4//// 70400 333 20050 5//// 60007 70000 85%=
41640 21995 00000 10070 20035 39943 40205 70400 333 20049 58001 60007 70000 78%=
41641 21994 00000 10070 20035 39918 40205 70400 333 20045 59005 60007 70000 78%=
41642 21994 00000 10065 20029 3//// 4//// 71000 333 20042 5//// 60007 70000 RH78%=
41643 21/92 90000 10035 20035 39897 40190 74740 333 20028 59012 60007 70000 92600 100% FROST OBSERVED=
41644 21994 00000 10055 20031 4//// 71000 333 20045 5//// 60007 70000 84%=
41646 21994 00000 10070 20047 39995 40220 71000 333 20060 58001 60007 70000 85%=
41652 21995 00502 10045 20020 30021 40210 71000 333 20040 58001 60007 70000 84%=
41660 21696 42706 10040 21008 38484 48574 70511 81530 333 20024 56990 58025 60007 7000 81650 83360 71%=
41661 22697 20000 10045 21002 38430 48559 82500 333 20010 56900 58022 60007 70000 82635 72%=
41669 21996 00000 10045 20033 3//// 4//// 70400 333 20035 5//// 60007 70000 92%=
41670 21995 20000 10050 20025 3//// 4//// 71000 82030 333 20045 56090 5//// 60007 70000 82360 84%=
41674 21994 00000 10060 20048 3//// 4//// 71000 333 20052 5//// 60007 70000 92%=
41675 21993 00000 10060 20048 30051 40202 74640 333 20052 59002 60007 70000 92%=
41676 21994 00000 10065 20042 30050 40215 71000 333 20057 58002 60007 70000 85%=
41678 21995 00000 10075 20053 40200 71000 333 20065 59008 60007 70000 86%=
41679 21996 00000 10060 20036 4//// 70400 333 20050 5//// 60007 70000 85%=
41680 21995 00000 10045 20020 39996 40206 71000 333 20040 59004 60007 70000 84%=
41685 22997 00000 10105 21076 38951 48526 333 20070 59002 60007 70000 27%=
41696 22997 00000 10000 21083 38047 48593 333 21030 58004 60007 70000 RH50%=
41697 22997 00000 10060 20023 30027 40195 333 20045 58007 60007 70000 RH77%=
41700 21994 00000 10070 20047 30051 40187 71000 333 20047 59009 60007 70000 85%=
41701 21994 00000 10075 20053 30060 40209 71000 333 20047 58010 60007 70000 86%=
41710 21996 20504 10060 21051 39433 40240 70600 82010 333 20040 56090 58071 60007 70000 82460 45%=
41712 21994 30508 10070 21003 39283 48565 70700 83010 333 20050 56090 58065 60007 70000 83460 RH60%=
41715 21993 00000 10095 20045 30124 40191 70400 333 20075 59012 60007 70000 RH73%=
41716 21995 00502 10070 20047 30107 40216 71000 333 20050 59002 60007 70000 85%=
41718 21995 00000 10070 20047 30085 40194 71000 333 20038 59001 60007 70000 85%=
41724 21994 00000 10070 20035 30132 40215 70400 333 20060 59005 60007 70000 RH78%=
41725 21996 02302 10090 20045 30110 40192 70500 333 20075 59008 60007 70000 RH73%=
41726 21994 00000 10070 20047 30125 40200 71000 333 20055 59005 60007 70000 RH85%=
41738 21994 00518 10160 21005 30046 40231 70700 333 20125 58035 60007 70000 RH32%=
41739 21995 03106 10035 21051 39085 48516 70500 333 20025 58004 60007 70000 RH53%=
41742 22996 00000 10135 20062 30089 40197 333 20010 58001 60007 70000 RH 61%=
41743 21996 00000 10090 20045 70400 333 20070 60007 70000 73%=
41744 22996 00000 10065 21033 38823 48537 333 20050 58004 60007 70000 RH51%=
41745 21996 00000 10090 20045 70400 333 20070 60007 70000 RH 73%=
41746 21995 00000 10085 20063 30138 40200 70500 333 20075 59011 60007 70000 RH86%=
41747 21993 00000 10050 20025 30120 40184 71000 333 20040 58015 60007 70000 RH84%=
41748 21995 00902 10085 20052 30136 40202 70500 333 20065 59006 60007 70000 RH79%=
41749 21994 00000 10090 20069 30155 40191 71000 333 20075 59018 60007 70000 RH86%=
41756 21994 03614 10190 20059 30133 40200 70700 333 20125 58011 60007 70000 RH42%COR=
41756 21996 03614 10190 20059 30133 40200 70700 333 20125 58011 60007 70000 RH42%=
41757 21994 03612 10150 21024 30200 40213 70600 333 20120 58020 60007 70000 RH30%=
41759 21994 03612 10195 20022 30187 40193 70730 333 20115 58009 60007 70000 RH32%=
41760 21993 00000 10165 20165 30180 40193 74600 333 20110 58000 60007 70000 RH 100%=
41760 21994 00000 10165 20088 30180 40193 70600 333 20110 58000 60007 70000 RH 60%COR=
41764 21995 03604 10140 20043 30132 40184 70400 333 20130 59006 60007 70000 RH52%=
41765 22996 03104 10125 20062 30151 40187 333 20120 59009 60007 70000 RH65%=
41766 01995 03602 10090 20057 30158 40189 60002 71000 333 20080 59011 60007 70000 RH80%=
41767 22996 05006 10095 20051 3//// 4//// 333 20075 60007 70000 RH74%=
41768 22996 00000 10060 20009 30166 40173 333 20040 59021 60007 70000 RH70%=
41780 21995 00704 10110 20030 30150 40179 70500 333 20105 59012 60007 70000 RH58%=
41783 22996 00502 10125 20049 30146 40177 333 20105 59002 60007 70000 RH 60%=
41785 22996 00502 10110 20068 30165 40181 333 20096 59007 60007 70000 RH 76%=
41786 22996 00000 10040 20000 30129 40168 333 20010 59003 60007 70000 RH 75%=
41BAG 22696 60000 11030 21096 83510 333 21050 60007 70000 83635 86460 60%=
41BKI 21996 00000 10050 21003 39782 40222 70400 333 20047 58009 60007 70000 Rh69%=
41SKP 21993 00000 10040 20040 3//// 4//// 74544 333 20037 5//// 60007 70000 100%=
43532 22997 20000 10050 20027 39375 40214 82500 333 20040 56900 59001 60007 70000 82640 85%=
43533 21996 30000 10060 20013 39258 48505 70400 83030 333 20055 56090 58000 60007 70000 83360 72%=
43563 22697 60000 10017 21006 39494 40226 82530 333 20009 56990 59001 60007 70000 82640 84360 92600 83%=
41504 22997 32302 11040 21103 37923 48597 83030 333 21060 56090 59046 60007 70000 83360 RH58%= 

Data Generated from File : D:/all data handling/Rmc_lhr/2024121603.FSU.txt
16/12/2024   04:07:22
____________________________________________________________________________________________
15020 24/70 /2307 10012 21054 30007 40212 58009 333 55300 20000 60007==
15090 24570 72502 10022 21038 30132 40228 50001 87500 333 55300 10070 20000 30000 60007 91003 90730 91105==
15108 21/00 92813 11095 21103 38047 48474 55001 77174 89/// 333 55300 20000 60027 91018 90730 91119==
15150 24970 03301 11049 21060 30023 40249 51006 333 55300 20000 60007 91002 90730 91102==
15170 24570 82405 11001 21037 39457 42839 51010 8637/ 333 55300 20000 60007 91008 90730 91110==
15280 21/00 93214 11142 21159 37474 47000 50006 74943 89/// 333 55300 20000 60007 91021==
15310 24/70 /2002 11005 21043 30160 40250 51009 333 55300 10200 20000 30000 60007==
15335 24970 03101 11016 21042 30241 40248 51009 333 55300 20000 60007 91002 90730 91102==
15350 24/70 /2503 10020 21040 30137 40261 52008 333 55300 20000 60007==
15360 24970 02605 10024 21024 30227 40244 51014 333 55300 20000 60007 91006 90730 91108==
15420 24/64 /2501 11023 21031 30155 40273 52010 333 55300 20000 60007==
15460 24/65 /2303 10014 21008 30244 40270 51012 333 55300 20000 60007==
15470 24970 02503 11010 21021 30150 40283 51008 333 55300 20000 60007 91004 90730 91104==
15480 24970 02703 10028 21011 30242 40261 51017 333 55300 10250 20000 30000 60007 91007 90730 91107==
15549 42970 22001 11007 21010 39847 40281 52015 82030 333 10026 21008 555 598// 92602=
15552 42960 02902 10026 21004 30219 40270 52021 333 10063 20026 555 580// 92024 92427=
15640 42670 73404 10048 20026 39964 40284 52014 87500 333 10067 20044 555 586//=
15655 42568 52905 10041 21002 30243 40277 52022 82501 333 10082 20039 555 573// 92024 92427=
15730 42970 33605 10049 21048 39879 40285 52018 83040 333 10091 20048 91119 555 549//=
16627 42560 10603 10050 20003 30267 40274 52021 81100 333 90730 91110==
16650 42560 60612 10094 20078 30255 40265 52019 84445 333 84620 83358 85068 90730 91118==
16723 42460 50003 10114 20094 30207 40220 52009 84860 333 82818 84620 90730 91107==
16742 42460 63509 10134 20115 30054 40210 53005 84842 333 81816 84618 85068 90730 91119==
16749 42560 60607 10162 20122 30183 40198 53004 83206 333 83820 86068 90730 91121==
16754 42560 72105 10156 20116 30172 40220 52001 82203 333 82820 86068 90730 91109==
16760 46/// /0002 10115 20077 39811 40229 57001 333 90730 91108==
16765 46/// /3016 10173 20128 30188 40207 57004 333 90730 91121==
17022 47/81 /2010 10065 20056 30077 40242 722//==
17024 47/56 /2929 10082 20066 30143 40221 52021 760//==
17026 47/70 /2808 10090 20073 30177 40217 52015 723//==
17031 41556 72302 10074 20070 30200 40206 52010 78088 85270 333 85830 87358 90730 91104==
17034 42570 72204 10111 21002 30163 40209 53006 84250 333 84830 87360 90730 91110==
17038 42/70 62403 10086 20015 30144 40192 57010 86030 333 86360 90730 91113==
17042 46/79 /1216 10088 21065 30157 40197 56019==
17050 42/70 40000 10038 21009 30228 40292 52022 84030 333 84360 90730 91105==
17056 42/70 33104 10050 20015 30276 40280 52022 83030 333 83360 90730 91111==
17060 42470 73414 10074 20026 30228 40269 52019 85260 333 82713 85830 87359 90730 91119==
17070 46/// /2504 10018 20001 39352 40245 52014==
17074 47/50 /2002 10008 21006 39274 40237 52014 751//==
17084 41662 81101 10027 20021 39299 40223 53001 72162 8452/ 333 84635 88460 90730 91108==
17085 41550 81601 10030 20025 39721 40223 53002 76166 8552/ 333 85630 88458 90730 91105==
17092 42670 71704 11071 21084 38923 48535 57009 82530 333 82640 87358 90730 91104==
17096 42660 50102 11148 21157 38271 48551 57011 82540 333 82640 85358 90730 91105==
17098 42660 30601 11133 21150 38225 48547 57006 81530 333 81640 83358 90730 91105==
17100 41930 50000 11053 21101 39277 40331 57006 71022 80008 333 85268==
17112 46/80 /0806 10084 20009 30267 40275 52022==
17115 42660 73508 10082 20023 30220 40272 52024 84270 333 84835 87360 90730 91118==
17116 41568 71001 10066 20065 30146 40270 52023 72582 85250 333 85833 86359 90730 91104==
17124 41560 72503 10030 20023 39310 40253 52011 70272 87500 333 87628 90730 91107==
17128 41440 70000 10009 20004 39110 40237 52007 76872 87500 333 84711 87620 90730 91105==
17135 47/33 /1202 10027 20016 39329 40223 52005 722//==
17140 41657 82502 10008 20008 38716 48500 53001 76166 8552/ 333 85635 88457 90730 91109==
17150 42560 70210 10074 20042 30135 40261 52025 87200 333 83720 86835 90730 91119==
17160 41566 82004 10038 20014 39046 48514 53005 76066 8552/ 333 85633 88458 90730 91112==
17170 42560 51003 11079 21134 38379 48553 57010 81506 333 81630 85268 90730 91108==
17175 46/// /0207 10098 20017 30237 40242 52025==
17184 46/// ///// 10077 20048 30126 40238 52014==
17190 41560 83401 10043 20043 39019 48518 53003 76066 8552/ 333 85630 88459 90730 91105==
17195 41557 83003 10008 21004 38998 48510 56003 72272 8551/ 333 85633 88458 90730 91107==
17200 42670 62205 11058 21081 39272 40312 58008 82506 333 82640 86268 90730 91107==
17202 42670 52602 11051 21083 39212 40306 57009 81531 333 81635 83360 85070 90730 91108==
17203 46/// /0000 11036 21101 38953 40310 57008==
17210 46/// /0601 10007 21097 39223 40292 56009==
17219 41258 63304 10094 20088 30083 40229 53006 72582 83250 333 81705 83825 86359 90730 91110==
17234 47/13 /0702 10093 20090 30152 40220 50000 720//==
17237 41670 80000 10097 20096 39717 40220 53003 72166 8352/ 333 83636 88458 90730 91104==
17240 41570 60000 10069 20048 39066 40216 58006 70282 84250 333 84830 86360 90730 91110==
17244 41670 70405 10049 20030 39025 48522 53002 70262 85550 333 85635 87359 90730 91110==
17248 41658 82502 10018 20008 39016 48520 53001 76022 8452/ 333 84635 88458 90730 91106==
17250 41640 81902 10026 20013 38832 48521 57014 76022 8552/ 333 85636 88459 90730 91106==
17260 42/60 50103 10025 21082 39406 40246 57010 85030 333 85362 90730 91106==
17270 42970 00000 10050 21088 39620 40284 55008 333 90730 91102==
17275 46/// /0000 10029 21174 39060 40285 57008==
17280 42/60 40502 11026 21065 39477 40303 57010 82031 333 82360 84070 90730 91105==
17290 46/// /3400 10128 20096 30183 40215 52008==
17292 41570 70000 10075 20064 39447 40208 58003 70182 84270 333 84830 87359 90730 91104==
17300 41460 70403 10114 20114 30154 40226 55008 78082 86930 333 85835 86358 81915 90730 91113==
17310 41559 70705 10133 20115 30209 40216 58003 79598 85970 333 84831 87359 81927 90730 91109==
17330 46/// /0000 10117 20057 30225 40237 57011==
17350 42660 60304 10108 21059 30157 40236 57014 86100 333 86835==
17370 42670 41204 10111 21078 30245 40249 55009 84100 333 84835 90730 91114==
17375 41556 70000 10113 20106 30199 40201 55007 79599 86970 333 85828 87357 81926 90730 91104==
33088 42560 82406 10017 20001 39918 40111 58023 885//==
33135 425// 82705 10005 21032 39943 40093 52001 885// 333 55000 88632==
33177 41540 82403 10015 20009 39897 40138 58027 78082 889//==
33317 42/// 82605 10005 21005 39801 40144 58018 8807/ 333 55000==
33393 41257 82406 10012 20005 39780 40179 57017 78082 889// 333 86706==
33415 42460 82507 10016 21009 39767 40171 58014 885// 333 87711==
33429 42460 82506 10009 21006 39738 40168 58012 8655/ 333 86611==
33466 42566 82306 10016 21025 39943 40133 52008 885// 333 88627==
33506 41540 82504 10005 21006 39904 40103 51004 71022 885// 333 55000==
33562 42560 62906 10016 21021 39864 40174 50001 84530==
33587 425// 82603 10017 21024 39895 40163 52009 885// 333 88623==
33658 42/84 82404 10030 21042 39891 40195 57016 8805/==
33663 42560 62701 10026 21020 30098 40196 52007 86500==
33664 42597 82303 10014 21037 39870 40193 58009 85530 333 55000 555 20010 7990/=
33678 42598 72807 10012 21034 39994 40212 52008 85901 333 91113 555 20005 7990/=
33679 42497 72704 10018 21029 30007 40202 52009 87500 333 87618 555 20010 7990/=
33711 42560 82607 10012 21011 39931 40144 52007 885// 333 88629==
33745 42897 62504 11001 21043 30022 40221 57001 84031 333 55000 555 21002 7991/=
33748 42597 72802 10003 21040 39922 40215 52001 87300 555 20002 7994/=
33754 42997 72704 10018 21026 30048 40197 52009 87030 333 55000 91113 555 20017 7990/=
33761 42/70 82805 10013 21021 39956 40184 52007 8806/==
33791 42/86 22605 10006 21013 30024 40155 52005 82030==
33815 42598 62804 10021 21051 39999 40211 52006 86500 333 55001 555 20018 7990/=
33837 42984 02802 10013 21032 30154 40207 51008 333 55003==
33881 42998 02403 11001 21045 30032 40235 52004 555 21004 7000/=
33883 42997 02502 11007 21043 30064 40231 52007 555 21007 7992/=
33885 42997 02202 10000 21051 30114 40252 52012 333 55032 555 21002 7000/=
33892 42997 22703 10001 21046 30006 40221 52012 82030 333 55019 555 21002 7997/=
33902 42/60 32504 10008 21018 30127 40188 52007 83030 333 55000==
33924 22560 63008 10063 20007 30194 40207 52010 86900 333 20052 60002 91013 90730 91114==
33946 22780 22503 10002 21008 39987 40215 52011 82500 333 21004 55000 69912==
33983 22560 52207 10019 20003 30124 40186 52016 83530 333 20010 55000 60002 91012 90730 91112==
34300 42460 82503 10002 21019 39908 40088 54000 885//==
34336 21420 82703 11004 21009 39971 40076 52008 78582 8632/ 333 21010 47008 60032==
34344 21440 82503 11002 21002 39982 40071 52007 77172 8872/ 333 21016 43008 60052==
34356 22570 72504 10004 21009 39918 40066 53008 87500 333 21019 43007 55038 60052 90730 91110==
34357 21570 82305 10003 21022 39911 40067 52013 78582 889// 333 21017 43007 60042 91010 90730 91111==
34398 22/// 81808 11019 21037 30102 40115 57028 8807/ 333 47001 60002 90730 91117==
34415 41460 82702 10003 21005 30006 40104 51008 70272 886//==
34438 21460 82504 11005 21006 39900 40094 52006 78582 883// 333 21017 60042==
34445 21540 82205 10002 20001 39967 40082 50008 78582 889// 333 21016 44003 60022 90730 91110==
34461 22460 82503 10013 21022 30022 40078 53008 885// 333 21024 43997 69972==
34473 /15// 82009 10005 21011 30046 40085 57015 70273 8802/ 333 47002 55030 91015 91116 555 21038 69992 7999/=
34476 21570 81909 10009 21031 30089 40096 57016 70282 8693/ 333 21040 55037 69912 91013 90730 91114==
34504 42465 82605 10004 21007 39954 40131 52003 886//==
34535 21560 82504 10006 21006 30034 40107 52006 78582 883// 333 21006 44001 60022 90730 91110==
34545 22570 82304 10006 21008 39989 40102 52006 885// 333 21016 43002 69902 90730 91111==
34555 22570 82308 10009 21012 30017 40109 51014 885// 333 21019 43997 69932 91011 90730 91113==
34560 42460 72508 10008 21012 39898 40089 52004 87600 333 21025 87712 91011 90730 91114==
34578 21/40 82104 10008 20002 30112 40119 57007 71072 8802/ 333 21034 47001 69902 90730 91110==
34579 21520 81805 10004 21001 30074 40117 57010 71072 885// 333 21047 47003 60012 90730 91111==
34644 21540 82504 10006 21004 30040 40118 54000 71022 8657/ 333 21010 41001 60012==
34646 21460 82405 10008 20003 30036 40119 52006 75152 886// 333 20003 42997 55041 69922 90730 91111==
34655 22560 82206 10014 21007 30061 40122 52004 885// 333 21018 60002 91010 90730 91110==
34662 21/70 82303 10019 21009 30102 40113 50000 70272 80030 333 21030 43002 69922==
34691 22/70 31402 11040 21074 30296 40283 57022 83030 333 55035 60002==
34720 22/// /2602 10011 21007 30097 40137 52005 333 20003 55027 60002==
34727 22460 82808 10015 21004 30124 40154 52005 885// 333 20011 69972 91010 90730 91112==
34743 21440 82404 10012 21004 30042 40132 52002 71022 885// 333 21014 47001 69922==
34759 21540 82103 10017 20010 30008 40140 57003 71022 885// 333 21029 43001 55062 69912==
34772 21560 61803 11003 21018 30132 40135 57016 72462 865// 333 21045 42999 69962==
34785 22560 81403 11021 21032 30166 40143 58013 885// 333 21068 60002==
34798 22/60 81505 10017 21002 30194 40165 57007 8805/ 333 60002==
34824 21540 82903 10020 20002 30166 40171 52007 71022 885// 333 20017 55000 60032==
34838 21560 82403 10024 20001 30063 40160 52009 70282 883// 333 21002 60032==
34845 22570 82702 10023 20007 30040 40148 52002 8657/ 333 21009 42997 69902==
34858 21/40 81902 10007 21022 30040 40149 57005 72162 8801/ 333 21026 43003 69902==
34861 21460 82605 10003 21029 39894 40140 57009 70282 884// 333 21048 43001 55050 60012==
34866 21460 61903 11028 21045 30154 40145 57012 70282 84930 333 21038 69932==
34880 21/40 70901 11005 21017 30172 40145 57006 71022 84031 333 21044 55075 60002==
34887 21/40 80201 11011 21022 30169 40149 58003 71022 83037 333 21036 60002==
34949 21/60 82808 10011 20002 39609 40161 57001 77172 8802/ 333 21023 43004 55040 69932 91012 90730 91112==
34954 22570 82203 10033 21006 39986 40161 55000 885// 333 21015 42001 55055 60002==
34958 22570 80000 11021 21057 39960 40164 54000 885// 333 21036 41998 60002==
34975 21540 62501 11020 21028 30152 40148 57005 71022 86500 333 21031 42001 60002==
34984 22560 83602 11007 21016 30178 40147 53007 885// 333 21023 48002 60002==
35217 125// 71707 11040 21055 30114 40155 57038 60002 87500 333 47005==
35302 12/// 82009 11023 21045 30111 40132 57037 60002 8802/ 333 47003 90730 91115==
35315 325// 81506 11044 21067 30126 40184 57026 885// 333 42004 555 21068 3/108 7000/=
35344 /15// 81906 11097 21109 30007 40310 54000 73632 885// 333 47004 55050 555 21159 69902 7990/=
35358 12/// 81803 11102 21130 30152 40332 52015 60002 8802/ 333 47005==
35368 31998 71807 11108 21144 30116 40399 52010 73631 87070 333 47004 55000 555 21156 7000/=
35386 32598 22401 11170 21204 39879 40445 52030 82500 333 47010 555 21170 7993/=
35394 41660 72105 11159 21177 39722 40455 52034 77172 86520 333 47015 55000==
35404 325// 81908 11022 21044 30127 40135 57033 885// 333 47001 555 21064 3/107 7994/=
35406 125// 81705 11018 21033 30159 40161 57028 60002 885// 333 46005 55046==
35416 125// 81608 11033 21054 30094 40217 57023 60002 885// 333 47007 55062==
35426 125// 81604 11053 21090 39967 40267 58014 60002 885// 333 47002==
35437 /25// 81703 11055 21085 39971 40295 57014 8802/ 333 47003 55050 555 21162 69922 7992/=
35497 41/60 82303 11155 21176 39784 40663 52029 77177 8801/ 333 47024==
35498 32998 51101 11171 21190 39524 40478 52031 80004 333 47028 555 21174 7007/=
35514 32598 71608 11010 21032 30285 40281 57021 87500 333 46001 555 21070 7000/=
35522 /26// 52703 11134 21155 39993 40261 57016 85500 333 47002 555 21133 69922 7995/=
35542 329// 82705 11116 21147 30196 40353 52002 8807/ 333 47004 55070 555 21192 7000/=
35563 31598 22108 11126 21150 39600 40419 52016 73632 82500 333 47011 55013 555 21142 7999/=
35576 12/70 72105 11120 21149 39975 40455 52028 60002 87070 333 47003==
35582 31998 22008 11153 21190 39817 40466 52018 73630 80003 333 47012 555 21159 7003/=
35594 /1999 52004 11164 21198 39573 40492 52028 77202 80001 333 47014 555 21153 69902 7003/=
35605 32598 81307 10000 21017 30194 40172 57024 885// 333 47001 555 21062 7000/=
35633 315// 61705 11080 21098 30107 40331 57004 71022 86500 333 47002 55049 555 21174 7000/=
35671 12570 71902 11116 21138 39985 40444 52019 60002 87500 333 47005==
35699 12960 00000 11159 21178 39682 40502 52032 60002 333 47009==
35700 41570 81807 10009 21023 30208 40184 57017 76162 885// 333 41997 55014==
35715 32597 81808 11020 21051 30252 40237 57009 885// 333 46000 555 21063 7000/=
35739 329// 61804 11080 21112 30184 40330 56002 86050 333 48009 555 21124 7993/=
35746 429// 01302 11137 21157 30303 40376 53004 333 47010 55026==
35777 /1496 81803 11116 21136 30013 40379 52029 77072 8802/ 333 47002 555 21139 69982 7998/=
35796 12/60 82603 11117 21139 30035 40502 52032 60002 85032 333 47010 55002==
35849 429// 01502 11101 21129 30300 40391 52004 333 47001 55032==
35895 32998 22302 11159 21169 30040 40525 52027 82040 333 46004 555 21162 7003/=
35907 32998 72111 10053 20031 30180 40150 57022 87070 555 21026 7000/=
35925 126// 41606 11052 21062 30175 40291 56004 60002 84500 333 47006==
35927 329// 51608 11035 21063 30261 57012 80002 333 46004 555 21062 7000/=
35953 129// 01503 11094 21115 30286 40424 52009 60002 333 47001==
35969 12984 00000 11142 21185 30283 40472 52009 60002 333 47001==
35997 32698 53201 11109 21153 30047 40513 52017 84530 333 47001 555 21136 7004/=
36259 42584 70301 11213 21250 38272 48559 52016 86902==
36335 /1599 82004 11159 21193 39370 40471 52037 73632 82551 333 47024 555 21159 69962 7003/=
36358 /2999 02507 11151 21182 39373 40462 52034 333 47014 555 21151 69922 7007/=
36394 /2597 82802 11071 21109 30008 40449 53048 883// 333 48009 555 21083 60042 7004/=
36397 41620 82902 11078 21096 39855 40444 52045 78682 885// 333 47008==
36403 /1698 82303 11069 21107 30063 40439 52050 70282 889// 333 48016 55030 555 21072 60072 7007/=
36418 /1499 81502 11059 21089 39790 40427 52059 70273 8272/ 333 48029 555 21065 60052 7005/=
36421 /1995 82102 11064 21080 39826 40410 52052 77377 8802/ 333 47045 555 21178 60052 7005/=
36428 41540 81803 11054 21064 39899 40417 52059 78583 889// 333 47020 55062==
36439 /1496 82806 11069 21081 39083 48578 52039 78583 889// 333 48014 555 21073 60022 7002/=
36498 /2698 32201 11155 21180 39640 40493 52043 83500 333 48026 555 21165 60012 7004/=
36501 /1699 52705 11121 21193 39662 40461 52043 73632 85500 333 47005 555 21124 60042 7004/=
36535 41684 82703 11072 21101 39792 40450 52058 70273 885// 333 47023 55020==
36546 /1999 82306 11060 21071 39875 40434 52064 70273 8802/ 333 47014 555 21064 60022 7002/=
36619 /2699 62002 11075 21105 86500 333 47006 555 21076 60032 7003/=
36622 /1598 72402 11094 21114 39456 40286 52013 70232 82340 333 47027 555 21105 60042 7004/=
36639 41584 82702 11073 21103 39838 40471 53047 70273 885// 333 47025==
36643 /1599 73206 11067 21083 39765 40454 53059 70172 84570 333 47009 555 21068 60062 7006/=
36665 /1595 82805 11050 21074 39673 40420 52046 78682 889// 333 47017 55071 555 21093 60032 7003/=
36666 /1496 82708 11051 21068 39935 40445 52065 77173 8802/ 333 47005 55059 555 21077 60012 7001/=
36729 /1596 82605 11062 21074 30129 40640 52053 77173 885// 333 47006 555 21062 60052 7005/=
36736 /1599 82704 11060 21091 39905 40483 52049 70272 8802/ 333 47002 55000 555 21067 60042 7004/=
36744 /2998 32301 11117 21130 30029 40511 53037 83030 333 47002 555 21120 6994/ 7003/=
36770 /1996 82701 11070 21087 39746 40509 52031 77177 8802/ 333 47018 555 21070 60092 7011/=
36786 /1497 83601 11080 21094 39513 40477 52037 77177 8872/ 333 47036 555 21080 60152 7015/=
36796 /1496 80000 11100 21108 39226 48643 51023 77177 8802/ 333 47044 555 21101 60102 7011/=
36803 32599 83215 11042 21076 30006 40472 52051 8262/ 333 42001 91019 91123 555 21046 7000/=
36806 32999 01604 11212 21285 39837 40332 52011 333 41998 555 21235 7000/=
36819 /1597 80203 11076 21093 39781 40423 52042 71032 83524 333 47003 55000 91827 555 21076 60022 7002/=
36821 41/40 50000 11089 21109 39998 40518 52029 71022 83031 333 47002==
36839 /1496 80401 11097 21113 39283 40476 52070 77172 8372/ 333 47008 555 21099 60042 7004/=
36843 /1597 80000 11098 21114 39267 40514 52028 77177 8802/ 333 47030 555 21100 60142 7017/=
36846 /1396 81803 11131 21133 38781 48636 52028 77177 8872/ 333 47035 555 21133 60082 7010/=
36859 41/10 82403 11054 21075 39645 40461 52045 70272 8802/ 333 47005==
36870 41540 80000 11076 21089 39435 40505 52025 77177 886// 333 47022==
36874 /1597 83601 11071 21080 39741 40565 52029 78582 889// 333 47006 555 21073 60022 7002/=
36877 /1698 81302 11081 21099 39735 40796 52024 78588 889// 333 47014 555 21081 60062 7006/=
36885 /1598 82702 11092 21108 39318 40517 52026 78588 889// 333 47016 555 21095 60092 7013/=
36889 /2599 80000 11225 21237 37089 47108 52022 886// 333 47023 555 21227 60032 7008/=
36894 /1596 82302 11064 21079 39723 40502 52033 78582 889// 333 47003 555 21065 60062 7007/=
36905 /1597 82202 11101 21101 38918 48646 52031 78582 883// 333 43010 55048 555 21103 60022 7002/=
36911 12999 70000 11070 21070 39460 40488 53032 6//// 87050 333 21076 47006 555 50036 530// 7005/=
36927 12699 72724 11114 21176 38431 48594 52028 6//// 87900 333 21114 555 51010 530// 7000/=
36934 11495 80803 11042 21072 38329 48458 52026 6//// 785// 889// 333 2//// 555 10014 5//// 530// 7005/=
36953 /1597 80000 11084 21126 38304 48508 52041 72682 889// 333 47017 55056 555 21084 60042 7004/=
36963 12798 71805 11115 21187 37063 48/// 52022 6//// 86501 333 2//// 4/008 555 11084 5//// 530// 7000/=
36974 11797 70000 11095 21094 38084 48627 52022 6//// 702// 87500 333 2//// 4/002 555 11108 5//// 530// 7999/=
36982 11598 82901 11161 21186 36529 47139 52025 60012 722// 8802/ 333 21190 47001 555 5//// 530// 7////=
37018 21660 81605 10069 20060 30096 40172 57004 78182 889// 333 20059 55028 60332 91011 90730 91119==
37031 21560 82202 10022 20009 39972 40170 52010 78082 889// 333 20001 43002 55054 69972==
37054 22660 80000 11025 21056 39772 40168 55001 885// 333 21042 46002 60002==
37061 22660 83302 11030 21061 39991 40165 58002 885// 333 21037 41997 55063 60002==
37085 22/40 82702 11019 21023 30186 40157 53010 8007/ 333 21019 60002==
37171 21540 81306 10080 20051 30176 40194 57013 78082 889// 333 20065 60052 88930 91012 90730 91116==
37228 22/60 71601 10003 21069 39313 40159 57009 87070 333 21032 47023 55065 60002==
37235 22/60 42801 11035 21073 39845 40173 52001 8004/ 333 21057 46002 60002==
37472 22970 02501 11002 21068 30172 40150 54000 333 21011 34/// 55032 60002==
38149 12970 01303 11073 21083 30283 40363 57011 60002==
38178 12970 01803 11124 21159 30099 40411 54000 60002 333 55056==
38262 129// 21202 11066 21078 30276 40363 57010 60002 80002 333 55073==
38264 12970 01306 11056 21078 30259 40359 57016 60002==
38345 12999 00901 11136 21163 38975 48633 52009 69992 333 21136 3/115 47008 555 5//// 530// 7////=
38353 12597 70401 11070 21087 39542 40503 52020 6//// 85549 333 21072 3/110 47004 55/// 555 5//// 530// 7004/=
38388 32998 51604 11069 21092 30292 40367 58029 80003 333 21070 34108 55064 555 7000/=
38392 32997 21406 11044 21060 30258 40367 57015 82030 333 21047 34105 55075 555 7000/=
38396 12960 21305 11054 51079 60002==
38403 12960 01402 11083 21120 30260 40391 54000 60002==
38413 12970 01202 11061 21084 30119 40430 53010 60002 333 55041==
38457 41/40 33401 11079 21097 39829 40462 57007 71012 82041 333 55000==
38462 42984 00501 11137 21231 38913 48617 58002 333 21141==
38507 32996 31409 10029 21119 30131 40236 57025 83030 333 20017 31101 55043 555 7990/=
38545 32998 01204 11072 21077 30222 40410 57011 333 45997 21076 34110 55076 555 7000/=
38565 12970 01105 11151 21167 39786 40368 58012 60002 333 21208 47014==
38579 11520 80501 11062 21074 39999 40448 58009 60002 71022 885// 333 55000==
38583 41/02 90201 11118 21127 30113 40468 58009 74741 89///==
38599 22398 20000 11094 21110 39911 40471 51006 82500 333 21095 48000 69902 82626=
38611 42/60 83402 11053 21071 39867 40479 52010 87040 333 55000==
38613 11999 20701 11063 21082 40474 51009 60072 702// 80002 333 21063 30102 4/012 555 10011 5//// 530// 7007/=
38616 11597 70901 11067 21083 39397 40484 52014 6//// 773// 87500 333 2//// 555 10010 5//// 530// 7001/=
38618 12660 80501 11035 21046 39729 40460 52012 60002 8557/ 333 55040==
38647 32997 71006 11039 21076 30199 40243 57019 80006 333 21042 3/106 49004 555 7000/=
38656 32998 51408 11027 21084 30213 40328 57042 80002 333 21028 34105 55071 555 7000/=
38683 12960 00000 11099 21111 30131 40433 57010 60002==
38687 32997 01102 11100 21104 30176 40434 58026 333 21100 3/110 46998 55000 555 7993/=
38696 12984 00903 11099 21111 39513 40441 52010 60002 333 43004 55000==
38713 22999 01401 11125 21160 39192 48600 56006 333 21130 47008 55000 60022=
38750 32997 00702 11024 21057 30272 40242 57011 333 21025 30103 55081 555 7000/=
38763 32997 31006 11030 21050 30152 40262 57033 82031 333 21030 3/102 42003 55089 555 7000/=
38774 32998 31604 11036 21050 30089 40296 57027 80001 333 21038 3/104 46001 555 7000/=
38799 32997 01403 11100 21106 30168 40422 57010 333 21102 3/107 42003 555 7000/=
38806 32997 00000 11092 21112 30131 40414 57009 333 21094 3/111 46001 555 7001/=
38812 11940 00603 11096 21112 39929 40421 57009 60002 71000==
38836 31696 40902 11050 21050 39386 40386 57006 71022 84500 333 21060 43004 60062=
38880 12997 01204 11052 21087 30038 40310 57038 60002 333 21052 34107 555 7000/=
38886 32997 01505 11056 21076 30115 40359 57017 333 21057 34110 4/000 555 7000/=
38895 32996 01403 11084 21094 30104 40419 57009 333 21084 3/111 42001 555 7000/=
38911 32998 00401 11070 21087 30093 40408 58005 333 21074 34106 55000 555 7000/=
38915 32597 80000 11048 21054 30072 40419 57008 885// 333 21052 34106 555 7004/=
38927 41/50 30203 11046 21057 30020 40422 56007 71010 83030 333 46001 55000==
38933 21497 80902 11047 21085 39893 40442 57009 71072 8802/ 333 21053 47010 60082=
38944 21597 80000 11028 21031 39783 40348 57011 70272 8802/ 333 21030 43007 60052=
38954 32899 80000 11050 21082 37967 48580 52007 86920 333 21068 55035=
38974 32998 01401 11082 21090 30025 40387 58038 333 47002 21083 34107 55040 555 7002/=
38987 32496 82101 11062 21077 39609 40406 57012 885// 333 21068 37106 47017 55000 555 7008/=
40100 43/82 00906 10132 21035 30235 40251 55009 333 58000=
40180 02960 10901 10071 21010 30179 40230 57008 80001 333 70000==
40199 02/// /0104 10120 21026 30201 40227 57007 333 70000==
40265 41958 00000 10021 21037 39464 40279 57007 70500=
40270 41957 00803 10026 21105 39346 40264 57005 70500=
40272 41950 00510 10014 21097 39408 40262 57013 70500=
40340 42960 03602 10108 21035 40232 57008=
40356 42960 01206 11030 21220 39270 48548 333 59026 555 04410 50285=
40357 42960 02704 10000 21160 39622 40287 333 59020=
40360 42960 00706 11022 21140 39666 40281 333 59021=
40361 42960 00805 10004 21160 39484 40335 333 59019=
40362 42960 00000 11019 21160 39761 40303 333 59006=
40373 42960 03306 10014 21110 39857 40295 333 58007=
40375 42960 01106 10050 21120 39348 40242 333 59019=
40394 42960 01806 10008 21090 39117 48567 333 59011 555 04410 50292=
40400 42960 00304 10168 21030 30161 40189 333 59008=
40405 42960 00000 10012 21090 39516 40312 333 58001=
40417 41958 02806 10067 21100 30247 40263 70600 333 58019=
40430 42960 03604 10106 21080 39500 40275 333 58008=
40437 42960 02906 10045 21140 39557 40288 333 58007=
40439 42960 00510 10204 20040 30147 40165 333 58000=
40582 32960 03308 10064 21084 40274 53002 333 55300 00000 10235 20000 30000 40847 51083 60000 55407 40000 90400 91009 91109 91207 91305=
40703 42960 00000 11038 21149 38983 40303 57010 333 11004 21040 70000 555 11063 29042 66666 01020 11020 20032 30052 50096 90134=
40706 42570 70402 11069 21132 38720 40345 58008 83376 333 11050 21076 70000 82630 81932 84458 87268 555 11082 29061 66666 01058 11024 20027 30054 50082 90115=
40712 42970 23101 11086 21139 38743 40337 57011 80002 333 11051 21101 70000 82067 555 11095 29065 66666 01028 11004 20018 30028 50062 90088=
40713 42964 50803 11051 21145 38719 40313 55004 80001 333 11038 21064 70000 85067 555 11072 29048 66666 01009 10026 20055 30076 50106 90140=
40718 42560 32502 10042 21004 30252 40222 55009 83500 222// 0//// 20301 333 10056 20015 70000 83625 555 10025 29072 66666 00044 10068 20074 30086 50134 90158=
40723 42960 19901 11106 21138 39051 40382 56010 80001 333 11074 21116 70001 555 11110 29078 66666 01026 11008 20026 30042 50064 90100=
40726 42960 50000 11056 21102 38724 40322 55004 80001 333 11012 21072 70000 85070 555 11067 29070 66666 01004 10006 20032 30054 50080 90124=
40727 42960 10000 11076 21105 38548 40343 57007 80001 333 11038 21107 70000 81070 555 11081 29080 66666 01025 10001 20021 30041 50068 90113=
40732 42960 02601 10030 21022 30241 40216 57014 333 10058 20016 70000 555 10012 29068 66666 00062 10076 20086 30090 50114 90134=
40736 42960 00000 10007 21008 30252 40225 55014 333 10057 20004 70000 555 10002 29090 66666 00034 10048 20076 30092 50118 90154=
40737 42960 10000 11024 21034 30209 40227 55013 81030 333 10026 21021 70000 81359 555 11026 29093 66666 00075 10091 20110 30117 50132 90160=
40738 42960 00000 11035 21046 30248 40248 55009 333 10033 21043 70000 555 11037 29092 66666 01018 10012 20034 30068 50122 90154=
40739 42665 10000 11094 21125 38795 40392 55003 81500 333 11034 21102 70000 81635 555 11098 29078 66666 01046 11046 20004 30036 50058 90115=
40741 42960 01508 11063 21091 30021 40380 57016 333 11038 21078 70004 555 11068 29080 66666 00025 10042 20065 30086 50116 90151=
40743 42970 00703 11081 21124 39195 40389 57005 333 11015 21081 70000 555 11089 29071 66666 01032 10005 20065 30106 50142 90170=
40745 42960 01802 11133 21149 39163 40414 57011 333 11068 21146 70016 555 11133 29088 66666 00008 10020 20044 30064 50087 90130=
40747 42960 20000 11076 21103 38734 40361 55000 80001 333 10004 21085 70000 82070 555 11081 29081 66666 01018 10012 20050 30081 50095 90136=
40754 42960 22802 11030 21075 38943 40360 55003 82030 333 10008 21030 70000 82360 555 11042 29071=
40762 42965 02802 11154 21200 38643 40404 56005 333 11154 21154 70005 555 11158 29068 66666 01086 11042 20006 30048 50092 90130=
40766 42960 21904 11070 21138 38784 40348 53002 80001 333 10007 21083 70000 82070 555 11084 29058 66666 01008 10028 20066 30082 50108 90144=
40768 42965 31501 11117 21134 38339 40382 57001 80005 333 11041 21128 70000 83269 555 11118 29087 66666 01042 11012 20021 30049 50064 90098=
40769 42960 00000 11098 21118 38377 40377 55001 333 11053 21098 70000 555 11100 29085 66666 01002 10010 20048 30062 50098 90152=
40780 42960 21203 11008 21144 38756 40307 55001 80002 333 10047 21024 70000 82070 555 11043 29035 66666 00034 10052 20084 30086 50110 90144=
40782 42965 31101 11038 21071 38959 40320 52011 80002 333 10039 21043 70000 83070 555 11046 29078 66666 00016 10034 20076 30084 50124 90152=
40785 42960 01502 11045 21057 39232 40392 55003 333 10014 21065 70000 555 11047 29091 66666 01010 10046 20062 30094 50134 90182=
40791 42975 01201 11029 21189 39500 40372 53004 333 10043 21038 70000 555 11062 29028 66666 00034 10056 20096 30128 50158 90200=
40792 42965 10603 11085 21140 38817 40365 58002 80001 333 11012 21087 70000 81070 555 11095 29065 66666 01018 10008 20044 30086 50136 90166=
40798 42960 03201 11110 21129 38040 40377 53003 333 21112 555 11111 29086 66666 01046 11021 20029 30057 50086 90120=
40800 42960 03101 11078 21110 38568 40381 53001 333 10016 21082 70000 555 11084 29078 66666 01080 11034 20034 30094 50122 90162=
40809 42960 00303 11076 21109 38584 40348 53003 333 11076 21076 70021 555 11082 29077 66666 01032 10005 20069 30104 50125 90172=
40811 42960 03102 10066 21023 30228 40255 52014 333 10108 20056 70000 555 10034 29053 66666 00080 10114 20154 30174 50204 90242=
40812 41910 03501 10056 20022 39856 40245 52016 70600 333 10101 20056 70000 555 10042 29079 66666 00096 10110 20128 30164 50186 90226=
40818 42965 03302 11119 21156 38070 40398 55003 333 11017 21119 70000 555 11124 29074 66666 01002 10032 20061 30083 50096 90098=
40821 41958 01002 11025 21063 38911 40376 55002 70500 333 10020 21042 70003 555 11036 29075 66666 00007 10039 20097 30120 50146 90180=
40829 42960 23205 11014 21110 39750 40358 52010 80002 333 10028 21015 70000 82070 555 11039 29048 66666 00026 10058 20122 30124 50162 90210=
40831 41956 02803 10026 21046 30260 40268 52011 70600 333 10104 20026 70000 555 10003 29059 66666 00054 10068 20098 30114 50184 90190=
40833 41905 03102 10028 21018 30231 40265 53012 70600 333 10097 20028 70000 555 10012 29072 66666 00062 10100 20138 30192 50222 90250=
40835 41956 00000 10026 20008 39406 40267 53009 71000 333 10103 20026 70000 555 10019 29088 66666 00070 10098 20122 30148 50175 90202=
40841 42560 83502 11029 21078 38335 40336 52006 8432/ 333 10017 21039 70000 81930 83635 88459 555 11043 29069 66666 00068 10066 20100 30128 50154 90194=
40845 41930 03308 10147 20072 30247 40252 53012 70600 333 10150 20135 70000 555 10110 29060 66666 00136 10146 20166 30180 50214 90234=
40848 42960 00000 11012 21058 38602 40301 53009 333 10071 21016 70000 555 11026 29071 66666 00022 10046 20086 30110 50128 90159=
40854 42960 00000 10030 21103 39070 40318 52010 333 10076 20024 70000 555 11012 29037 66666 00044 10090 20140 30166 50198 90240=
40856 42960 33005 10017 21110 38733 40316 53009 82072 333 10037 21005 70000 82360 555 11022 29038 66666 00032 10070 20108 30136 50156 90184=
40859 42965 03104 10032 21070 38775 40263 53007 333 10118 20022 70000 555 11002 29047 66666 00032 10092 20124 30152 50162 90193=
40875 41905 60610 10182 21021 30219 40231 52014 70622 86070 333 20179 86360 555 10098 29025 66666 00194 10220 20236 30238 50264 90288=
40879 41930 03603 10096 21082 39586 40280 52012 70500 333 10161 20095 70000 555 10036 29028 66666 00140 10154 20198 30216 50232 90274=
40882 41956 00902 10188 20102 30185 40220 53019 70500 333 10218 20188 70000 555 10142 29057 66666 00166 10190 20218 30240 50250 90282=
40883 41930 00907 10189 20082 30198 40221 52018 70500 333 10208 20169 70000 555 10134 29050 66666 00184 10200 20227 30260 50260 90284=
40893 41920 10000 10095 21056 39400 49406 53015 70500 80001 333 10229 20094 70000 81070 555 10040 29034 66666 00125 10163 20204 30235 50235 90265=
40898 41940 00510 10206 20005 30190 40199 53016 70700 222// 00246 20900 333 10245 20206 70000 555 10116 29026 66666 00178 10210 20250 30264 50284 90304=
41024 41958 00504 10259 21010 30125 40151 70600 333 58010=
41036 41950 00000 10090 21030 38600 48548 70500 333 58000 555 04410 50205=
41055 41957 01204 10075 21050 38410 48560 70540 333 58011 555 04410 50229=
41084 42960 00000 10097 21050 38918 48562 333 58027 555 04410 50125=
41112 41958 00000 10071 21030 37981 48561 70500 333 58016 555 04410 50185=
41114 42960 00000 10067 21030 38020 48564 333 58016 555 04410 50188=
41128 41940 00000 10076 21050 38891 48585 70633 333 58032 555 04410 50257=
41136 41940 00406 10110 21060 39417 40250 70600 333 58036=
41140 41959 01304 10232 20200 30149 40153 71000 333 58013=
41150 41958 02912 10131 20038 40257 70600 333 58026=
41176 44/58 /3106 10105 20043 30245 40251 333 58026=
41184 42960 21604 10131 2010140229 80001 333 58028 82070=
41194 42660 11904 10185 20109 30213 40219 81500 333 58024 81640=
41196 42660 11303 10170 20108 30183 40225 81500 333 58025 81645=
41216 41657 23109 10197 20096 30223 40227 70610 82500 333 58026 82645=
41217 41658 23104 10200 20091 30194 40223 70500 82500 333 58025 82645=
41244 36/// /3305 10156 20102 39788 40215 333 0E022 55300 25022 58021=
41255 36/// /2400 10146 20119 39675 40199 333 0E016 58006=
41258 36/// /0307 10235 20167 30198 40202 333 0E/// 55300 20000 58019=
41262 36/// /2805 10141 20107 30012 40215 333 0E015 55300 20000 58016=
41267 36/// /3011 10241 20119 30182 40195 333 0E021 58006=
41275 36/// /3114 10152 20117 30049 40224 333 0E015 55300 20000 58007=
41288 32560 23209 10221 20177 30181 40203 82400 333 58010 82820=
41315 36/70 /3430 1//// 2//// 39358 48273 333 0E017 55300 20510 58000=
41396 42965 20308 10153 20044 39495 40239 80001 333 58043 82070=
41480 42560 40716 10262 20189 30172 40180 84500 333 58016 84620=
41506 12960 30000 10000 21026 38555 48510 60001 83020 333 21014 56080 59033 70000==
41508 12960 30000 11022 21051 38705 48640 60001 83020 333 21030 56080 58008 70000==
41515 12460 20000 10015 21043 38603 48630 60001 82500 333 21004 56800 58009 70000==
41516 12940 00000 11045 21062 38610 48600 60001 333 21056 59044 70000==
41517 11440 70000 11060 21091 37849 48010 60001 70422 86530 333 21070 56880 59063 70000==
41518 12460 40000 11011 21040 30001 48010 60001 82230 333 21018 56880 58000 70000==
41519 12460 30000 10030 21058 38860 48830 60001 83200 333 20014 56800 59025 70000==
41523 12960 00000 11010 21040 39129 48150 60001 333 21016 58003 70000==
41535 12460 40000 10035 21051 38742 48040 60001 84520 333 21004 56880 58002 70000==
41536 12960 30000 10025 21015 39081 48280 60001 83010 333 20010 56080 59003 70000==
41560 12960 00000 10025 21026 38323 48550 60001 333 21030 59001 70000==
41571 11920 30000 10050 20001 39607 40218 60001 70511 80001 333 20024 56008 59011 70000==
41598 11910 30000 10030 20003 39929 40217 60001 71000 83030 333 20028 56080 58005 70000==
41600 11920 00000 10025 20025 39891 40205 60001 71000 333 20018 59001 70000==
41620 11440 23101 10040 21044 38606 48060 60001 70400 82500 333 20020 56800 58001 70000==
41624 11910 00000 10065 20003 39989 40200 60001 70400 333 20054 59001 70000==
41630 11910 00000 10045 20020 30000 40212 60001 71000 333 20034 58005 70000==
41640 11920 00000 10070 20035 39943 40205 60001 70400 333 20048 58001 70000==
41660 11440 42703 10040 21008 38484 48740 60001 70511 83530 333 20024 56880 58025 70000==
41678 11920 00000 10075 20053 30000 40200 60001 71000 333 20064 59008 70000==
41696 12960 00000 10000 21083 38047 48930 60001 333 21030 58004 70000==
41697 12960 00000 10060 20023 30027 40195 60001 333 20044 58007 70000==
41700 11910 00000 10070 20047 30051 40187 60001 71000 333 20046 59009 70000==
41710 11940 20502 10060 21051 39433 40240 60001 70600 82010 333 20040 56080 58071 70000==
41712 11910 30504 10070 21003 39283 48650 60001 70700 83010 333 20050 56080 58065 70000==
41715 11905 00000 10095 20045 30124 40191 60001 70400 333 20074 59012 70000==
41718 11920 00000 10070 20047 30085 40194 60001 71000 333 20038 59001 70000==
41725 11940 02301 10090 20045 30110 40192 60001 70500 333 20074 59008 70000==
41739 11920 03103 10035 21051 39085 48160 60001 70500 333 20024 58004 70000==
41744 12940 00000 10065 21033 38823 48370 60001 333 20050 58004 70000==
41749 11910 00000 10090 20069 30155 40191 60001 71000 333 20074 59018 70000==
41756 11910 03607 10190 20059 30133 40200 60001 70700 333 20124 58011 70000==
41757 11910 03606 10150 21024 30200 40213 60001 70600 333 20120 58020 70000==
41759 11910 03606 10195 20022 30187 40193 60001 70730 333 20114 58009 70000==
41764 11920 03602 10140 20043 30132 40184 60001 70400 333 20130 59006 70000==
41768 12940 00000 10060 20009 30166 40173 60001 333 20040 59021 70000==
41780 11920 00702 10110 20030 30150 40179 60001 70500 333 20104 59012 70000==
41785 12940 00501 10110 20068 30165 40181 60001 333 20096 59007 70000==
41859 01950 00502 10193 20140 30138 40176 70500 333 20142 59016 70000==
41883 01950 00000 10156 20150 30152 40173 70500 333 20128 59014 70000==
41891 02956 00908 10212 20100 30135 40175 333 20129 59008 70000==
41907 01940 00000 10150 20130 30158 40173 70500 333 20110 59013 70000==
41923 01935 00000 10224 20110 30163 40173 70500 333 20139 59013 70000==
41936 01907 00000 10150 20140 30158 40166 74442 333 20108 59015 70000==
41943 01940 00303 10190 20150 30160 40168 70500 333 20113 59009 70000==
41950 01940 00000 10190 20150 30169 40171 70500 333 20116 59012 70000==
41978 01940 00406 10196 20140 30156 40162 70500 333 20148 59012 70000==
41992 01935 03603 10210 20170 30161 40163 70500 333 20172 59006 70000==
42027 31594 62302 11021 21037 38483 48569 71022 82520 333 21034 59013 555 10012=
42071 31993 09901 10048 20029 40210 71244 333 10214 20024 58000 555 10017=
42101 31994 00000 10066 20043 40218 71000 333 10214 20053 59008=
42111 31994 02701 10090 20078 39473 40203 71000 333 10223 20067 59005 555 10000=
42123 31995 00000 10058 20039 40208 71000 333 10261 20050 58000 555 10000=
42131 31995 00000 10036 20026 40217 71000 333 10227 20006 59005 555 10004=
42165 31995 00000 10096 20026 40191 70500 333 10248 20064 59017 555 10013=
42182 31994 00000 10062 20062 40207 71000 333 10232 20045 59013 555 10000=
42189 31993 00000 10090 20082 40195 74244 333 10219 20064 59016 555 10001=
42309 32996 00201 10178 20128 40201 333 20052 59007=
42314 31996 00204 10176 20105 40198 70500 333 20092 58016 555 10118=
42328 31995 00502 10090 21013 40172 70500 333 10260 20069 59012 555 10002=
42339 31995 00502 10116 20041 40185 70500 333 10275 20099 59019 555 10028=
42348 31995 00703 10110 20043 40204 70500 333 10253 20074 59013 555 10000=
42361 31994 00000 10064 20060 40207 71000 333 20050 59011 555 10001=
42369 31993 00000 10106 20090 40184 71240 333 10252 20074 59023 555 10015=
42379 31994 00000 10114 20090 40185 71000 333 10244 20073 59016 555 10000=
42398 32996 09902 10184 20143 40180 333 20124 59007 555 10128=
42410 31594 30000 10156 20149 40193 71010 82530 333 20112 58005 82620 83360 555 10156=
42415 32996 00000 10172 20121 40202 333 20113 59009 555 10287=
42452 31995 09901 10120 20046 40191 70500 333 10245 20064 59013 555 10013=
42492 31994 02702 10138 20082 40191 71140 333 20122 59013 555 10015=
42559 31995 00901 10090 20040 40197 70500 333 20068 59013 555 10001=
42571 31995 00000 10100 20061 40198 71040 333 20060 59010 555 10015=
42623 31495 72301 10112 20089 39323 40223 71000 82500 333 20030 59005 82618 555 10190=
42634 31995 00000 10130 20032 40173 70500 333 20116 59010 555 10114=
42647 31996 00708 10176 20041 40172 70400 333 20140 59012 555 10008=
42667 31996 00205 10094 20046 39587 40204 70500 333 20033 59015 555 10026=
42675 31990 00000 10108 20061 40202 70500 333 20050 59002 555 10005=
42701 31994 03202 10134 20043 39429 40173 70500 333 10215 20079 59007 555 10098=
42724 31994 00000 10182 20136 40169 71000 333 20098 59012 555 00000 10161=
42737 32996 03605 10136 20075 40166 333 20110 59012 555 10056=
42754 31995 00706 10156 20062 39527 40179 70500 333 20096 59017 555 10024=
42779 32996 00000 10114 20043 39474 40200 333 20066 59008 555 10023=
42798 31994 03202 10134 20082 40186 70500 333 20079 59010 555 10043=
42809 31995 03401 10176 20114 40177 70500 333 20133 59016 555 10240=
42840 32996 00000 10202 20098 40154 333 20152 59012 555 10118=
42867 31996 03603 10162 20054 40187 70500 333 20084 59006 555 10023=
42874 31995 00000 10154 20069 40186 70500 333 20098 555 10015=
42886 31995 03403 10146 20091 40196 70500 333 20071 59009 555 10039=
42895 31996 03601 10174 20089 40183 70500 333 20113 59014 555 10172=
42909 32996 00204 10204 20081 40150 222// 20000 333 20185 59012 555 10049=
42971 31995 03401 10188 20084 40186 70500 333 20109 59013 555 10096=
43003 31995 00000 10162 20130 40148 70500 333 20140 59001 555 10086=
43014 31995 00000 10150 20073 39507 40174 70544 333 20096 59011 555 10116=
43041 31995 20000 10144 20084 39543 40179 70500 80001 333 20085 59014 82075 555 10047=
43063 31996 00000 10124 20106 39533 40183 70500 333 20078 59012 555 00000 10062=
43086 31996 00000 10154 20140 39985 40170 70500 333 10281 20105 59011 555 10038=
43110 31995 00902 10234 20063 40144 70544 333 20178 59003 555 10171=
43117 32997 20502 10160 20133 40173 80001 333 20115 59007 555 10055=
43128 31996 39902 10186 20087 39548 40166 70510 80001 333 10292 20114 59012 83070 555 10065=
43150 31996 00206 10222 20132 30104 40165 70500 222// 20000 333 10284 20203 59016 555 10251=
43185 31595 23603 10212 20189 30145 40149 71000 82500 333 10304 20192 59014 82620 555 10193=
43189 31596 10000 10226 20148 30154 40163 70510 81500 333 10290 20192 59012 555 10164=
43192 31995 00000 10214 20172 40132 70500 333 20194 59004 555 10301=
43198 31495 30503 10164 20111 39315 40158 70500 82501 333 10280 20124 56109 59008 82612 555 10283=
43201 32896 40000 10176 20139 39398 40138 81031 333 10275 20121 59007 81358 83075 555 10266=
43213 31996 30000 10186 20159 39823 40148 70511 80002 333 10305 20173 59012 555 10129=
43233 31896 50905 10182 20169 39332 40164 71011 83032 333 10271 20154 59010 555 10314=
43237 31595 40000 10178 20164 39727 40129 71011 81531 333 10294 20154 59015 81620 83360 555 10201=
43245 32597 63403 10226 20213 30125 40152 83532 333 10296 20230 59011 555 10826=
43279 31595 50503 10240 20206 30127 40145 71022 83531 333 10299 20216 59009 83620 555 10959=
43284 31996 50906 10238 20163 30005 40121 70510 80001 333 10322 20211 59008 85075 555 10388=
43295 31497 30902 10180 20150 39123 48521 71021 83501 333 10266 20155 59014 82612 555 10421=
43310 22595 63602 10256 20250 40106 83321 333 20244 58000 6056/ 555 00564=
43314 32596 60000 10264 20203 40120 82532 333 10338 20234 59003=
43321 31495 40706 10218 20183 39692 40145 71021 81501 333 10292 20188 59007 81612 84070 555 10438=
43329 32597 23605 10236 20221 30118 40131 81501 333 10282 20210 59012 555 11050=
43333 21495 80908 10262 20242 40122 76065 8542/ 333 20237 58006 6117/ 82617 84819 88457 555 01165 10856=
43344 31495 43608 10246 20206 30038 40138 71011 82501 333 10293 20212 59009 82616 83075 555 10644=
43353 31495 20504 10264 20200 40116 71021 81530 333 10308 20234 56390 59004 81614=
43369 32597 50502 10276 20250 40113 83570 333 10339 20257 59004 83620 85358 555 10568=
43371 32896 40000 10242 20215 30040 40113 82031 333 10342 20228 59001 83358 555 10592=
44212 42/84 61602 11229 21269 39244 40510 52015 86070==
44213 42984 60000 11264 21301 38878 40527 52012 80008==
44214 42660 71801 11156 21227 38301 40417 53010 82570==
44215 42/70 71801 11261 21297 38454 40530 52011 87070==
44217 32998 60000 11185 21227 37861 40481 53007 84044 333 91202=
44218 41/40 42501 11236 21268 38667 40504 50007 70421 81044==
44219 32999 01202 11283 21315 38690 40550 52009 333 91204=
44265 42984 50601 11165 21225 38912 40436 52034 80004==
44266 32999 20000 11146 21221 37792 40440 52012 80001 333 91202=
44404 22958 00903 10116 20029 38164 48506 80000 333 20048 58005 60004=
44416 22957 00000 10103 20094 39420 40205 80000 333 20052 59008 60004=
44424 22960 01101 10013 21063 37718 47096 80000 333 21036 59002 60004=
44434 22458 10803 10112 20083 39291 48566 81100 333 20075 58011 60004=
44438 21912 01202 10132 20122 30055 40184 71044 80000 333 20082 59018 60004=
44449 21958 00602 10164 20113 30022 40180 70244 80000 333 20098 59018 60004=
44454 21435 21502 10088 20068 38721 48553 71040 82100 333 20045 59003 60004=
44462 22965 01402 10148 20051 38294 48512 80000 333 20087 59010 60004=
44474 22956 02201 10094 20041 38301 48547 80000 333 20055 59004 60004=
44477 22558 11801 10179 20093 38859 48565 81100 333 20075 59007 60004=
44478 21920 00000 10156 20138 30093 40175 71044 80000 333 20100 59010 60004=
48010 42956 03601 10160 20123 30041 40199 333 58002==
48020 41256 50000 10150 20142 70144 85600==
48025 41108 70000 10158 20134 30052 40198 59005 74244 85870==
48048 42957 00401 10200 20168 30120 40179 333 59001==
48052 32957 00000 10225 20172 333=
48062 42557 33604 10242 20209 30135 40141 82830 333 59002==
48064 42456 31401 10224 20173 30084 40139 82830 333 59011==
48094 42958 00402 10280 20180 30140 40150 333 58003==
48109 41460 70406 10285 20259 30136 40139 70265 85970 333 58010==
51076 14/80 /1302 11135 21171 39467 40420 52044 60001 333 11054 21143 3/104 4/007 58055 70000 90761 91104==
51087 14/68 /1003 11147 21193 39321 40433 52048 60001 333 11055 21169 3/107 4/006 58062 70000 90761 91104==
51156 14/62 /2711 11072 21138 38779 40388 52050 69901 333 11001 21135 3/109 4/002 58059 90761 91123==
51243 14/42 /0502 11171 21196 39839 40447 52064 60001 71000 333 11127 21196 3/112 4/001 58061 70000 90761 91109==
51334 14/68 /3603 11035 21097 30002 40440 52064 60001 333 11035 21183 3/112 4/006 58077 70000 90761 91108==
51379 14/25 /1601 11158 21179 39420 40469 52041 60001 71000 333 11068 21196 3/106 4/013 58084 70000 90761 91107==
51463 14/36 /0704 11099 21135 39172 40468 52047 60001 77000 333 11044 21176 3/101 4/020 58101 70000 90761 91114==
51573 14/47 /2100 11088 21142 30298 40352 52010 60001 70500 333 11029 21114 3/117 59073 70000 90761 91104==
51644 14/32 /0701 11093 21118 39000 40351 52023 60001 71000 333 11054 21163 3/105 4/006 59060 70000 90761 91104==
51656 14/56 /0802 11100 21144 39220 40351 52028 69901 77000 333 11067 21104 3/106 4/004 59063 90761 91106==
51709 14/56 /1701 11087 21114 38648 40322 52008 60001 71000 333 11047 21115 3/112 59064 70000 90761 91105==
51711 14/80 /2503 11036 21183 38006 40240 52021 60001 333 11030 21164 3/117 59051 70000 90761 91109==
51716 14/47 /1801 11075 21117 38955 40315 52022 60001 70500 333 11024 21078 3/111 59064 70000 90761 91104==
51765 14/34 /1101 11146 21161 39290 40379 52033 60001 77000 333 11048 21169 3/119 59065 70000 90761 91103==
51811 14/40 /2600 11093 21121 38831 40327 52020 60001 70500 333 11034 21099 3/115 59055 70000 90761 91103==
51818 14/49 /2201 11102 21131 38676 40333 52025 60001 333 11043 21123 3/118 59050 70000 90761 91103==
51886 14/67 /0000 11144 21265 37144 40417 52010 60001 333 11043 21187 3/125 59043 70000 90761 91103==
52203 14/50 /1301 11099 21140 39407 40362 52024 60001 70500 333 11053 21165 3/121 59061 70000 90761 91103==
52602 14/74 /2701 11150 21268 37302 40452 52005 60001 333 11026 21198 3/125 59052 70000 90761 91103==
52818 14/80 /2701 11101 21240 37265 40367 52003 60001 333 11003 21141 3/120 4/001 59053 70000 90761 91105==
52908 14/79 /2707 11096 21264 35790 40332 52005 60001 333 11035 21183 3/124 59027 70000 90761 91113==
55228 14/80 /0802 11080 21270 36075 40248 52005 60001 333 10057 21116 3/118 59039 70000 90761 91106==
55299 14/61 /0201 11104 21250 35922 40394 52013 60001 333 10011 21176 3/124 59017 70000 90761 91104==
55578 14/75 /1101 11022 21174 36472 40376 52015 60001 333 10093 21138 3/115 59007 70000 90761 91102==
55591 14/80 /1102 11013 21214 36618 40329 52017 60001 72000 333 10097 21057 3/114 59009 70000 90761 91105==
55664 14/80 /2301 11044 21265 36099 40352 52011 60001 333 10087 21139 3/116 59014 70000 90761 91103==
55773 14/80 /1802 11041 21238 36092 40326 52016 60001 333 10101 21133 3/119 58010 70000 90761 91104==
56004 14/80 /0202 11100 21251 35861 40362 52005 60001 333 11020 21201 3/126 59031 70000 90761 91105==
56018 14/57 /2001 11112 21250 36243 40418 52007 60001 333 10020 21184 3/121 59029 70000 90761 91104==
56312 14/80 /0201 10012 21115 37181 40336 52014 60001 333 10131 21051 3/107 59005 70000 90761 91103==
62306 42960 02004 10120 20079 40242 57010==
62332 42960 02203 10155 20114 40236 57004==
62366 45960 01003 10112 20075 40231 57004==
62387 31950 03102 10061 20041 40224 57003 71000=
62393 42960 00000 10063 20026 40236 57001==
62405 42960 00000 10106 20018 40204 54000==
62414 42960 03605 10125 20048 40188 57003==
62419 42960 00510 10176 20100 40171 57004==
62420 32960 03601 10097 20064 40232 57008=
62458 32960 00000 10071 21029 40218 57007=
41256 31051 30310 10232 20154 30189 40206 70700 83200 90247 333 58016 55002 55407 55408 55507 55508 83810=
41316 32960 00115 10232 20079 30171 40201 90246 333 58018 55000 55407 55408 55507 55508=
40420 42960 03311 10051 21120 30051 40273 90248 333 58016=
41061 42960 01207 10084 21090 39531 40257 90248 333 58028=
