SMPK OPKC 170900=
41504 22697 20000 10100 21116 37852 48493 82200 333 56900 59020 60007 82845 20%=
41505 22696 43104 10070 21043 38/// 48/// 83520 333 56990 58/// 83640 83460 44%=
41506 22997 00000 10140 21030 38528 48525 333 59013 60007 31%=
41507 22997 01802 10160 20037 39273 49790 333 59014 60007 44%=
41508 22697 22702 10161 21101 38674 48546 82200 333 56900 59001 60007 82835 16%=
41509 22697 20000 10140 21048 38770 48513 82100 333 56900 59021 60007 82840 27%=
41510 22997 20000 10075 21095 37916 48524 82030 333 56090 59018 60007 82360 29%=
41515 22997 20000 10096 21051 38583 48544 82020 333 56090 59006 60007 82460 35%=
41516 22996 21304 10115 21055 38565 48523 80001 333 56009 59017 60007 82070 30%=
41517 22696 40000 10045 21085 37797 48521 81500 333 56909 59029 60007 81640 83070 38%=
41518 22697 50000 10108 21044 38/// 48/// 82230 333 56990 5//// 60007 82840 83362 34%=
41519 22997 00000 10110 21090 38773 48511 333 59040 60007 24%=
41520 22697 01802 10060 21102 37628 48263 333 59022 60007 30%=
41523 22997 02702 10160 21028 39102 48524 333 59007 60007 27%=
41524 22997 00000 10165 21018 39377 40241 333 59012 60007 28%=
41525 22697 40000 10080 21013 37697 48411 84400 333 56900 59011 60007 84840 52%=
41528 22997 00000 10165 21018 39239 48534 333 59012 60007 28%=
41529 21995 23102 10180 20058 39802 40184 70500 80001 333 56009 58000 60007 82080 45%=
41530 21994 10000 10160 20013 39764 40178 70500 80001 333 56009 59003 60007 81075 31%=
41534 21995 30000 10165 20076 39766 40181 70400 83030 333 56090 58002 60007 83360 56%=
41535 22997 01302 10160 21135 38731 48504 333 59003 60007 12%=
41536 22997 00000 10160 21028 39054 48528 333 59003 60007 27% =
41560 22997 01304 10145 21083 38302 48526 333 59012 60007 20%=
41562 22997 01302 10210 21003 39709 40169 333 59004 60007 24%=
41565 22997 03102 10150 21072 38695 48563 333 59010 60007 21%=
41567 21996 00000 10170 20043 39745 40164 70500 333 59012 60007 43%=
41571 21995 02704 10195 21036 39598 40178 70500 333 58002 60007 21%=
41572 21996 03106 10190 21026 39538 40160 70500 333 59003 60007 23%=
41573 22997 01302 10120 20001 37987 48507 333 59011 60007 44%=
41574 22997 01302 10160 21012 38361 48537 333 59011 60007 31%=
41576 21996 00000 10220 20034 40187 70500 333 59002 60007 29%=
41577 21996 00000 10200 20012 39566 40176 70500 333 56000 58003 60007 28%=
41593 21996 03602 10205 20068 39954 40168 70500 333 59007 60007 41%=
41597 21996 00000 10205 20068 40184 70500 333 59011 60007 41%=
41598 21996 00000 10200 20061 39895 40165 70500 333 59016 60007 40%=
41599 21996 03104 10180 20058 39885 40177 70400 333 59008 60007 45%=
41600 21996 03102 10200 20074 40167 70500 333 59009 60007 44%=
41620 31996 02304 10130 21047 38591 48494 70500 333 58001 60007 29%=
41624 21996 00502 10230 20035 40167 70500 333 59008 60007 28%=
41625 21996 03104 10220 21046 39958 40157 70500 333 59001 60007 16% =
41630 21996 03102 10205 20054 40177 70500 333 59005 60007 37%=
41630 21996 03102 10205 20054 40177 70500 333 59005 60007 37%=
41633 22997 00000 100195 20038 4//// 333 5//// 60007 35%=
41634 22997 00000 10190 21007 3//// 4//// 333 5//// 60007 28%=
41635 22997 00000 10210 20062 3//// 4//// 333 5//// 60007 38%=
41636 21996 00000 10225 20026 30000 40183 70500 333 59010 60007 27%=
41638 21996 03102 10215 20095 4//// 70500 333 5//// 60007 46%=
41639 22997 00000 10195 20022 4//// 333 5//// 60007 32%=
41640 21996 03102 10195 20053 39921 40171 70500 333 59006 60007 39%=
41641 21996 03404 10185 20037 39898 40173 70500 333 59004 60007 37%=
41642 21996 00000 10185 20101 4//// 70400 333 5//// 60007 58%=
41643 21996 00000 10210 20111 39885 40161 70400 333 59010 60007 53%=
41644 21996 00000 10220 20090 4//// 70400 333 5//// 60007 43%=
41646 21996 00000 10190 20085 40189 70400 333 59010 60007 50%=
41652 21996 01304 10215 20106 40178 70400 333 59009 60007 50%=
41660 22997 02306 10070 20106 38454 48545 333 59030 60007 27%=
41661 21996 03602 10080 21085 38403 48532 70540 333 59024 60007 30%=
41669 22997 03102 10215 20070 3//// 4//// 333 5//// 60007 39%=
41670 21996 00000 10200 20061 4//// 70500 333 5//// 60007 40%=
41674 21995 00506 10210 20062 3//// 4//// 70500 333 5//// 60007 38% =
41675 21995 00000 10210 20048 30030 40173 70500 333 59005 60007 34%=
41676 21996 00000 10210 20075 30040 40197 70500 333 59003 60007 42%=
41677 21996 00000 10210 20075 30000 40166 70500 333 59005 60007 42%=
41678 21996 03604 10200 20074 40176 70500 333 59021 60007 44%=
41679 21996 00000 10190 20059 4//// 70500 333 5//// 60007 42%=
41680 21995 00504 10200 20074 40172 70500 333 59010 60007 44%=
41685 22997 03104 10150 21099 38936 48519 333 59004 60007 17%=
41696 22997 03104 10100 21014 38040 48559 333 59003 60007 45%=
41697 22997 00000 10230 20051 40170 333 59001 60007 31%=
41700 21995 00000 10210 20075 40165 70500 333 59003 60007 42%=
41701 21994 00000 10200 20074 40181 70500 333 59003 60007 44%=
41710 22997 02302 10100 21115 40217 333 59026 60007 21%=
41712 22996 00906 10075 21046 39257 48546 333 59030 60007 42%=
41715 21996 00502 10220 20049 40173 70500 333 59016 60007 33%=
41716 21995 00504 10210 20032 30074 40178 70500 333 59012 60007 31%=
41718 21995 00000 10220 20090 40167 70500 333 58002 60007 43%=
41724 21995 00000 10230 20079 40186 70500 333 59012 60007 38%=
41725 22996 00504 10210 20088 40168 333 59001 60007 45%=
41726 21995 00000 10230 20066 30107 40178 70500 333 59023 60007 35%=
41738 22996 00510 10195 21255 30010 40193 333 59026 60007 03%=
41739 21996 03612 10100 21063 39103 48544 70500 333 58012 60007 31%=
41742 22997 02704 10255 21028 40166 333 59003 60007 15%=
41743 21996 00504 10220 20134 70400 333 60007 58%=
41744 02996 03104 10195 20019 38814 48542 333 59004 60007 31%=
41745 21996 03604 10225 20043 70400 333 60007 30%=
41746 22996 03608 10220 20064 40171 333 59004 60007 36%=
41747 21996 03604 10220 20090 40161 70400 333 59008 60007 43%=
41748 22996 00508 10225 20071 40174 333 59007 60007 37%=
41749 21995 03608 10240 20094 40177 70400 333 59007 60007 39%=
41757 21996 03606 10235 21180 30181 40194 70600 333 59020 60007 05%=
41759 21994 03612 10220 21216 40162 70733 333 59023 60007 04%=
41760 21995 00512 10240 21043 40150 70600 333 59013 60007 15%=
41764 21995 03612 10230 20035 30105 40155 70400 333 59006 60007 28%=
41765 22996 00204 10250 20084 30120 40155 333 59014 60007 35%=
41766 21996 03606 10235 20044 40172 70500 333 59002 60007 29%=
41767 22996 03606 10245 20030 3//// 4//// 333 60007 25%=
41768 22996 00506 10270 20028 40151 333 59032 60007 21%=
41780 21996 00904 10270 20009 30115 40142 70500 333 59020 60007 18%=
41783 22996 00506 10245 20030 30126 40155 333 59010 60007 25%=
41785 22996 00506 10240 20020 30145 40158 333 59013 60007 24%=
41786 22996 03606 10270 21012 30109 40145 333 59013 60007 16%=
41BAG 22697 40000 10050 21076 60002 84500 333 56900 60007 84640 40%=
41BKI 22995 30000 10180 20029 39754 40173 70400 83030 333 56090 59006 60007 83360 63%=
41SKP 21996 03102 10180 20071 4//// 70500 333 5//// 60007 49%=
43532 22997 00000 10150 20007 39353 40159 333 59008 60007 38%=
43533 22997 00000 10190 20010 39228 48512 333 59018 60007 30%=
43563 22997 02302 10211 21023 40162 333 58000 60007 21%=

41756 Not Received



Data Generated from File : D:/all data handling/Rmc_lhr/2024121709.FSU.txt
17/12/2024   10:01:55
____________________________________________________________________________________________
15020 24570 62606 10108 20019 39986 40183 50007 85501 333 55300 20383 60007 91010 90730 91110==
15090 24/70 52703 10102 20027 30098 40190 51006 82046 333 55310 00170 20869 30156 60007 91005 90730 91106==
15108 21/00 92818 11033 21033 38041 48457 58009 74543 89/// 333 55301 20309 60007 91024 90730 91124==
15150 24/70 60902 10120 20026 39981 40192 55000 83041 333 55306 20572 60007 91003 90730 91104==
15170 21558 82506 10040 20023 39452 42838 54001 71022 883// 333 55300 20125 60007 91009 90730 91110==
15280 21/00 9//// 11032 21036 37501 47050 58004 74143 89/// 333 55307 20529 60007==
15310 24970 72203 10070 20030 30117 40204 56011 80008 333 55308 00290 20729 30362 60007 91007 90730 91107==
15335 24/70 62503 10120 20034 30194 40201 58013 81046 333 55310 21290 60007 91006 90730 91109==
15350 24570 32605 10095 20035 30098 40219 55004 83500 333 55309 20724 60007 91009 90730 91109==
15360 24/70 52307 10089 20036 30182 40199 58010 85070 333 55304 20577 60007 91008 90730 91108==
15420 24/70 42404 10092 20040 30114 40226 58007 82031 333 55309 20862 60007 91007 90730 91107==
15460 24/70 22506 10110 20044 30200 40224 56011 82070 333 55309 20830 60007 91013 90730 91113==
15470 24/70 22608 10098 20055 30119 40246 58003 82040 333 55310 20878 60007 91010 90730 91110==
15480 24/70 42604 10093 20034 30205 40223 55007 82032 333 55310 00410 21047 30943 60007 91008 90730 91109==
15549 42970 22506 10119 20032 39821 40234 57005 80002 333 10120 20066 555 555//=
15552 42970 62503 10124 20050 30181 40230 57008 80009 333 10124 20091 555 561// 92025 92428=
15640 42674 20903 10070 20045 39952 40269 57002 81530 333 10072 20022 555 584//=
15655 42970 52906 10105 20025 30222 40255 58013 80006 333 10106 20044 555 558// 92024 92427=
15730 42960 00000 10051 20002 39887 40293 58003 333 10052 21015 555 571//=
16627 42960 02408 10122 20053 30285 40290 56004 333 90730 91113==
16650 42960 00000 10114 20063 30289 40298 54000 333 90730 91101==
16667 42960 00002 10122 20026 30295 40306 50002 333 90730 91106==
16706 42960 00209 10128 20080 30283 40290 50001==
16723 42960 00108 10126 20048 30280 40294 54000 333 90730 91115==
16742 42960 03612 10140 20061 30125 40282 50010 333 90730 91123==
16749 42960 00003 10156 20086 30259 40274 52010 333 90730 91105==
16754 42560 43308 10148 20081 30254 40303 52002 84400 333 90730 91115==
16760 42460 43611 10114 20050 40302 52003 84800 333 82818 84630 90730 91115==
16765 42460 10504 10162 20038 40279 51007 81100 333 90730 91120==
17022 42970 02404 10110 21008 30112 40281 58004 333 90730 91113==
17024 42670 12806 10146 20115 30165 40243 57010 81100 333 81835 90730 91122==
17026 42/70 33303 10128 20042 30217 40256 57008 83030 333 83359 90730 91108==
17031 42/70 42307 10140 20026 30253 40259 57013 84040 333 84360 90730 91112==
17034 42/70 30801 10113 20035 30224 40271 57010 83030 333 83360 90730 91104==
17038 42/70 70902 10112 20025 30220 40269 58002 87030 333 87358 90730 91105==
17042 41670 61602 10110 20023 30235 40275 50001 72162 83250 333 83835 86360 90730 91112==
17050 42970 00000 10063 20010 30225 40289 57008 333 90730 91103==
17056 42970 01708 10115 20078 30282 40286 58009 333 90730 91110==
17060 42960 02012 10098 20040 30254 40295 58004 333 90730 91120==
17070 42965 00000 10044 21022 39399 40293 58007 333 90730 91103==
17074 42970 01901 10075 20007 39321 40277 57011 333 90730 91107==
17084 42/70 32703 10038 20019 39372 40307 58003 83030 333 83360 90730 91106==
17085 42/70 21604 10085 21004 39794 40295 58004 82030 333 82360 90730 91109==
17092 41456 30902 11010 21025 38942 48557 58006 71011 83500 333 81710 83645 90730 91105==
17096 42/60 32711 11027 21068 38268 48540 58005 83040 333 83360 90730 91114==
17098 42660 42409 10001 21096 38203 48517 58005 82530 333 82640 84358 90730 91113==
17100 41658 50000 10055 21057 39230 40253 58009 70522 82530 333 82635 85357 90730 91104==
17112 42970 02001 10101 20051 30295 40298 58003 333 90730 91106==
17115 42960 01607 10069 20022 30258 40311 58002 333 90730 91109==
17116 41957 01002 10068 20039 30184 40310 58006 71000 333 90730 91104==
17124 41960 00000 10014 21018 39378 40337 50001 70241 333 90730 91105==
17128 42460 60602 10021 21018 39183 40321 50001 86600 333 86716 90730 91106==
17135 42/70 22203 10054 20032 39403 40304 58003 82030 333 82360 90730 91106==
17140 42965 22304 10017 21030 38782 48559 50001 80001 333 82070 90730 91110==
17150 41104 70000 10011 20011 30191 40321 58001 74411 87600 333 87702 90730 91103==
17160 42662 11703 10030 21017 39117 48570 50001 81500 333 81640 90730 91107==
17170 42560 52908 10019 21023 38370 48541 50004 83550 333 83625 85357 90730 91118==
17175 42665 21601 10110 21002 30297 40301 50002 82100 333 82840 90730 91104==
17184 42965 02501 10065 20014 30201 40317 50000 333 90730 91102==
17190 42970 00601 10023 21018 39090 48573 58002 333 90730 91103==
17195 41460 32503 10048 21001 39065 48574 50003 71000 83200 333 82710 83830 90730 91108==
17200 41660 11402 10034 21003 39289 40310 50001 70141 81500 333 81635 90730 91106==
17202 42670 21402 10045 21025 39225 40300 50003 82500 333 82635 90730 91106==
17203 42970 00802 10024 21037 38948 48588 58004 333 90730 91105==
17210 41570 82801 10028 21002 39210 40275 58004 72842 8452/ 333 84633 88459 90730 91105==
17219 42965 03303 10094 20017 30158 40306 50000 333 90730 91113==
17234 42970 00804 10107 20046 30228 40298 50001 333 90730 91108==
17237 41960 00000 10081 20034 39796 40312 50001 71000 333 90730 91103==
17240 42970 00205 10063 20016 39127 40298 58002 333 90730 91108==
17244 42670 31405 10049 21003 39095 48578 50003 83500 333 83635 90730 91107==
17248 42670 30102 10051 20002 39076 48574 50004 83100 333 83840 90730 91105==
17250 42670 62302 10026 20001 38896 48578 50005 83550 333 83640 86360 90730 91105==
17260 42960 01101 10077 21009 39417 40254 50004 333 90730 91108==
17270 42970 03302 10073 21016 39620 40285 50000 333 90730 91107==
17275 42970 00216 10027 21022 39045 48550 58002 333 90730 91128==
17280 42960 03107 10060 21018 39471 40285 58002 333 90730 91111==
17290 42970 00203 10150 20014 30251 40283 50004 333 90730 91113==
17292 42970 03001 10073 20014 39515 40288 52008 333 90730 91105==
17300 42960 00107 10146 20015 30207 40279 58001 333 90730 91113==
17310 42970 02201 10193 20020 30249 40256 50004 333 90730 91106==
17330 42970 02702 10156 20029 30252 40270 58003 333 90730 91112==
17350 42960 00302 10146 20042 30177 40256 50000==
17370 42970 01201 10148 20014 30264 40268 50002 333 90730 91112==
17375 42970 00000 10158 20076 30259 40261 50005 333 90730 91107==
33088 41597 82708 10078 20061 39888 40076 54000 78082 889// 555 1/007=
33135 41540 82705 10042 20032 39881 40028 57018 71062 8633/ 333 86930==
33177 41598 82710 10078 20058 39896 40131 52004 70282 889// 555 1/006=
33317 41460 82807 10067 20055 39777 40111 53004 72582 889// 333 88916==
33393 41460 82809 10072 20047 39780 40170 53002 72582 883// 333 84919==
33415 41497 82712 10074 20047 39755 40150 52006 75152 886// 333 88713 555 1/006=
33429 42498 72811 10075 20050 39720 40138 53008 87500 333 87618 555 1/006=
33466 41561 82508 10072 20047 39881 40066 57016 72582 8632/ 333 85926 555 11006=
33506 41440 82503 10019 20014 39867 40064 58009 76162 8772/==
33562 42560 82911 10085 20047 39825 40126 52005 8655/ 555 1/006=
33587 41560 82703 10075 20050 39849 40109 57002 70282 885// 333 88627==
33658 42684 72504 10099 20018 39881 40177 52006 87500 333 87646==
33663 42570 62704 10108 20030 30058 40152 53003 84930==
33664 42998 72807 10096 20031 39846 40159 53004 87030 333 91117=
33678 42898 72808 10075 20025 39963 40173 52002 87030 333 91114=
33679 42497 72604 10084 20036 39973 40163 53002 87500 333 87617=
33711 41560 82808 10069 20058 39881 40089 57018 78082 883// 333 88921==
33745 42597 62004 10081 20045 39995 40188 57002 86900=
33748 42997 72702 10082 20033 39897 40180 53003 87030=
33754 42998 82604 10096 20019 30010 40155 56003 8805/=
33761 42970 82706 10088 20038 39913 40133 57002 8805/ 555 1/008=
33791 41484 82607 10071 20058 39975 40102 57023 76162 8772/ 333 87714==
33815 42598 62907 10100 20016 39965 40170 57002 82549=
33837 41584 82701 10096 20029 30118 40169 57003 70282 8355/==
33881 42598 52504 10076 20025 39991 40187 57003 82532=
33883 42998 32002 10079 20033 30027 40190 57002 80001=
33885 41996 61904 10045 20035 30063 40206 57008 71022 82042=
33892 42598 62704 10095 20031 39968 40179 57001 82350=
33902 41597 82605 10086 20032 30091 40150 57006 78082 889// 555 1/006=
33924 42570 82507 10111 20072 30171 40184 57003 885// 333 91012 90730 91112==
33946 42682 82608 10099 20080 39973 40192 58003 885// 333 88638 91012 90730 91112==
33983 42560 82610 10103 20060 30100 40160 58007 8655/ 333 91014 90730 91117==
34300 42560 72607 10033 20000 39872 40049 58003 87500==
34336 42570 32705 10031 21018 39917 40020 52008 83500 333 91012 90730 91112==
34344 42670 62605 10029 21001 39926 40013 52009 84882 333 91011 90730 91112==
34356 42560 72606 10026 21019 39846 49992 51013 87500 333 90730 91112==
34357 42570 72406 10023 21016 39846 49999 51013 83530 333 91014 90730 91114==
34398 41/40 82608 10007 20004 39937 49950 53002 77372 8802/==
34415 42970 72704 10034 20011 39968 40064 51002 87070 555 1/001=
34438 42560 62606 10029 20001 39857 40048 52007 86200 333 91010 90730 91112==
34445 42/70 72310 10021 20002 39911 40025 51007 87070 333 91014 90730 91114==
34461 42460 42606 10032 21019 39948 40003 51012 84700 333 91012 90730 91114==
34473 41597 72709 10018 21016 39940 49978 52023 70262 84203 333 91117=
34476 41570 62609 10026 21014 39980 49987 52022 70262 86500 333 91012 90730 91114==
34504 41456 82505 10029 20016 39917 40092 57012 78082 889//==
34535 42570 42607 10048 21005 39992 40063 52003 83930 333 91013 90730 91114==
34545 42570 62510 10040 20003 39939 40050 51007 84430 333 91015 90730 91115==
34555 42570 12609 10037 21003 39955 40045 51010 81500 333 91014 90730 91116==
34560 42460 72712 10025 21004 39824 40013 52016 87600 333 87715 91016 90730 91116==
34578 42/60 52609 10043 20008 30017 40024 51019 85080 333 91014 90730 91115==
34579 42570 32708 10032 20006 39974 40017 52021 83500 333 91014 90730 91114==
34644 42560 62707 10045 20004 30002 40079 52010 86800 333 91014==
34646 42570 52708 10054 20011 39991 40071 52007 84501 333 91014 90730 91114==
34655 42560 12509 10044 20001 30004 40063 51010 81500 333 91015 90730 91117==
34662 42570 42606 10043 21002 30028 40039 51014 84200 333 91012 90730 91114==
34691 41/70 82306 10018 20005 30155 40142 57013 70272 8802/==
34720 22970 22803 10047 20017 30044 40083 53026 333 20015 55014 60082==
34727 42560 82609 10052 20028 30091 40121 58007 884// 333 91012 90730 91114==
34743 42460 52606 10049 20014 39993 40081 52009 83530 333 91013 90730 91114==
34759 42460 72507 10049 20016 39957 40087 52010 87400 333 91015 90730 91116==
34772 42670 32612 10049 20002 30049 40052 52018 8310/ 333 91016 90730 91117==
34785 41470 72505 10034 20013 30068 40046 53005 70372 87600 333 91010 90730 91117==
34798 41440 82209 10021 20013 30088 40059 57009 76176 8872/==
34824 42560 82603 10062 20039 30140 40145 57003 85531==
34838 42360 82405 10064 20024 30043 40139 50004 886// 333 91012 90730 91112==
34845 42570 82805 10054 20018 30009 40116 51006 8537/ 333 91012 90730 91116==
34858 42560 62708 10065 20007 30001 40107 51017 86500 333 91019 90730 91119==
34861 41570 63011 10038 21007 39842 40083 52009 70282 86900 333 91017 90730 91118==
34866 42570 52809 10066 20005 30091 40082 52014 84930 333 91015 90730 91115==
34880 41440 72306 10041 20025 30087 40061 57004 71076 87900 333 91012 90730 91116==
34887 41540 72706 10030 20025 30107 40085 58002 72582 87500 333 91012 90730 91112==
34949 42470 82513 10036 20011 39594 40140 52013 866// 333 91019 90730 91121==
34954 42570 62507 10066 20011 39953 40126 50013 85501 333 91014 90730 91117==
34958 42570 82707 10067 20012 39923 40120 51008 885// 333 91014 90730 91118==
34975 42470 82708 10050 20023 30104 40100 54000 885// 333 88618 91013 90730 91116==
34984 41460 82208 10034 20015 30127 40097 58011 72162 8562/ 333 91012 90730 91115==
35217 41/40 81910 11006 21007 39918 49958 58035 77173 8802/==
35302 41/60 82515 10005 21009 39918 49938 57024 77177 8802/ 333 91015 90730 91118==
35315 41496 81709 11008 21024 39930 49987 57035 77773 886//=
35344 41597 81807 11059 21089 39809 40101 58017 73673 885//=
35358 42/60 81807 11046 21089 30006 40180 57032 8804/==
35368 41996 81613 11072 21115 39913 40186 57027 73833 8807/ 333 91117=
35386 41998 51806 11088 21147 39735 40275 57036 73633 85070=
35394 41/70 61504 11083 21163 39596 40298 57027 73633 82031==
35404 41498 82709 10010 21001 39955 49963 57007 70272 8882/=
35406 41/60 82107 10007 21007 39975 49977 57029 77172 8802/==
35416 41570 81708 11009 21025 39910 40030 57027 73632 885//==
35426 42584 81605 11029 21063 39782 40074 58015 886//==
35437 41598 81807 11041 21074 39782 40098 57016 73632 885//=
35449 41998 81607 11060 21095 30042 40148 57024 73633 80003 333 91115=
35497 41970 51406 11105 21185 39635 40483 57025 73633 80001 333 90730 91118==
35498 42998 21706 11110 21163 39399 40318 57031 80001=
35514 41496 82010 10003 21003 30103 40098 57034 77187 8872/=
35522 42698 71905 11021 21053 39813 40065 57018 85530=
35542 41498 81804 11066 21082 39980 40130 57026 72272 8802/=
35563 41596 81904 11127 21141 39423 40227 57037 71022 86502=
35576 42/70 61106 11074 21149 39795 40258 57035 86070==
35582 42998 60905 11080 21171 39671 40293 57018 80003=
35594 41999 81410 11121 21163 39424 40303 57035 73633 80009=
35605 41598 82013 10014 20000 30034 40013 57022 70272 8802/=
35633 42598 81806 11043 21066 39897 40113 57022 885//=
35671 42/70 71304 11071 21113 39786 40227 57038 85041==
35699 41960 00507 11129 21189 39537 40335 57030 73633==
35700 41/40 82408 10014 20006 30063 40040 57022 76876 8802/ 333 90730 91115==
35715 41496 82206 11002 21020 30088 40073 57027 77172 8802/=
35739 42599 81803 11032 21075 39977 40117 58019 8802/=
35746 42/70 81705 11049 21085 30076 40145 57023 84052==
35777 42997 80000 11077 21134 30097 40300 58001=
35796 41960 20505 11112 21143 39857 40314 57042 73630 80001==
35849 42570 81504 11035 21115 30060 40148 57029 885//==
35895 41998 20306 11094 21114 39841 40305 57034 70230 80002=
35907 42598 72112 10046 20024 30123 40093 57016 87500=
35925 42560 72305 10004 21010 30002 40113 58024 83705==
35927 42598 61803 10014 21024 30102 58034 83542=
35953 42/84 81402 11027 21076 30037 40168 57035 8807/==
35969 42/84 61103 11060 21134 30044 40223 57028 86070==
35997 42998 00502 11067 21133 39832 40281 57033=
36259 42584 30000 11224 21253 38313 48597 57009 82901==
36335 42999 21402 11068 21204 39265 40315 57026 80001=
36358 42999 01603 11122 21180 39288 40355 57029=
36394 42997 00000 11097 21149 39939 40381 57034=
36397 42984 01406 11109 21166 39788 40380 57028==
36403 41996 02802 11147 21181 30011 40397 57033 71000=
36418 42999 30000 11137 21191 39766 40421 57027 80003=
36421 42999 00000 11195 21230 39828 40444 57021=
36428 42984 00101 11132 21179 39888 40421 57018==
36439 42998 01603 11174 21214 39076 48559 57020=
36498 42998 30604 11102 21194 39517 40342 57033 80001=
36501 42999 00903 11112 21206 39564 40352 57031=
36535 42984 20000 11186 21237 39751 40437 57021 80001==
36546 42999 01501 11157 21196 39845 40424 57033=
36619 42999 00902 11076 21179=
36622 42998 00402 11123 21175 39508 40352 57039=
36639 42984 00000 11031 21171 39693 40307 57038==
36643 42999 00502 11158 21214 39709 40419 57025=
36665 42999 02901 11131 21185 39632 40401 57031=
36666 42999 00907 11134 21164 39885 40409 57032=
36729 41996 00912 11051 21100 39938 40437 57065 73833 333 91023 91123=
36736 42999 01005 11052 21174 39770 40338 57032=
36744 42998 00604 11081 21143 39830 40296 57026=
36770 42999 00000 11064 21112 39529 40274 57025=
36786 42999 03601 11047 21187 39324 40258 57029=
36796 42998 00000 11202 21249 39050 48475 56029=
36803 42999 01215 11071 21092 39835 40298 57036 333 91020 91124=
36806 42999 01614 11150 21159 39884 40396 57017 333 91021 91124=
36819 42998 20701 11080 21130 39641 40275 57036 80001=
36821 42984 00202 11074 21127 39779 40285 57030==
36839 42999 02602 11020 21147 39100 40235 57029=
36843 42998 00000 11022 21168 39062 40245 57025=
36846 41999 00506 11053 21156 38602 48490 57024 70230=
36859 42984 01002 11032 21122 39513 40311 57037==
36870 42960 00401 11039 21098 39207 40236 57028==
36874 42999 01803 11085 21136 39516 40326 57028=
36877 42999 02903 11075 21144 39514 40549 57023=
36885 42999 03402 11035 21109 39096 40241 57026=
36889 42999 02002 11056 21225 37023 47035 58008=
36894 41999 00510 11029 21138 39505 40256 57033 70230 333 91018 91120=
36905 42999 00000 11048 21138 38765 48526 57030=
36911 42999 00906 10077 21041 39218 40169 57015=
36927 42699 21402 10002 21128 38377 48544 57021 82900=
36934 42597 40803 11012 21111 38302 48429 57014 83932=
36953 42999 00000 11143 21167 38229 48508 57024=
36963 42999 01403 11102 21265 37019 48/// 57009=
36974 42998 71801 11088 21181 38027 48581 57015 80001=
36982 42999 50000 11115 21286 36507 47082 57012 80006=
37018 41540 81407 10077 20055 30129 40205 52007 70382 889// 333 91012 90730 91111==
37031 42460 82511 10072 20028 39959 40153 52007 886// 333 91016 90730 91117==
37054 42560 82406 10057 20011 39765 40148 53013 889// 333 91012 90730 91116==
37061 42560 62609 10062 20021 39959 40127 52002 83570 333 91013 90730 91115==
37085 41560 82204 10036 20002 30160 40132 53016 76162 8872/ 333 90730 91110==
37171 41670 80903 10050 20036 30214 40233 53005 72582 889// 333 88934 90730 91111==
37228 42/70 80000 10026 21049 39325 40164 52048 8807/==
37235 42670 81902 10033 21024 39846 40165 52041 885//==
37472 42560 72702 10091 20012 30154 40132 57007 83571 333 90730 91111==
38149 42570 72403 10002 21054 30083 40161 57012 87500==
38178 42/70 51403 10011 21057 39862 40151 57030 85070==
38262 42570 72603 11008 21050 30064 40148 57017 88500==
38264 42670 72203 11009 21055 30054 40150 57013 875//==
38345 42999 02201 10073 21047 38790 48492 57019=
38353 42998 01401 10012 21090 39300 40208 57019=
38388 42598 72302 10028 21027 30083 40154 57008 87500=
38392 42597 72004 11002 21042 30042 40147 57023 87500 333 87625=
38396 42960 82004 10008 21049 30024 40150 57028 80007==
38403 42/60 71804 11002 21108 30076 40199 57019 87070==
38413 42970 00806 11029 21076 39880 40181 57033==
38457 42/84 70000 10056 21068 39603 40191 57023 86014==
38462 42984 20203 10047 21160 38755 48496 57024 80001==
38507 42598 62203 10101 20048 30069 40170 54000 85530 333 85625=
38545 42998 71404 10013 21036 39983 40162 57025 85083=
38565 12870 31702 10113 20051 39558 40130 57027 60002 80003==
38579 12984 71802 10048 21032 39765 40186 57027 60002 80008==
38583 12/60 80901 11014 21020 39878 40210 57024 60002 82041==
38599 41996 60711 10008 21072 39708 40235 57027 71011 80001 333 91117=
38611 41940 00000 11003 21072 39683 40272 57031 71000==
38613 42998 01802 10005 21084 40257 57019=
38616 42999 02701 10008 21026 39215 40253 57022=
38618 42960 01101 10021 21032 39543 40245 57032==
38647 42698 72606 10107 20036 30113 40155 57004 84570=
38656 42698 80000 10024 20029 30060 40172 57012 885//=
38683 42960 61606 10031 21027 39898 40178 57028 80001==
38687 42997 72308 10067 21063 39942 40179 57021 80001=
38696 12/84 60702 10078 21060 39339 40190 57006 60002 82064==
38713 42999 81601 10048 21073 39026 48500 57015 80004=
38750 42597 83202 10118 20077 30224 40196 58014 885//=
38763 42598 72408 10110 20000 30062 40166 54000 83535=
38774 42898 80901 10060 21033 39974 40170 57011 8807/=
38799 42597 72504 10048 21012 39944 40178 58010 87500=
38806 42997 21106 10064 21024 39909 40171 57026 80002=
38812 42960 32103 10095 21019 39728 40177 57013 80001==
38836 41696 50000 10082 21005 39247 40178 57031 71011 84202=
38880 42697 73601 10088 20003 39914 40168 58007 84930=
38886 42697 61501 10085 21030 39954 40181 58004 83538=
38895 42996 72103 10058 21040 39898 40191 58004 80008=
38911 41996 31610 10094 21012 39904 40197 57017 70500 80002=
38915 42997 30909 10092 21017 39894 40217 58023 80001=
38927 12/60 41702 10070 21025 39844 40222 57030 60002 84031==
38933 41996 81401 11012 21055 39751 40286 57009 71022 8805/=
38944 41692 83402 11040 21040 39643 40204 57031 74442 885//=
38954 42999 00000 10025 21115 37976 48570 58016=
38974 42998 82303 10118 21025 39844 40174 58012 80008=
38987 42996 72705 10094 21030 39461 40200 57019 80002=
40100 43/70 03106 10198 20077 30243 40259 50001 333 58000=
40180 02560 33201 10192 20100 30192 40241 57006 81130 333 70000==
40199 02/// /0405 10196 20054 30209 40235 57010 333 70000==
40265 41950 13204 10137 20025 39462 40271 57001 70511 80001 333 81070=
40270 41950 00706 10134 20024 39348 40257 52003 70500=
40272 41950 01606 10140 20032 39420 40266 52026 70500=
40340 42960 20307 10178 20054 40245 57006 80001 333 82068=
40356 42960 00210 10134 21110 39260 48553 333 59006 555 04410 50254=
40357 42960 03404 10133 21200 39592 40244 333 59030=
40360 42960 03004 10128 21090 39652 40259 333 59005=
40361 42960 00000 10132 21170 39455 40264 333 59025=
40362 42960 31106 10147 21160 39711 40239 80001 333 59042 83070=
40373 42960 30000 10144 21110 39815 40246 83030 333 59039 83360=
40375 42960 22604 10133 21080 39343 40233 80002 333 58002 82070=
40394 42960 02406 10182 21050 39078 48548 333 59034 555 04410 50215=
40400 42960 42906 10252 20040 30158 40186 80001 333 59013 84070=
40405 42660 41702 10173 21110 39472 40219 84500 333 59043 85640=
40417 42960 43111 10191 21080 30207 40223 80001 333 59030 84070=
40420 42960 33204 10174 20010 30014 40225 80001 333 59038 83070=
40430 41957 01006 10219 21050 39463 40204 70600 333 59031=
40437 42960 01203 10181 21150 39515 40233 333 59039=
40439 42960 30000 10298 20100 30145 40163 81031 333 59012 81360=
40582 32960 43510 10131 21060 40241 58013 82031 333 55305 00753 10000 21704 30535 41047 51418 62239 55407 41168 82360 84070 90400 91013 91113 91211 91307=
40703 42660 10703 10046 21055 38944 40234 55000 81500 333 70000 81640 555 10011 29048 66666 00014 10006 20030 30040 50092 90132=
40706 42560 32805 10049 21093 38665 40237 58003 83400 333 70000 83632 555 10003 29035 66666 01003 11003 20025 30048 50075 90111=
40712 42965 00504 10058 21094 38691 40226 50001 333 70000 555 10008 29033 66666 01009 11006 20014 30023 50058 90086=
40713 42660 12703 10079 21096 38667 40195 58008 81100 333 70000 555 10020 29028 66666 00009 10029 20051 30070 50099 90138=
40718 42860 13502 10131 20085 30214 40185 56008 81040 222// 0//// 20301 333 70000 81358 555 10108 29074 66666 00100 10086 20083 30096 50121 90152=
40723 42570 70000 10038 21077 38956 40234 57018 81676 333 70000 82359 86266 555 11002 29043 66666 01006 11004 20022 30036 50064 90098=
40726 42960 02003 10090 21131 38669 40195 57009 333 70000 555 10020 29019 66666 00004 10014 20034 30050 50076 90122=
40727 42965 22706 10080 21143 38497 40213 58006 80002 333 70000 82070 555 10012 29019 66666 01011 10002 20017 30035 50062 90111=
40732 42560 40802 10136 20088 30196 40172 58009 82541 333 70000 82630 83360 555 10112 29073 66666 00090 10090 20084 30090 50118 90128=
40736 42960 80000 10109 20048 30202 40176 57011 8801/ 333 70000 88459 555 10082 29066 66666 00072 10072 20078 30088 50110 90152=
40737 42670 72501 10133 20031 30154 40172 57012 82570 333 70000 82635 86360 555 10088 29050 66666 00081 10082 20092 30096 50115 90150 77777 00030 10017 20028 30039 50062 70062 99070=
40738 42660 80902 10135 20059 30185 40187 58017 8351/ 333 70000 83635 88461 555 10099 29060 66666 00096 10082 20074 30088 50118 90156=
40739 42665 81902 11013 21065 38712 40274 57016 84520 333 70000 84635 87460 555 11029 29068 66666 00006 10010 20002 30022 50047 90111=
40741 42960 41608 10116 20015 39837 40173 57016 80002 333 70000 84070 555 10073 29050 66666 00070 10051 20056 30075 50106 90148=
40743 42665 60000 10028 21077 39100 40263 57019 82506 333 70000 82635 85270 555 11007 29046 66666 00027 10016 20043 30084 50132 90170=
40745 42962 61002 10022 21057 39036 40231 57018 80008 333 70000 86268 555 11006 29056 66666 00000 10000 20030 30050 50077 90130=
40747 42960 19901 10072 21097 38663 40241 57017 80001 333 70000 81070 555 10016 29029 66666 00012 10015 20038 30062 50085 90133=
40754 41940 72102 10028 21066 38856 40248 58009 70522 83076 333 70000 83461 86269 555 11011 29052=
40762 42965 40000 10038 21009 38566 40198 57024 80002 333 70000 82069 555 11009 29033 66666 00012 10024 20032 30034 50082 90128=
40766 42960 62702 10073 21105 38739 40262 58007 82077 333 70000 82459 86266 555 10015 29027 66666 00040 10020 20036 30062 50104 90144=
40768 42965 60403 10067 21174 38273 40229 58006 86070 333 70000 86460 555 11005 29016 66666 00003 11006 20015 30039 50054 90096=
40769 41650 80000 10034 21032 38311 40233 58008 70522 8352/ 333 70000 83635 88458 555 10009 29062 66666 00004 10014 20040 30052 50088 90148=
40780 42970 23102 10112 21162 38725 40249 58005 80002 333 70000 82069 555 10029 29013 66666 00048 10038 20058 30064 50096 90138=
40782 42665 50000 10078 21087 38912 40257 57012 81530 333 70000 81645 85359 555 10022 29030 66666 00050 10034 20060 30070 50114 90154=
40785 42660 60000 10048 21037 39129 40261 57017 83510 333 70000 83640 86460 555 10017 29054 66666 00086 10062 20062 30082 50124 90182 77777 00/// 10000 20/// 30/// 50/// 70/// 99///=
40791 42970 71501 10065 21172 39402 40256 57031 83075 333 70000 83361 85270 555 11001 29017 66666 00084 10084 20086 30112 50142 90196=
40792 42965 61704 10058 21162 38741 40241 57026 80006 333 70000 86270 555 11007 29019 66666 00058 10040 20050 30070 50124 90168=
40798 42960 01402 10081 21142 37970 40225 57025 333 70000 555 10010 29019 66666 01005 11014 20007 30040 50079 90117=
40800 41657 42701 10084 21078 38492 40257 57022 70511 81570 333 70000 81640 84460 555 10026 29031 66666 00090 10080 20050 30074 50118 90164=
40809 42970 50000 10086 21213 38515 40234 57028 80006 333 70000 85270 555 10008 29010 66666 00039 10006 20035 30078 50125 90170=
40811 42960 03002 10160 21025 30201 40228 58009 333 70000 555 10086 29028 66666 00130 10122 20150 30170 50200 90240=
40812 42960 11301 10196 21008 39829 40209 58013 81030 333 70000 81360 555 10106 29025 66666 00150 10134 20134 30150 50180 90228=
40818 42965 22605 10119 21320 37986 40203 57034 80002 333 70000 82070 555 10017 29003 66666 00048 10028 20043 30068 50078 90080=
40821 42965 51402 10120 21134 38801 40210 57028 80006 333 70000 85270 555 10037 29016 66666 00113 10081 20084 30104 50136 90176=
40829 42960 23503 10089 21094 39682 40282 58034 80002 333 70000 82069 555 10030 29026 66666 00092 10066 20088 30092 50154 90203=
40831 42960 23004 10154 21062 30236 40244 58007 80001 333 70000 82070 555 10075 29022 66666 00170 10138 20170 30186 50220 90260=
40833 41957 13303 10172 20020 30202 40235 58008 70500 80001 333 70000 81070 555 10104 29036 66666 00170 10154 20160 30174 50220 90246=
40835 42960 00000 10172 21031 39382 40226 57019 333 70000 555 10087 29025 66666 00150 10134 20126 30144 50170 90200=
40841 42970 10602 10132 21159 38243 40192 57039 80001 333 70000 81070 555 10038 29012 66666 00068 10066 20080 30120 50154 90192=
40845 42960 53108 10200 20103 30219 40224 57013 80006 333 70000 85270 555 10148 29054 66666 00170 10166 20170 30180 50210 90234=
40848 42960 30802 10107 21031 38542 40208 57038 80001 333 79999 83070 555 10050 29038 66666 00078 10072 20076 30106 50124 90158=
40851 42960 61602 10099 21140 38285 40233 57026 80001 333 70000 86070 555 10022 29017 66666 00106 10060 20070 30108 50132 90195=
40854 42960 00802 10114 21136 38973 40206 57033 333 70000 555 10035 29016 66666 00180 10112 20118 30150 50194 90242=
40856 42962 11603 10092 21240 38670 40252 57031 80001 333 70000 81070 555 10010 29008 66666 00110 10074 20080 30112 50150 90184=
40859 42960 41202 10120 21092 38740 40215 57022 80001 333 70000 84070 555 10044 29022 66666 00158 10114 20110 30140 50160 90190=
40875 41920 02402 10225 21015 30183 40194 57035 70600 70000 555 10120 29020 66666 00255 10229 20225 30320 50268 90287=
40879 42962 22102 10136 21134 39528 40227 57037 80002 333 70000 82070 555 10050 29014 66666 00200 10178 20188 30208 50230 90274=
40882 41540 33002 10234 20115 30162 40197 58021 70511 81170 333 70001 81830 83358 555 10167 29047 66666 00252 10234 20230 30242 50246 90278=
40883 41935 01003 10216 20083 30172 40195 58028 70500 333 70000 555 10146 29042 66666 00271 10366 20219 30256 50256 90283=
40893 41956 33104 10225 20055 30176 40181 57032 70500 80001 333 70000 83068 555 10140 29033 66666 00214 10214 20234 30237 50264 90242=
40898 41956 00505 10225 21042 30156 40165 57042 70500 222// 00250 801 333 70000 555 10114 29016 66666 00310 10268 20256 30270 50280 90300=
41024 41957 03105 10322 20090 30133 40158 70600 333 59008=
41036 42560 19903 10224 20070 38600 48550 81100 333 59010 81830 555 04410 50177=
41055 41958 00805 10206 20030 38402 48550 70630 333 59015 555 04410 50183=
41061 42960 01706 10198 21150 39500 40218 333 59031=
41084 42960 02102 10195 21060 38900 48548 333 59017 555 04410 50182=
41112 42960 00503 10188 21040 37978 48550 333 59010 555 04410 50146=
41114 42960 00204 10190 21030 38015 48555 333 59009 555 04410 50163=
41128 42960 00000 10180 21070 38865 48563 333 59028 555 04410 50219=
41136 42960 00504 10214 21110 39392 40218 333 59029=
41140 42560 11709 10309 20160 30153 40162 81100 333 59010 81830=
41150 42970 63011 10179 20053 40221 82031 333 59025 82368 85075=
41176 44/68 /3210 10209 20080 30212 40218 333 59027=
41184 42960 33006 10240 20012 40196 80001 333 59021 83070=
41194 41956 02905 10245 20065 30186 40192 70600 333 59019=
41196 42960 20106 10243 20047 30155 40197 80001 333 59020 82075=
41216 42960 19903 10245 20074 30192 40196 80001 333 59027 81075=
41217 42960 09904 10248 20067 30162 40191 333 59027=
41246 32960 00208 10250 20121 30181 41159 333 59023=
41253 36/// /0103 10230 20105 39810 40171 333 0E017 55300 25022 59026=
41255 36/// /2605 10247 20060 39641 40146 333 0E016 59017=
41258 36/// /3305 10244 20114 30170 40174 333 0E/// 55309 21931 59028=
41263 36/// /2707 10241 20061 39583 40141 333 0E016 55300 22573 59017=
41265 32960 02401 10244 20053 39577 41134 333 5////=
41267 36/// /3416 10246 20135 30160 40172 333 0E022 59019=
41268 36/// /0018 10251 20104 30112 40160 333 0E021 55300 25022 59016=
41275 36/// /3008 10260 20087 30020 40188 333 0E015 55300 22568 59011=
41288 36/// /0212 10264 20125 30152 40174 333 0E023 59015=
41315 36/63 /3319 10175 20008 39354 48341 333 0E015 55300 27865 59004=
41316 31960 03521 10249 20026 30157 40186 70700 333 59008 55407 55408 55507 55508=
41396 41957 02004 10214 21063 39470 40197 70600 333 59015=
41480 12460 20812 10187 20196 30166 40174 70240 82500 333 59014 82618=
41506 12960 00000 10140 21030 38528 48250 60001 333 59013==
41508 12460 22701 10161 21101 38674 48460 60001 82200 333 56800 59001==
41515 12960 20000 10096 21051 38583 48440 60001 82020 333 56080 59006==
41516 12940 21302 10115 21055 38565 48230 60001 80001 333 56008 59017==
41517 12440 40000 10045 21085 37797 48210 60001 81500 333 56808 59029==
41518 12460 50000 10108 21044 30001 48010 60001 83230 333 56880 58000==
41519 12960 00000 10110 21090 38773 48110 60001 333 59040==
41523 12960 02701 10160 21028 39102 48240 60001 333 59007==
41535 12960 01301 10160 21135 38731 48040 60001 333 59003==
41536 12960 00000 10160 21028 39054 48280 60001 333 59003==
41560 12960 01302 10145 21083 38302 48260 60001 333 59012==
41571 11920 02702 10195 21036 39598 40178 60001 70500 333 58002==
41598 11940 00000 10200 20061 39895 40165 60001 70500 333 59016==
41600 11940 03101 10200 20074 30000 40167 60001 70500 333 59009==
41620 11940 02302 10130 21047 38591 48940 60001 70500 333 58001==
41624 11940 00501 10230 20035 30000 40167 60001 70500 333 59008==
41630 11940 03101 10205 20054 30000 40177 60001 70500 333 59005==
41640 11940 03101 10195 20053 39921 40171 60001 70500 333 59006==
41660 22997 02306 10070 20106 38454 48545 333 59030 60007=
41678 11940 03602 10200 20074 30000 40176 60001 70500 333 59021==
41696 12960 03102 10100 21014 38040 48590 60001 333 59003==
41697 12960 00000 10230 20051 30000 40170 60001 333 59001==
41700 11920 00000 10210 20075 30000 40165 60001 70500 333 59003==
41710 12960 02301 10100 21115 30000 40217 60001 333 59026==
41712 12940 00903 10075 21046 39257 48460 60001 333 59030==
41715 11940 00501 10220 20049 30000 40173 60001 70500 333 59016==
41718 11920 00000 10220 20090 30000 40167 60001 70500 333 58002==
41725 12940 00502 10210 20088 30000 40168 60001 333 59001==
41739 11940 03606 10100 21063 39103 48440 60001 70500 333 58012==
41744 12940 03102 10195 20019 38814 48420 60001 333 59004==
41749 11920 03604 10240 20094 30000 40177 60001 70400 333 59007==
41757 11940 03603 10235 21180 30181 40194 60001 70600 333 59020==
41759 11910 03606 10220 21216 30000 40162 60001 70733 333 59023==
41764 11920 03606 10230 20035 30105 40155 60001 70400 333 59006==
41768 12940 00503 10270 20028 30000 40151 60001 333 59032==
41780 11940 00902 10270 20009 30115 40142 60001 70500 333 59020==
41785 12940 00503 10240 20020 30145 40158 60001 333 59013==
41859 01950 01302 10280 20130 30080 40117 70500 333 59016 70000==
41883 02950 00000 10270 20090 30099 40119 333 59011 70000==
41891 02956 00000 10285 20140 30079 40117 333 59009 70000==
41907 01940 00000 10265 20130 30104 40119 70500 333 59009 70000==
41923 01/40 20000 10294 20090 30110 40120 70510 82030 333 59007 70000 82365==
41936 01425 10000 10270 20140 30109 40116 70500 83162 333 59007 70000==
41943 01435 60000 10275 20160 30114 40121 70522 83520 333 59003 70000 83617 84458==
41950 01340 80000 10250 20160 30120 40122 70522 333 59003 70000 81708 83617 88458==
41978 01456 63105 10295 20150 30115 40109 70521 82530 333 59006 70000 82618 85362==
41992 01/35 43305 10305 20200 30110 40112 70511 84030 333 59010 70000 84362==
42027 31994 00702 10078 21021 38436 48523 70500 333 59017=
42071 31995 03403 10188 20069 40169 70400 333 59010=
42101 31995 02301 10212 20115 40167 70500 333 59008=
42111 31995 01402 10234 20127 39439 40128 70500 333 59010=
42123 32996 00501 10208 20025 40163 333 59004=
42131 31995 02704 10198 20097 40160 70500 333 59007=
42165 31995 00502 10222 20043 40143 70500 333 59012=
42182 31994 09902 10232 20091 40145 70400 333 59012=
42189 32996 03201 10228 20105 40146 333 59011=
42309 32996 01402 10246 20102 40133 333 59005=
42314 32996 03605 10260 20098 40131 333 58000=
42328 32996 00204 10224 20013 40131 333 59008=
42339 31995 03603 10250 20028 40137 70500 333 59010=
42348 31995 00703 10230 20044 39700 40142 70500 333 59017=
42361 31995 00000 10236 20097 40141 70500 333 59017=
42369 31996 00902 10254 20055 40142 70500 333 59011=
42379 31995 00000 10258 20123 40134 70500 333 59009=
42410 31995 00000 10256 20150 40125 70500 333 59012=
42415 32996 00000 10258 20123 40133 333 59009=
42452 31995 00501 10240 20067 40126 70500 333 59023=
42492 31995 03202 10249 20139 40133 70500 333 59015=
42559 32996 03202 10272 20056 40107 333 59019=
42571 31996 01401 10250 20054 40129 70500 333 59011=
42591 31995 03203 10246 20125 40139 70500 333 59013=
42623 31496 31801 10236 20145 39257 40113 70500 82530 333 59013 82618 83360=
42634 32996 00503 10266 21015 40139 333 59011=
42647 31996 03403 10286 20086 40120 70400 333 59013=
42667 31996 03603 10264 20032 39536 40113 70500 333 59019=
42675 31996 03602 10246 20041 40127 70500 333 59010=
42701 31995 03603 10236 20081 39390 40110 70500 333 59008=
42724 31995 50000 10292 20160 40116 70520 82530 333 59006 82620 84360=
42737 32996 00505 10298 20055 40131 333 59001=
42754 32996 02704 10294 20100 39480 40098 333 59014=
42779 32996 00000 10262 20085 39423 40108 333 59012=
42798 31995 23402 10270 20108 40119 70500 80001 333 59011 82075=
42809 31995 33403 10266 20138 40123 70500 81031 333 59008 81360=
42840 32996 40204 10296 20118 40113 80001 333 59012 84075=
42867 31996 00202 10286 20063 40112 70500 333 59018=
42874 31996 10000 10282 20096 40137 70500 80001 333 58008 81075=
42886 31996 00704 10266 20081 40124 70500 333 59011=
42895 32596 43602 10270 20143 40125 82530 333 59006 82620 83360=
42909 32996 19902 10298 20101 40114 80001 222// 20000 333 59012 81070=
42971 31996 40201 10294 20124 40125 70521 84031 333 59012 83360=
43003 31995 02705 10328 20159 40099 70400 333 59010=
43014 31995 00904 10300 20149 39459 40089 70542 333 59014=
43041 31996 40000 10278 20109 39498 40103 70500 80001 333 59003 84075=
43063 32997 00902 10292 20065 39481 40090 333 59014=
43086 32597 20501 10286 20122 39931 40107 82500 333 59012=
43110 31996 00000 10336 20059 40095 70544 333 59016=
43117 32997 11402 10306 20145 40091 80001 333 59010=
43128 32997 40000 10290 20023 39502 40097 81031 333 59009 81360 83070=
43150 31596 70210 10258 20172 30055 40116 70522 84531 333 84620 85360=
43185 31596 80000 10248 20188 30096 40099 70522 8447/ 333 59014 83620 86360=
43189 32597 70503 10276 20178 30099 40108 82532 333 59017=
43192 32996 30501 10330 20126 40085 80002 333 59022=
43198 32496 31106 10284 20063 39268 40085 82501 333 56309 59015 82612=
43201 32897 33601 10284 20104 39356 40065 81031 333 59019 81358 83075=
43213 32597 40000 10314 20078 39771 40081 82530 333 59015=
43233 32497 30703 10266 20106 39284 40088 81501 333 59013=
43237 31596 59901 10290 20153 39679 40065 70522 81532 333 59008 81620 83075=
43245 32597 83406 10252 20196 30073 40099 84518 333 59015=
43279 31595 83608 10262 20187 30074 40091 70522 84830 333 59020 83620 86360=
43284 31996 12506 10326 20210 39959 40071 70500 80001 333 59009 81075=
43295 32497 53202 10278 20178 39078 48499 83501 333 59015 83612=
43314 32997 12304 10326 20196 40081 80001 333 59001=
43321 31496 40904 10302 20169 39637 40074 70500 82502 333 59013 82615=
43329 32597 63202 10274 20254 30064 40077 83530 333 59022=
43333 21496 60904 10280 20249 40086 70562 85401 333 56209 59002 6003/ 83618 85820=
43344 31495 72903 10278 20222 39983 40082 70522 83531 333 59018 83616 86360=
43353 31496 22503 10308 20216 40079 70521 81530 333 56790 58000 81616=
43369 32497 60000 10310 20260 40087 84470 333 58000 84618 83458=
43371 32597 52702 10316 20229 30012 40083 81532 333 58001 81620 84358=
43404 22470 83403 10264 20240 30069 40072 56019 87000 333 553// 20098 59014 60008 91005 555 60008==
43410 21470 83105 10250 20243 30067 40070 57021 78082 88000 333 59017 60028==
43413 22470 83504 10276 20244 30077 40082 5/020 88270 333 553// 20218 59012 60008 91006==
43415 22470 82902 10264 20235 39981 40089 56015 84000 333 59013 60008 555 60008==
43418 21465 83201 10268 20245 30034 40075 57015 70282 88170 333 59014 69908 555 69908==
43421 21470 83501 10269 20268 39974 40079 57020 70262 88000 333 553// 20075 59009 60008 91002==
43422 22470 72902 10280 20241 39944 40076 57021 86200 333 59010 60008 555 60008==
43424 22470 73404 10286 20241 30080 40082 57020 87130 333 59007 60008 555 60008==
43436 22470 70000 10294 20255 30064 40067 57024 87/// 333 59020 60008 81920 555 60008==
43441 21460 8//00 10258 20241 39944 40077 56022 78082 88220 333 59004 69988 555 69988==
43444 21470 63601 10246 20232 39546 40075 54023 70162 85000 333 59006 69938 555 69988==
43450 21456 73103 10284 20253 30079 40091 57016 70582 87220 333 59002 69928 555 69928==
43466 21470 83503 10286 20226 30072 40080 56023 70282 87/// 333 553// 20216 59004 60008 81920 91006==
43467 21440 73403 10298 20244 30075 40081 57021 70522 87200 333 59003 60008 555 60008==
43473 22370 72702 10190 20186 38104 48463 57016 81000 333 553// 20122 59002 60008 91004 555 60008==
43475 22570 81302 10296 20242 30061 40065 57027 88000 333 553// 20245 59013 60008 91003 555 60008==
43476 21410 70000 10205 20201 38750 48495 57016 78082 87000 333 59002 60068 555 60068==
43479 21/68 70501 10243 20225 39233 57017 75022 86/1/ 333 59004 69908 84/08 555 69908==
43486 22468 43003 10324 20250 39968 40065 56028 84000 333 553// 20397 59013 60008 91006==
43495 22468 32904 10290 20247 30054 40067 5/270 81000 333 59030 60008 555 60008==
43497 22470 42106 10296 20000 30049 40066 5/026 83000 333 553// 20426 59011 60008 91008==
44212 42/84 70101 11188 21224 39265 40512 57008 87010==
44213 41/60 80000 11184 21211 38898 40494 57007 77172 8802/==
44214 42/70 73204 11180 21222 38341 40490 58005 87030==
44215 41560 60502 11141 21166 38483 40460 57006 77872 86600==
44217 42998 20000 11166 21204 37882 40487 57005 80004 333 91200=
44218 41/40 73601 11144 21176 38694 40465 56008 77872 87010==
44219 41998 70000 11189 21216 38713 40502 57012 71572 84044 333 91203=
44265 42984 50801 11149 21185 38945 40464 56013 80006==
44266 32699 62302 11163 21194 37797 40466 57008 82288 333 91203=
44404 42458 21806 10174 20056 38138 48467 82200 333 59026=
44416 42960 03503 10219 20107 39374 40156 80000 333 59008=
44424 42/0/ ///// 11//// 2//// 3//// 47///=
44434 42560 31305 10212 20107 39233 48514 81130 333 59011=
44438 42957 02804 10260 20116 30016 40145 80000 333 59008=
44449 42960 03002 10262 20211 39968 40126 80000 333 59020=
44454 42458 22707 10190 20078 38662 48497 82100 333 59013=
44462 42565 10902 10182 20082 38259 48474 81100 333 59004=
44474 42956 02202 10188 20080 38252 48489 80000 333 59010=
44477 42958 02702 10188 20114 38818 48525 80000 333 59013=
44478 42960 01902 10270 20185 30037 40119 80000 333 59010=
48010 42957 01801 10268 20172 39976 40127 333 59012==
48020 42957 00000 10241 20155==
48025 42456 40401 10262 20229 30000 40140 59001 83840==
48048 42960 00401 10303 20223 30065 40120 333 59009==
48052 32957 00000 10330 20191 333=
48062 42558 52703 10310 20282 30099 40105 84830 333 59006==
48064 42958 11401 10287 20196 30033 40089 80001 333 59006==
48094 42459 50402 10322 20220 30093 40103 83941 333 59010==
48109 42460 30902 10307 20254 30096 40099 83900 333 59012==
51076 14/78 /1301 11152 21185 39486 40445 57014 60001 333 11107 21195 3/103 4/008 59026 70008 90761 91104==
51087 14/56 /0000 11144 21182 39334 40449 57017 60001 70500 333 11132 21172 3/105 4/008 59033 70014 90761 91104==
51156 14/72 /3102 11122 21164 38776 40416 57020 60001 333 11094 21187 3/113 4/001 59039 70000 90761 91105==
51243 14/57 /0802 11102 21139 39838 40437 57018 60001 333 11099 21174 3/114 4/001 59052 70000 90761 91105==
51334 14/49 /2902 11113 21150 39985 40421 57017 60001 77000 333 11041 21124 3/106 4/007 59067 70004 90761 91104==
51379 14/77 /0802 11084 21140 39406 40420 57016 60001 333 11067 21195 3/105 4/014 59070 70006 90761 91104==
51463 14/64 /0301 11098 21136 39135 40409 57014 60001 333 11070 21113 3/101 4/029 59076 70045 90761 91105==
51573 14/67 /1101 11004 21136 30331 40384 57015 60001 333 11002 21085 3/114 58025 70000 90761 91104==
51644 14/58 /2702 11037 21129 39054 40403 57015 60001 333 11032 21169 3/105 4/005 58028 70000 90761 91103==
51656 14/56 /2102 11071 21109 39274 40424 57012 60001 70500 333 11060 21184 3/116 4/003 58034 70000 90761 91104==
51709 14/59 /2301 11035 21099 38717 40376 57019 60001 70070 333 11028 21080 3/106 58068 70000 90761 91104==
51711 14/60 /0903 11056 21130 38059 40322 57014 60001 333 11044 21146 3/119 58042 70000 90761 91106==
51716 14/59 /3001 11026 21104 39019 40385 57018 60001 333 11001 21084 3/108 58063 70000 90761 91105==
51765 14/68 /2901 11032 21105 39340 40415 57006 60001 333 11032 21170 3/119 58027 70000 90761 91104==
51811 14061 00801 11031 21118 38892 40393 57018 60001 333 10020 21114 3/117 58078 70000 90761 91103==
51818 14/59 /0902 11031 21128 38732 40393 57013 60001 333 10016 21126 3/119 58069 70000 90761 91106==
51886 14/80 /2002 11043 21245 37101 40296 57016 60001 333 11042 21155 3/121 59016 70000 90761 91103==
52203 14/60 /1201 11045 21146 39454 40402 57007 60001 333 11041 21124 3/116 58039 70000 90761 91104==
52602 14/80 /3203 11014 21263 37250 40290 57009 60001 333 11008 21177 3/123 59028 70000 90761 91106==
52818 14/80 /2903 11019 21244 37226 40249 57002 60001 333 11013 21108 3/115 59012 70000 90761 91109==
52908 14/62 /2812 11004 21307 35746 40122 57015 60001 333 10010 21151 3/119 59014 70000 90761 91123==
55228 14/80 /2408 11001 21293 36002 40127 57022 60001 333 10046 21115 3/120 59046 70000 90761 91116==
55299 14/80 /2807 10065 21305 35849 40130 57022 60001 333 10072 21166 3/122 59033 70000 90761 91117==
55578 14/80 /0202 10119 21246 36372 40135 57034 60001 333 10124 21131 3/115 59041 70000 90761 91104==
55591 14/80 /2301 10141 21230 36507 40044 57038 60001 333 10141 21048 3/113 59042 70000 90761 91104==
55664 14/80 /2409 10079 21259 36026 40161 57016 60001 333 10115 21121 3/115 59018 70000 90761 91116==
55773 14/80 /2106 10086 21254 36034 40147 57015 60001 333 10094 21133 3/119 59017 70000 90761 91117==
56004 14/80 /2512 10026 21315 35809 40125 57011 60001 333 10043 21185 3/126 59016 70000 90761 91123==
56018 14/71 /2706 10090 21311 36159 40062 57015 60001 333 10097 21127 3/117 59013 70000 90761 91115==
56312 14/80 /2302 10126 21098 37074 40130 57035 60001 333 10126 21054 3/107 59025 70000 90761 91105==
62306 42560 43310 10183 20081 40281 52006 84500==
62309 42560 63306 10190 20104 40262 52010 86800==
62325 42560 33406 10204 20116 40257 52001 83200==
62332 42560 22803 10195 20141 40250 54000 82100==
62337 42960 00000 10200 20133 40246 52001==
62366 44530 33606 10181 20111 40247 54000 70520 83200==
62387 41930 03609 10180 20100 40239 57001 70500==
62393 42960 03610 10168 20078 40249 54000==
62405 42960 00402 10203 20037 40211 57003==
62414 41958 03609 10215 20064 40199 54000 70500==
62419 42/60 50210 10220 20127 40180 57004 85050==
62420 42560 30000 10180 20122 40252 52003 83200==
62435 42960 43407 10198 20034 40214 54000 80004==
62440 42960 00000 10186 20090 40253 52003==
62455 42960 03308 10190 20107 40241 57001==
62458 42960 03110 10207 20087 40221 57006==
62459 42560 23005 10209 20044 40210 57004 82500==
62465 42960 03216 10220 20094 40187 57001==
63210 32980 00516 10274 20210 40162 333 58006=
63227 32980 00715 10283 20100 40176 333 59001=
41256 31659 10106 10244 20105 30163 40180 70500 81500 90845 333 59028 55407 55408 55507 55508 81635=
