SMPK OPKC 091800=
41504 02695 62304 10220 20086 37768 48372 60003 83510 333 56990 59049 60007 8364083460 RH44%=
41506 02995 20000 10245 20136 38435 48432 60003 80010 333 56090 59022 60007 82460 50%=
41507 02996 00000 10270 20196 39177 49668 60003 333 59016 60007 64%=
41508 02996 01302 10211 20154 38592 48467 60003 333 59018 60007 RH 70%=
41509 02996 00000 10275 20118 38668 48422 60003 333 59010 60007 RH 38%=
41510 02996 00000 10145 20120 37881 48466 60013 333 59013 60017 85%=
41515 02995 00000 10262 20149 38474 48437 60003 333 58019 60007 50%=
41516 02996 00000 10190 20140 38435 48393 60003 333 56000 59040 60007  RH73%=
41517 01696 30000 10160 20109 37736 48423 60003 70400 83500 333 56900 59030 60007 83635 72%=
41518 02696 61802 10289 20080 38/// 48/// 60003 83520 333 56990 5//// 60007 83640 83462 27%=
41519 02996 00000 10290 20139 38659 48412 60003 333 59024 60007 R40%=
41520 02995 00000 10170 20047 37591 48186 60003 333 59023 60007 44%=
41523 02996 00000 10250 20198 38999 48444 60003 333 59016 60007 73%=
41524 02996 00000 10280 20183 39287 40042 60003 333 59017 60007 RH 55%=
41525 12996 00000 10165 20141 37661 48346 60003 333 59020 86%=
41528 01996 00000 10260 20185 39172 48492 60003 70400 333 58004 60007 63%=
41529 02996 20000 10290 20255 39640 40002 60003 82030 333 56090 59023 60007 82360 RH 81%=
41530 016// 42304 10290 20199 39603 49996 60003 70511 81430 333 56990 59021 60007 81840 83360 58%=
41534 02996 00000 10285 20257 39603 49996 60003 333 59022 60007 85%=
41535 02996 00000 10220 20182 38639 48417 60003 333 59018 60007 RH79%=
41536 02996 00000 10235 20182 38953 48446 60003 333 59016 60007 72%=
41560 02996 00000 10220 20151 38233 48448 60003 333 59020 60007 Rh65%=
41562 02996 00000 10305 20256 39554 49994 60003 333 59033 60007 RH 75%=
41565 02996 01302 10228 20200 38599 48472 60003 333 59009 60007 77%=
41567 01996 00000 10300 20243 39623 40019 60003 70400 333 58008 60007 72%=
41571 119// 20506 10280 20223 39458 40012 60003 70500 82030 333 56090 59018 RH71%=
41572 01996 00000 10260 20232 39393 49991 60003 70400 333 59012 60007 RH84%=
41573 02997 03602 10180 20149 37945 48451 60003 333 59011 60007 82%=
41574 02997 00000 10190 20159 38302 48474 60003 333 59018 60007 82%=
41576 01996 00000 10295 20275 40012 60003 70400 333 59023 60007 89%=
41577 01996 00000 10255 20234 39428 40019 60003 70400 333 59015 60007 RH 88%=
41593 01996 00000 10310 20269 39794 49996 60003 70400 333 59019 60007 79%=
41597 01996 30000 10310 20283 40014 60003 70400 83030 333 56090 59031 60007 83362 86=
41598 01996 00000 10300 20265 39736 49993 60003 70400 333 59017 60007 82%=
41599 01996 02304 10300 20258 39729 40005 60003 70400 333 59017 60007 78%=
41600 01996 00000 10305 20271 39716 49998 60003 70400 333 59027 60007 82%=
41620 32996 02304 10275 20139 38496 48401 60003 333 59028 60007 43%=
41624 01996 00000 10330 20246 39796 49988 60003 70400 333 59033 60007 61%=
41625 01996 00000 10310 20269 39793 49982 60003 70400 333 59016 60007 79% 090924/1800Z=
41630 01996 00000 10315 20274 40009 60003 70400 333 59017 60007 79%=
41633 02997 00000 10325 20270 4//// 60003 333 5//// 60007 73%=
41634 02997 00000 10290 20242 3//// 4//// 60003 333 5//// 60007 75%=
41635 01996 00000 10320 20279 3//// 4//// 60003 70400 333 5//// 60007 79%=
41636 01996 20000 10320 20265 39829 40006 60003 70400 82030 333 56090 59023 60007 82362 73%=
41638 01996 00000 10305 20256 4//// 60003 70400 333 5//// 60007 75%=
41639 01996 00902 10300 20251 3//// 4//// 60003 70400 333 5//// 60007 75%=
41640 01996 00000 10315 20252 39767 40003 60003 70400 333 59018 60007 69%=
41641 01996 02204 10300 20258 39745 40006 60003 70400 333 59018 60007 78%=
41642 21996 00000 10295 20253 3//// 4//// 60003 70400 333 5//// 60007 RH78%=
41643 01996 00000 10300 20258 39739 40002 60003 70400 333 59020 60007 78%=
41644 01996 00000 10295 20267 4//// 60003 70400 333 5//// 60007 85%=
41646 01996 00000 10320 20265 39812 40014 60003 70400 333 59021 60007 73%=
41652 01996 00000 10310 20269 39835 40005 60003 70400 333 59039 60007 79%=
41660 019// 02310 10250 21108 38382 48467 60003 70500 333 59018 60007 RH08%=
41661 01996 00000 10215 20007 38340 48462 60003 70540 333 59017 60007 25%=
41669 02996 00000 10330 20290 3//// 4//// 60003 333 5//// 60007 80%=
41670 01996 00000 10310 20254 4//// 60003 70400 333 5//// 60007 72%=
41674 01996 00000 10300 20251 3//// 4//// 60003 70400 333 5//// 60007 75%=
41675 01996 00000 10325 20255 39862 49998 60003 70400 333 59020 60007 67%=
41676 01996 02302 10330 20283 39877 40025 60003 70400 333 59023 60007 76%=
41677 01996 00000 10300 20265 39829 49988 60003 70400 333 59027 60007 82%=
41678 01996 00000 10320 20226 40008 60003 70500 333 59036 60007 58%=
41679 01996 00000 10305 20275 4//// 60003 70400 333 5//// 60007 85%=
41680 01996 00000 10325 20270 39816 40002 60003 70400 333 59024 60007 73%=
41685 02997 00000 10270 20196 38833 48435 60003 333 59022 60007 RH64%=
41696 02996 00000 10180 20022 38003 48506 60003 333 58009 60007 RH35%=
41697 02996 00000 10335 20219 49994 60003 333 59028 60007 RH51%=
41700 01996 00000 10330 20268 49992 60003 70400 333 59023 60007 70%=
41701 01996 00000 10310 20254 39871 40007 60003 70400 333 59032 60007 72%=
41710 11995 03114 10305 21053 39259 49988 60003 70700 333 59012 09%=
41712 12996 01302 10315 21048 39115 48469 60003 333 59002 RH09%=
41715 01996 00000 10320 20265 39934 49996 60003 70500 333 59031 60007 RH73%=
41716 01996 00000 10320 20265 39905 40003 60003 70400 333 59026 60007 73%=
41718 01996 00000 10320 20265 39914 40012 60003 70400 333 59024 60007 73%=
41724 01996 01804 10330 20276 39941 40016 60003 70500 333 59033 60007 RH73%=
41725 02996 01302 10340 20249 39919 49993 60003 333 59033 60007 RH59%=
41726 02996 00000 10330 20268 39944 40011 60003 333 59022 60007 RH70%=
41738 02996 02312 10350 20220 39860 40031 60003 333 59036 60007 RH47%=
41739 01995 03106 10310 20015 38988 48475 60003 70500 333 59003 60007 RH16%=
41742 12996 01802 10305 20249 40018 60003 333 59028 RH72%=
41743 01996 00000 10330 20261 60003 70500 333 60007 RH67%=
41744 12996 00000 10280 20077 38709 48445 60003 333 59016 RH 29%=
41745 01996 01804 10300 20243 60003 70500 333 60007 RH72%=
41746 02996 01804 10300 20265 39950 40002 60003 333 59032 60007 RH82%=
41747 02996 01308 10330 20261 49996 60003 333 59019 60007 RH67%=
41748 02996 01804 10345 20247 40008 60003 333 59029 60007 RH57%=
41749 02996 01306 10305 20241 39975 40008 60003 333 59033 60007 RH69%=
41756 01495 62304 10280 20252 39958 40021 60003 70500 86600 333 56900 59031 60007 86715 RH85%=
41757 11995 00000 10285 20257 30016 40028 60003 70400 333 59038 RH85%=
41759 01995 00000 10280 20259 30035 40040 60003 71011 333 59028 60007 RH88%=
41764 02996 02310 10280 20244 39967 40015 60003 333 59026 60007 RH81%=
41765 02996 02306 10285 20242 39979 40014 60003 333 59026 60007 RH78%=
41766 21696 02306 10280 20252 40021 70400 333 59046 60007 RH85%=
41767 02996 0//// 10290 20262 60003 333 60007 RH85%=
41768 02996 02306 10290 20269 30006 40013 60003 333 59026 60007 RH89%=
41780 02696 62706 10285 20242 30004 40030 60003 86500 333 56900 59029 60007 86630 RH78%=
41783 02996 32302 10285 20250 39977 40006 60003 83030 333 56090 59015 60007 83360 RH81%=
41785 02996 02302 10290 20255 30024 40037 60003 333 59021 60007 RH 81%=
41786 02596 42304 10300 20251 39987 40022 60003 84600 333 56500 59021 60007 84720 RH75%=
41BKI 01996 30000 10300 20243 39595 49991 60003 70420 83030 333 56090 59030 60007 83360 RH 72%=
41SKP 01996 00000 10310 20269 3//// 4//// 60003 70400 333 5//// 60007 79%=
43532 01996 00000 10270 20220 39240 40004 60003 70400 333 59018 60007 74%=
43533 02996 00000 10265 20222 39118 48427 60003 333 59024 60007 77%=
43563 02997 00000 10289 20242 39352 40006 60003 333 59013 60007 75%=


UPPK OPKC 091800=
PPAA 5900/ 41517 MISDA DUE TO SMOKE HAZE=
PPAA 59171 41780 MISDA NO ASCENT DUE TO SHORTAGE OF RED BALOON=
PPAA 5918/ 41598 MISDA DUE TO TECHNICAL PROBLEM=
PPAA 5918/ 41600 MISDA DUE TO TECHNICAL FAULT=
PPAA 5918/ 41624 MISDA DUE TO TECHNICAL REASON=
PPAA 5918/ 41640 MISDA DUE TO TECHNICAL REASON=
PPAA 5918/ 41646 MISDA DUE TO TECHNICAL FAULT=
PPAA 5918/ 41675 MISDA DUE TO TECHNICAL ISSUE=
PPAA 5918/ 41678 MISDA DUE TO TECHNICAL PROBLEM=
PPAA 5918/ 41718 MISDA DUE TO TECHNICAL PROBLEM=
PPAA 5918/ 41739 no acent due to security risk=
PPAA 5918/ 41764 NO ASCENT DUE PAF FLYING=
PPAA 5918/ 41768 NO ASCENT DUE TO SHORTAGE OF STAFF=




Data Generated from File : D:\all data handling\Rmc_lhr\2024090918.FSU.txt
09/09/24 19:01:39
______________________________________________________________
15007 05/70 /1401 10187 20035 39645 40096 55002 60002 7000/ 333 10263 20126 3/042 4/000 55300 0//// 20000 3//// 60007=
15020 04970 41201 10206 20026 39907 40096 55002 60002 80008 333 10284 20125 30032 55300 20003 60007 91003 90760 91104==
15023 05970 61304 10185 20018 39672 40080 55002 60002 7000/ 80008 333 10267 20122 30035 4/000 55300 0//// 20003 3//// 60007 91004 91105=
15056 05970 81403 10211 20033 39761 40096 55003 60002 7000/ 80007 333 10277 20181 30045 4/000 55300 0//// 20000 3//// 60007 91005 91105=
15069 05965 40301 10161 20043 39054 42742 53003 60002 7000/ 82041 333 10258 20048 30037 55300 0//// 20000 3//// 60007 91002 91103=
15073 05/70 /2102 10189 20039 39652 40101 55003 60002 7000/ 333 10263 20152 3/041 4/000 55300 0//// 20000 3//// 60007=
15090 04970 80601 10195 20065 30013 40102 55006 60002 80007 333 10281 20135 30047 55300 10230 20000 30000 60007 91002 90760 91102==
15107 05970 81101 10183 20069 39314 42747 53006 60002 7000/ 80007 333 10267 20059 30047 55300 0//// 20000 3//// 60007 91003 91104=
15108 02/84 71506 10086 20026 38077 48474 55006 60002 85071 333 10140 20084 55300 20003 60007 91009 90760 91109==
15109 05970 63001 10176 20054 39681 40100 55001 60002 7000/ 82048 333 10261 20116 30031 4/000 55300 0//// 20003 3//// 60007 91001 91101=
15111 05970 51202 10181 20036 39838 40092 55002 60002 7000/ 80008 333 10279 20123 30043 4/000 55300 0//// 20000 3//// 60007 91003 91103=
15113 05/70 /0203 10167 20096 39940 40098 55004 60002 7000/ 333 10273 20105 3/032 4/000 55300 0//// 20000 3//// 60007=
15127 05970 61304 10184 20051 39243 42745 53005 60002 7000/ 80008 333 10250 20062 30042 4/000 55300 0//// 20000 3//// 60007 91007 91108=
15148 05970 81001 10132 20033 38674 48454 54000 60002 7000/ 83047 333 10207 20110 30/// 55300 0//// 20000 3//// 60007 91002 91103=
15150 04970 62701 10163 20107 39895 40102 55002 60002 80008 333 10280 20134 30031 55300 20002 60007 91002 90760 91102==
15154 05970 40302 10169 20093 39958 40096 55004 60002 7000/ 80008 333 10279 20108 31032 4/000 55300 0//// 20002 3//// 60007 91003 91103=
15168 05/70 /1305 10226 20039 39479 42736 52002 60002 7000/ 333 10278 20131 3/043 4/000 55300 0//// 20000 3//// 60007=
15170 04970 72002 10170 20059 39339 42744 53007 60002 80008 333 10261 20054 30033 55300 20003 60007 91003 90760 91103==
15194 05970 62901 10166 20098 39816 40102 53003 60002 7000/ 80008 333 10271 20123 30043 55300 0//// 20000 3//// 60007 91002 91103=
15197 05/70 /1702 10220 20092 39902 40102 55000 60002 7000/ 333 10275 20135 3/047 4/000 55300 0//// 20000 3//// 60007=
15215 05970 81104 10213 20045 39501 42741 52004 60002 7000/ 82027 333 10280 20110 39048 4/000 55300 0//// 20000 3//// 60007 91007 91107=
15217 05/70 /0702 10194 20052 39446 42749 52006 60002 7000/ 333 10272 20117 3/042 4/000 55300 0//// 20000 3//// 60007=
15219 05/70 /1601 10182 20094 39973 40093 55001 60002 7000/ 333 10281 20135 3/035 4/000 55300 0//// 20000 3//// 60007=
15238 05/70 /1202 10185 20041 39491 42744 52004 60002 7000/ 333 10275 20112 3/048 4/000 55300 0//// 20003 3//// 60007=
15261 05/63 /1402 10168 20067 39310 42763 53002 60002 7000/ 333 10253 20076 3/044 55300 0//// 20000 3//// 60007=
15262 02999 81406 1//// 2//// 38195 48/// 55004 60002 80007 333 1//// 2//// 30/// 55300 0//// 20000 3//// 60007 91008 91108=
15265 07/59 /1702 10217 20075 30023 40094 55003 60002 7042/ 333 10289 20147 3/046 4/000 55300 0//// 20000 3//// 60007=
15280 02/70 82206 10053 20013 37504 47071 54000 60002 8807/ 333 10113 20051 30/// 55300 20000 60007 91009 90760 91109==
15300 05999 81503 10187 20053 39472 42739 53002 60002 7000/ 80007 333 10275 20125 30051 55300 0//// 20003 3//// 60007 91003 91106=
15301 05970 82003 10148 20026 38599 48484 55002 60002 7000/ 82077 333 10192 20124 30/// 55300 0//// 20000 3//// 60007 91007 91107=
15302 05970 71402 10165 20033 38885 48466 55000 60002 7000/ 80008 333 10223 20091 30/// 55300 0//// 20000 3//// 60007 91005 91106=
15307 05/70 /0601 10217 20070 39914 40092 55002 60002 7000/ 333 10281 20181 3/033 4//// 55300 0//// 20000 3//// 60007=
15310 04970 41201 10226 20151 30016 40098 55002 60002 80001 333 10285 20160 30037 55300 10240 20000 30000 60007 91003 90760 91104==
15324 05/70 /0201 10184 20056 39324 42750 54000 60002 7000/ 333 10252 20124 3/028 4/000 55300 0//// 20000 3//// 60007=
15325 05970 72102 10124 20023 38457 48469 57003 60002 7000/ 80006 333 10190 20121 30/// 4/000 55300 0//// 20000 3//// 60007 91003 91104=
15328 05970 60100 10180 20077 39759 40098 53003 60002 7000/ 86070 333 10287 20134 30042 4//// 55300 0//// 20000 3//// 60007 91001 91104=
15335 02960 01202 10197 20175 30098 40105 55000 60002 333 10262 20176 30031 55300 20001 60007 91002 90760 91104==
15336 05/70 /1601 10181 20167 30100 40102 55002 60002 7000/ 333 10263 20162 3/031 4/000 55300 0//// 20000 3//// 60007=
15349 05/70 /3301 10179 20067 39563 40096 55001 60002 7000/ 333 10274 20139 3/051 4/000 55300 0//// 20000 3//// 60007=
15350 04970 70803 10234 20045 39981 40095 57002 60002 80006 333 10289 20174 30034 55300 20001 60007 91004 90760 91104==
15360 04970 01003 10224 20179 30087 40104 55003 60002 333 10232 20193 60007 91004 90760 91105==
15375 05970 43502 10200 20065 39745 40089 55002 60002 7000/ 82041 333 10282 20170 30036 4/000 55300 0//// 20003 3//// 60007 91003 91103=
15377 05997 50601 10219 20066 39879 40085 55002 60002 7000/ 85070 333 10294 20171 30035 55300 0//// 20002 3//// 60007 91003 91103=
15387 05970 01001 10196 20172 30102 40105 55004 60002 7000/ 333 10248 20162 30033 4/000 55300 0//// 20000 3//// 60007 91001 91102=
15402 05970 50901 10217 20058 30015 40087 57003 60002 7000/ 85070 333 10298 20171 30054 55300 0//// 20000 3//// 60007 91002 91103=
15405 05970 21004 10221 20096 30037 40097 55001 60002 7000/ 80002 333 10297 20168 30035 4/000 55300 0//// 20000 3//// 60007 91007 91107=
15406 05970 31502 10215 20158 30051 40096 53002 60002 7000/ 83040 333 10291 20148 30034 4/000 55300 0//// 20000 3//// 60007 91004 91104=
15408 05/70 /1004 10191 20157 39846 40102 55000 60002 7000/ 333 10261 20191 3/030 4/000 55300 0//// 20000 3//// 60007=
15409 05/70 /0600 10191 20169 30058 40104 55002 60002 7000/ 333 10256 20191 3/030 4//// 55300 0//// 20000 3//// 60007=
15419 05970 70402 10224 20077 39903 40088 55004 60002 7000/ 87070 333 10289 20158 30050 4/000 55300 0//// 20000 3//// 60007 91003 91103=
15420 04970 10501 10208 20079 39974 40080 55006 60002 80001 333 10299 20175 30049 55300 20000 60007 91002 90760 91103==
15421 05969 60701 10227 20070 39985 40091 57005 60002 7000/ 80008 333 10293 20167 30/// 4/000 55300 10205 20000 30000 60007 91002 91103=
15422 05970 40501 10231 20083 39981 40078 56006 60002 7000/ 82031 333 10312 20183 30053 55300 0//// 20000 3//// 60007 91002 91103=
15425 05970 31206 10223 20133 30030 40092 55002 60002 7000/ 80001 333 10291 20160 30049 4/000 55300 0//// 20001 3//// 60007 91008 91108=
15434 02570 80604 10255 20055 39872 40070 55004 60002 85370 333 10296 20190 30044 4/000 55300 0//// 20005 3//// 60007 91007 91108=
15444 05/70 /1202 10218 20152 30028 40098 53002 60002 7000/ 333 10297 20168 3/046 4/000 55300 0//// 20000 3//// 60007=
15455 05/70 /0502 10243 20075 39953 40077 55005 60002 7000/ 333 10295 20178 3/050 4/000 55300 0//// 20000 3//// 60007=
15460 04/70 61103 10230 20145 30065 40088 55002 60002 82018 333 10293 20177 30046 55300 20002 60007 91007 90760 91107==
15462 05970 51303 10202 20160 30019 40102 55001 60002 7000/ 80008 333 10280 20172 30045 4/000 55300 0//// 20000 3//// 60007 91004 91104=
15470 04570 70604 10263 20074 39949 40067 56004 60002 84370 333 10303 20175 30040 55300 20003 60007 91006 90760 91108==
15475 06/// /0701 10209 20097 30060 40080 55003 60002 333 10301 20168 3/037 55300 0//// 20000 3//// 60007=
15479 05/70 /1204 10198 20160 39913 40099 54001 60002 7000/ 333 10281 20180 3/037 55300 0//// 20000 3//// 60007=
15480 04970 21201 10220 20177 30084 40101 55003 60002 80002 333 10253 20186 30032 55300 10200 20000 30000 60007 91002 90760 91103==
15489 05970 60605 10257 20057 39982 40071 55003 60002 7000/ 86070 333 10313 20179 30050 4/000 55300 0//// 20003 3//// 60007 91007 91107=
15491 05970 60602 10240 20095 30040 40069 55005 60002 7000/ 80006 333 10319 20194 30045 4/000 55300 0//// 20003 3//// 60007 91004 91104=
15499 05970 21502 10225 20177 30092 40100 55003 60002 7000/ 80001 222// 06234 2//// 333 10248 20196 3/035 4/000 60007 91003 91103 92418=
15549 12970 31103 10215 20082 39681 40074 57008 60002 83030 333 10293 20178 555 542//=
15552 12965 61102 10216 20156 30047 40093 57005 60002 80006 222// 0//// 10302 333 10296 20197 555 569// 92033 92437=
15640 12972 21105 10229 20149 39788 40082 57004 60002 80006 333 10294 20199 555 561//=
15655 12968 30908 10233 20164 30059 40090 57004 60002 81031 222// 00249 10301 333 10259 20184 555 565// 92036 92437=
15730 12970 81801 10231 20109 39700 40073 53004 60002 80007 333 10308 20145 555 546//=
16627 12570 60000 10246 20154 30069 40074 56007 60002 82156 333 10310 82820 86070 90730 91111==
16650 12560 70000 10218 20169 30066 40074 56010 60002 81152 333 10276 81825 86068 90730 91110==
16667 12560 40000 10250 20184 30063 40074 57010 60002 82105 333 10318 82825 84068 90730 91108==
16706 12/60 40002 10244 20198 30063 40070 54000 60002 81032 333 10284 81360 84068 90730 91110==
16723 12960 30003 10256 20138 30062 40075 54000 60002 80001 333 10308 90730 91111==
16732 26/// /0109 10251 20200 30073 40083 57005 333 10263 60005 90730 91117==
16742 12960 32904 10232 20188 39933 40082 54000 60002 80001 333 10302 90730 91115==
16749 12960 02409 10260 20206 30063 40076 51001 60002 333 10302 90730 91118==
16754 12560 40003 10240 20176 30044 40091 56007 60002 81101 333 10286 81820 84070 90730 91110==
16760 12960 20000 10220 20147 40096 57005 60002 80001 333 10273 90730 91112==
16765 12960 12610 10246 20184 40086 56001 60002 80002 333 10285 90730 91121==
17022 12970 01203 10210 20187 39940 40098 57009 60002 333 10258 90760 91111==
17024 12670 31905 10217 20199 30020 40094 58006 60002 83100 333 10279 83835 90760 91108==
17026 12570 41001 10233 20200 30079 40116 55001 60002 82250 333 10305 82830 84359 90760 91108==
17031 12570 41402 10231 20211 30103 40109 50002 60002 84200 333 10281 84833 90760 91115==
17034 11670 71904 10237 20200 30073 40117 50003 60072 72992 83250 333 10275 83835 87360 90760 91113==
17038 12670 51705 10250 20214 30069 40114 50003 60002 85200 333 10276 85835 90760 91108==
17042 12670 41103 10241 20222 30090 40127 52013 60002 82250 333 10286 82835 84360 90760 91107==
17050 12970 41404 10268 20152 30026 40085 55006 60002 80001 333 10312 84070 90760 91109==
17056 12970 00710 10251 20195 30081 40085 55005 60002 333 10259 90760 91114==
17060 12960 00511 10236 20166 30054 40092 55001 60002 333 10285 90760 91118==
17070 12965 01501 10196 20149 39258 40088 53002 60002 333 10285 90760 91112==
17074 12562 60000 10190 20183 39204 40096 53007 60002 84270 333 10268 84830 85458 90760 91105==
17084 12970 00703 10223 20193 39233 40093 53004 60002 333 10283 90760 91107==
17085 12970 00405 10259 20170 39622 40084 53008 60002 333 10320 91015 90760 91117==
17092 12660 42302 10206 20145 38838 48487 52008 60002 82230 333 10315 82845 84358 90760 91111==
17096 11660 32006 10195 20072 38256 48507 52007 60002 70191 83100 333 10275 83840 90760 91128==
17098 11660 51705 10177 20072 38229 48523 52012 60002 70198 83140 333 10263 83840 85358 90760 91141==
17100 11570 50000 10230 20171 39183 40121 52024 60022 72582 83930 333 10309 83837 85357 81925 90760 91108==
17112 12670 60403 10260 20177 30066 40068 55001 60002 82255 333 10301 82835 84360 86270 90760 91116==
17115 12960 00311 10241 20176 30037 40085 55003 69902 333 10277 90760 91122==
17116 12970 02202 10255 20175 39967 40082 53006 60002 333 10305 90760 91112==
17124 12960 00000 10204 20115 39207 40080 55001 60002 333 10284 90760 91110==
17128 12970 01205 10231 20090 39041 40082 51002 60002 333 10281 90760 91116==
17135 12670 33004 10257 20125 39247 40072 53005 60002 83100 333 10301 83840 90760 91109==
17140 12965 01201 10190 20115 38689 48486 53004 60002 333 10269 90760 91110==
17150 12960 33504 10241 20161 39957 40075 53007 60002 80001 333 10318 83070 90760 91120==
17160 12970 00201 10217 20081 38983 48482 53005 60002 333 10293 90760 91110==
17170 11660 50903 10179 20092 38370 48532 52009 69902 70198 83250 333 10278 83840 85357 90760 91147==
17175 12665 42803 10258 20186 30060 40064 55001 60002 82130 333 10316 82840 84360 90760 91109==
17184 12970 33401 10274 20133 39956 40061 53002 60002 80001 333 10346 83070 90760 91105==
17190 12670 20000 10223 20107 38939 48465 55000 60002 82100 333 10293 82840 90760 91109==
17190 12670 20000 10223 20107 38939 48465 55000 60002 82100 333 10293 82840 90760 91109==
17195 12/70 22301 10234 20065 38937 48487 52011 60002 82030 333 10311 82360 90760 91116==
17200 12/60 32208 10212 20107 39146 40076 52007 60002 83030 333 10318 83360 90760 91112==
17202 12/70 22705 10251 20075 39095 40067 52008 60002 82030 333 10348 82360 90760 91122==
17203 12670 20101 10256 20092 38858 48536 52007 60002 82100 333 10329 82840 90760 91111==
17210 11559 63601 10266 20131 39106 40062 52004 69982 71792 84950 333 10363 83835 86359 81927 90760 91116==
17219 12965 50904 10254 20175 39941 40078 53007 60002 80001 333 10325 85068 90760 91115==
17234 12970 22501 10284 20156 30010 40074 52006 60002 80001 333 10365 82070 90760 91109==
17237 12670 10000 10275 20130 39588 40060 53004 60002 81100 333 10352 81840 90760 91106==
17240 12970 01611 10232 20168 38996 40073 52007 60002 333 10292 90760 91124==
17244 12670 23206 10228 20084 38960 48485 53004 60002 82100 333 10286 82840 90760 91112==
17248 12670 11101 10228 20118 38946 48482 53006 60002 81100 333 10294 81840 90760 91111==
17250 12970 02501 10235 20094 38782 48493 53008 60002 333 10299 90760 91112==
17260 12960 00203 10276 20112 39277 40035 52007 60002 333 10343 90760 91115==
17270 12670 32702 10316 20106 39458 40053 53003 60002 81230 333 10366 81840 83360 90760 91108==
17275 11570 60313 10281 20108 38955 48511 53004 60002 71722 86900 333 10358 84840 82925 90760 91122==
17280 11570 51105 10285 20130 39327 40056 52007 60002 71722 83330 333 10368 83840 85360 81925 90760 91113==
17290 12970 01002 10275 20186 30052 40082 53002 60002 333 10314 90760 91108==
17292 12570 40000 10238 20169 39360 40074 52008 60002 84200 333 10321 84830 90760 91108==
17300 12960 02203 10277 20230 30022 40089 53003 60002 333 10321 90760 91116==
17310 12970 02201 10295 20240 30067 40074 55000 60002 333 10342 90760 91108==
17330 12970 03401 10279 20224 30067 40084 53005 60002 333 10336 90760 91108==
17350 12660 22506 10279 20206 39997 40070 53011 60002 82100 333 10370 82835==
17370 12670 22401 10293 20230 30080 40084 52009 60002 82200 333 10332 82835 90760 91107==
17375 12970 00000 10268 20220 30071 40073 53001 60002 333 10314 90760 91109==
33088 32997 01102 10190 20051 39930 40112 57001 333 10268 555 1/015=
33135 329// 10601 10146 20075 30016 40159 57003 81030 333 10272 555 1/015=
33177 32997 21103 10214 20031 39862 40086 53001 80001 333 10273 555 1/018=
33317 329// 01202 10176 20039 39788 40110 57002 333 10261 555 1/015=
33393 32960 61203 10211 20024 39707 40076 57004 80001 333 10269=
33415 32997 11203 10211 20024 39717 40092 55000 80008 333 10270 555 1/016=
33429 32997 20903 10185 20036 39698 40100 57007 81031 333 10269 555 1/015=
33466 32982 11002 10193 20063 39958 40137 53002 80001 333 10269 555 10018=
33506 11597 80403 10164 20093 39955 40144 56013 69992 78082 889// 333 10210 555 1/014=
33562 32960 00000 10188 20082 39832 40122 53003 333 10280 555 1/017=
33587 329// 60801 10207 20073 39870 40118 57001 86050 333 10263 555 1/020=
33658 32981 51302 10187 20033 39808 40093 57001 85030 333 10277 555 1/014=
33663 32997 00000 10192 20061 30012 40103 57002 333 10297 555 1/018=
33664 32997 01301 10195 20010 39794 40094 57004 333 10278 555 80017=
33678 32898 22801 10188 20018 39915 40117 54000 80001 333 10275 555 80011=
33679 32997 01402 10229 20059 39925 40105 57005 333 10284=
33711 32660 70604 10197 20098 39926 40125 53001 82330 333 10278 82940 555 1/020=
33745 32997 50000 10178 20020 39930 40114 57004 80001 333 10266 555 80010=
33748 32997 21102 10196 20074 39832 40102 57006 80001 333 10270 555 80014=
33754 32997 60401 10222 20092 39963 40101 56005 86030 333 10285=
33761 32998 61002 10224 20102 39899 40109 52002 86070 333 10264 555 1/021=
33791 32984 80103 10188 20111 30008 40130 54000 8805/ 333 10260 555 1/020=
33815 32598 31202 10232 20061 39902 40097 57003 82530 333 10262=
33837 32974 00000 10197 20101 30055 40104 56002 333 10247 555 1/019=
33881 32998 01102 10227 20097 39914 40099 57002 333 10285 555 80016=
33883 32997 01702 10216 20106 39945 40096 52001 333 10276 555 80015=
33885 32597 31303 10216 20115 39982 40108 52006 83500 333 10272 555 80011=
33892 32997 01401 10194 20093 39900 40101 54000 333 10267=
33902 32597 70901 10234 20124 30053 40109 52001 87500 333 10285 555 1/022=
33924 12970 01102 10210 20176 30087 40099 57003 60002 333 10249==
33946 11/82 22302 10204 20182 39896 40105 57002 60082 70198 82030 333 10278==
33983 11560 61003 10225 20189 30051 40108 53001 60002 70292 82530 333 10289==
34300 11697 60902 10224 20020 39983 40150 57009 69902 70282 85530 333 10249 555 1/020=
34336 42660 71201 10221 21006 30090 40188 52004 87500==
34344 42570 81503 10220 20034 30106 40189 52007 8597/==
34356 42970 60701 10201 20056 30061 40201 53001 80009==
34357 42/70 81202 10212 20015 30042 40188 58002 8805/==
34398 12/// 61304 10213 20078 30213 40223 53007 60002 86086 333 10300==
34415 32697 60000 10224 20054 30052 40143 54000 84530 333 10275 555 1/021=
34438 42560 70607 10212 20043 39987 40168 57007 82330 333 91010 90760 91112==
34445 41670 60702 10217 20010 30077 40184 58003 72582 82970==
34461 42560 80601 10206 20038 30144 40196 57002 8555/==
34473 329// 81103 10226 20094 30173 40209 54000 85053 333 10280=
34476 42570 80503 10234 20087 30198 40205 56002 8293/==
34504 32681 60903 10221 20112 39962 40126 57003 86500 333 10245=
34535 42670 61004 10228 20007 30086 40153 57012 83930==
34545 41/70 80704 10231 20016 30061 40166 57007 70182 8005/==
34555 42570 60604 10206 20124 30100 40186 57002 82530==
34560 42/60 60905 10224 20054 30012 40191 57002 86030==
34578 42/60 81801 10218 20109 30191 40198 52004 8807/==
34579 42570 61301 10220 20065 30161 40203 52006 86500==
34644 42560 80703 10218 20024 30074 40146 58007 888//==
34646 42/70 31105 10236 20080 30079 40156 57004 83030==
34655 42560 60906 10246 21024 30114 40170 50001 86400 333 91010 90760 91111==
34662 42/70 71102 10233 20049 30178 40188 51005 80070==
34691 12/70 31402 10235 20050 30230 40218 53011 60002 83030 333 10302==
34720 42570 70502 10222 20077 30097 40134 57003 87500==
34727 42560 81406 10231 20145 30097 40125 57003 883// 333 90760 91110==
34743 42/60 30904 10237 21013 30071 40155 57002 83030 333 90760 91110==
34759 41/60 30805 10218 20033 30036 40159 54000 70231 82031 333 91010 90760 91110==
34772 42/60 50903 10231 20074 30191 40194 53005 85030==
34785 42960 81005 10215 20091 30224 40203 51004 80001==
34798 12960 60805 10192 20132 30235 40207 57001 60002 80001 333 10277==
34824 41560 81002 10208 20174 30112 40116 57008 70282 88400==
34838 41660 83002 10211 20163 30033 40123 58006 79598 889//==
34845 42570 81204 10244 20099 30031 40131 53001 8552/==
34858 42/60 21104 10230 20078 30045 40146 50005 82030 333 90760 91110==
34861 41960 01207 10209 20021 39935 40164 52004 70231 333 91010 90760 91114==
34866 41/60 21004 10222 20030 30180 40172 53003 70131 80030 333 90760 91112==
34880 42960 20802 10204 20126 30219 40194 52001 80001 333 90760 91110==
34887 42970 70503 10203 20141 30204 40185 58001 80006==
34949 41/70 11703 10175 20142 39613 40132 57006 70181 81030 333 90760 91112==
34954 42670 31003 10234 20128 39961 40123 58006 82101==
34958 42970 01003 10219 20137 39959 40146 52017 333 90760 91110==
34975 41970 31104 10209 20103 30166 40162 53002 70231 80001 333 90760 91112==
34984 42970 00504 10194 20137 30204 40175 57002==
35217 12/60 61102 10200 20055 30212 40250 53005 60002 85041 333 10290==
35302 129// 01303 10188 20119 30223 40243 53007 60002 333 10281==
35315 329// 21101 10167 20055 30195 40250 53005 80002 333 10279=
35344 329// 00000 10163 20101 39988 40262 51008 333 10271=
35345 36/// /3603 10173 20092 39956 40262 52008 333 10261=
35358 12/// 50202 10186 20071 30086 40247 52007 60002 85040 333 10256==
35368 329// 00000 10149 20097 39997 40252 52005 333 10231=
35386 329// 00201 10090 20040 39752 40258 52004 333 10194=
35394 12970 00502 10113 20070 39600 40250 52006 60002 333 10210==
35404 329// 51703 10216 20048 30223 40231 57007 80004 333 10299=
35406 12/// 61102 10190 20048 30239 40241 53006 60002 86030 333 10289==
35416 129// 23202 10174 20045 30140 40254 53004 60002 80001 333 10282==
35426 129// 23301 10177 20077 39983 40259 53005 60002 80001 333 10275==
35437 329// 21401 10173 20079 39961 40258 53009 80003 333 10263=
35449 329// 02302 10196 20155 30155 40252 53005 333 10248=
35497 129// 03401 10110 20045 39476 40243 52004 60002 333 10210==
35498 329// 00401 10108 20033 39399 40243 52007 333 10208=
35514 32998 01103 10190 20023 30247 40243 53003 333 10280=
35519 32998 01402 10172 20067 30187 40255 52005 333 10268=
35522 329// 00702 10183 20103 30016 40254 53004 333 10257=
35542 329// 02002 10180 20065 30117 40257 58002 333 10266=
35563 32998 02801 10117 20061 39519 40257 52001 333 10193=
35576 129// 02702 10140 20056 39815 40243 52009 60002 333 10226==
35582 329// 00504 10123 20074 39670 40244 53009 333 10215=
35594 329// 03301 10105 21004 39434 40240 52006 333 10215=
35605 32998 00804 10192 20048 30251 40230 53004 333 10278=
35633 329// 00701 10178 20070 30054 40256 53010 333 10260=
35671 12970 00502 10172 20053 39836 40241 52009 60002 333 10245==
35699 129// 00502 10157 21016 39504 40217 52006 60002 333 10222==
35700 12970 01304 10212 20046 30253 40231 53003 60002 333 10283==
35715 32997 01102 10210 20050 30256 40242 53007 333 10290=
35739 329// 00000 10166 20097 30116 40248 53008 333 10260=
35746 129// 00203 10187 20065 30184 40247 52002 60002 333 10247==
35777 329// 00000 10202 20065 39882 40203 52003 333 10270=
35796 12960 00403 10156 20007 39797 40208 52003 60002 333 10245==
35816 36/// /1103 10198 20043 30245 40256 50004 333 10262=
35849 129// 00203 10179 20071 30156 40237 52003 60002 333 10265==
35895 32997 20000 10154 20026 39798 40218 52001 80002 333 10221=
35907 32998 50803 10196 20114 30222 40194 54000 80001 333 10266=
35925 129// 00903 10175 20045 30138 40243 53013 60002 333 10262==
35927 329// 21102 10192 20045 30230 53009 80003 333 10269=
35953 129// 03607 10185 20051 30104 40226 52004 60002 333 10296==
35969 129// 00000 10182 20052 30059 40223 52008 60002 333 10297==
35997 329// 30201 10158 20059 39796 40205 58003 83400 333 10223=
36259 42584 20804 10067 21014 38285 48549 52009 82902==
36335 329// 00000 10085 20035 39278 40267 52005 333 10191=
36358 329// 00000 10108 20053 39278 40251 52006 333 10185=
36394 329// 00000 10101 20072 39837 40243 52003 333 10227=
36397 129// 00000 10094 20059 39700 40244 52004 60002 333 10212==
36403 329// 00000 10071 20065 39890 40240 52009 333 10223=
36418 329// 22207 10135 20029 39632 40214 52001 80003 333 10226=
36421 329// 00000 10040 20033 39689 40242 52008 333 10209=
36428 129// 13502 10079 20055 39749 40233 52008 60002 80001 333 10213==
36439 329// 01602 10057 20039 39015 48551 52005 333 10169=
36467 329// 00000 10112 20004 39337 40240 52008 333 10206=
36498 329// 00105 10135 20041 39473 40222 52004 333 10231=
36501 329// 00000 10103 20054 39523 40244 52004 333 10206=
36535 12/// 20000 10098 20043 39633 40240 52007 60002 82030 333 10221==
36546 329// 00701 10100 20055 39706 40222 52005 333 10255=
36619 329// 50504 10160 20044 85030 333 10273=
36622 329// 00702 10121 20025 39451 40215 51003 333 10229=
36639 129// 00000 10112 20055 39618 40195 52006 60002 333 10250==
36643 329// 03102 10089 20035 39596 40233 52010 333 10219=
36665 329// 00000 10139 20059 39523 40208 52006 333 10205=
36666 329// 02304 10122 20024 39747 40215 52006 333 10207=
36729 32998 02101 10129 20081 39728 40184 52004 333 10255=
36736 325// 63202 10132 20054 39680 40205 52010 82531 333 10260=
36744 329// 70402 10173 20029 39778 40199 52005 87040 333 10253=
36770 329// 70000 10120 20078 39506 40197 52002 80001 333 10245=
36786 32999 01402 10143 20050 39318 40185 52002 333 10240=
36796 329// 00000 10054 20011 39057 48530 51006 333 10230=
36803 32999 62502 10150 20081 39763 40186 51004 80004 333 10240=
36806 329// 01602 10149 20034 39747 40188 52002 333 10271=
36819 325// 83602 10152 20065 39620 40198 54000 8697/ 333 10228=
36821 125// 80000 10162 20063 39736 40197 52001 60002 889// 333 10245==
36839 32598 82603 10143 20061 39126 40194 58002 82941 333 10224=
36843 329// 32503 10116 20045 39083 40206 52003 80002 333 10235=
36846 326// 82304 10099 20022 38655 48553 52008 8692/ 333 10214=
36859 125// 80601 10148 20068 39433 40171 52005 60002 8397/ 333 10271==
36870 115// 83201 10148 20096 39239 40198 58007 60032 78082 889// 333 10203==
36874 126// 61805 10129 20071 39468 40209 58001 69900 86500 333 10208=
36877 116// 81704 10137 20104 39287 40216 58003 60060 70282 889// 333 10180=
36885 115// 81402 10146 20060 39131 40202 58010 60010 70282 8495/ 333 10194=
36889 114// 80000 11009 21013 37110 47138 58001 60070 78582 889// 333 10055=
36894 325// 82504 10172 20050 39495 40189 58001 8697/ 333 10250=
36905 326// 82202 10137 20038 38766 48536 58008 8237/ 333 10195=
36911 429// 80702 10134 20128 39313 40249 58002 8694/ 333 10177=
36927 11697 72116 10099 20043 38375 48540 52012 60022 70282 87900 333 10170 91120=
36934 11595 83303 10094 20071 38299 48422 53010 69972 78082 889//=
36953 328// 82602 10102 20013 38221 48508 52001 8804/ 333 10198=
36963 416// 80000 11016 21016 37091 48/// 52002 78582 889// 333 10065=
36974 415// 80000 10058 20058 38018 48567 52004 78082 889// 333 10135=
36982 415// 82303 10000 21003 36572 47122 53001 77172 8802/ 333 10075=
37018 42660 50402 10237 20184 30040 40111 57001 82502==
37031 41560 80000 10198 20171 39942 40126 52004 79598 889//==
37054 42960 00000 10184 20142 39777 40142 52003==
37061 42560 50805 10217 20155 39986 40145 53011 82530 333 91010 90760 91111==
37085 42940 50806 10213 20164 30179 40153 50001 80001 333 90760 91112==
37171 42/40 70801 10243 20192 30092 40109 53006 87030==
37228 42/60 21701 10176 20150 39341 40133 52004 82030==
37235 42/60 51302 10204 20184 39834 40133 52002 8004/==
37472 42/60 61405 10233 20198 30164 40143 52004 82071 333 90760 91111==
38149 42970 20102 10154 20036 30164 40239 53015 80002 333 10263==
38178 429// 03402 10186 20013 39928 40201 54000 333 10256==
38262 129// 00401 10149 20090 30141 40220 53001 60002 333 10253==
38264 42970 00201 10172 20065 30129 40219 57001 333 10253==
38345 42798 41201 10105 20023 38849 48552 52001 82932 333 10195=
38353 425// 82801 10168 20084 39345 40204 52010 8293/ 333 10232=
38388 72998 00202 10210 20050 30128 40195 57008 333 10278 6////=
38392 72997 00403 10178 20065 30118 40218 53009 333 10265 6////=
38396 42960 00202 10153 20073 30097 40218 52002 333 10256==
38403 429// 03603 10206 20043 30094 40209 53009 333 10262==
38413 429// 02602 10200 21009 39912 40189 58030 333 10266==
38457 32997 00301 10151 20065 39631 40200 57002 333 10258=
38462 429// 30000 10130 20025 38809 48552 52012 82551 333 10216==
38462 429// 30000 10130 20025 38809 48552 52012 82551 333 10216==
38507 72965 00904 10274 21067 30079 40175 53010 333 10316 6//// 91006=
38545 72998 03201 10143 20085 30035 40206 53001 333 10260 6////=
38565 129// 00000 10138 20036 39613 40187 51002 60002 333 10238==
38579 129// 00000 10137 20078 39788 40195 57002 60002 333 10242==
38583 12960 01101 10157 20074 39885 40196 58003 60002 333 10261==
38599 32997 00705 10157 20089 39710 40208 58004 333 10219=
38611 12997 73502 10151 20093 39690 40245 52005 69942 87060 333 10261=
38613 429// 33401 10130 20109 40232 58008 80002 333 10225=
38616 415// 70901 10117 20099 39256 40250 58009 70262 85500 333 10208=
38618 41/// 60402 10154 20109 39546 40213 57001 70282 86030 333 10244==
38647 72997 00905 10236 21041 30118 40158 52007 333 10311 6////=
38656 72998 00702 10236 20038 30069 40193 53006 333 10294 6////=
38683 42960 03403 10176 20046 39919 40185 57001 333 10250==
38687 72997 00203 10195 20046 39967 40192 57001 333 10255 6////=
38696 129// 00902 10157 20050 39360 40187 58001 60002 333 10249==
38713 129// 01401 10116 20004 39071 48540 54000 69900 333 10212=
38750 72997 03102 10271 20236 30178 40151 57001 333 10313 6////=
38763 72997 01003 10226 21014 30071 40171 53007 333 10308 6////=
38774 72995 01601 10227 21005 30001 40186 53006 333 10303 6////=
38799 32997 00202 10190 20013 39971 40194 57002 333 10288=
38806 32997 03601 10164 20086 39911 40163 58008 333 10264=
38812 42960 03102 10148 20045 39725 40164 53002 333 10270==
38836 329// 21102 10184 20043 39225 40119 52007 80002 333 10283=
38880 02997 01104 10206 20003 39942 40186 53007 60002 333 10298 6////=
38886 72997 01001 10165 20055 39976 40197 57007 333 10301 6////=
38895 32996 00601 10202 20043 39919 40197 53006 333 10284=
38911 32997 03406 10196 20053 39889 40171 57008 333 10280=
38915 72997 03503 10228 20050 39860 40166 53003 333 10296 6////=
38927 12960 02003 10197 20000 39795 40155 54000 60002 333 10294==
38933 329// 00000 10158 20092 39681 40179 52006 333 10295=
38944 329// 00201 10197 20034 39587 40096 52003 333 10304=
38954 329// 00000 10166 20009 37953 48500 52023 333 10262=
38974 72998 00501 10213 20013 39856 40175 57005 333 10295 6////=
38987 32996 00000 10178 20004 39457 40173 53004 333 10282=
40100 43/60 09902 10283 20229 30092 40107 53008 6///1 333 58///=
40180 12560 20203 10282 20228 30046 40093 52013 60002 82500 333 10328 20282 70000==
40199 12/// /1803 10327 20195 30040 40064 52017 60002 333 10411 20321 70000==
40255 36/// /2608 10258 29049 3//// 4//// 5//// 333 10339=
40265 32960 03209 10265 20148 39340 40092 52011 333 10345=
40270 31957 03208 10258 20153 39231 40078 52007 70500 333 10335=
40272 31950 03006 10270 20171 39288 40078 52004 70500 333 10350=
40296 36/// /0000 10346 29028 4//// 5//// 333 10406=
40340 32960 02906 10352 20114 30020 40081 52030 333 10405=
40356 42960 03006 10320 20010 39123 48478 333 10386 59019 55/// 555 04410 50029=
40357 42960 02206 10350 20010 39435 40026 333 10427 59007 55///=
40360 42960 03115 10320 20070 39492 40042 333 10392 59010 55///=
40361 42960 02304 10327 20020 39319 40062 333 10412 59002 55///=
40362 42660 30000 10391 20020 39552 40024 83100 333 10457 58004 83840==
40373 42660 40505 10355 20040 39651 40038 84500 333 10432 59002 55/// 84635=
40375 42960 02307 10324 20090 39226 40048 333 10362 58002 55///=
40394 42660 50902 10362 20060 38987 48502 85500 333 10396 59001 55/// 85640 555 04410 50027=
40394 42660 50902 10362 20060 38987 48502 85500 333 10396 59001 55/// 85640 555 04410 50027=
40400 42960 03206 10312 20240 30036 40063 333 10370 59009 55///=
40405 42960 01107 10360 20030 39341 40030 333 10442 58001 55000=
40417 42960 00000 10330 20230 30017 40031 333 10462 59020 55///=
40420 42960 00404 10346 20150 39841 40036 333 10460 59013 55///=
40430 42960 02610 10379 20040 39352 40044 333 10429 59005 55///=
40437 42960 01103 10350 21060 39386 40037 333 10420 59009 55///=
40439 42960 02411 10330 20210 30029 40047 333 10430 59013 55///=
40582 32960 02103 10360 20132 40032 51011 333 55300 00000 10187 20000 30000 41355 51541 60000 55407 40000 90400 91003 91113 91209 91303=
40703 12660 42703 10250 20093 38904 40084 52010 60001 84300 333 55078 70000 81935 83640 555 10160 29037=
40706 12565 10404 10256 20067 38659 40091 51013 60001 81400 333 55108 24253 70000 81632 555 10151 29030=
40712 12960 02703 10188 20096 38678 40091 53010 60001 333 55093 21997 70000 555 10136 29055=
40713 12960 01003 10228 20045 38655 40072 50006 60001 333 55112 70000 555 10132 29030=
40718 12860 31502 10255 20198 30180 40153 50005 60001 83030 333 55095 22086 70000 83358 555 10218 29071=
40723 12970 09901 10208 20000 38972 40145 51009 60001 333 55110 22340 70000 555 10110 29025=
40726 12960 00000 10232 20037 38655 40079 51007 60001 333 55108 70000 555 10130 29028=
40727 12960 01701 10203 20026 38495 40093 52012 60001 333 55112 20097 70000 555 10114 29031=
40732 12560 62201 10250 20207 30166 40143 51003 60001 86300 333 55037 70000 82923 85626 555 10222 29077=
40736 12960 00000 10255 20218 30177 40153 50002 60001 333 55085 70000 555 10230 29080=
40737 12560 70000 10242 20217 30132 40149 50006 60001 84570 333 55034 21384 70000 84627 87459 555 10225 29086=
40738 12960 00000 10249 20214 30161 40163 50007 60001 333 55103 21094 70000 555 10226 29081=
40739 12965 00405 10198 20088 38708 40123 51013 60001 333 55111 70000 555 10136 29049=
40741 12960 00305 10217 20000 39862 40181 51005 60001 333 55116 70000 555 10118 29024=
40743 12965 01005 10219 21059 39071 40130 51019 60001 333 55109 22412 70000 555 10102 29015=
40745 12962 02003 10176 20012 39074 40177 51008 60001 333 55117 22415 70000 555 10099 29033=
40747 12960 00000 10248 20003 38634 40076 52016 60001 333 55112 23129 70000 555 10127 29020=
40754 12962 31302 10294 20054 38827 40078 51009 60001 82032 333 55107 70000 82360 555 10162 29022=
41757 41920 00000 10285 20257 30016 40028 70400 333 59038==
40762 12962 01002 10175 21036 38570 40114 50006 60001 333 55116 70000 555 10083 29023=
40766 12960 02703 10266 21061 38682 40060 52015 60001 333 55115 22323 70000 555 10120 29011=
40768 12960 01001 10231 20014 38275 40068 52013 60001 333 55110 22218 70000 555 10121 29024=
40769 11959 01401 10244 20057 38319 40067 51014 60001 70600 333 55105 22338 70000 555 10141 29030=
40780 12960 00000 10258 20025 38676 40061 52008 60001 333 55114 26992 70000 555 10137 29022=
40782 12970 01002 10267 21040 38839 40051 52012 60001 333 55113 70000 555 10126 29013=
40785 12960 01305 10318 21011 39060 40070 52014 60001 333 55104 24325 70000 555 10154 29012=
40791 12962 00102 10296 21014 39306 40072 51007 60001 333 55110 70000 555 10146 29013=
40792 12962 00105 10236 21031 38714 40077 52010 60001 333 55111 70000 555 10113 29017=
40798 12960 03604 10170 21038 37996 40088 52014 60001 333 55107 22412 30000 555 10078 29024=
40800 12960 01302 10257 20024 38478 40067 52021 60001 333 55114 22349 70000 555 10135 29022=
40809 12960 01104 10190 21082 38499 40075 51014 60001 333 55111 22484 70000 555 10080 29015=
40811 12960 03002 10398 20102 39991 40015 53007 60001 333 55109 70000 555 10221 29017=
40812 12960 00000 10353 20059 39668 40012 52008 60001 333 55107 23145 70000 555 10189 29016=
40818 12965 02502 10230 21019 38008 40054 52020 60001 333 55109 236442 70000 555 10109 29019=
40821 12962 02703 10276 20005 38782 40074 52017 60001 333 55108 22402 70000 555 10140 29017=
40829 11915 03418 10274 21050 39504 40040 50000 60001 70700 333 55106 70000 555 10131 29012=
40831 12960 02902 10352 20091 30017 40025 53003 60001 333 55113 70000 555 10202 29020=
40833 12960 01002 10338 20096 39994 40024 52011 60001 333 55108 70000 555 10198 29023=
40835 12960 02603 10316 20190 39260 40025 52010 60001 333 55115 70000 555 10231 29047=
40841 12960 03205 10252 20007 38248 40036 51014 60001 333 55113 22241 70000 555 10127 29020=
40848 12960 13202 10288 20039 38498 40013 52014 60001 81030 333 55110 22509 70000 81360 555 10152 29020=
40851 12960 00504 10256 21042 38253 40004 52013 60001 333 55105 70000 555 10116 29014=
40854 12960 02702 10311 21041 38907 40013 53012 60001 333 55098 70000 555 10144 29010=
40856 11957 00504 10236 21021 38620 40047 50011 60001 70600 333 55106 29349 70000 555 10115 29018=
40859 12660 33502 10284 20006 38660 40008 52010 60001 82430 333 55105 70000 82645 555 10142 29016=
40875 11950 19901 10332 20257 30006 40017 52015 60001 70500 81030 333 55104 22279 70000 81360 555 10278 29065=
40879 12960 00000 10372 21016 39376 40001 51019 60001 333 55108 70000 555 10176 29009=
40882 11950 03105 10328 20282 39982 40015 50002 60001 70500 333 55094 70000 555 10294 29077=
40883 11930 02604 10329 20292 39988 40010 51005 60001 71000 333 55095 70000 555 10301 29081=
40893 11956 02905 10316 20279 39996 40001 50005 60001 71000 333 55099 70000 555 10289 29081=
40898 11956 00703 10296 20254 39994 40003 50005 60001 70500 333 55081 70000 555 10266 29078=
41024 42660 33407 10342 20210 30030 40054 83500 333 10393 55078 59008 83640==
41036 42560 61512 10286 20120 38565 48518 86900 333 10360 58009 85830 81925==
41055 42560 43413 10301 21010 38348 48488 84300 333 10345 59012 83630 81925==
41061 42960 00806 10340 21010 39351 40009 333 10436 59015==
41084 42/60 20904 10332 21040 38808 48480 82020 333 10397 59008 82460==
41112 41958 00000 10208 20160 37943 48488 70500 333 10314 55051 59009==
41114 42560 21506 10226 20130 37976 48489 82400 333 10305 59011 82622==
41128 42960 00408 10324 21070 38769 48490 333 10390 55100 59010==
41136 42960 00000 10337 21040 39245 40008 333 10420 59020==
41140 42560 53108 10331 20270 30043 40052 82430 333 10367 59008 82630 83360==
41150 42962 09902 10348 20203 40033 333 10408 59019=
41176 44/63 /0305 10340 20253 30023 40029 333 10374 59013=
41184 42960 02503 10296 20229 40030 333 10425 59018=
41194 12960 03609 10353 20271 30017 40022 60001 333 10411 59020=
41196 11957 00102 10323 20277 39990 40030 60001 70500 333 10408 59019=
41216 41958 03303 10330 20292 30022 40026 70500 333 10425 59015=
41217 41957 03404 10328 20294 39994 40022 70500 333 10435 59016=
41256 32960 02503 10333 20174 39996 40013 333 10361 59032 55000 55407 55408 55507 55508=
41258 36/// /2408 10362 20176 39998 40002 333 0E/// 10367 55300 20000 59036=
41265 06/// /1506 10323 20206 39471 40010 60011 333 0E031 10419 55300 20000 59025 70010=
41316 32460 71803 10267 20257 30032 40061 87600 333 10308 59010 55000 55407 55408 55507 55508 83712 87625=
41398 81207 10300 20287 40140 50010 70182 88774 22233 00300 20301 309// 40602 80290=
41480 41950 23003 10330 20255 30020 40028 70644 82030 333 10386 58008 82360=
41497 23250 10260 20232 40110 54000 70299 82141 22254 06240 20206 80240=
41498 82814 10212 20153 40201 55007 703// 88750 22264 00252 20403 328// 40903 80175=
41506 12920 20000 10245 20136 38435 48320 60001 82010 333 56080 59022==
41508 12940 01301 10211 20154 38592 48670 60001 333 59018==
41515 12920 00000 10262 20149 38474 48370 60001 333 58019==
41516 12940 00000 10190 20140 38435 48930 60001 333 56000 59040==
41517 11440 30000 10160 20109 37736 48230 60001 70400 83500 333 56800 59030==
41518 12440 61801 10289 20080 30001 48010 60001 83520 333 56880 58000==
41519 12940 00000 10290 20139 38659 48120 60001 333 59024==
41520 12920 00000 10170 20047 37591 48860 60001 333 59023==
41523 12940 00000 10250 20198 38999 48440 60001 333 59016==
41535 12940 00000 10220 20182 38639 48170 60001 333 59018==
41536 12940 00000 10235 20182 38953 48460 60001 333 59016==
41560 12940 00000 10220 20151 38233 48480 60001 333 59020==
41571 41900 20503 10280 20223 39458 40012 70500 82030 333 56080 59018==
41577 11940 00000 10255 20234 39428 40019 60001 70400 333 59015==
41598 11940 00000 10300 20265 39736 49993 60001 70400 333 59017==
41600 11940 00000 10305 20271 39716 49998 60001 70400 333 59027==
41620 12940 02302 10275 20139 38496 48010 60001 333 59028==
41624 11940 00000 10330 20246 39796 49988 60001 70400 333 59033==
41630 11940 00000 10315 20274 30000 40009 60001 70400 333 59017==
41640 11940 00000 10315 20252 39767 40003 60001 70400 333 59018==
41641 11940 02202 10300 20258 39745 40006 60001 70400 333 59018==
41660 11900 02305 10250 21108 38382 48670 60001 70500 333 59018==
41678 11940 00000 10320 20226 30000 40008 60001 70500 333 59036==
41696 12940 00000 10180 20022 38003 48060 60001 333 58009==
41697 12940 00000 10335 20219 30000 49994 60001 333 59028==
41700 11940 00000 10330 20268 30000 49992 60001 70400 333 59023==
41710 41920 03107 10305 21053 39259 49988 70700 333 59012==
41712 42940 01301 10315 21048 39115 48690 333 59002==
41715 11940 00000 10320 20265 39934 49996 60001 70500 333 59031==
41718 11940 00000 10320 20265 39914 40012 60001 70400 333 59024==
41725 12940 01301 10340 20249 39919 49993 60001 333 59033==
41739 11920 03103 10310 20015 38988 48750 60001 70500 333 59003==
41744 42940 00000 10280 20077 38709 48450 333 59016==
41749 12940 01303 10305 20241 39975 40008 60001 333 59033==
41756 11220 62302 10280 20252 39958 40021 60001 70500 86600 333 56800 59031==
41759 11920 00000 10280 20259 30035 40040 60001 71011 333 59028==
41764 12940 02305 10280 20244 39967 40015 60001 333 59026==
41768 12940 02303 10290 20269 30006 40013 60001 333 59026==
41780 12440 62703 10285 20242 30004 40030 60001 86500 333 56800 59029==
41785 12940 02301 10290 20255 30024 40037 60001 333 59021==
41859 02/30 21302 10305 20280 39995 40031 82030 333 59002 70000 82362==
41883 02/30 20902 10300 20260 30006 40026 82030 333 59009 70000 82362==
41891 01430 50000 10280 20260 39995 40033 70522 82330 333 59004 70020 82616 84365 81930==
41907 02940 00000 10283 20260 30003 40018 333 59003 70012==
41923 02/40 30000 10297 20260 30018 40028 83030 333 59007 70002 83365==
41936 41450 41604 10294 20270 30004 40012 70522 83630 333 59012 82615 83362==
41943 02430 71802 10178 20260 30020 40027 83520 333 70000 83616 85458==
41950 02450 30000 10294 20260 30020 40022 83500 333 59005 70006 83617==
41978 02458 51406 10289 20270 30026 40033 82530 333 59002 70025 82618 84360==
41992 01425 60000 10280 20260 30031 40033 70522 84320 333 59004 70070 83616 86460 81925==
42001 09181 99259 70897 46/// /1506 10288 20280 30118 40121 91740 22200 00302 333 91207 555 11063 22067 8//06 91733=
42027 32996 02301 10200 20170 38356 48438 333 59017=
42056 32696 40501 10282 20272 39585 82530 333 59016 82635 84356=
42071 31995 09901 10296 20285 40006 71000 333 59015=
42097 09181 99257 70837 46/// ///// 1//// 91756 22200 00309 10401 20401 70006=
42101 32996 00000 10296 20274 40015 333 59014=
42111 21595 20000 10260 20246 39331 40007 71061 82500 333 59011 6990/ 82620=
42123 32996 01401 10298 20250 40003 333 59018=
42131 32696 10000 10288 20260 40014 81500 333 59023=
42165 32996 00000 10316 20257 49996 333 59027=
42182 21595 50000 10282 20262 40010 71022 83530 333 59012 6990/ 83630 84360=
42189 21995 30000 10272 20269 40013 71011 80001 333 59009 6028/ 83070=
42328 32996 22702 10306 20240 49985 82030 333 59021 82360=
42339 21995 01402 10288 20263 40010 70520 333 59021 6990/=
42348 31595 79902 10272 20243 40017 71022 84530 333 59016 84630 86360=
42361 31596 40000 10272 20255 40007 70500 84500 333 59018 84620=
42369 21596 70000 10272 20255 40011 71022 83530 333 59011 6002/ 83620 85360=
42379 21995 21102 10298 20270 40007 71095 82040 333 59007 6990/ 82360=
42410 31495 60000 10294 20272 40033 71022 83530 333 59005 83618 86360=
42415 31596 50000 10306 20279 40035 71310 84320 333 59009 83620 81925=
42452 21595 60000 10264 20255 40003 71022 84520 333 59018 6002/=
42492 31595 50706 10308 20272 40008 71022 82530 333 59017 82620 84360=
42559 22596 80000 10250 20247 40004 8452/ 333 59019 6012/ 84620 88458=
42571 21496 80501 10282 20254 49993 70262 8563/ 333 59026 6990/ 81715 84625 87360=
42623 21495 70000 10242 20231 39188 40036 71022 85530 333 59006 6990/ 85618 87360=
42634 32596 40000 10268 20248 40037 84500 333 59026 84620=
42647 31896 70000 10294 20260 40023 71022 86032 333 59028 86358=
42667 21596 62003 10256 20242 39430 40003 70596 83530 333 59029 6002/ 83620 85360=
42675 21595 70000 10266 20252 49990 70522 83530 333 59030 6009/ 83620 86360=
42701 21495 71404 10244 20241 39282 49992 71096 85630 333 59024 6026/ 83712 83618 85360=
42724 21596 60000 10284 20264 40031 71022 82530 333 59006 6990/ 82620 85360=
42737 32896 12505 10270 20247 40037 81030 333 59026 81358=
42754 21496 52704 10240 20232 39393 40019 70522 83530 333 59019 6992/ 83618 85360=
42779 21595 81802 10264 20250 39303 49979 70262 8452/ 333 59037 6994/ 84620 87458=
42798 21496 61106 10276 20259 49992 71066 84530 333 59027 6006/ 84615 85360=
42809 21595 50903 10288 20271 40008 70522 83530 333 59014 6005/ 83620 83360=
42840 32596 52502 10288 20263 40037 82530 333 59020 82620 84360=
42867 21495 82903 10262 20253 40000 75196 8492/ 333 59028 6011/ 84618 81930 88458=
42874 21495 82302 10256 20256 49978 79596 8592/ 333 59033 6039/ 82710 85618 81930 88458=
42886 21495 80206 10264 20255 49961 75065 8752/ 333 59050 6007/ 87618 88458=
42895 21496 60902 10292 20261 49989 70262 84530 333 59012 6010/ 84618 84360=
42971 21495 71408 10276 20270 49980 72162 86720 333 56390 57982 59002 6006/ 83712 85616 81930 87459=
43003 21595 30000 10278 20249 40045 70510 83500 333 59025 6003/ 83620=
43014 31596 62704 10244 20218 39389 40025 70242 83530 333 59027 83620 85360=
43041 21495 80000 10248 20245 39395 40000 76166 8662/ 333 59014 6070/ 83715 86620 88458=
43086 22596 80000 10258 20240 39830 40006 8351/ 333 59025 6006/=
43110 21496 82701 10262 20245 40062 70262 8573/ 333 59026 6003/ 81712 84618 85358=
43117 32996 32702 10248 20216 40042 83030 333 59021=
43128 21496 83203 10254 20216 39432 40029 70522 8472/ 333 56699 59026 6991/ 82710 83615 88458=
43150 22596 62704 10268 20245 39938 49998 83531 333 59004 6990/ 83620 85360=
43185 22596 82501 10270 20255 30014 40017 8453/ 333 59023 6995/ 84620 86360=
43189 22596 70000 10270 20244 30008 40017 83570 333 59015 6994/=
43192 21496 82302 10256 20250 40062 72162 8277/ 333 59024 6010/=
43201 21496 62006 10226 20211 39317 40038 70252 84630 333 56590 59023 6001/ 84710 83612 85358=
43213 32596 83206 10272 20218 39716 40028 8357/ 333 59026=
43237 22596 62506 10264 20216 39636 40023 83531 333 59024 6990/ 83620 86360=
43245 32596 60000 10294 20251 30010 40036 82878 333 59025=
43279 21596 62002 10284 20262 30035 40052 71022 84530 333 59014 6990/ 83620 84360=
43284 21195 80000 10256 20247 39960 40075 71062 8472/ 333 59021 6021/ 82702 83612 86458=
43295 22496 62305 10224 20184 39066 48477 83531 333 56599 59017 6990/ 83612 83358=
43314 21596 30000 10258 20244 40088 70162 83500 333 59018 6004/=
43321 21496 62315 10250 20223 39624 40069 71022 83531 333 59020 6990/ 83612=
43329 21596 80000 10292 20261 30036 40049 70252 8457/ 333 59021 6990/=
43333 21495 72303 10270 20253 40081 70562 86430 333 56990 59007 6001/ 84618 85820=
43344 21496 52712 10294 20223 39963 40062 70522 82531 333 59017 6990/ 82616 83360=
43369 22596 42702 10268 20260 40098 82530 333 59019 6007/ 82620 86358=
43371 32497 50000 10268 20254 30024 40097 82431 333 59016 82618=
43413 22470 22106 10282 20245 30074 40079 52004 82100 333 553// 20006 59015 60008 91012==
43418 22970 02301 10276 20232 30037 40078 52003 333 59013 60008 555 60008==
43421 22470 42402 10265 20264 39981 40086 54003 84000 333 553// 20000 59015 60008 91005==
43424 22470 12004 10281 20250 30083 40085 50002 81/// 333 59018 60008 555 69998==
43436 22/70 40000 10286 20234 30070 40073 57002 333 55001 59016 60008 555 69908==
43441 22470 62102 10258 20238 39966 40099 52006 85000 333 59009 60008 555 60038==
43444 21470 62301 10233 20220 39571 40097 53005 70282 86100 333 59011 69978 555 60028==
43450 21/59 71302 10262 20252 30097 40109 50005 71082 333 59008 60018 87/80 555 60158==
43466 21468 72101 10256 20243 30101 40109 56006 78088 83000 333 55001 553// 20000 59008 60038 91001==
43467 21458 82301 10254 20241 30102 40108 52004 78188 88220 333 59011 60138 555 60258==
43473 21230 82805 10154 20154 38121 48486 54000 75086 88000 333 553// 20000 59010 69958 91010 555 60018==
43486 21468 50400 10238 20238 30008 40109 5/005 70381 83000 333 553// 20000 59012 69958 91001==
43495 22470 32307 10288 20248 30092 40105 52005 83000 333 59012 60008 555 60008==
43497 21470 42602 10270 20000 30082 40099 5/003 70166 84000 333 553// 20012 59013 60008 91004==
44212 429// 01303 10053 20014 39135 40252 52008==
44213 429// 00000 10086 20010 38814 40232 52005==
44214 42970 02702 10085 21051 38315 40234 52011==
44215 42/// 12603 10045 21017 38446 40269 52007 81040==
44217 32998 00000 10028 21022 37907 40309 52009 333 91202=
44218 429// 01401 10078 21055 38634 40241 52006==
44219 32999 00702 10071 21013 38649 40246 52008 333 91204=
44265 429// 00901 10064 20002 38863 40245 51009==
44266 329// 03406 10053 21095 37827 40271 52004 333 91207=
44454 42457 42004 10226 20226 38617 48457 84800 333 59007=
50557 14/80 /2405 10128 20040 39740 40021 52009 60001 333 10246 20128 3/010 59057 70000 90761 91118==
51076 14/80 /0000 10079 20043 39354 40209 52004 60001 333 10206 20044 3/008 59026 70000 90761 91105==
51087 14/80 /1701 10115 20035 39217 40203 52006 60001 333 10200 20055 3/009 59026 70000 90761 91109==
51156 14/80 /3603 10080 20020 38730 40211 52002 60001 333 10177 20039 3/007 59016 70000 90761 91108==
51243 14/80 /3202 10161 20054 39672 40196 54000 60001 333 10224 20116 3/014 59027 70000 90761 91106==
51334 14/77 /1101 10131 20092 39802 40190 57002 60001 333 10241 20097 3/013 59028 70000 90761 91104==
51379 14/80 /1802 10085 20049 39293 40208 52007 60001 333 10227 20048 3/009 59025 70000 90761 91104==
51463 14/80 /1402 10129 20013 39057 40204 52003 60001 333 10193 20086 3/008 59017 70000 90761 91108==
51573 14/80 /3501 10222 20028 30085 40132 57009 60001 333 10302 20191 3/020 59034 70000 90761 91108==
51644 14/31 /0101 10142 20110 38929 40125 57002 60001 70500 333 10247 20113 3/016 59029 70000 90761 91106==
51656 14/65 /0905 10180 20046 39124 40123 57006 60001 333 10256 20137 3/012 59029 70000 90761 91107==
51709 14/80 /2801 10131 20094 38643 40157 52002 69911 333 10218 20130 3/014 58016 70001 90761 91110==
51711 14/61 /2503 10080 20069 38059 40137 52006 60101 76200 333 10172 20058 3/009 59004 70101 90761 91108==
51716 14/57 /3200 10197 20054 38883 40106 52003 60001 333 10244 20172 3/019 59023 70000 90761 91111==
51765 14/56 /0502 10172 21005 39173 40112 57006 60001 70600 333 10281 20106 3/012 59042 70000 90761 91106==
51811 14/66 /3204 10148 20092 38784 40141 52007 60001 76000 333 10217 20148 3/014 58007 90761 91110==
51818 14/28 /3103 10175 20067 38626 40101 52010 60001 70600 333 10253 20168 3/018 59004 70000 90761 91112==
51828 14/15 /3103 10204 20048 38608 40070 52008 60001 70600 333 10280 20177 3/021 59016 70000 90761 91112==
51886 14/75 /1500 10103 21014 37149 40077 57009 60001 333 10189 20079 3/009 59029 70000 90761 91111==
52203 14/71 /0101 10124 20044 39301 40146 57004 60001 333 10271 20082 3/011 59031 70000 90761 91105==
52602 14/76 /3202 10108 21016 37299 40058 57004 60001 333 10208 20056 3/008 59022 70000 90761 91110==
52681 14/80 /1002 10137 20114 38668 40171 57008 60001 333 10202 20137 3/012 58007 70007 90761 91105==
52818 14/80 /3503 10174 20001 37266 40020 52002 60001 333 10223 20086 3/016 59027 70000 90761 91109==
52908 14/64 /0703 10012 20003 35843 40082 57001 60091 77060 333 10100 20011 3/001 59014 70087 90761 91115==
53463 14/80 /3404 10128 20052 38911 40200 52006 60001 333 10218 20126 3/010 58087 70007 90761 91116==
54857 14/74 /1603 10261 20238 30032 40121 57001 60001 333 10293 20245 3/025 59012 70000 90761 91107==
55228 14/80 /3203 10118 21039 36056 49889 52005 60001 333 10201 20064 3/009 59015 70000 90761 91110==
55299 14/80 /1402 10069 20039 35916 49984 57003 60021 333 10150 20054 3/006 59014 70036 90761 91110==
55578 14/66 /2203 10118 20069 36415 49968 52002 60001 76050 333 10204 20118 3/013 58008 70002 90761 91111==
55591 14/80 /1201 10148 20076 36559 49935 52004 69951 76000 333 10245 20146 3/014 58005 70005 90761 91110==
55664 14/80 /0101 10093 20039 36059 49964 57003 60001 333 10190 20082 3/010 59001 70000 90761 91113==
55773 14/80 /0905 10072 20050 36070 40001 57002 60001 333 10144 20040 3/007 59004 70102 90761 91113==
56004 14/80 /2702 10053 20033 35892 40006 57003 60031 72000 333 10122 20047 3/005 59014 70035 90761 91116==
56018 14/80 /2302 10101 20061 36236 49966 52002 69911 333 10180 20095 3/008 59009 70013 90761 91110==
56106 81615 88270=
56116 14/80 /3401 10103 20053 36382 49967 52006 60001 333 10211 20071 3/008 59012 70000 90761 91111==
56299 57990 58008 82915 83816 86358=
56312 14/80 /2001 10169 20075 37110 49978 52004 60001 333 10281 20102 3/015 59009 70000 90761 91109==
57494 14/64 /1301 10300 20244 30049 40077 57004 60001 333 10373 20271 3/029 59006 70000 90761 91106==
58847 14/60 /2702 10269 20227 39982 40078 57015 60001 333 10339 20256 3/026 59011 70000 90761 91108==
62306 42960 00605 10279 20209 40104 52004 333 10313==
62309 42960 00604 10283 20218 40090 52001 333 10322==
62325 42960 03404 10272 20219 40100 52004 333 10324==
62332 42960 03312 10282 20229 40099 52008 333 10320==
62337 42960 03406 10280 20224 40096 52005 333 10329==
62366 45960 03511 10295 20183 40092 52016 333 10346==
62387 42960 00104 10316 20138 40083 52006 333 10373==
62393 42960 03408 10320 20130 40115 52010 333 10370==
62405 42960 03003 10342 20135 40072 52014 333 10397==
62414 42960 03007 10355 20071 40080 52011 333 10404==
62419 42960 03406 10347 20077 40068 52009 333 10389==
62420 42960 03402 10318 20129 40085 52005 333 10371==
62435 42960 03003 10323 20114 40072 52010 333 10394==
62455 42960 03408 10316 20207 40085 52015 333 10368==
62458 42960 03104 10305 20222 40070 52005 333 10330==
62459 32960 02006 10300 20239 40061 52010 333 10338=
62465 42960 02601 10296 20261 40068 52009 333 10336==
