SMPK OPKC 170000=
41505 22595 43102 11035 21084 38/// 48/// 60001 80030 333 56090 58/// 84360 69%=
41506 02995 00000 10005 21035 38528 48525 60002 333 59021 60007 75%=
41507 02996 20000 10010 21003 39284 49830 60002 82020 333 56090 59008 60007 82460 91%=
41508 02996 00000 11011 21040 38681 48543 60002 83520 333 56990 59026 60007 83635 82460 RH 80%=
41515 02695 40000 10004 21023 38603 48561 60002 84500 333 56900 58000 60007 84650 82%=
41516 02996 50000 11040 21056 38565 48519 60002 80001 333 56009 59034 60007 85070 RH88%=
41518 22696 70000 10000 21054 38/// 48/// 60002 83520 333 56990 5//// 60007 83640 87462 64%=
41519 02996 30000 10030 21040 38817 48545 60002 80030 333 56090 59068 60007 83362 RH60%=
41520 02995 50000 11015 21054 37630 48290 60002 85070 333 56090 59030 60007 85762 72%=
41523 02996 00000 10015 21027 39099 48495 60002 333 59030 60007 74%=
41524 02996 20000 10075 21012 39366 40257 60002 82020 333 56090 59035 60007 82460 54%=
41525 12696 42304 10000 21057 37686 48425 60002 84400 333 56900 59020 84840 65%=
41528 01996 00000 10020 20008 39237 48496 60002 70400 333 59018 60007 91%=
41529 01995 20000 10030 20017 39790 40193 60002 71000 80001 333 56009 59025 60007 82070 91%=
41535 02996 00000 10015 21061 38718 48480 60002 333 59015 60007 RH57%=
41536 02996 00000 10030 21024 39048 48499 60002 333 59022 60007 68%=
41560 02996 30000 11005 21018 38313 48547 60002 83030 333 56090 59009 60007 83360 RH91%=
41562 02996 03102 10080 21011 39695 40175 60002 333 59041 60007 RH52%=
41565 02996 23102 10028 21058 38660 48522 60002 82030 333 56090 59024 60007 82460 52%=
41567 01996 00000 10055 20018 39719 40154 60002 70400 333 59035 60007 77%=
41571 119// 20504 10045 21005 39584 40194 60002 70500 80001 333 56009 59019 RH70%=
41572 01996 01304 10030 21009 39521 40178 60002 333 59023 60007 RH 76%=
41573 02997 00000 10030 21051 37968 48504 60002 333 59027 60007 55%=
41574 02997 00000 11005 21018 38374 48558 60002 333 59016 60007 91%=
41576 01995 00000 10025 21002 40207 60002 71000 333 59019 60007 82%=
41577 01996 00000 10015 20002 39549 40196 60002 70400 333 56000 59020 60007 RH 91%=
41593 01996 00000 10065 20042 39939 40166 60002 70400 333 59023 60007 85%=
41597 01996 00000 10070 20047 39881 40187 60002 70400 333 59019 60007 85%=
41598 01995 00000 10035 20009 39884 40170 60002 71000 333 59025 60007 83%=
41599 01994 00000 10050 20038 39874 40181 60002 71000 333 59016 60007 92%=
41600 01994 60000 10030 20030 39877 40189 60002 71022 83520 333 56990 59003 60007 83637 83460 100%=
41620 32696 23602 10010 21049 38607 48506 60002 70400 82500 333 56900 58009 60007 82640 65%=
41624 01994 00000 10060 20023 39963 40173 60002 70400 333 59014 60007 77%=
41625 01995 00000 10050 20025 39944 40154 60002 70400 333 59024 60007 84% =
41630 01995 00000 10050 20025 40176 60002 70400 333 59020 60007 84%=
41630 01995 00000 10050 20025 40176 60002 70400 333 59020 60007 84%=
41633 01995 00000 10045 20045 3//// 4//// 60002 71000 333 5//// 60007 100%=
41634 02996 00000 10050 20001 3//// 4//// 60002 333 5//// 60007 70%=
41635 01995 40000 10055 20043 3//// 4//// 60002 71000 84030 333 56090 5//// 60007 84362 92%=
41636 01995 00000 10060 20025 39995 40188 60002 71000 333 59011 60007 84%=
41638 01995 00000 10065 20054 4//// 60002 71000 333 5//// 60007 92%=
41639 01995 00502 10050 20025 3//// 4//// 60002 71000 333 5//// 60007 84% =
41640 01995 00000 10065 20042 39908 40168 60002 71000 333 59022 60007 85%=
41642 01695 50000 10050 20025 3//// 4//// 60002 71000 81530 333 56990 5//// 60007 81640 84360 84%=
41643 01994 00000 10040 20028 39878 40171 60002 71000 333 59022 60007 92%=
41644 01994 00000 10060 20048 4//// 60002 71000 333 5//// 60007 RH 92%=
41646 01994 00000 10050 20025 39963 40188 60002 71000 333 59022 60007 84%=
41652 01995 02702 10050 20038 39985 40174 60002 71000 333 59022 60007 92%=
41661 01996 00000 11015 21096 38416 48547 60002 70540 333 59008 60007 54%=
41669 01996 00000 10050 20038 3//// 4//// 60002 71040 333 5//// 60007 92%=
41670 01995 00000 10055 20031 3//// 4//// 60002 71000 333 5//// 60007 84%=
41674 01995 00000 10065 20042 3//// 4//// 60002 71000 333 5//// 60007 85%=
41675 01994 00000 10075 20053 30012 40162 60002 71000 333 59022 60007 86%=
41676 01994 00000 10070 20047 30025 40190 60002 71000 333 59013 60007 85%=
41677 01995 00000 10050 20038 39989 40165 60002 71000 333 59021 60007 92%=
41678 01995 00000 10060 20036 40174 60002 71000 333 59018 60007 85%=
41679 01996 00000 10055 20031 4//// 60002 70400 333 5//// 60007 84%=
41680 01995 00000 10055 20031 39960 40170 60002 71000 333 59024 60007 84%=
41685 02997 03602 10075 21090 38924 48498 60002 333 59020 60007 RH30%=
41696 02996 00000 11050 21117 38043 48587 60002 333 59002 60007 Rh56%=
41697 02996 00000 10100 20044 39995 40158 60002 333 59020 60007 RH68%=
41700 01994 00000 10075 20053 30015 40149 60002 71000 333 59026 60007 86%=
41701 01993 00000 10060 20036 30030 40181 60002 71000 333 59017 60007 85%=
41715 01993 00000 10070 20059 30096 40164 60002 70500 333 59023 60007 RH93%=
41716 01995 00000 10070 20059 30063 40172 60002 71000 333 59028 60007 93%=
41718 01995 00000 10065 20042 30049 40157 60002 71000 333 59019 60007 85%=
41724 01994 00000 10090 20057 30100 40183 60002 70400 333 59030 60007 RH80%=
41725 01996 00000 10100 20044 30071 40154 60002 70500 333 59027 RH68%=
41726 01993 00000 10085 20063 30108 40183 60002 71000 333 59011 60007 RH86%=
41738 01995 00506 10110 21037 30032 40227 60002 70700 333 58028 60007 RH35%=
41739 01995 03604 10005 21038 39113 48534 60002 70500 333 58040 60007 RH73%=
41742 12996 00000 10145 20062 30078 40185 60002 333 58002 RH 58%=
41743 01996 00000 10090 20045 60002 70400 333 60007 RH73%=
41744 21995 03106 10025 21030 38803 48515 60002 70600 333 58007 60007 RH67%=
41745 01995 00000 10085 20063 60002 71000 333 60007 RH85%=
41746 01995 00000 10090 20069 30100 40155 60002 71000 333 59033 60007 RH86%=
41747 01996 00000 10075 20053 30083 40146 60002 70400 333 59027 60007 RH86%=
41748 01995 03102 10070 20035 30100 40166 60002 70500 333 59024 60007 RH78%=
41749 01995 00000 10090 20069 30147 40180 60002 70400 333 58008 60007 RH86%=
41756 01996 03602 10170 20115 30118 40185 60002 70500 333 58014 60007 RH70%=
41757 21995 03610 10130 21022 30186 40199 60002 70600 333 58008 60007 RH35%=
41764 01996 00000 10110 20056 30092 40145 60002 70400 333 59023 60007 Rh69%=
41765 02996 00000 10135 20105 30117 40154 60002 333 59020 60007 RH67%=
41766 01995 00502 10100 20079 30111 40142 60002 71000 333 59039 60007 RH87%=
41767 02996 05006 10115 20074 3//// 4//// 60002 333 60007 RH76%=
41768 02996 00000 10075 20040 30136 40143 60002 333 59014 60007 RH79%=
41780 01995 00702 10135 20035 30123 40150 60002 70400 333 59021 60007 RH51%=
41783 02996 00000 10115 20074 30129 40160 60002 333 59013 60007 RH76%=
41785 02996 00000 10100 20079 30162 40175 60002 333 58002 60007 RH87%=
41786 02996 00000 10030 20003 30110 40149 60002 333 59006 60007 RH83%=
41BKI 02996 00000 10050 21003 39750 40189 60002 70400 333 59030 60007 RH69%=
41SKP 01995 00000 10045 20033 3//// 4//// 60002 71000 333 5//// 60007 92%=
43532 02996 00000 10025 20013 39362 40207 60002 70400 333 58001 60007 92%=
43533 01996 00000 10035 20010 39229 48476 60002 70400 333 59019 60007 84%=
43563 02997 00000 10022 21020 39473 40204 60002 333 59015 60007 74%=
41509 02996 40000 10020 21006 38792 48522 60002 333 56090 59012 60007 84360 RH83%=
41660 019// 02306 11020 21101 38464 48555 60002 70500 333 59013 60007 RH53%=
41517 01696 70000 11050 21080 37801 48551 60002 70422 82530 333 56990 59039 60007 82640 86360 77%= 
=======

41504 Not Received
41530 Not Received
41710 Not Received
41712 Not Received
41759 Not Received
41760 Not Received
41BAG Not Received


UPPK OPKC 170000=
PAPA 6700/ 41516 misda due to technical fault=
PPAA 6700/ 41739 no acent due to security risk=
PPAA 6700/ 41764 No Ascent due to PAF flying=
PPAA 67001 41780 MISDA NO ASCENT DUE TO PAF FLIGHT=
PPAA 6700/ 41715 NO ASENT DUE TO BALLOONS OUT OF STOCK=
PPAA 67001 41640 55185 02005 77999=
PPBB 67001 41640 90/12 00000 35002 00503 903// 01504=
PPAA 6700/ 41600 MISDA DUE TO TECHNICAL FAULT=
PPBB 67001 41624 90/12 36002 16003 19003 9037/ 20504 35008=
PPAA 67001 41624 55185 07005 77999=
PPAA 6700/ 41646 MISDA DUE TO TECHNICAL PROBLEM =
PPAA 67001 41678 55185 34004 77999=
PPBB 67001 41678 90/12 00000 01504 03003 903// 03004=
PPBB 67001 41718 90/12 00000 08004 07504 903// 10002=
PPAA 67001 41718 55185 29003 77999=
PPBB 67001 41675 90/12 00000 09006 08005 903// 05507=
PPAA 67001 41675 55185 01005 77999=
PPAA 6700/ 41517 MISDA DUE TO SMOKE HAZE=




Data Generated from File : D:/all data handling/Rmc_lhr/2024121700.FSU.txt
17/12/2024   01:06:48
____________________________________________________________________________________________
15020 04/70 /2202 10073 20010 39997 40196 52010 60001 333 55000 20194 55300 20000 60007==
15090 04/70 72402 10082 20014 30109 40203 52010 60001 87070 333 55000 10227 20177 30170 55300 00000 20000 30000 60007 91003 90760 91106==
15108 01/00 92814 11042 21042 38073 48490 53012 60001 74543 89/// 333 49067 55000 20101 55300 20000 60007 91017 90760 91118==
15150 05970 40000 10047 20003 30000 40218 50001 60001 80008 333 55018 20328 55300 20000 60007 91002 90760 91102==
15170 04570 62507 10025 20000 39461 42845 50002 60001 86300 333 41998 55003 20265 55300 20000 60007 91011 90760 91113==
15280 01/00 9//// 11031 21035 37531 47081 53013 60001 74943 89/// 333 49040 55026 20381 55300 20000 60007==
15310 04/70 42103 10042 20014 30139 40228 50001 60001 83031 333 55044 10041 20553 30207 55300 10170 20000 30000 60007 91006 90760 91108==
15335 04/70 42702 10057 20015 30217 40225 50002 60001 84030 333 55054 20673 55300 20000 60007 91003 90760 91104==
15350 04/70 /2304 10097 20023 30127 40249 50007 60001 333 55031 20367 55300 20000 60007==
15360 04/70 32606 10047 20018 30200 40217 54001 60001 83030 333 55057 60007 91007 90760 91108==
15420 04/70 72302 10049 20026 30141 40256 50001 60001 87070 333 55062 20722 55300 20000 60007 91004 90760 91104==
15460 04/70 /2605 10066 20023 30227 40252 58003 60001 333 55063 20774 55300 20000 60007==
15470 04/70 82506 10053 20023 30135 40264 58005 60001 8807/ 333 55067 20745 55300 20000 60007 91008 90760 91109==
15480 04/70 52704 10065 20017 30223 40241 55001 60001 85070 333 55063 10014 20785 30698 55300 10170 20000 30000 60007 91008 90760 91111==
15549 12970 52504 10056 20011 39841 40264 58003 60001 80002 333 10057 20041 555 573//=
15552 12970 32705 10084 20015 30199 40248 58002 60001 83040 222// 00096 10201 333 10085 20066 555 562// 92026 92428=
15640 12670 42902 10029 20011 39963 40286 54000 60001 82501 333 10099 20024 91116 555 588//=
15655 12968 02905 10054 21002 30240 40274 58004 60001 222// 00106 10201 333 10066 20048 555 567// 92024 92427=
15730 12970 30000 10004 21022 39891 40304 53001 60001 83030 333 10040 20001 555 583//=
16627 12960 00000 10024 20003 30287 40294 56004 60001 333 90730 91105==
16650 12960 00000 10040 20015 30294 40303 56001 60001 333 90730 91102==
16723 12560 23610 10100 20066 30274 40287 53004 60001 82200 333 90730 91120==
16742 12460 23515 10110 20043 30113 40270 50003 60001 82100 333 90730 91128==
16749 12960 03013 10140 20085 30234 40249 52001 60001 333 90730 91119==
16754 12560 73311 10134 20089 30254 40302 53002 60001 83450 333 83620 87358 90730 91118==
16760 26/// /0307 10095 20037 39882 40306 52005 333 60005 90730 91117==
16765 26/// /3319 10131 20047 30246 40266 333 60005 90730 91134==
17022 16/83 /1806 10065 20003 30121 40287 58001 60001==
17024 16/// /2308 10110 20108 30176 40255 50000 60001==
17026 16/// /1803 10077 20007 30222 40260 56008 60001==
17031 12660 41905 10015 20010 30262 40269 57003 60001 82130 333 82836 84360 90760 91105==
17034 12670 60000 10081 20027 30233 40280 50000 60001 83230 333 83835 86360 90760 91104==
17038 12470 52103 10083 20036 30224 40273 54000 60001 85200 333 83714 85828 90760 91115==
17042 17/63 /1201 10055 20037 30242 40282 55008 60061 751//==
17050 12970 01401 10037 21006 30238 40302 50000 60001 333 90760 91105==
17056 12970 02902 10067 20008 30298 40302 58001 60001 333 90760 91110==
17060 12960 02411 10089 20026 30263 40304 51002 60001 333 90760 91116==
17070 12965 01801 10000 21022 39408 40307 52006 60001 333 90760 91106==
17074 16/83 /2802 10016 20004 39325 40290 50003 60001==
17085 12670 53102 10037 20025 39790 40293 53012 60001 83530 333 83640 85360 90760 91107==
17092 11328 80302 11042 21045 38942 48555 55000 60001 71042 887// 333 88708 90760 91104==
17096 11104 90000 11087 21087 38273 48546 55005 60001 74922 333 90760 91108==
17098 12660 22207 11080 21099 38207 48523 55007 60001 82500 333 82640 90760 91113==
17100 11634 30000 11018 21071 39237 40271 57014 60001 70511 81530 333 81635 83360==
17112 16/79 /1003 10028 20001 30305 40312 50001 60001==
17115 12960 00000 11004 21007 30263 40316 50003 60001 333 90760 91105==
17116 11956 00000 10026 20025 30193 40319 52004 60001 71000 333 90760 91104==
17124 11956 03501 11033 21033 39372 40327 51007 60001 71000 333 90760 91104==
17128 12660 42703 11007 21027 39172 40303 53005 60001 84500 333 84640 90760 91111==
17135 17/50 /2202 10012 20006 39395 40292 52007 60001 704//==
17140 12665 72601 11008 21008 38774 48552 52007 60001 87500 333 87638 90760 91104==
17150 11958 02702 11002 21002 30189 40317 52007 60001 71000 333 90760 91107==
17160 16/64 /3602 11003 21037 39105 40302 50000 60001==
17170 11235 70504 11008 21013 38360 48531 57010 69981 77177 85550 333 83706 84630 87357 90760 91106==
17175 16/80 /0000 10042 21012 30297 40302 50003 60001==
17184 12962 00000 10020 20000 30193 40308 52006 60001 333 90760 91103==
17190 12970 00000 11017 21022 39085 48568 53004 60001 333 90760 91105==
17195 11448 70000 10018 20016 39051 48560 53007 60001 71022 85570 333 83710 85625 87358 90760 91104==
17200 11556 70000 11009 21011 39283 40311 53001 69901 71072 83570 333 82720 83633 87359 90760 91107==
17202 11456 72302 11004 21004 39218 40301 55002 69921 71072 86550 333 83718 85635 87360 90760 91105==
17203 11670 40000 11020 21038 38942 48583 56005 69961 70272 82520 333 82640 84460 90760 91102==
17210 16/76 /3001 10018 21040 39210 40270 55007 60001==
17219 12965 00108 10047 20010 30154 40302 52008 60001 333 90760 91120==
17234 17/59 /0000 10050 20050 30217 40285 50006 60001 704//==
17237 12670 60000 10061 20027 39785 40301 53003 60001 84570 333 84635 86360 90760 91107==
17240 12570 23001 10020 21004 39119 40286 53005 60001 82100 333 82830 90760 91108==
17244 12570 50106 10014 21005 39081 48565 53001 60001 85500 333 85633 90760 91116==
17248 12670 80403 10029 20019 39058 48558 53002 60001 8352/ 333 83640 88460 90760 91107==
17250 12670 61401 10016 20004 38876 48560 55000 60001 84550 333 84640 86360 90760 91108==
17260 11560 73606 10022 20011 39407 40247 55002 69921 70161 83530 333 83631 87358 90760 91114==
17270 12670 73001 10042 20005 39612 40274 56006 60001 85570 333 85640 87360 90760 91112==
17275 16/70 /0110 10007 21024 39045 40270 57006 60001==
17280 11520 8//99 00270 10008 21028 39469 40285 57009 60011 74077 8552/ 333 82725 85635 88459 90760 91102==
17290 16/// /3602 10110 20033 30245 40275 55002 60001==
17292 12970 03202 10036 20006 39498 40266 52006 60001 333 90760 91110==
17300 12960 03208 10109 20026 30185 40257 52005 60001 333 90760 91118==
17310 12670 40802 10130 20061 30227 40234 52003 60001 82230 333 82835 84360 90760 91104==
17330 16/// /0000 10099 20050 30238 40250 50002 60001==
17350 12960 00302 10049 20027 30171 40251 54000 60001==
17370 11670 40000 10100 20010 30252 40256 55000 69961 70182 82230 333 82835 84360 90760 91117==
17375 12670 10000 10100 20077 30234 40236 52006 60001 81200 333 81834 90760 91103==
33088 /1597 72404 10050 20018 39913 40104 58011 78082 87900 555 1/002 69901=
33135 /19// 82709 10039 20002 39906 40053 52005 70281 80005 555 1/001 69901=
33177 /1596 82708 10075 20068 39896 40131 58013 78088 889// 555 1/006 60051=
33317 /1496 82807 10050 20046 39789 40126 52003 78082 889// 333 88917 555 1/003 60011=
33393 /1350 82606 10066 20057 39786 40177 58006 78082 889// 333 86707 555 69941=
33415 /1497 82610 10073 20051 39758 40153 58002 78082 889// 333 87710 91118 555 1/006 69901=
33429 /1497 82709 10071 20056 39721 40140 58007 70282 8655/ 333 84710 91119 555 1/005 60081=
33466 32562 32904 10034 20008 39914 40102 51007 81502 555 14100=
33506 /1997 72405 10028 20004 39859 40055 52021 70281 87030 555 1/000 69901=
33562 /1560 83208 10060 20021 39841 40145 52007 78081 8695/ 555 1/003 69961=
33587 325// 82802 10046 20024 39867 40131 52007 885// 333 88628 555 1/001=
33658 32684 82404 10098 20019 39884 40180 52007 885// 333 88644 91121 555 1/005=
33663 32597 82905 10101 20045 30060 40155 52004 885// 555 1/007=
33664 42997 22706 10083 20039 39854 40168 52004 82030 333 91113=
33678 42598 82806 10078 20037 39973 40180 52004 889// 333 91113=
33679 42497 82303 10059 20047 39978 40169 52008 889// 333 88918=
33711 32960 02805 10030 20006 39901 40112 52017 555 1/101=
33745 42897 52503 10039 20007 39993 40190 57002 82031 555 12001=
33748 42997 62902 10066 20017 39905 40190 52010 86030=
33754 42997 82502 10077 20034 30017 40163 51009 8805/ 333 91113=
33761 32598 82705 10067 20038 39930 40152 53008 885// 555 1/003=
33791 32989 02806 10038 20004 39988 40117 52023 555 1/000=
33815 42598 82705 10082 20004 39975 40182 52005 885// 555 11005=
33837 32584 72704 10065 20012 30132 40184 53016 87500 333 87632 555 1/004=
33881 42598 72303 10064 20003 30013 40211 52008 86530=
33883 42897 72103 10054 20012 30043 40207 52008 87030 555 11001=
33885 42997 22303 10065 21001 30096 40233 52004 82040=
33892 42997 82603 10065 20007 39982 40194 52004 8803/=
33902 32597 72605 10052 20014 30099 40159 52022 83550 555 1/002=
33924 41970 62709 10102 20061 30172 40185 52012 70282 80009 333 91015 90760 91118==
33946 41580 82709 10087 20067 39967 40187 53003 72162 885// 333 88629 91012 90760 91115==
33983 41560 72712 10074 20054 30081 40141 54000 70282 87500 333 91018 90760 91120==
34300 /1997 22908 10030 21003 39848 40025 52029 70261 80001 555 1/000 69931=
34336 41460 82704 10022 20009 39859 49962 53016 70283 8532/ 333 90760 91110==
34344 41470 82603 10024 20022 39865 49952 53009 70272 887// 333 90760 91113==
34356 41460 82506 10005 20005 39788 49934 56028 75175 886// 333 91011 90760 91114==
34357 41570 82405 10014 21004 39784 49938 55013 70282 885// 333 91012 90760 91118==
34398 425// 61909 11005 21017 30003 40016 57040 86500 333 90760 91116==
34415 /1698 52904 10034 20016 39930 40026 52028 70262 85500 555 1/001 69941=
34438 41360 82604 10015 20015 39800 49990 53009 70282 883// 333 90760 91113==
34445 41570 82309 10015 20015 39851 49964 55001 70283 889// 333 91013 90760 91117==
34461 41460 82404 10013 21009 39892 49947 56036 78082 883// 333 91010 90760 91114==
34473 414// 82009 10003 21008 39932 49970 57060 77172 8802/ 333 91015 91116 555 1/100=
34476 41440 81909 10004 21005 39978 49985 57057 78582 889// 333 91013 90760 91114==
34504 /1481 62908 10026 20016 39907 40082 52026 70182 86600 555 69911=
34535 41470 82506 10028 20008 39937 40009 53006 70282 889// 333 91011 90760 91116==
34545 41570 82409 10014 20006 39881 49992 55008 70282 883// 333 91015 90760 91117==
34555 41470 82412 10008 21001 39897 49988 56026 70273 886// 333 91017 90760 91121==
34560 41214 82414 10008 20000 39776 49965 57039 76972 8872/ 333 88705 91018 90760 91119==
34578 41540 82108 10010 20005 30005 40011 56055 78582 889// 333 91013 90760 91114==
34579 41410 81807 10004 20004 39965 40008 57055 77072 8872/ 333 91011 90760 91113==
34644 41540 82505 10019 20014 39947 40023 55011 71083 8657/ 333 90760 91116==
34646 41540 82508 10015 20010 39934 40019 57019 78382 889// 333 91014 90760 91121==
34655 41560 82211 10024 20008 39953 40013 56032 70262 885// 333 91017 90760 91120==
34662 41460 82205 10015 21001 39984 49996 56058 78082 889// 333 88915 91012 90760 91114==
34691 42/70 82306 11006 21021 30225 40212 57033 8802/==
34720 42/// /2503 10031 20024 30018 40057 55000 333 90760 91116==
34727 41460 82613 10048 20028 30053 40083 54000 70288 883// 333 91017 90760 91119==
34743 41440 82307 10024 20014 39943 40032 57030 76176 8872/ 333 91015 90760 91121==
34759 41440 82208 10020 20020 39921 40052 57047 78088 889// 333 91014 90760 91116==
34772 41/40 81807 10007 21007 30047 40050 57051 77177 8802/ 333 91012 90760 91113==
34785 42/60 82006 10008 21027 30109 40086 57032 8802/ 333 91011 90760 91111==
34798 42/60 81904 11018 21056 30149 40120 58029 8805/==
34824 41540 82605 10057 20044 30106 40111 57004 71082 889// 333 90760 91114==
34838 41/40 82307 10047 20026 30004 40100 56018 76361 8802/ 333 91013 90760 91118==
34845 41460 82309 10029 20013 39969 40076 57028 78082 883// 333 91018 90760 91122==
34858 41/60 82410 10051 20004 39968 40075 56044 76062 8802/ 333 91020 90760 91120==
34861 41540 82516 10020 20007 39813 40055 57048 78082 889// 333 91021 90760 91123==
34866 41560 82309 10042 20005 30083 40074 57046 78081 889// 333 91014 90760 91114==
34880 42960 71803 11005 21030 30135 40108 57026 80001==
34887 42970 81604 11002 21028 30143 40124 56028 80007==
34949 42570 82418 10032 21024 39556 40102 57024 8553/ 333 91025 90760 91127==
34954 42970 62307 10057 21017 39930 40102 56029 80001 333 91017 90760 91118==
34958 42570 82006 10036 21031 39917 40117 57019 885// 333 90760 91110==
34975 42470 82205 10008 21025 30126 40122 56026 885// 333 88618==
34984 42/60 71805 10003 21026 30159 40128 57027 80071==
35217 425// 81906 11024 21046 30013 40053 57021 885//==
35302 42/// 82207 11015 21032 30012 40033 57030 8802/==
35315 425// 71904 11012 21025 30012 40069 57015 87500 555 1/102=
35344 425// 81407 11072 21089 39863 40158 57036 885// 333 91116 555 1/108=
35358 42/// 81807 11094 21124 30104 40281 57022 8802/==
35368 419// 81809 11096 21132 30013 40292 57029 73632 8807/ 555 1/111=
35386 425// 61903 11162 21187 39817 40379 57037 86500 555 1/118=
35394 41970 01604 11146 21185 39675 40401 57027 70270==
35404 425// 82306 11005 21017 30033 40041 57035 885// 555 1/102=
35406 425// 82104 11023 21039 30064 40066 57027 885//==
35416 41/// 81705 11023 21042 39970 40092 57018 72273 8802/==
35426 41/// 81406 11058 21088 39819 40115 56022 77173 8802/==
35437 415// 81810 11064 21087 39821 40141 57027 77173 8802/ 333 91120 555 1/107=
35449 419// 81411 11081 21108 30102 40208 57043 73733 80007 333 91016 91118 555 1/109=
35497 419// 81406 11150 21186 39716 40587 57028 73633 80007==
35498 429// 01602 11180 21200 39474 40427 57031 555 1/126=
35514 41993 02304 11037 21042 30184 40180 57016 74674 555 1/105=
35522 415// 81701 11043 21059 39853 40107 57020 70277 8802/ 555 1/105=
35542 419// 81608 11075 21101 30042 40194 57035 70232 8807/ 333 91115 555 1/108=
35563 41994 41612 11154 21178 39510 40330 57023 73833 80001 333 91015 91118 555 1/116=
35576 42/// 61304 11143 21179 39885 40365 57029 86070==
35582 429// 22705 11185 21218 39758 40412 57030 80003 555 1/121=
35594 419// 31307 11176 21208 39509 40416 57029 77631 80001 555 1/118=
35605 42998 71806 11022 21025 30115 40093 57024 87070 555 1/103=
35633 415// 71709 11064 21084 39952 40171 57031 73632 83570 333 91015 91116 555 1/107=
35671 42570 31104 11154 21175 39876 40337 57035 83500==
35699 425// 60505 11177 21199 39618 40439 57030 86500==
35700 41570 22302 11021 21033 30141 40117 57015 70171 82500==
35715 41497 82805 11020 21038 30135 40120 57013 72277 8802/ 555 1/103=
35739 416// 81610 11060 21095 30019 40162 58034 73833 885// 333 91010 91115 555 1/107=
35746 419// 81509 11075 21119 30139 40208 57029 73631 80007==
35777 429// 00000 11144 21171 30090 40462 52010 555 1/118=
35796 41960 10504 11197 21216 39956 40434 57029 77600 80001==
35849 425// 81504 11076 21116 30132 40220 57031 885//==
35895 42997 00607 11121 21133 39932 40405 57029 555 1/113=
35907 42598 83107 11005 21020 30172 40141 57011 885//=
35925 415// 81805 11026 21032 30025 40136 58025 71073 887//==
35927 415// 82503 11006 21024 30136 57018 70272 886//=
35953 429// 30000 11102 21122 30124 40259 57033 80002==
35969 429// 00905 11107 21143 30114 40296 57029==
35997 419// 00705 11123 21150 39919 40380 57023 71000 333 91104 555 1/112=
36259 12584 60801 11235 21260 38332 48614 57001 69932 82901 333 21242 47011 55000==
36335 429// 60000 11176 21243 39340 40445 57029 80005 555 1/124=
36358 429// 02104 11188 21212 39367 40472 57020 555 1/122=
36394 429// 01403 11219 21237 30018 40486 57026=
36397 429// 00000 11211 21236 39866 40488 57025==
36403 429// 00000 11224 21248 30091 40492 57019 555 1/127=
36418 429// 02704 11163 21195 39819 40484 57021 555 1/126=
36421 429// 20000 11298 21319 39887 40533 57017 80001 555 1/132=
36428 429// 03502 11226 21254 39944 40501 57020==
36439 419// 51103 11197 21205 39130 48593 57016 70272 81041 555 1/121=
36498 429// 00105 11249 21276 39609 40493 57029 555 1/126=
36501 429// 00000 11178 21223 39644 40460 57022 555 1/121=
36535 429// 03501 11297 21324 39817 40540 57022==
36546 429// 02801 11274 21294 39923 40535 57013 555 1/129=
36619 429// 00000 11254 21269 555 1/128=
36622 429// 00000 11285 21307 39601 40513 57030 555 1/129=
36639 429// 00000 11262 21280 39801 40482 57035==
36643 429// 02102 11231 21257 39769 40505 57025 555 1/127=
36665 429// 00000 11159 21190 39697 40480 57023 555 1/118=
36666 429// 02203 11205 21233 39952 40495 57021=
36729 42998 00803 11168 21185 30055 40583 57051 333 91110 555 1/122=
36736 429// 52201 11191 21206 39877 40484 57028 82041 555 1/124=
36744 429// 00704 11188 21195 39939 40431 57028 333 91104 555 1/121=
36770 429// 00000 11255 21268 39619 40431 57032 333 91106 555 1/134=
36786 42999 00000 11180 21208 39423 40418 57039 333 91105=
36796 41/92 90000 11286 21298 39144 48528 57030 74741 333 91105=
36803 42999 01903 11151 21182 30053 40542 53016 333 91123=
36806 429// 00000 11232 21285 39963 40486 58014 333 91107=
36819 419// 00702 11134 21148 39728 40381 57032 71000 333 91114=
36821 419// 00404 11152 21159 39862 40388 57032 71000 333 90760 91106==
36839 42998 02001 11182 21212 39186 40409 57032 333 91106=
36843 429// 02502 11166 21200 39140 40405 57032 333 91106=
36846 429// 00503 11161 21186 38674 48547 57027 333 91109=
36859 429// 00201 11114 21151 39598 40429 57034 333 90760 91110==
36870 429// 00000 11137 21141 39284 40363 57029 333 90760 91103==
36874 416// 81802 11206 21219 39595 40453 57029 71022 885// 333 91106=
36877 429// 00000 11210 21218 39592 40694 57025 333 91106=
36885 429// 01402 11149 21176 39169 40377 57032 333 91106=
36889 429// 02004 11109 21259 37048 47068 57018 333 91107=
36894 429// 00710 11086 21118 39599 40374 57029 333 91016 91118=
36905 429// 01501 11142 21165 38840 48576 57029 333 91107=
36911 429// 00702 11130 21138 39268 40337 57034 555 1/111=
36927 42697 73602 11103 21147 38411 48576 57018 87900=
36934 42697 63301 11074 21157 38330 48464 57017 86932=
36953 428// 70000 11208 21228 38287 48508 57019 83041 333 91114 555 1/123=
36963 429// 01402 11199 21248 37037 48/// 57013 555 17124=
36974 429// 00000 11175 21194 38047 48611 57022 555 17124=
36982 429// 00901 11264 21328 36522 47193 57013=
37018 41540 82310 10062 20052 30135 40210 57008 78082 889// 333 91016 90760 91120==
37031 42560 82410 10053 20000 39924 40119 57025 8657/ 333 91016 90760 91119==
37054 42/60 70000 10009 21032 39755 40145 55017 80030==
37061 42560 82005 10008 21017 39966 40137 57014 8251/==
37085 42540 81703 10001 21033 30172 40144 56030 885//==
37171 41640 81002 10061 20027 30230 40249 58010 70282 889// 333 88940==
37228 42/60 80000 11042 21076 39280 40137 57027 8802/==
37235 42/60 21103 10018 21052 39818 40138 57035 8004/==
37472 42/70 60000 10029 21023 30185 40162 57031 83081==
38149 42570 61303 11048 21097 30112 40192 57027 86500==
38178 429// 01403 11118 21162 39928 40234 57024==
38262 42/// 61503 11036 21076 30116 40201 57018 86032==
38264 42970 51504 11037 21070 30091 40187 57022 80003==
38345 42998 00901 11064 21105 38824 48506 57023 555 1/111=
38353 429// 01401 11116 21136 39354 40314 57030=
38392 42997 41504 11037 21059 30085 40192 57016 80001 555 14104=
38396 42960 81306 11035 21063 30065 40195 57023 80001==
38403 42/// 30502 11078 21123 30136 40264 57021 83070==
38413 429// 01407 11087 21125 39964 40274 57027==
38457 42960 23401 11090 21124 39659 40285 57014 80001==
38462 429// 00000 11065 21181 38787 48514 57010==
38507 42696 62704 10066 20052 30079 40182 54000 84501 555 11003=
38545 42998 61206 11042 21052 30025 40208 57031 86070 555 14106=
38565 129// 02402 11132 21138 39615 40189 57019 60002 333 47999==
38579 129// 01301 11090 21101 39824 40270 57021 60002==
38583 11/00 90000 11162 21168 39943 40297 57013 60002 74944 89///==
38599 41995 00809 11040 21066 39749 40288 57009 71000=
38611 41940 03402 11085 21104 39724 40333 57014 71000==
38613 429// 00101 11108 21136 39372 40341 57014 555 1/107=
38616 429// 01801 11105 21143 39266 40354 57011=
38618 429// 01001 11075 21101 39585 40317 57014==
38647 42997 82204 10014 21038 30123 40166 57003 80006 555 1/103 42///=
38656 42998 61102 11032 21056 30084 40198 57007 82080 555 14105=
38683 42960 01103 11065 21097 39955 40247 57017==
38687 42997 01606 11031 21051 39996 40242 57007 555 14104=
38696 129// 00901 11049 21107 39364 40260 57022 60002 333 43999==
38713 429// 01401 11093 21138 39082 48510 57014=
38750 42597 81801 10023 20004 30225 40196 52011 885// 555 10000=
38763 42997 70000 11012 21037 30062 40171 57002 80001 555 1/101=
38774 42995 63201 11024 21040 39986 40189 53001 80008 555 14103=
38799 42597 51606 11024 21040 39974 40215 57024 85500 555 1/104=
38806 42997 01403 11036 21047 39959 40232 57014 555 14105=
38812 42960 00000 11064 21085 39771 40325 58008==
38836 419// 00000 11077 21079 39288 40283 57030 71000=
38880 41996 01501 11037 21045 39917 40182 52001 71000 555 14103=
38886 41996 02506 11053 21074 39945 40184 57004 71000 555 14107=
38895 42996 61705 11018 21032 39898 40198 57022 80002 555 1/104 41///=
38911 42997 01604 11038 21056 39936 40245 57029 555 14104=
38915 42997 02703 11019 21025 39918 40255 57015 555 14104=
38927 11940 20302 11058 21080 39885 40285 57013 60002 71000 80001==
38933 427// 82702 11032 21072 39796 40338 57005 885//=
38944 426// 83402 11046 21050 39684 40247 57007 885//=
38954 428// 80000 11055 21082 37965 48580 52004 86910=
38974 42997 01809 10040 21029 39832 40170 57010 333 91014 555 12000=
38987 42996 02202 10012 21033 39496 40260 57010 555 17101=
40100 43/60 21005 10148 20021 30232 40248 53002 6///1 333 58000=
40180 12960 01202 10118 20079 30182 40232 57007 60001 333 70000==
40199 12/// ///// 10108 21021 30212 40238 52006 60001 333 70000==
40265 31957 00000 10010 21132 39451 40263 57004 70500=
40270 31950 01803 10062 20008 39335 40244 57007 70500=
40272 31950 00000 10024 21089 39402 40264 57003 70500=
40340 32960 03608 10108 21048 40243 52004=
40356 32960 03104 10027 21120 39248 48543 333 59032 555 04410 50241=
40357 32960 00000 10042 21140 39582 40234 333 59047=
40360 32960 02704 10024 21130 39640 40245 333 59031=
40361 32960 00305 10057 21170 39445 40276 333 59045=
40362 32960 01404 10052 21180 39719 40247 333 59038=
40373 32960 00000 10050 21150 39817 40257 333 59035=
40375 32960 00000 10046 21110 39327 40217 333 59023=
40394 32960 02108 10056 21090 39082 48550 333 59037 555 04410 50223=
40400 32960 03606 10184 20010 30153 40181 333 59011=
40405 32960 03402 10052 21070 39477 40257 333 59040=
40417 22960 02805 10075 21120 30216 40232 333 59021 60005==
40420 32960 02909 10081 21120 30022 40241 333 59022=
40430 32960 00407 10160 21040 39456 40212 333 59044=
40437 32960 00000 10054 21140 39520 40242 333 59035=
40439 32960 00000 10194 20090 30133 40151 333 59017=
40582 32960 02905 10056 21104 40244 55002 333 00004 55300 00000 10217 20000 30000 40839 51057 60000 55407 40000 90467 91005 91107 91205 91303=
40703 12660 40000 11015 21094 38945 40240 57011 60001 84500 333 70000 84640 555 11038 29055=
40706 12668 60103 11032 21079 38672 40256 58008 60001 81472 333 70000 83359 85067 555 11045 29070=
40712 12660 32703 11036 21106 38694 40240 57010 60001 81502 333 70000 81640 83068 555 11053 29058=
40713 12965 70901 11005 21100 38672 40212 57007 60001 80006 333 70000 87268 555 11033 29049=
40718 12560 72202 10086 20060 30243 40214 50005 60001 84510 333 70000 84620 87458 555 10074 29084=
40723 12970 40000 11078 21108 38974 40257 58004 60001 80006 333 70000 84272 555 11083 29079=
40726 12960 42204 10026 21137 38673 40209 57011 60001 80001 333 70000 84070 555 11022 29029=
40727 12960 31802 11023 21106 38509 40234 57008 60001 80001 333 70000 83070 555 11046 29053=
40732 12960 82501 10110 20026 30231 40207 52018 60001 80007 333 70000 88267 555 10074 29056=
40736 12960 72101 10065 20042 30235 40209 52022 60001 80006 333 70000 87267 555 10055 29085=
40737 12860 51903 10047 20035 30194 40212 53025 60001 85070 333 70000 85358 555 10042 29092=
40738 12960 52305 10064 20037 30213 40215 53020 60001 80006 333 70000 85269 555 10053 29083=
40739 12965 70000 11064 21085 38735 40302 58004 60001 80006 333 70000 87268 555 11068 29085=
40741 12960 21810 10031 21054 39832 40176 57009 60001 80002 333 70000 82070 555 10003 29053=
40743 12965 30803 11060 21112 39120 40290 57008 60001 80002 333 70000 83070 555 11071 29067=
40745 12960 12003 11080 21122 39053 40270 56006 60001 80001 333 70000 81070 555 11088 29072=
40747 12960 00000 11037 21063 38677 40262 57005 60001 333 70000 555 11044 29082=
40754 11956 73103 11005 21069 38872 40265 57010 60001 70521 82076 333 70000 82360 86268 555 11025 29062=
40762 12962 03102 11114 21138 38580 40286 58010 60001 333 70000 555 11116 29083=
40766 12960 60000 11048 21119 38738 40260 57008 60001 80006 333 70000 86269 555 11065 29057=
40768 12960 63301 11058 21100 38288 40258 56005 60001 82078 333 70000 82460 86268 555 11068 29072=
40769 11957 70000 11034 21062 38324 40253 57007 60001 71022 80006 333 70000 87269 555 11042 29081=
40780 12960 41103 10000 21140 38729 40248 57008 60001 80001 333 70000 84069 555 11038 29034=
40782 12965 30000 11029 21067 38919 40258 57008 60001 80002 333 70000 83074 555 11040 29075=
40785 12960 00000 11014 21038 39156 40290 57012 60001 333 70000 555 11021 29084=
40791 12970 01601 11017 21175 39431 40287 50003 60001 333 70000 555 11052 29029=
40792 12065 00602 11044 21129 38763 40276 56012 60001 333 70000 555 11064 29051=
40798 12960 00000 11099 21113 37998 40286 56010 60001 333 70000 555 11100 29089=
40800 11957 00000 11070 21119 38516 40299 56010 60001 70500 333 70000 555 11080 29068=
40809 12962 11402 11071 21128 38540 40274 58016 60001 80002 333 70000 81070 555 11083 29064=
40811 12960 03302 10083 21055 30195 40222 57009 60001 333 70000 555 10036 29037=
40812 12960 03101 10065 21024 39827 40205 57010 60001 333 70000 555 10032 29053=
40818 12965 03303 11072 21134 38029 40277 57007 60001 333 70000 555 11085 29061=
40821 12960 01203 10001 21127 38836 40263 57011 60001 333 70000 555 11035 29038=
40829 12960 03002 11060 21134 39708 40313 58003 60001 333 70000 555 11075 29056=
40831 12960 02802 10044 21025 30241 40249 58001 60001 333 70000 555 10020 29061=
40833 12960 03402 10059 21021 30198 40231 57006 60001 333 70000 555 10030 29057=
40835 12960 00000 10032 21017 39389 40232 57005 60001 333 70000 555 10014 29070=
40841 12960 01302 11078 21142 38294 40281 58003 60001 333 70000 555 11091 29060=
40848 11957 00000 11008 21039 38571 40244 58008 60001 70500 333 70000 555 11018 29079=
40854 12960 00000 10005 21115 39012 40257 57013 60001 333 70000 555 11030 29040=
40856 12960 01703 11092 21236 38701 40299 58005 60001 333 70000 555 11114 29030=
40859 12960 03602 10004 21111 38751 40232 57010 60001 333 70000 555 11028 29042=
40875 11930 00403 10137 21068 30200 40212 56010 60001 70500 333 70000 555 10064 29023=
40879 12960 00402 10027 21135 39556 40257 51007 60001 333 70000 555 11018 29029=
40882 11557 43602 10194 20132 30168 40203 58009 69911 70562 82530 333 70001 82625 84360 555 10159 29068=
40883 11930 00000 10179 20079 30180 40203 56010 60001 70600 333 70000 555 10128 29052=
40893 11950 00303 10180 21038 30190 40196 58006 60001 70500 333 70000 555 10093 29023=
40898 11950 00000 10158 21028 30197 40206 51005 60001 70600 333 70000 555 10084 29028=
41024 22960 03304 10251 20090 30127 40153 333 58003 60005==
41036 21550 50000 10136 21020 38594 48544 70641 85600 333 59008 60005 85720==
41055 21956 01103 10107 21070 38397 48546 70630 333 59014 60005==
41061 21959 01108 10100 21180 39502 40221 70600 333 59023 60005==
41084 22960 03005 10102 21090 38895 48544 333 59018 60005==
41112 22960 00000 10078 21040 37973 48547 333 59003 60005==
41114 22960 00000 10079 21030 38012 48550 333 59005 60005==
41128 22960 00000 10093 21040 38868 48564 333 59015 60005==
41136 21957 00904 10105 21100 39397 40228 70600 333 59009 60005==
41140 22960 00000 10236 20200 30143 40153 333 59001 60005==
41150 32966 02807 10150 20023 40225 333 59018=
41176 34/70 /3306 10126 20063 30215 40221 333 59020=
41184 31957 01906 10142 20071 40206 70600 333 59011=
41194 11959 01603 10196 20096 30196 40202 60001 70600 333 59005 70000=
41196 12960 01403 10139 20077 30166 40209 60001 333 59003=
41216 31958 02904 10203 20158 30198 40202 70500 333 59014=
41217 31958 01906 10185 20136 30169 40199 70500 333 59014=
41244 36/// /0000 10155 20112 39765 40191 333 0E021 55300 25022 5////=
41253 06/// /0500 10167 20157 39825 40195 60034 333 0E018 55300 25022 58001 70034=
41254 36/// /3502 10045 21026 38061 49899 333 0E001 55300 25022 59012=
41255 36/// /0000 10156 20097 39657 40178 333 0E018 59006=
41257 36/// /2203 10146 20092 39702 40211 333 0E016 55300 20000 58002=
41263 36/// /0000 10161 20085 39597 40171 333 0E018 55300 20000 59007=
41265 36/// /3205 10168 20071 39592 40169 333 0E019 55300 20000 59003=
41268 36/// /0011 10222 20116 30127 40175 333 0E022 55300 25022 59002=
41275 36/// /3210 10157 20085 30033 40207 333 0E016 55300 20000 59002=
41288 36/// /0516 10242 20159 30157 40179 333 0E024 59006=
41315 36/67 /3326 10117 21026 39345 48242 333 0E015 55300 27865 58000=
41316 32960 03514 10197 21013 30167 40197 333 58015 55000 55407 55408 55507 55508=
41396 12960 00103 10134 21013 39478 40226 60002 333 58000=
41480 12460 40104 10240 20177 30166 40174 60002 84500 333 58005 84618=
41506 12920 00000 10005 21035 38528 48250 60001 333 59021==
41508 12440 00000 11011 21040 38681 48430 60001 82520 333 56880 59026==
41515 12420 40000 10004 21023 38603 48610 60001 84500 333 56800 58000==
41516 12940 50000 11040 21056 38565 48190 60001 80001 333 56008 59034==
41518 12440 70000 10000 21054 30001 48010 60001 87520 333 56880 58000==
41519 12940 30000 10030 21040 38817 48450 60001 83030 333 56080 59068==
41523 12940 00000 10015 21027 39099 48950 60001 333 59030==
41535 12940 00000 10015 21061 38718 48800 60001 333 59015==
41536 12940 00000 10030 21024 39048 48990 60001 333 59022==
41560 12940 30000 11005 21018 38313 48470 60001 83030 333 56080 59009==
41571 11900 20502 10045 21005 39584 40194 60002 70500 80001 333 56008 59019==
41598 11920 00000 10035 20009 39884 40170 60001 71000 333 59025==
41600 11410 60000 10030 20030 39877 40189 60001 71022 83520 333 56880 59003==
41620 11440 23601 10010 21049 38607 48060 60001 70400 82500 333 56800 58009==
41624 11910 00000 10060 20023 39963 40173 60001 70400 333 59014==
41630 11920 00000 10050 20025 30000 40176 60001 70400 333 59020==
41640 11920 00000 10065 20042 39908 40168 60001 71000 333 59022==
41660 019// 02306 11020 21101 38464 48555 60002 70500 333 59013 60007=
41678 11920 00000 10060 20036 30000 40174 60001 71000 333 59018==
41696 12940 00000 11050 21117 38043 48870 60001 333 59002==
41697 12940 00000 10100 20044 39995 40158 60001 333 59020==
41700 11910 00000 10075 20053 30015 40149 60001 71000 333 59026==
41715 11905 00000 10070 20059 30096 40164 60001 70500 333 59023==
41718 11920 00000 10065 20042 30049 40157 60001 71000 333 59019==
41725 11940 00000 10100 20044 30071 40154 60002 70500 333 59027==
41739 11920 03602 10005 21038 39113 48340 60001 70500 333 58040==
41744 11920 03103 10025 21030 38803 48150 60001 70600 333 58007==
41749 11920 00000 10090 20069 30147 40180 60001 70400 333 58008==
41756 11940 03601 10170 20115 30118 40185 60001 70500 333 58014==
41757 11920 03605 10130 21022 30186 40199 60001 70600 333 58008==
41764 11940 00000 10110 20056 30092 40145 60001 70400 333 59023==
41768 12940 00000 10075 20040 30136 40143 60001 333 59014==
41780 11920 00701 10135 20035 30123 40150 60001 70400 333 59021==
41785 12940 00000 10100 20079 30162 40175 60001 333 58002==
41859 01930 00501 10138 20130 30116 40155 70500 333 59003 70000==
41883 01925 00000 10132 20120 30128 40149 70500 333 58000 70000==
41891 01930 00902 10164 20100 30112 40152 70500 333 59011 70000==
41907 01930 00000 10112 20110 30132 40147 70500 333 59002 70000==
41923 01930 00000 10146 20130 30139 40149 70500 333 59003 70000==
41936 01905 00000 10120 20110 30138 40146 74644 333 59003 70000==
41943 01/30 40000 10140 20130 30136 40144 70522 84030 333 59003 70000 84362==
41950 01/40 20000 10150 20150 30144 40146 70500 82030 333 59002 70000 82362==
41978 01/35 40403 10192 20150 30134 40141 70521 84010 333 59003 70000 84462==
41992 01425 60302 10215 20180 30134 40136 70521 84520 333 59006 70000 84616 86460==
42027 31994 00202 11034 21047 38431 48520 71000 333 59040=
42071 31994 03203 10040 20036 40170 71000 333 59025=
42101 31995 00000 10064 20055 39854 40170 71000 333 59029=
42111 31994 00000 10088 20080 39436 40163 71000 333 59017=
42123 31995 00000 10060 20041 40156 70500 333 59034=
42131 31994 00000 10034 20019 40183 71000 333 59013=
42165 31995 01402 10098 20034 40143 70500 333 59030=
42182 31992 00000 10070 20061 40163 74440 333 59020=
42189 31993 00000 10088 20071 40157 74444 333 59017=
42309 31996 03402 10092 20088 40175 71000 333 59006=
42314 31995 00000 10102 20090 40174 71000 333 59003=
42328 31995 03602 10080 20005 40138 70500 333 59012=
42339 31995 00000 10094 20052 40147 70500 333 59020=
42348 31995 09903 10080 20044 40171 71000 333 59023=
42361 31992 00000 10060 20051 40163 74640 333 59023=
42369 31994 00000 10102 20094 40159 71000 333 59012=
42379 31993 00000 10100 20088 40147 71140 333 59011=
42410 31595 10000 10126 20122 40168 71000 333 59004 81620=
42415 31995 00000 10132 20105 40175 71000 333 59006=
42452 31995 00000 10082 20056 40149 71000 333 59024=
42492 31993 00000 10130 20111 40157 74240 333 59007=
42559 31995 01401 10088 20053 40152 70500 333 59025=
42571 31995 00000 10080 20063 40160 71040 333 59021=
42623 31994 00000 10060 20056 39313 40232 71000 333 58010=
42634 32996 00000 10132 20094 40143 333 59010=
42647 31995 00202 10132 20080 40130 70500 333 59020=
42667 31995 01402 10054 20036 39544 40167 70500 333 59024=
42675 31995 00000 10078 20061 40140 71000 333 59038=
42701 31995 00000 10106 20083 39416 40173 71000 333 59009=
42724 31995 20000 10122 20118 40146 71000 82030 333 59003 82360=
42737 32996 00000 10130 20082 40145 333 59004=
42754 31996 00000 10154 20095 39486 40132 70500 333 59023=
42779 31995 20000 10096 20050 39441 40169 70500 80001 333 59009 82075=
42798 31993 00000 10110 20098 40160 74440 333 59002=
42809 31994 00000 10152 20133 40148 71000 333 59005=
42840 32996 00202 10164 20116 40127 333 59013=
42867 31995 00000 10096 20075 40156 71000 333 59009=
42874 31995 00000 10130 20086 40158 70500 333 59005=
42886 31994 00000 10086 20073 40167 71000 333 59004=
42895 31995 00000 10146 20116 40152 70500 333 59008=
42909 32996 00203 10176 20105 40126 333 59005=
42971 31595 50203 10162 20122 40147 70521 82530 333 59016 82620 85360=
43003 31995 00000 10168 20125 40118 70500 333 59005=
43014 31995 03202 10104 20085 39472 40147 71044 333 59010=
43041 31995 00000 10112 20093 39516 40156 71000 333 59015=
43063 32996 00000 10088 20084 39501 40157 333 59006=
43086 31995 00000 10116 20100 39947 40134 70500 333 59006=
43110 31996 00702 10162 20122 40118 70544 333 59004=
43117 32996 00000 10140 20100 40142 333 59009=
43128 31995 30000 10132 20110 39516 40144 71010 80001 333 59011 83070=
43150 31596 23609 10226 20137 30061 40122 70500 82500 333 59020 82620=
43185 31595 50202 10200 20187 30102 40106 71011 83530 333 59021 83620 85360=
43189 32596 50000 10200 20149 30110 40119 82532 333 59021=
43192 32996 00503 10206 20184 40106 333 59004=
43201 32496 20000 10138 20124 39369 40117 82500 333 59017 82612=
43213 31595 40000 10176 20152 39792 40117 71011 81531 333 59008=
43237 31595 40000 10150 20139 39695 40101 71011 82530 333 59013 82620 83360=
43245 31596 32702 10227 20210 30083 40110 70510 82530 333 59018=
43279 31595 83204 10248 20205 30083 40101 71022 8457/ 333 59020 84620 85458 87360=
43284 31996 10903 10220 20182 39981 40098 71000 80001 333 59006 81075=
43295 31496 30000 10172 20156 39093 48493 71011 83600 333 56100 59012 82710 83612=
43314 32596 20000 10240 20213 40095 81401 333 59006=
43321 31495 49902 10190 20174 39653 40109 71011 81501 333 59013 81615 83070=
43329 32596 30000 10232 20223 30078 40091 81531 333 59019=
43333 21496 70904 10272 20237 40101 70562 85430 333 56290 58006 6002/ 82618 84820 86360=
43344 31495 73203 10238 20201 39997 40098 71022 82531 333 59021 82616 86360=
43353 31496 49902 10248 20226 40088 71021 81530 333 56790 59014 81620 83359=
43369 32496 60000 10252 20246 40089 84430 333 59005 84618 84358=
43371 32496 30000 10246 20237 30014 40087 81530 333 59006 81618 83358=
43404 22468 73302 10248 20234 30075 40078 54000 86000 333 55000 553// 20000 59017 60008 91004 555 60018==
43410 22470 80301 10262 20245 30075 40078 57/// 88000 333 59014 60008==
43413 22470 83403 10258 20245 30082 40087 5/004 88270 333 553// 20006 59013 60008 91006==
43415 22470 70000 10244 20238 39989 40097 84000 333 59008 60008 555 60058==
43418 21470 80000 10246 20245 30043 40084 57/// 70282 88170 333 59007 69918 555 60498==
43421 22470 80000 10236 20235 39978 40084 57008 88000 333 553// 20000 59012 60008 91001==
43422 22470 83601 10240 20234 39949 40083 88110 333 55000 69978 555 60098==
43424 21/70 60203 10242 20231 30079 40081 57011 70382 333 59014 60008 555 69938==
43436 21469 80000 10250 20247 30076 40079 54002 76166 88/// 333 59009 69988 81920 555 60188==
43441 21460 80501 10243 20235 39944 40077 56007 75086 88120 333 59012 60038 555 60108==
43444 21468 80000 10225 20221 39551 40082 57007 76086 88000 333 59011 60018 555 60078==
43450 21/56 73602 10242 20235 30080 40092 55003 71062 87/2/ 333 59013 69908 81/16 555 60068==
43466 21465 80202 10246 20217 30076 40084 5/001 71062 87170 333 553// 20000 59014 60008 91003==
43467 21456 80201 10247 20237 30078 40084 54000 71022 88100 333 59013 60008 555 60058==
43473 22/70 73601 10148 20148 38110 48476 57001 87000 333 553// 20001 59004 60008 91001 555 60208==
43475 22470 53201 10245 20231 30072 40077 52003 85000 333 553// 20000 59013 60008 91002 555 60358==
43476 21430 80000 10188 20188 38757 48501 71022 88000 333 55000 60188 555 60298==
43479 21/66 83600 10209 20207 39240 710// 88/1/ 333 55000 59009 60038 84/08 555 60328==
43486 21430 80401 10236 20236 39981 40082 56001 71065 88070 333 55000 553// 20000 59013 60008 91001==
43495 22468 73401 10250 20232 30068 40081 5/020 86000 333 59030 60008 555 69968==
43497 22468 63301 10249 20000 30059 40076 5/001 85000 333 553// 20006 59009 60008 91001==
44212 11/// 82801 11183 21215 39288 40536 57005 60052 77177 8802/ 333 21188 3/119 47013 55000==
44213 11/// 80000 11203 21234 38923 40537 57003 60002 77172 8802/ 333 21310 3/131 43004==
44214 11/// 81803 11129 21151 38352 40458 57001 60022 77177 8802/ 333 21244 3/127 47001 55058==
44215 119// 81302 11115 21175 38499 40458 57001 69952 70272 8802/ 333 21204 47002 91204 555 31206 80346 93100=
44217 115// 80000 11144 21167 37892 40473 57006 60032 77072 8802/ 333 21144 47003 91200 555 31163 80340 93102=
44218 115// 82302 11168 21193 38713 40506 57004 60022 77377 8802/ 333 21199 47004 91202 555 31200 80728 93102=
44219 329// 70702 11225 21251 38733 40554 57003 87010 333 21269 43003 91202 555 31279=
44265 11/// 80000 11148 21172 38970 40494 57012 69992 77172 8802/ 333 21225 3/125 43002 55065==
44266 119// 83602 11142 21165 37812 40461 58002 69902 72272 8802/ 333 21174 47001 91204 555 31197 80025 93100=
44404 42956 00902 10064 20016 38135 48482 80000 333 59014=
44416 42956 03601 10069 20067 39384 40166 80000 333 59013=
44424 42858 70000 11014 21072 37679 47049 83830 333 59022=
44434 42358 13404 10084 20077 39257 48536 81100 333 59013=
44438 41930 00702 10106 20106 30026 40153 710// 80000 333 59008=
44449 42956 03502 10123 20116 39994 40152 80000 333 59008=
44454 42456 21102 10048 20044 38689 48523 82100 333 59002=
44462 42960 00901 10096 20056 38274 48497 80000 333 59006=
44474 41910 00000 10057 20027 38278 48529 710// 80000 333 59012=
44477 42956 00000 10094 20080 38840 48546 80000 333 59008=
44478 41915 00000 10106 20106 30067 40149 710// 80000 333 58001=
48010 42905 00000 10130 20122 30011 40171 333 20115 59003==
48020 41120 70000 10125 20117 74144 87600 333 20118==
48025 11105 70000 10146 20105 30029 40175 59004 60002 74244 85770==
48048 41540 33601 10167 20167 30095 40154 71000 83800 333 20162 59003==
48052 32950 00000 10184 20147 333 20162=
48064 42440 21801 10194 20175 30059 40118 81101 333 20170 59007==
48094 42956 20401 10235 20185 30109 40119 80006 333 20227 59009==
48109 42440 50402 10276 20233 30111 40114 85900 333 20228 58007==
51076 14057 00700 11159 21178 39520 40483 57008 60001 71000 333 11107 21160 3/103 4/009 58097 70015 90761 91105==
51087 14029 03201 11151 21173 39367 40489 57012 60011 71000 333 11127 21169 3/106 4/009 58094 70014 90761 91103==
51156 14080 03301 11178 21204 38816 40476 57013 60001 333 11071 21182 3/113 4/001 58087 90761 91107==
51243 14/58 /3501 11172 21200 39879 40486 57013 60001 333 11123 21175 3/113 4/001 58104 70000 90761 91103==
51334 14069 00602 11103 21129 30022 40457 57018 60001 333 11034 21103 3/107 4/008 58084 70019 90761 91106==
51379 14075 01601 11186 21208 39455 40489 57012 69931 333 11064 21196 3/105 4/014 58076 70006 90761 91105==
51463 14024 03001 11104 21119 39186 40466 57017 69931 71000 333 11044 21108 3/101 4/032 58061 70081 90761 91108==
51573 14/59 /3602 11064 21135 30345 40398 52005 60001 333 11027 21113 3/114 58057 70000 90761 91104==
51644 14/47 /0101 11167 21188 39070 40439 54000 60001 71000 333 11066 21169 3/105 4/006 58093 70000 90761 91103==
51656 14/27 /3501 11170 21192 39280 40435 52001 60001 71000 333 11043 21174 3/115 4/003 58088 90761 91102==
51709 14/50 /1300 11058 21102 38731 40394 52005 60001 70500 333 11028 21107 3/109 58091 70000 90761 91103==
51711 14/50 /2601 11137 21161 38073 40367 52005 60001 70500 333 10052 21137 3/118 58088 90761 91105==
51716 14057 00302 11064 21099 39035 40403 52004 60001 333 11001 21084 3/111 58102 70000 90761 91105==
51765 14/59 /2201 11151 21165 39341 40428 54000 60001 333 11060 21160 3/119 58084 90761 91103==
51811 14/58 /0000 11104 21129 38901 40402 52007 60001 333 10020 21104 3/117 58090 70000 90761 91104==
51818 14/50 /2601 11121 21147 38740 40402 52011 60001 333 10016 21123 3/118 58089 70000 90761 91104==
51886 14/76 /2900 11144 21262 37118 40352 57003 60001 333 11057 21187 3/121 59016 70000 90761 91103==
52203 14/56 /0701 11107 21155 39461 40415 52003 60001 70500 333 11051 21165 3/115 58078 70000 90761 91105==
52602 14/77 /2301 11158 21269 37267 40356 57003 60001 333 11024 21189 3/123 59030 70000 90761 91103==
52818 14/80 /1100 11107 21223 37230 40291 57007 60001 333 11008 21141 3/115 59032 70000 90761 91104==
52908 14/80 /2804 11142 21277 35769 40225 57002 60001 333 10015 21167 3/118 59016 70000 90761 91108==
55299 14/57 /0302 11162 21272 35889 40287 52004 60001 70500 333 10073 21176 3/122 59020 70000 90761 91104==
55591 14/80 /0702 11044 21179 36562 40234 52005 60001 333 10117 21057 3/113 59039 70000 90761 91103==
56004 14/80 /3501 11183 21243 35837 40286 52001 60001 333 10050 21201 3/125 59019 70000 90761 91108==
56018 14/80 /1801 11120 21237 36203 40187 52004 60001 333 10089 21184 3/117 59033 70000 90761 91112==
62306 42560 43511 10182 20125 40266 52004 84500==
62309 42560 32805 10154 20120 40240 57004 83500==
62332 42960 02504 10158 20133 40241 57008==
62366 45960 00702 10134 20093 40242 57003==
62405 42960 00000 10138 20043 40198 54000==
62414 42960 03505 10166 20062 40185 57002==
62419 42960 03406 10178 20063 40171 57004==
62420 42960 03607 10131 20101 40146 54000==
62435 42960 03604 10142 21006 40199 57006==
62458 42960 00000 10158 20074 40223 52004==
41517 01696 70000 11050 21080 37801 48551 60002 70422 82530 333 56990 59039 60007 82640 86360=
