SMPK OPKC 180600=
41504 02697 60000 10000 21118 37874 48538 60001 83510 333 56990 59002 60007 83640 83460 RH41%=
41505 22696 83104 11010 21010 38/// 48/// 60002 8457/ 333 5699/ 58/// 83640 87760 100%=
41506 02697 80000 10070 21027 38542 48540 60001 8452/ 333 5699/ 59007 60007 84640 84460 50%=
41507 02697 80000 10050 20027 39275 49813 60001 8352/ 333 5699/ 59018 60007 83640 85460 85%=
41508 02696 80000 10061 21051 38684 48550 60001 84520 333 56990 58008 60007 84635 84460 RH 45%=
41509 02996 42302 10050 21014 38789 48523 60003 80030 333 56090 58007 60007 84360 RH63%=
41510 02697 80000 10030 21020 37926 48545 60001 84520 333 56990 59003 60007 84640 84460 70%=
41515 02697 70000 10060 21072 38570 48531 60001 83520 333 56990 59028 60007 83650 84460 38%=
41516 02696 72302 10035 21068 38591 48544 60001 70422 82510 333 56990 58010 60007 82640Â 87460Â RHÂ 56%=
41517 01696 70000 10000 21050 37842 48580 60001 70422 83570 333 56990 58022 60007 83640 87460 66%=
41518 02696 81802 10044 21085 38/// 48/// 60001 8352/ 333 5699/ 5//// 60007 83640 88460 40%=
41519 02697 70000 10070 21076 38812 48544 60001 83520 333 56990 58027 60007 83640 85462 RH35%=
41520 02697 71804 10020 21164 37658 48308 60001 83570 333 56990 58042 60007 83640 86762 24%=
41523 02697 80000 10065 21026 39111 48514 60001 8352/ 333 5699/ 59007 60007 83640 85460 52%=
41524 02697 83104 10135 21058 39388 40255 60001 8252/ 333 5699/ 59007 82640 86460 26%=
41525 12697 60000 10050 21024 37697 48420 60001 83420 333 56990 59007 83840 83460 59%=
41528 02697 80000 10065 20005 39248 48517 60001 8552/ 333 5699/ 59017 60007 85640 88460 65%=
41529 01695 70000 10100 20068 39812 40206 60001 70420 83520 333 56990 59009 60007 83640 81%=
41530 01994 70000 10120 20014 39771 40194 60001 70522 82031 333 56099 59011 60007 82360 86075 46%=
41534 01694 60000 10080 20058 39777 40208 60001 71000 83520 333 56990 59004 60007 83640 83460 RH 86%=
41535 02697 70000 10100 21024 38730 48498 83520 333 56990 59003 60007 83635 85460 RH42%=
41536 02997 70000 10095 21032 39063 48525 60001 87020 333 56090 59008 60007 87460 41%=
41560 02997 01302 10105 21058 38309 48535 60001 333 59007 60007 RH31%=
41562 02697 63102 10155 20004 39710 40178 60001 82520 333 56990 59003 60007 82640 84460 RH36%=
41565 02996 70000 10100 21024 38678 48543 60001 87020 333 56090 59008 60007 87460 42%=
41567 01696 40000 10090 20018 39739 40170 60001 70401 82530 333 56990 58001 60007 82640 84360 61%=
41571 11995 50504 10125 21018 39601 40195 60001 70522 80001 333 56009 59013 RH37%=
41572 01696 60000 10140 20007 39541 40174 60001 70500 83510 333 56990 59012 60007 83640 86460 RH 40%=
41573 02697 81302 10085 21006 37997 48525 60001 84520 333 56990 58007 60007 84640 84460 53%=
41574 02697 71302 10090 20001 38378 48557 60001 82520 333 56990 58007 60007 82640 87460 54%=
41576 01994 60000 10130 20043 40204 60001 70400 82031 333 56099 59006 60007 82360 85070 55%=
41577 01696 70000 10110 20047 39566 40196 60001 70410 83570 333 56990 59008 60007 83640 84460 RH 65%=
41593 01996 30000 10150 20069 39961 40180 60001 70410 83030 333 56090 59012 60007 83360 58%=
41597 01996 50000 10130 20043 40197 60001 70400 333 59004 60007 55%=
41598 01996 31302 10130 20056 39906 40184 60001 70400 83070 333 56090 59007 60007 83460 61%=
41599 01695 60000 10150 20056 39891 40186 60001 70400 83470 333 56990 58001 60007 83640 83460 53%=
41600 01696 60000 10140 20080 39881 40183 60001 70422 83570 333 56990 59005 60007 83645 83363 67%=
41620 32696 42704 10080 21137 38591 48503 60001 70500 84500 333 56900 59020 60007 84640 20%=
41624 01695 51302 10120 20043 39981 40187 60001 70400 82520 333 56990 59003 60007 82637 83460 59%=
41625 01696 60502 10130 20068 39963 40168 60001 70400 83520 333 56990 59010 60007 83640 83460 66%=
41630 01994 41302 10175 20089 40192 60001 70410 84030 333 56090 59005 60007 84360 57%=
41633 01996 30000 10150 20056 4//// 60001 83030 333 56090 5//// 60007 53%=
41634 02997 53102 10150 20022 3//// 4//// 60001 85030 333 56090 5//// 60007 85360 42%=
41635 01996 50000 10150 20043 3//// 4//// 60001 70522 85030 333 56090 5//// 60007 85362 49%=
41635 01996 50000 10150 20050 3//// 4//// 60001 70522 85030 333 56090 5//// 60007 85362 49%=
41636 01996 50000 10150 20069 30006 40195 60001 70400 80001 333 56009 59009 60007 85072 58%=
41638 01996 43602 10160 20057 4//// 60001 70400 80002 333 56009 5//// 60007 84070 50%=
41639 01996 30000 10105 20023 3//// 4//// 60001 70400 83030 333 56090 5//// 60007 83360 57%=
41640 01995 00000 10165 20076 39924 40177 60001 70400 333 59012 60007 56%=
41641 01995 20000 10150 20081 39898 40177 60001 70400 82030 333 56090 59017 60007 82360 63%=
41642 01996 53102 10150 20043 3//// 4//// 60001 70400 85070 333 56090 5//// 60007 85461 49%=
41643 01995 30000 10130 20080 39899 40182 60001 70410 83070 333 56090 59001 60007 83460 71%=
41644 01996 00000 10120 20029 4//// 60001 70400 333 5//// 60007 RH54%=
41646 01996 00000 10150 20092 39977 40196 60001 70400 333 59011 60007 68%=
41652 01996 01302 10175 20077 30011 40192 60001 70400 333 59005 60007 52%=
41660 02997 42306 10080 21085 38453 48544 60001 83031 333 56099 59034 60007 83362 RH30%=
41661 01996 33102 10100 21048 38406 48534 60001 70540 83030 333 56090 59027 60007 83360 35%=
41669 01996 30000 10140 20056 3//// 4//// 60001 70400 83030 333 56090 5//// 60007 83360 57%=
41670 01996 30000 10135 20049 4//// 60001 70400 83030 333 56090 5//// 60007 83360 56%=
41674 01993 20000 10160 20081 3//// 4//// 60001 70400 82030 333 56090 5//// 60007 82360 60% =
41675 01994 20000 10160 20081 30033 40179 60001 70400 82030 333 56090 59014 60007 82360 60%=
41676 01995 03102 10155 20075 30041 40201 60001 70400 84020 333 56090 59005 60007 84461 59%=
41677 01996 00000 10160 20081 30004 40173 60001 70400 333 59004 60007 60%=
41678 01995 00000 10155 20075 40195 60001 70400 333 59004 60007 59%=
41679 01996 00000 10120 20090 4//// 60001 70410 333 5//// 60007 82%=
41680 01995 00000 10160 20093 39978 40180 60001 70400 333 59010 60007 64%=
41685 02997 03102 10090 21110 38949 48523 60001 333 59003 60007 RH23%=
41697 02997 00000 10190 21025 40165 60001 333 59028 60007 RH23%=
41700 01995 00000 10165 20076 40173 60001 70400 333 59012 60007 56%=
41701 01994 00000 10170 20082 30042 40187 60001 70400 333 59015 60007 56%=
41710 12997 01302 10085 21123 39431 40234 60001 333 59028 RH21%=
41712 12997 00504 10065 21026 39263 48547 60001 333 59026 RH52%=
41715 01996 00000 10170 20070 30122 40189 60001 70500 333 59002 60007 RH52%=
41716 01994 00000 10155 20087 30093 40199 60001 70400 333 59008 60007 64%=
41718 01995 00000 10170 20094 30078 40184 60001 70400 333 59003 60007 61%=
41724 01994 00504 10170 20082 30133 40212 60001 70400 333 58005 60007 RH56%=
41725 21996 03602 10165 20076 40187 60001 70500 333 58001 RH56%=
41726 01995 00000 10160 20093 30119 40191 60001 70500 333 58005 60007 RH64%=
41738 01995 00510 10180 21146 30021 40206 60001 70500 333 59037 60007 RH10%=
41739 01996 00000 10090 21040 39109 48548 60001 70500 333 59008 60007 RH39%=
41742 12997 23602 10225 20026 40180 60001 82030 333 56090 59014 82360 RH 27%=
41743 01996 00502 10170 20094 60001 70400 333 60007 RH 61%=
41744 02996 03106 10140 21010 38820 48543 60001 333 59007 60007 RH36%=
41745 01996 03604 10170 20070 60001 70400 333 60007 RH 52%=
41746 01996 00000 10175 20089 30130 40186 60001 70400 333 59014 60007 RH57%=
41747 01994 03604 10180 20058 40175 60001 70400 333 59007 60007 RH45%=
41748 01996 03604 10165 20076 40198 60001 70500 333 59002 60007 RH56%=
41749 01994 03604 10180 20106 30163 40196 60001 70400 333 59004 60007 RH62%=
41756 01996 00508 10195 21091 30121 40188 60001 70500 85030 333 56090 59010 60007 85358 RH14%=
41757 12996 30000 10200 21048 30176 40189 60001 80001 333 56009 59029 60007 83070 RH18%=
41759 01996 03602 10215 21091 30174 40180 60001 70500 82030 333 56090 59022 60007 82360 RH12%=
41760 01996 70902 10235 20059 30165 40178 60001 70500 82041 333 56099 59003 60007 82360 85080 RH32%=
41764 01995 33610 10180 20048 30117 40168 60001 70400 80001 333 56009 59013 60007 83070 RH45%=
41765 01996 33606 10190 20085 30144 40180 70400 80001 333 56009 58001 60007 83070 RH50%=
41766 01995 23602 10170 20070 40181 82500 60002 70400 333 56900 59008 60007 70000 RH52%=
41767 01995 13604 10155 20044 3//// 4//// 60001 70400 80001 333 56009 60007 81070 RH59%=
41768 02996 23602 10190 20013 30174 40181 60001 80001 333 56009 58008 60007 82070 RH31%=
41780 01996 00212 10240 21043 30143 40170 60001 70500 333 59004 60007 RH15%=
41783 02996 00506 10200 20046 30136 40166 60001 333 59001 60007 RH 36%=
41785 02996 33602 10170 20070 30164 40177 60001 80001 333 56009 59007 60007 83070 RH 52%=
41786 02996 43604 10200 20046 30126 40163 60001 84030 333 56090 58001 60007 84362 RH 36%=
41BAG 02697 60502 10020 21133 60001 84510 333 56990 60007 84640 86460 31%=
41BKI 01994 70000 10120 20029 39765 40193 60001 70421 82034 333 56099 59009 60007 82360 85470 54%=
41SKP 01995 30000 10145 20062 3//// 4//// 60001 70440 83030 333 56090 5//// 60007 83360 58%=
43532 02697 60000 10065 20005 39368 40202 60001 83520 333 56990 59007 60007 83640 83460 65%=
43533 01996 70000 10070 21003 39253 48500 60001 70410 87010 333 56090 58003 60007 87460 60%=
43563 02697 60000 10083 21013 39487 40201 60001 82530 333 56990 58001 60007 82640 84360 50%=

==================
41526 Not Received
41533 Not Received
41564 Not Received
41568 Not Received
41592 Not Received
41594 Not Received
41672 Not Received
41696 Not Received
41781 Not Received
==================

UPPK OPKC 180600=
PPAA 68051 41780 MISDA NO ASCENT DUE TO RED BALLOON SHORTAGE=
PPAA 6806/ 41506 MISDA DUE TO OVC=
PPAA 6806/ 41516 misda due to air movement=
PPAA 6806/ 41517 MISDA DUE TO AIR MOVEMENT=
PPAA 6806/ 41598 MISDA DUE TO TECHNICAL PROBLEM=
PPAA 6806/ 41600 MISDA DUE TO TECHNICAL PROBLEMS=
PPAA 6806/ 41624 MISDA DUE TO TECHNICAL FAULT=
PPAA 6806/ 41640 MISDA DUE TO TECHNICAL PROBLEM=
PPAA 6806/ 41640 MISDA DUE TO TECNICAL PROBLEM=
PPAA 6806/ 41646 MISDA DUE TO TECHNICAL PROBLEM =
PPAA 6806/ 41675 MISDA DUE TO TECHNICAL ISSUE=
PPAA 6806/ 41678 MISDA DUE TO TECHNICAL PROBLEM=
PPAA 6806/ 41718 MISDA DUE TO TECHNICAL PROBLEM=
PPAA 6806/ 41739 no acent due to security risk=
PPAA 6806/ 41764 BALLOON NO ASCENT DUE TO PAF FLYING=
PPAA 6806/ 41768 NO ASCENT DUE TO SHORTAGE OF STAFF


Data Generated from File : D:/all data handling/Rmc_lhr/2024121806.FSU.txt
18/12/2024 07:01:19
____________________________________________________________________________________________
15020 04570 73003 10088 20010 30031 40230 53009 60002 84570 333 10093 20077 31007 55300 20000 60007 70000 91006 90760 91107==
15090 01570 82803 10076 20021 30140 40234 53008 69902 70262 885// 333 10091 20060 31000 55300 10030 20000 30000 60007 91005 90760 91106==
15108 01/00 92910 11044 21045 38091 48508 50006 60002 74543 89/// 333 11039 21045 49067 55300 20000 60007 70000 91013 90760 91116==
15150 04/65 33201 11006 21012 30029 40252 52011 60002 82041 333 10057 21018 30104 55300 20000 60007 70000 91003 90760 91103==
15170 02570 63502 10001 21012 39468 42849 52008 60002 85301 333 10053 21004 31000 55300 20000 60007 70000 91004 90760 91104==
15280 01/84 2//// 11060 21068 37527 47071 52003 60002 73633 81041 333 11060 21076 49039 55300 20000 60007 70000==
15310 04970 32202 10033 20000 30160 40249 52013 60002 80001 333 10088 20033 31002 55300 10160 20000 30000 60007 70000 91003 90760 91105==
15335 04/70 13003 10059 20009 30238 40245 52011 60002 81030 333 10097 20038 31000 55300 20002 60007 70000 91004 90760 91104==
15350 04/70 32102 10028 20001 30134 40258 52013 60002 82041 333 10128 20028 31001 55300 20000 60007 70000 91003 90760 91103==
15360 04970 02606 10056 20010 30221 40238 53012 60002 333 10099 20054 60007 70000 91007 90760 91108==
15420 02960 03300 11018 21019 30146 40263 53012 60002 333 10114 21018 31103 55300 20000 60007 70000 91001 90760 91101==
15460 04970 02401 10047 20028 30238 40263 52013 60002 333 10112 20023 34101 55300 20001 60007 70000 91003 90760 91104==
15470 02960 12803 10011 20008 30132 40264 53007 60002 80001 333 10097 20009 31101 55300 20000 60007 70000 91004 90760 91105==
15480 04970 22202 10047 20017 30237 40255 52013 60002 80002 333 10113 20047 31002 55300 10200 20000 30000 60007 70000 91003 90760 91104==
15549 12970 02502 10031 20024 39835 40262 52007 60002 333 10116 20031 70000 555 31102 595// 92600=
15552 12980 02902 10069 20036 30204 40254 52013 60002 222// 00096 10201 333 10138 20065 55077 70000 555 31005 579// 92024 92428=
15640 12974 00000 10088 20057 39947 40262 52013 60002 333 10164 20088 55083 70000 555 31004 581//=
15655 12968 03204 10074 20039 30224 40258 52005 60002 222// 00108 10000 333 10119 20069 70000 555 31/// 578// 92023 92427=
15730 12965 00000 10010 20005 39860 40271 54000 60002 333 10085 20009 55083 70000 555 31/// 596// 92600=
16627 12975 00000 10026 20015 30259 40266 53009 60002 333 20026 30/// 55079 70000 90730 91104==
16650 12560 30000 10090 20077 30254 40263 52008 60002 81160 333 20060 31/// 55085 70000 81820 83360 90730 91105==
16706 12560 10000 10050 20035 30249 40255 57009 60002 81100 333 20050 30/// 55067 70000==
16723 12960 00005 10090 20055 30245 40258 51006 60002 333 20070 30/// 55000 70000 90730 91108==
16742 12960 03507 10110 20059 30089 40246 54000 60002 333 20110 30/// 70000 90730 91114==
16749 12960 00002 10116 20084 30223 40238 55007 60002 333 20094 30/// 55077 70000 90730 91106==
16754 12570 21806 10092 20080 30209 40258 52002 60002 82250 333 20087 31/// 55044 70000 90730 91110==
16757 12460 42907 10134 20112 30116 40250 52002 60002 84800 333 20124 30/// 55079 70000 81816 84625 90730 91112==
16760 12360 30000 10078 20066 40266 52004 60002 83600 333 20054 30/// 55080 70000 81708 83625 90730 91103==
16765 12460 13405 10126 20091 40246 52011 60002 81100 333 20120 30/// 70000 90730 91110==
17022 12670 72103 10110 20063 30094 40260 52011 60002 85270 333 20109 31009 55075 20862 85834 87360 90760 91111==
17024 12670 62612 10153 20151 30155 40232 52017 60002 84550 333 20139 32007 55056 84635 86360 90760 91126==
17026 12570 53009 10117 20092 30197 40236 52017 60002 83250 333 20089 30005 55048 20653 83830 85360 90760 91119==
17031 12670 53008 10116 20042 30228 40234 52018 60002 82130 333 20038 30003 82834 85360 90760 91112==
17034 12670 72205 10144 20027 30186 40232 52013 60002 83250 333 20093 31006 55000 83835 87360 90760 91116==
17038 12670 72503 10134 20028 30171 40219 53007 60002 87200 333 20089 30/// 87835 90760 91113==
17042 11560 81002 10103 20053 30184 40224 55000 60072 76066 8552/ 333 20081 32006 55000 70074 85630 88458 90760 91110==
17050 12970 00000 10027 20007 30210 40274 52007 60002 333 20019 30101 55056 90760 91105==
17056 12962 02802 10074 20055 30268 40272 52009 60002 333 20062 31004 55085 20871 90760 91107==
17060 12960 02508 10102 20089 30232 40273 53008 60002 333 20095 30008 90760 91116==
17070 12565 70000 10030 20008 39383 40274 52009 60002 84520 333 31104 84630 87460 90760 91103==
17074 12459 82104 10064 20057 39304 40253 52011 60002 8572/ 333 20012 30104 55061 20825 83712 85632 88460 90760 91110==
17084 11550 20301 10000 21005 39350 40288 52010 60002 71000 82500 333 21010 34105 55064 21918 82632 90760 91104==
17085 12670 51703 10032 20002 39771 40276 52011 60002 83550 333 20022 31000 55068 83640 85360 90760 91106==
17092 11657 60000 11029 21040 38929 48543 52009 60002 71011 86500 333 21068 34108 55027 20917 86640 90760 91105==
17096 12660 52413 11028 21052 38248 48523 51001 60002 83550 333 21167 3/117 47013 55077 20402 83640 85358 90760 91119==
17098 12660 42310 11004 21055 38172 48487 50002 60002 82530 333 21073 34108 82640 84358 90760 91119==
17100 11/56 50000 11020 21052 39201 40236 50000 60002 71022 85030 333 21035 30106 55015 20498 85360 90760 91105==
17112 12670 10602 10070 20070 30263 40265 53005 60002 81100 333 20061 31003 55053 20662 81835 90760 91107==
17115 12960 00000 11001 21001 30227 40280 52005 60002 333 21007 34101 55066 20804 90760 91104==
17116 12960 00702 10024 20024 30160 40286 52006 60002 333 21001 31101 55069 20749 90760 91104==
17124 11330 20901 11046 21046 39355 40318 52007 60002 71000 82700 333 20645 34106 82708 90760 91104==
17128 11928 02501 11029 21037 39160 40306 52011 60002 71011 333 21034 34105 55014 20264 90760 91106==
17135 12/70 21301 10016 20011 39388 40292 52014 60002 82030 333 20015 34103 55074 23241 82360 90760 91108==
17140 12665 60000 11008 21013 38768 48546 52009 60002 84250 333 21040 3/104 45998 84840 86360 90760 91103==
17150 11103 20000 11024 21027 30158 40288 52009 60002 74811 82600 333 21025 34103 55038 20695 82703 90760 91104==
17160 12/70 11701 11004 21039 39103 48556 52012 60002 81030 333 21028 34106 55082 20963 81360 90760 91103==
17170 12560 20804 11008 21041 38355 48528 53003 60002 82500 333 21067 42002 82620 90760 91106==
17175 12965 01701 10060 20029 30255 40259 53005 60002 333 20051 31001 55047 20699 90760 91102==
17184 11957 13201 10000 21001 30166 40282 53005 60002 71000 80001 333 21006 34101 55088 21080 81070 90760 91102==
17190 12960 03601 11018 21019 39080 48561 52011 60002 333 21025 34106 55076 90760 91103==
17195 11556 50602 11021 21031 39056 48558 52011 60002 71011 85500 333 21052 34107 55037 20611 85630 90760 91106==
17200 12660 33204 11021 21032 39270 40303 52010 60002 81530 333 21072 45001 81640 83360 90760 91110==
17202 11456 63205 11020 21020 39211 40303 52010 60002 71011 86600 333 21062 34/// 86711 90760 91107==
17203 12970 00601 11033 21076 38938 48575 52009 60002 333 21055 34106 55070 20921 90760 91105==
17210 11404 62301 11018 21020 39202 40279 52006 60002 74442 86600 333 21029 34104 55001 86713 90760 91103==
17219 11957 03302 10015 20003 30121 40272 53003 60002 71000 333 20000 34101 55074 20955 90760 91106==
17234 12970 00802 10053 20032 30196 40266 52004 60002 333 20051 32003 55062 20929 90760 91108==
17237 12970 00000 10040 20013 39769 40288 53005 60002 333 20035 34000 55061 90760 91102==
17240 12970 03401 10001 21021 39116 40299 52005 60002 333 21001 34106 55081 21059 90760 91104==
17244 11945 02502 11016 21026 39080 48559 52010 60002 71000 333 21033 34/// 90760 91105==
17248 12970 00000 11010 21020 39063 48555 52010 60002 333 21025 34104 55000 90760 91105==
17250 12970 00302 11020 21037 38881 48560 51010 60002 333 21035 34104 55053 20850 90760 91106==
17260 11958 02602 11009 21019 39392 40241 53007 60002 71000 333 21028 34103 90760 91107==
17270 12970 02801 10042 21005 39600 40265 52008 60002 333 20026 30103 90760 91105==
17275 12970 00000 10044 21064 39040 48549 52008 60002 333 20021 30000 55090 90760 91111==
17280 11102 91701 11018 21046 39449 40269 54000 60002 74900 333 21027 31103 55000 90760 91103==
17290 12970 03201 10113 20028 30219 40251 56002 60002 333 20099 30005 55083 90760 91105==
17292 12970 00000 10001 21012 39487 40268 56001 60002 333 20000 34103 55003 20172==
17300 12960 03505 10069 20025 30180 40253 53002 60002 333 20052 30006 90760 91108==
17310 12970 01102 10121 20053 30224 40231 53002 60002 333 20115 30007 55000 90760 91104==
17330 12670 12901 10102 20011 30233 40251 52010 60002 81100 333 20092 31005 81840 90760 91107==
17350 12960 00000 10063 20021 30157 40238 51007 60002 333 20026 30///==
17370 12970 00000 10098 20026 30244 40248 53006 60002 333 20088 31003 55064 90760 91103==
17375 12970 00201 10093 20041 30235 40237 50005 60002 333 20068 31004 55072 21139 90760 91103==
33088 32997 12702 10014 20008 39996 40191 52009 81030 333 20013 555 14100=
33135 32697 82904 10027 21025 39983 40132 52017 8553/ 333 20017 85636 555 14001=
33177 11596 82702 10055 20040 39971 40210 52004 69952 78082 889// 333 20054 555 12003=
33317 32597 62905 10037 20022 39856 40197 53011 83530 333 20024 555 12001=
33393 12460 82804 10060 20045 39832 40226 52001 60012 885// 333 20059 88614=
33415 11497 80000 10053 20044 39815 40215 52005 60032 76165 8872/ 333 20047 87711 555 11004=
33429 11597 73006 10045 20030 39780 40206 52008 69932 70282 86350 333 20032 85625 555 11003=
33466 32567 83206 10024 21019 39970 40160 52016 885// 333 20020 88632 555 14000=
33506 32597 52807 10016 21015 39912 40110 52015 85500 333 20010 555 12000=
33562 32560 63103 10039 20022 39897 40205 52014 85530 333 20030 555 11001=
33587 32597 82703 10026 20002 39918 40185 52012 885// 333 20019 88621 555 14101 34102=
33658 32684 72905 10087 20016 39929 40228 52011 87500 333 20085 87646 555 11005=
33663 11597 82901 10067 20051 30114 40210 52010 69982 70282 8695/ 333 20062 555 11005=
33664 11496 83102 10055 20051 39900 40219 52012 60022 76162 8872/ 333 20055 555 80015=
33678 11596 82805 10049 20046 30016 40227 52011 60012 78081 889// 333 20026 555 80012=
33679 12497 72702 10057 20050 30014 40206 52008 69942 87900 333 20031 87914=
33711 32560 72905 10022 20000 39948 40161 52016 87500 333 20019 87621 555 11001=
33745 32497 82906 10066 20036 30037 40228 52004 889// 333 20053 555 80013=
33748 32597 82601 10059 20028 39934 40220 52007 885// 333 20056 555 80012=
33754 32598 72703 10066 20043 30058 40206 52010 83330 333 20045=
33761 11959 32805 10021 20010 39970 40197 52010 69992 71000 80009 333 20013 555 14100=
33791 12589 62904 10014 20000 30032 40162 52009 69902 83530 333 20014 83620 555 14101=
33815 32598 72706 10078 20021 30007 40215 52007 87500 333 20072=
33837 32683 52802 10048 20018 30160 40213 52013 83530 333 20043 555 10002=
33881 32598 62502 10064 20005 30039 40237 52011 86500 333 20054 555 80011=
33883 32598 72602 10058 20008 30067 40229 52011 87500 333 20047 555 80018=
33885 32997 43104 10064 20004 30114 40248 52008 82041 333 20059 555 80012=
33892 32598 72904 10068 20035 30010 40220 52011 84350 333 20045 555 80020=
33902 32997 03004 10024 20008 30132 40193 52014 333 20017 555 11000=
33924 12570 53008 10086 20040 30194 40207 52011 60002 85500 333 20083 91012 90760 91113==
33946 12582 62603 10028 20024 39986 40211 52010 60002 86500 333 20025 86621==
33983 12970 22708 10047 20027 30109 40170 52016 60002 80001 333 20035 91012 90760 91114==
34300 12597 32908 10021 21034 39894 40072 53015 69902 83500 333 20019 43002 555 13000=
34336 41570 62805 10018 21017 39906 40009 52007 72682 86300 333 91011 90760 91111==
34344 42570 72704 10019 21002 39913 40001 52004 86530 333 20013 90760 91110==
34356 42560 72504 10004 21018 39834 49981 52006 87500==
34357 41470 82404 10009 21016 39832 49986 52006 78582 889// 333 91010 90760 91113==
34398 11/60 82203 10001 21002 39905 49918 57019 69902 77172 8802/ 333 21027==
34415 11570 72906 10024 21025 39976 40073 53014 69932 78382 87900 333 20022 555 11001=
34438 42460 82605 10013 21006 39846 40037 53009 883// 333 91011 90760 91111==
34445 41540 82307 10013 20000 39900 40014 52011 77072 8657/ 333 20006 91010 90760 91113==
34461 41460 62704 10011 21023 39934 49989 51010 70371 86500 333 20002==
34473 11997 22809 11005 21032 39923 49961 53029 60020 70282 82030 333 21001 91117=
34476 41/70 22608 11001 21025 39962 49969 53033 70281 82030 333 91010 90760 91113==
34504 32584 73008 10025 21021 39958 40134 52017 87500 333 20020=
34535 42570 82605 10026 21012 39985 40056 52013 8693/ 333 91010 90760 91112==
34545 41570 82506 10015 21006 39926 40037 52010 70381 8635/ 333 20010 91010 90760 91111==
34555 42570 22608 10011 21017 39936 40027 51012 82500 333 20009 91012 90760 91112==
34560 42560 62710 10007 21015 39805 49995 52010 86500 333 20000 86631 91013 90760 91113==
34578 41/40 22705 10010 20002 39994 40001 52029 71011 82030 333 90760 91111==
34579 41540 72605 10011 20004 39950 49993 53032 71072 87500 333 90760 91110==
34644 42560 82606 10022 21015 39989 40066 52016 8657/ 333 20014 91012 90760 91112==
34646 42570 82605 10013 21004 39973 40057 52017 8455/ 333 20010 90760 91112==
34655 42560 82406 10022 21010 39985 40045 52014 885// 333 20017 91010 90760 91112==
34662 42/70 22504 10020 21014 30009 40020 51023 80030 333 90760 91111==
34691 12/70 62004 10017 21005 30124 40112 57011 60002 86030 333 21002==
34720 42670 72703 10019 21006 30067 40107 52016 87500 333 20016==
34727 42960 02810 10028 20006 30102 40132 52017 333 20027 91013 90760 91113==
34743 42460 62504 10021 21008 39976 40066 52017 86500 333 20018 91010 90760 91111==
34759 41460 72604 10024 20008 39938 40069 52025 70282 87400 333 20020 90760 91111==
34772 41970 02608 10017 21014 30024 40027 52033 70161 333 91011 90760 91112==
34785 41470 82707 10026 20003 30033 40010 52034 70376 886// 333 91014 90760 91114==
34798 11560 62508 10034 20008 30039 40010 53018 69972 70262 86500 333 20003==
34824 42960 02803 10040 20017 30146 40151 52017 333 20036 90760 91111==
34838 42960 02504 10027 21009 30034 40131 52022 333 20024 90760 91111==
34845 41570 72805 10033 21007 39992 40100 52025 70262 87500 333 20033 91011 90760 91113==
34858 41560 62705 10039 21008 39977 40084 53026 70262 86500 333 20036 91011 90760 91114==
34861 41570 53008 10016 21015 39822 40065 52027 70282 84930 333 20008 91011 90760 91117==
34866 41570 22705 10034 20012 30065 40056 53034 70181 82900 333 90760 91113==
34880 41540 72506 10031 20009 30051 40025 52038 71076 87900 333 91010 90760 91113==
34887 41570 62704 10041 20021 30068 40046 53033 70162 86500 333 91010 90760 91110==
34949 41570 62611 10021 21008 39570 40118 52022 70262 86500 333 20021 91017 90760 91118==
34954 41570 32505 10046 21001 39933 40106 51025 70282 83500 333 20043 91013 90760 91115==
34958 41570 22805 10046 20004 39898 40096 51024 70181 82500 333 20046 91011 90760 91114==
34975 41570 63105 10042 20022 30074 40070 53037 70282 86500 333 91014 90760 91116==
34984 41560 62507 10045 20026 30085 40055 53033 70262 83960 333 91012 90760 91117==
35217 11/05 91505 11027 21028 39907 49947 58024 60002 74542 89/// 333 21025==
35302 11/60 81805 11011 21024 39907 49928 57028 69902 77172 8802/ 333 21023==
35315 11/93 91306 11027 21037 39907 49963 57032 69920 74542 333 21019=
35344 12599 72005 11034 21051 39760 40048 53008 69960 87500 333 21056=
35358 11/60 81803 11036 21065 39903 40074 53008 69932 77172 8802/ 333 21065==
35368 31599 81609 11052 21102 39836 40106 57005 73632 885// 333 21068=
35386 32998 81704 11080 21130 39629 40162 58001 8807/ 333 21104=
35394 12670 81503 11077 21121 39482 40174 57001 60002 8655/ 333 21092==
35404 11496 81903 11006 21015 39923 49931 57021 69900 77072 8802/ 333 21013=
35406 11/40 81403 11013 21024 39937 49939 57038 69902 77372 8802/ 333 21016==
35416 11/05 91307 11018 21029 39872 49992 57021 69942 74542 89/// 333 21017==
35426 12584 61904 11009 21044 39740 40028 58001 69972 86500 333 21025==
35437 12598 82004 11011 21046 39743 40054 52003 69960 885// 333 21030=
35449 11498 81906 11012 21032 39975 40078 52010 60020 70273 8802/ 333 21060=
35497 12/70 71403 11087 21134 39546 40380 53004 60002 85042 333 21116==
35498 32698 81603 11092 21140 39305 40207 57019 885// 333 21130=
35514 31496 81406 11017 21022 30049 40045 57050 77171 8872/ 333 21044=
35522 11/93 92002 11010 21026 39772 40021 57006 69940 74742 333 21017=
35542 11998 21803 11030 21054 39931 40078 52013 60010 70272 82050 333 21061=
35563 31595 81609 11070 21094 39347 40127 58007 73873 885// 333 21110=
35576 11/20 82107 11095 21130 39710 40173 53005 60002 77372 8802/ 333 21111==
35582 32998 71102 11076 21145 39572 40186 53013 80003 333 21126=
35594 31999 81606 11104 21146 39335 40200 57004 70232 8807/ 333 21142=
35605 31596 81808 10004 20004 39968 49947 57039 77071 8802/ 333 21017=
35633 12598 82105 11006 21034 39865 40077 52007 69930 8357/ 333 21044=
35671 11540 82003 11060 21079 39720 40157 52004 60002 71022 885// 333 21101==
35699 12/60 70201 11106 21145 39451 40235 54000 60002 83043 333 21156==
35700 11/20 82407 10020 20007 39987 49964 57034 69922 76176 8802/ 333 21001==
35715 31396 81806 10003 21014 30013 49999 57040 77172 8802/ 333 21013=
35739 12699 82306 10004 21036 39947 40007 57030 69960 885// 333 21028=
35746 11540 31905 10002 21012 30048 40115 52012 69932 71071 82550 333 21050==
35777 31496 80000 11173 21200 39894 40264 57018 77072 8802/ 333 21232=
35796 12/60 70804 11092 21112 39781 40232 58003 60002 87010 333 21176==
35849 12570 81903 11004 21038 30054 40140 53014 60012 883// 333 21066==
35895 32998 70301 11112 21124 39772 40235 52002 87050 333 21171=
35907 31597 82612 10032 20030 30063 40033 57021 76162 8872/ 333 20009=
35925 11560 81806 10011 20006 39956 40066 57019 69942 76062 8872/ 333 21011==
35927 11496 81806 10018 20013 30047 57021 60030 76062 8802/ 333 20011=
35953 11540 81705 11011 21030 30032 40162 53014 69902 77172 885// 333 21050==
35969 12584 52305 11034 21099 30024 40199 52013 60002 85500 333 21106==
35997 31696 81601 11101 21137 39775 40226 52005 71011 8557/ 333 21166=
36259 42984 20000 11284 21317 38291 48582 57010 80001==
36335 31999 51804 11048 21186 39162 40192 58006 70232 85050 333 21110=
36358 32999 62112 11110 21142 39196 40247 57002 83032 333 21230=
36394 31997 61612 11088 21148 39831 40268 58012 73731 80003 333 21213 91017 91117=
36397 11/70 31618 11112 21152 39669 40253 57006 60002 73633 82042 333 21158 91024 90760 91124==
36403 32998 31005 11049 21169 39887 40254 57013 82041 333 21208=
36418 32999 13201 11155 21215 39675 40329 57010 80001 333 21233=
36421 32999 21401 11247 21273 39741 40364 58011 80001 333 21326=
36428 12584 20000 11162 21222 39801 40336 58012 60002 81601 333 21270==
36439 31998 01209 11098 21176 38986 48496 58018 73633 333 21174=
36498 31998 31307 11102 21169 39438 40256 57006 73630 81031 333 21212=
36501 32999 01404 11094 21180 39458 40232 57010 333 21152=
36535 12984 20901 11130 21175 39666 40332 57011 60002 80001 333 21277==
36546 32999 02102 11145 21170 39754 40325 57014 333 21273=
36619 31994 01112 11062 21130 73830 333 21136=
36622 32998 20000 11129 21177 39434 40274 56003 82041 333 21216=
36639 12984 00000 11077 21203 39646 40268 52003 60002 333 21230==
36643 32999 03303 11183 21202 39626 40337 57008 333 21239=
36665 32999 01401 11143 21184 39546 40311 58014 333 21197=
36666 32999 01403 11153 21183 39798 40321 57016 333 21279=
36729 32998 02802 11076 21120 39913 40415 52020 333 21163=
36736 31999 31007 11015 21142 39707 40264 58003 70230 80001 333 21064=
36744 32998 70000 11102 21115 39759 40225 54000 87040 333 21190=
36770 32999 60000 11086 21133 39497 40246 52005 80001 333 21244=
36786 32999 02702 10008 21110 39297 40208 52010 333 21144=
36796 32998 00000 11215 21262 39028 48455 52009 333 21279=
36803 32999 02903 11048 21109 39781 40238 52008 333 21126=
36806 32999 01617 11151 21242 39824 40325 52008 333 21212 91021 91125=
36819 32598 81404 11006 21088 39597 40210 53009 81524 333 21110=
36821 12/84 71603 11022 21084 39726 40219 52002 60002 82035 333 21177==
36839 32999 82201 11014 21142 39089 40221 52008 83041 333 21144=
36843 32998 21201 11008 21155 39045 40220 52011 80002 333 21112=
36846 31699 50902 11036 21186 38599 48490 52007 70231 81575 333 21104=
36859 12984 00000 10010 21093 39462 40243 58004 60002 333 21157==
36870 12/60 70000 10038 21072 39196 40194 58003 60002 87030 333 21095==
36874 32699 82701 11072 21134 39494 40298 54000 885// 333 21205=
36877 32699 80000 11011 21067 39495 40502 58002 85571 333 21187=
36885 32699 60000 10014 21099 39091 40214 52008 82531 333 21082=
36889 32999 30000 11068 21224 37025 47046 52001 80005 333 21102=
36894 32999 60902 11025 21120 39494 40243 52006 83032 333 21092=
36905 32999 20000 10032 21121 38738 48496 52006 80002 333 21086=
36911 42999 61106 10072 21030 39224 40176 58008 86040 333 20005=
36927 42699 70502 11006 21115 38360 48525 57001 83952 333 21086=
36934 42598 80902 11010 21071 38296 48429 52017 86932 333 21050=
36953 32999 20000 11052 21125 38194 48508 58005 80002 333 21216=
36963 42799 71404 11100 21226 37007 48/// 58003 84550 333 21170=
36974 42798 71101 11101 21154 38012 48559 57011 87500 333 21202=
36982 42999 81301 11120 21270 36507 47083 58005 80006 333 21263=
37018 41670 52901 10088 20042 30094 40169 52016 70182 82530 333 90760 91112==
37031 41360 22708 10042 20008 39945 40141 52026 70181 82600 333 20042 91012 90760 91118==
37054 41560 82606 10045 20010 39733 40117 51018 70282 884// 333 20045 91013 90760 91114==
37061 41560 22808 10051 20016 39929 40097 51023 70161 82500 333 91013 90760 91119==
37085 41570 62604 10061 20040 30117 40090 53025 70262 86500 333 90760 91115==
37171 41560 83403 10094 20073 30150 40168 53002 72582 8595/ 333 85930 90760 91114==
37228 42660 80802 10024 21032 39292 40129 52033 8657/==
37235 41/40 82602 10015 21001 39816 40137 52038 76162 8802/==
37472 41540 82703 10044 20021 30141 40119 53044 76162 8872/==
38149 42570 81904 10003 21016 30069 40147 57005 885// 333 21028==
38178 41960 31907 11012 21071 39878 40181 52014 71012 80003 333 21027==
38262 12570 81705 10020 20004 30083 40165 58004 60002 885// 333 21028==
38264 41140 81404 10013 20005 30066 40161 57004 71011 886// 333 21021 88703==
38345 42999 81001 10047 21037 38779 48481 54000 8802/ 333 21073=
38353 42998 81701 10072 21064 39301 40188 58004 8803/ 333 21062=
38388 72998 51804 10040 21022 30087 40158 57009 80003 333 21022 6////=
38392 72697 61806 10038 20023 30064 40168 58004 83502 333 21040 6//// 83633=
38396 42560 71806 10035 20009 30058 40184 58005 875// 333 21028 87621==
38403 42960 72001 10002 21057 30106 40230 52005 80003 333 21040==
38413 42970 00604 10006 21014 39898 40195 58013 333 21035==
38457 12560 81501 10047 21079 39651 40244 52023 60002 8554/ 333 21014==
38462 42684 80000 10023 21064 38763 48496 52004 8592/ 333 21038==
38507 72998 71906 10100 20046 30029 40130 57012 87030 333 20051 6//// 91004 555 50079=
38545 72998 01602 10024 20011 30031 40209 58006 333 21010 6////=
38565 12870 32002 10082 20019 39614 40188 52011 60002 80004 333 20055==
38579 12560 82701 10046 21018 39815 40238 52029 60002 85970 333 21013==
38583 12660 80702 10019 21021 39922 40251 52028 60002 85541 333 21045==
38599 31995 80802 10005 21039 39732 40261 52025 71022 83031 333 21028=
38611 41/40 80000 11013 21080 39680 40271 52018 71022 8807/ 333 21068==
38613 42998 70101 10008 21057 40251 52020 87020 333 21073=
38616 41596 72001 11006 21054 39218 40258 52027 71022 87500 333 21083=
38618 12684 80000 10012 21043 39536 40241 52018 60002 82561 333 21047==
38647 72998 23601 10082 20051 30098 40140 57015 80001 333 20079 6////=
38656 72998 01604 10058 20007 30080 40190 57007 333 20008 6////=
38683 42960 31604 10044 21007 39965 40245 52013 80001 333 20008==
38687 72997 21804 10046 21014 30010 40249 52010 82030 333 21008 6////=
38696 12684 30000 10039 21037 39379 40246 52013 60002 82551 333 20000==
38713 32997 81601 10057 21066 39059 48520 51024 86034 333 21023=
38750 72997 00903 10086 21007 30178 40150 58046 333 20013 6////=
38763 72999 32903 10130 21047 30053 40156 57018 80001 333 20096 6////=
38774 72998 31002 10124 20004 39983 40175 57011 80001 333 20037 6////=
38799 32997 02302 10035 21015 30012 40249 58002 333 21018=
38806 32997 00000 10048 20001 39967 40232 52010 333 21007=
38812 42/60 21405 10065 21016 39786 40243 52011 82030 333 20010==
38836 31698 70000 10046 21014 39275 40221 52025 71022 86232 333 21012=
38880 02997 21104 10108 21021 39926 40179 57018 60002 82030 333 20003 6////=
38886 72997 01604 10075 21019 39994 40223 58006 333 20000 6////=
38895 32996 01502 10046 21014 39951 40246 54000 333 21012=
38911 32998 41404 10040 21029 39944 40245 52003 80002 333 20004=
38915 32997 20000 10067 20000 39914 40241 53050 80001 333 20002=
38927 11930 81304 10008 21021 39880 40269 52021 60002 71022 8895/ 333 21015 85966==
38933 31/92 92701 11012 21055 39744 40279 52019 74544 333 21025=
38944 31693 83601 11018 21018 39655 40211 52020 74444 885// 333 21038=
38954 32899 80000 11028 21093 37960 48550 53010 86910 333 21088=
38974 72998 01804 10086 21036 39897 40232 58006 333 20008 6////=
38987 32996 01602 10061 21014 39509 40260 52008 333 20016=
40180 12960 21801 10116 20034 30171 40221 52007 60002 80002 333 10151 20072 70000==
40199 12/// /0204 10132 20042 30187 40213 52009 60002 333 10164 20121 70000==
40255 36/// /1101 10074 29032 3//// 4//// 5////=
40265 31940 21503 10058 21097 39455 40270 52006 70500 80004 333 21001 30105 82070=
40270 31940 10000 10059 21078 39338 40254 52007 70400 80001 333 20033 30104 81070=
40272 31950 00508 10050 21072 39395 40249 54000 70500 333 20015 30101=
40310 32960 02404 10026 21065 39010 48468 5//// 333 20010 30101=
40340 31950 73605 10115 20038 40220 52009 70500 80039 333 20106 30009 84356 83068=
40356 42960 01205 10030 21130 39258 48542 333 20000 58003 555 04410 50266=
40357 42960 00000 10052 21120 39601 40259 333 20020 58009=
40360 42960 32504 10016 21130 39647 40259 83030 333 21014 59005 83360=
40361 42960 40503 10054 21120 39468 40302 84010 333 20031 58012 84460=
40362 42960 30000 10044 21150 39736 40269 80002 333 20006 58013 83070=
40373 42960 03308 10070 21120 39826 40259 333 20030 59004=
40375 42960 40000 10077 21110 39333 40222 80002 333 20050 59015 84070=
40394 42960 00000 10068 21080 39097 48558 333 20030 58009 555 04410 50252=
40400 42960 00204 10196 21030 30146 40174 333 20156 59013==
40405 42960 00507 10090 21130 39486 40257 333 20060 58000=
40417 42960 43014 10129 21070 30213 40229 80002 333 20079 59019 84070==
40420 42960 23310 10126 21160 30022 40237 80002 333 20084 59016 82070=
40430 42960 00408 10171 21060 39468 40222 333 20153 59005==
40437 42960 00202 10121 21160 39522 40239 333 20071 39015=
40439 41958 40903 10200 20100 30136 40154 70510 80001 333 20180 59016 84070=
40582 32960 23107 10101 21071 40243 53011 80001 333 55310 00323 10000 21091 30369 40843 51135 61460 55407 40723 82070 90400 91009 91113 91209 91307=
40703 12660 10905 10018 21063 38919 40216 55001 60001 81500 333 30108 5//// 70000 81640 555 11010 29055=
40706 11959 10402 11002 21070 38664 40246 52004 60001 70500 80001 333 34110 70000 81068 555 11024 29060=
40712 12965 02602 11013 21092 38690 40242 52006 60001 333 34114 5//// 70000 555 11035 29055=
40713 12968 01002 10038 21065 38670 40215 53011 60001 333 34104 70000 555 10002 29047=
40718 12960 11401 10084 20050 30164 40135 56004 60001 80002 222// 0//// 20300 333 31102 50051 70000 81068 555 10069 29079=
40723 12960 19901 11013 21061 38971 40247 58011 60001 80001 333 30112 50001 70000 81073 555 11028 29070=
40726 12960 02803 10030 21064 38669 40222 53006 60003 333 34109 5//// 70000 555 11004 29050=
40727 12965 00000 11003 21069 38499 40253 54000 60001 333 34111 70000 555 11025 29061=
40732 12970 03002 10112 20050 30143 40118 57020 60001 333 30101 50091 70000 555 10084 29066=
40736 12960 00000 10050 20020 30160 40134 57020 60001 333 31001 50021 70000 555 10038 29081=
40737 12980 00901 10130 20047 30106 40124 57028 60001 333 31105 50111 70000 555 10092 29057=
40738 12960 00000 10087 20047 30145 40147 57019 60001 333 31104 50041 70000 555 10069 29076=
40739 12962 01002 11020 21062 38721 40285 54000 60001 333 30110 5//// 70000 555 11033 29073=
40741 12960 01704 10065 20007 39887 40227 58010 60001 333 30101 70000 555 10042 29067=
40743 12965 00804 11003 21078 39110 40273 51004 60001 333 34107 70000 555 11026 29057=
40745 12970 01403 10022 21041 39070 40255 50005 60001 333 3/110 46005 70000 90768 93100 555 11001 29063=
40747 12960 00000 11009 21086 38675 40273 50003 60001 333 34111 70000 555 11032 29056=
40754 11920 01702 10012 21051 38862 40255 52003 60001 70500 333 30107 5//// 70000 555 11010 29063=
40762 12965 00702 10007 21071 38584 40269 51008 60001 333 31109 5//// 70000 555 11019 29056=
40766 12960 00000 10001 21145 38732 40269 56004 60001 333 30113 5///1 70000 555 11038 29032=
40768 12968 03302 11027 21136 38280 40261 52004 60001 333 30112 5//// 70000 555 11055 29043=
40769 12960 00000 11015 21070 38320 40246 50002 60001 333 3/109 41002 5//// 70000 90768 93100 555 11032 29066=
40780 12960 01301 10061 21091 38726 40262 52006 60001 333 31104 5//// 70000 555 10010 29033=
40782 12962 00000 10027 21048 38918 40272 51004 60001 333 30110 5//// 70000 555 11001 29058=
40785 12960 01201 10023 21024 39135 40275 57011 60001 333 30108 5//// 70000 555 10006 29071=
40791 12965 00301 10064 21146 39419 40269 52009 60001 333 30105 5//// 70000 555 10006 29021=
40792 12965 01302 10043 21133 38762 40256 52012 60001 333 30106 70000 555 11011 29026=
40798 12960 02201 11010 21113 37998 40283 50001 60001 333 30114 5//// 70000 555 11041 29045=
40800 11950 00000 10030 21113 38510 40284 52010 60001 70500 333 30113 5//// 70000 555 11016 29034=
40809 12965 01202 10045 21129 38533 40248 50003 60001 333 30108 5//// 70000 555 11010 29027=
40811 11958 02902 10087 21020 30193 40220 52014 60001 70500 333 30002 50081 70000 555 10047 29047=
40812 12960 03201 10100 20009 39824 40209 52016 60001 333 30100 50111 70000 555 10062 29053=
40818 12965 00000 11032 21242 38023 40292 50001 60001 333 30112 5//// 70000 555 11074 29018=
40821 12960 01203 10054 21147 38834 40261 52003 60001 333 30105 5//// 70000 555 11006 29022=
40829 12960 03603 10059 21098 39687 40287 51011 60001 333 30110 5///1 70000 555 10011 29031=
40831 11956 03003 10073 21034 30224 40232 53008 60001 70500 333 30101 50681 70000 555 10035 29046=
40833 12960 00000 10085 21015 30195 40228 52010 60001 333 30001 50141 70000 555 10047 29049=
40835 12960 00000 10109 20006 39377 40227 53009 60001 333 30005 50301 70000 555 10065 29049=
40841 12970 01202 10035 21167 38287 40246 52008 60001 333 30110 5//// 70000 555 11022 29021=
40845 12960 03310 10169 20061 30212 40217 52012 60003 333 30014 50421 70000 555 10117 29049=
40848 12960 01102 10064 21047 38564 40228 52013 60001 333 30107 5///1 70000 555 10022 29045=
40854 12960 00000 10111 21173 39006 40239 52006 60001 333 30101 5//// 70000 555 10029 29012=
40856 12965 00402 10070 21179 38684 40254 51009 60001 333 30112 5///1 70000 555 11002 29015=
40859 12965 00000 10100 21067 38734 40220 52011 60001 333 30107 50271 70000 555 10038 29030=
40875 11950 00606 10199 21061 30185 40197 52014 60001 70500 333 30008 50381 70000 555 10098 29017=
40879 12970 20000 10121 21156 39536 40236 52010 60001 80002 333 30100 50381 70000 82070 555 10039 29013=
40882 11958 00403 10228 20030 30150 40185 51020 60001 70500 333 30016 50391 70000 555 10133 29027=
40883 11950 00503 10186 20086 30164 40187 53009 60001 70500 80000 333 30012 50381 70000 555 10134 29052=
40893 11956 50902 10219 20013 30176 40182 52013 60001 70500 85010 222// 00205 20300 333 30018 50601 70000 85459 555 10124 29026=
40898 11958 00706 10208 21133 30172 40181 51005 60001 70500 222// 00242 20901 333 30012 50611 70000 555 10092 29009=
41024 41958 00102 10263 20160 30129 40155 70500 333 20227 59014==
41036 42960 00002 10176 20010 38602 48551 333 20110 59006==
41055 42960 01903 10159 20000 38406 48555 333 20115 59004==
41084 42960 00000 10158 21040 38897 48545 333 20073 59016==
41112 42960 00000 10142 21030 37981 48555 333 20057 59007==
41114 42960 00000 10140 21030 38019 48558 333 20048 59007==
41128 42960 00000 10169 21060 38867 48566 333 20070 59015==
41136 42960 02504 10148 21210 39394 40224 333 20091 59013==
41140 42960 01207 10265 20190 30159 40163 333 20211 59006==
41150 42970 42910 10160 20078 40221 80001 333 20146 30014 59024 84075=
41176 44/70 /3109 10170 20068 30216 40222 333 20113 59018=
41184 42660 71809 10211 20115 40192 82530 333 20139 59033 82640 85360=
41194 11660 61909 10207 20125 30181 40188 60001 70251 865// 333 20191 59032 86645=
41196 12660 61909 10202 20121 30152 40193 60001 865// 333 20177 59031 86640=
41216 42660 33014 10230 20124 30191 40195 82501 333 20187 59027 82645 83075=
41217 42660 52007 10215 20138 30164 40194 83501 333 20176 30014 59025 83645 83075=
41244 36/// /2702 10176 20115 39767 40190 333 0E021 20146 55300 25022 59016=
41246 36/// /2907 10234 20098 30183 40186 333 0E019 20178 55300 25022 59026=
41253 36/// /0202 10210 20120 39812 40176 333 0E018 20174 55300 25022 59030=
41254 36/// /1602 10131 21012 38057 49839 333 0E101 20036 55300 25022 59021=
41255 36/// /0502 10203 20100 39653 40166 333 0E014 20130 59023=
41257 36/// /1001 10197 20119 39691 40191 333 0E015 20139 55300 20549 59027=
41262 36/// /3116 10197 20139 39989 40188 333 0E015 20138 55300 20970 59019=
41265 36/// /0503 10190 20099 39592 40165 333 0E016 20120 55300 21076 59019=
41267 36/// /3405 10243 20136 30165 40178 333 0E020 20210 59026=
41268 32560 42406 10231 20127 30126 41151 84530 333 20181 3/019 5//// 83625 82359=
41275 36/// /3218 10198 20134 30033 40205 333 0E014 20137 55300 20862 59018=
41288 31956 53115 10224 20109 30167 40189 70544 85070 333 20213 3/022 59016 85460=
41315 36/70 /3323 10142 21108 39359 48372 333 0E014 20098 55300 27865 59011=
41316 32970 03418 10229 21049 30166 40196 333 20189 59015 55407 55408 55507 55508=
41396 42965 13302 10155 21095 39482 40226 80001 333 20034 30/// 59016 81070=
41480 41460 30308 10265 20166 30178 40186 70144 333 20207 30/// 59005 83618=
41506 12460 80000 10070 21027 38542 48400 60001 8452/ 333 5688/ 59007==
41508 12440 80000 10061 21051 38684 48500 60001 84520 333 56880 58008==
41515 12460 70000 10060 21072 38570 48310 60001 84520 333 56880 59028==
41516 11440 72301 10035 21068 38591 48440 60001 70422 87510 333 56880 58010==
41517 11440 70000 10000 21050 37842 48800 60001 70422 87570 333 56880 58022==
41518 12440 81801 10044 21085 30001 48010 60001 8852/ 333 5688/ 58000==
41519 12460 70000 10070 21076 38812 48440 60001 85520 333 56880 58027==
41523 12460 80000 10065 21026 39111 48140 60001 8552/ 333 5688/ 59007==
41535 12460 70000 10100 21024 38730 48980 60001 85520 333 56880 59003==
41536 12960 70000 10095 21032 39063 48250 60001 87020 333 56080 59008==
41560 12960 01301 10105 21058 38309 48350 60001 333 59007==
41571 11920 50502 10125 21018 39601 40195 60001 70522 80001 333 56008 59013==
41598 11940 31301 10130 20056 39906 40184 60001 70400 83070 333 56080 59007==
41600 11440 60000 10140 20080 39881 40183 60001 70422 83570 333 56880 59005==
41620 11440 42702 10080 21137 38591 48030 60001 70500 84500 333 56800 59020==
41624 11420 51301 10120 20043 39981 40187 60001 70400 83520 333 56880 59003==
41630 11910 41301 10175 20089 30000 40192 60001 70410 84030 333 56080 59005==
41640 11920 00000 10165 20076 39924 40177 60001 70400 333 59012==
41660 12960 42303 10080 21085 38453 48440 60001 83031 333 56088 59034==
41678 11920 00000 10155 20075 30000 40195 60001 70400 333 59004==
41697 12960 00000 10190 21025 30000 40165 60001 333 59028==
41700 11920 00000 10165 20076 30000 40173 60001 70400 333 59012==
41710 12960 01301 10085 21123 39431 40234 60001 333 59028==
41712 12960 00502 10065 21026 39263 48470 60001 333 59026==
41715 11940 00000 10170 20070 30122 40189 60001 70500 333 59002==
41718 11920 00000 10170 20094 30078 40184 60001 70400 333 59003==
41725 11940 03601 10165 20076 30000 40187 60001 70500 333 58001==
41739 11940 00000 10090 21040 39109 48480 60001 70500 333 59008==
41744 12940 03103 10140 21010 38820 48430 60001 333 59007==
41749 11910 03602 10180 20106 30163 40196 60001 70400 333 59004==
41756 11940 00504 10195 21091 30121 40188 60001 70500 85030 333 56080 59010==
41757 12940 30000 10200 21048 30176 40189 60001 80001 333 56008 59029==
41759 11940 03601 10215 21091 30174 40180 60001 70500 82030 333 56080 59022==
41764 11920 33605 10180 20048 30117 40168 60001 70400 80001 333 56008 59013==
41768 12940 23601 10190 20013 30174 40181 60001 80001 333 56008 58008==
41780 11940 00206 10240 21043 30143 40170 60001 70500 333 59004==
41785 12940 33601 10170 20070 30164 40177 60001 80001 333 56008 59007==
41859 01940 00502 10245 20130 30097 40134 70500 333 59018 70000==
41883 02956 30000 10230 20160 30114 40134 80001 333 59018 70000 83080==
41891 01450 40902 10266 20180 30090 40129 70521 83501 333 59018 70000 83618 83074==
41907 01/40 73102 10242 20130 30122 40137 70520 82032 333 59010 70000 82362 86080==
41923 02956 00000 10266 20100 30127 40136 333 59013 70000==
41936 01/18 13404 10252 20160 30129 40136 70541 81030 333 59010 70000 81362==
41943 01435 43103 10265 20130 30121 40128 70522 81530 333 59016 70000 81618 83362==
41950 01445 40000 10252 20150 30130 40132 70522 82531 333 59015 70000 82617==
41978 01956 20304 10298 20160 30113 40119 70511 80005 333 59018 70000 82270==
41992 01/35 20000 10300 20190 30121 40123 70521 82030 333 59013 70000 82030==
42027 31794 61401 10020 21038 38464 48550 70521 84011 333 58011=
42071 31895 22903 10178 20055 40176 70440 82030 333 59012 82358=
42101 31995 00000 10192 20124 40180 70500 333 59011=
42111 31995 22302 10202 20094 39450 40146 70500 80001 333 59018 82075=
42123 31995 01101 10138 20091 40174 70500 333 59013=
42131 31995 00000 10174 20094 40176 70500 333 59006=
42165 32996 01401 10176 20046 40168 333 59004=
42182 31993 09902 10172 20109 40167 70444 333 59010=
42189 31995 03201 10200 20113 40162 70540 333 59014=
42309 32596 10901 10240 20125 40142 81100 333 59021=
42314 32596 40209 10250 20093 40139 333 59021=
42328 31995 00704 10182 20013 40146 70500 333 59007=
42339 31995 09901 10192 20075 40160 70500 333 59006=
42348 31994 01405 10196 20059 40168 70400 333 58001=
42361 31993 00000 10186 20100 40164 74244 333 59007=
42369 31996 09904 10224 20120 30010 40159 70500 333 59014=
42379 31995 00000 10226 20116 40150 70500 333 59022=
42410 31995 00000 10234 20151 40136 70500 333 59024=
42415 32996 11402 10244 20117 40145 81030 333 59022 81360=
42452 31995 09902 10192 20075 40158 70500 333 58000=
42492 31995 02302 10220 20129 40151 70500 333 59016=
42559 32996 01401 10214 20075 40143 333 59004=
42571 31996 00501 10210 20095 40152 70540 333 59014=
42591 31994 03601 10222 20128 40160 70500 333 59012=
42623 31496 42701 10228 20158 39262 40121 70500 82530 333 59025 82618 84360=
42634 32996 00502 10212 20011 40154 80001 333 59013 83075=
42647 31996 01105 10254 20099 40136 70400 333 59013=
42667 31996 00504 10224 20052 39558 40146 70500 333 59004=
42675 31996 03601 10204 20071 40152 70500 333 59012=
42701 31996 02002 10222 20108 39407 40133 70500 333 59012=
42724 31595 62301 10256 20146 40131 71022 84530 333 59012 84620 85360=
42737 32996 03603 10240 20088 40143 333 59003=
42754 32996 00707 10248 20089 39498 40128 333 59007=
42779 32996 01402 10226 20076 39445 40140 333 59011=
42798 31995 33202 10214 20126 40145 70541 83030 333 59010 83360=
42809 31595 33402 10254 20131 40136 70510 81530 333 59015 81620 83360=
42840 31995 00000 10266 20130 40126 70400 333 59021=
42867 31996 00902 10244 20089 40142 70500 333 59009=
42874 31995 00502 10250 20107 40141 70500 333 59014=
42886 31996 01103 10246 20129 40145 70500 333 59012=
42895 32596 30000 10260 20139 40140 81530 333 59009 81620 83360=
42909 32996 09902 10280 20136 40131 222// 20000 333 59014=
42971 31595 73602 10246 20145 40147 70522 85530 333 59004 85620 87360=
43003 31995 00903 10300 20150 40119 70400 333 59009=
43014 31995 00504 10270 20149 39481 40120 70542 333 59007=
43041 31996 20503 10254 20152 39515 40126 70500 80001 333 59009 82075=
43063 32997 21403 10248 20104 39505 40126 80001 333 59006 82070=
43086 32997 00000 10236 20132 39950 40129 333 59012=
43110 31995 40903 10310 20105 40119 70541 80001 333 59009 84078=
43117 32997 61402 10286 20146 40115 80001 333 59011=
43128 32997 09901 10284 20079 39520 40116 333 59011=
43150 31496 80208 10260 20181 30058 40119 75152 8357/ 333 59019 83618 88458=
43185 31596 70204 10274 20220 30099 40102 70522 83530 333 59019 83620 85360=
43189 21597 60201 10274 20214 30106 40115 70251 83470 333 59017 6996/=
43192 32996 20000 10290 20165 40111 80002 333 59008=
43198 32496 30704 10270 20061 39288 40099 82501 333 56209 59013 82612=
43201 32997 30501 10276 20137 39371 40084 80001 333 59013 83075=
43213 31596 60000 10274 20160 39784 40098 70522 82532 333 59018=
43233 32497 40905 10272 20217 39305 40110 82530 333 59009=
43237 31596 80702 10264 20196 39696 40085 70522 8357/ 333 59015 83620 85360=
43245 21597 83205 10248 20236 30082 40109 72122 8487/ 333 59018 6994/=
43279 21494 83602 10248 20236 30083 40101 76062 8582/ 333 57811 59014 6001/ 84618 81825 86458=
43284 31996 00204 10294 20223 39986 40100 70500 333 58001=
43295 32497 60502 10258 20195 39098 48514 84831 333 59007 82612 83818=
43314 32997 12303 10320 20217 40101 80001 333 59004=
43321 31496 23403 10304 20179 39652 40090 70500 81501 333 59009 81612=
43329 32597 63202 10272 20240 30075 40088 83531 333 59021=
43333 31496 60903 10300 20240 40100 70522 85401 333 56209 59007 83618 85820=
43344 31495 50504 10296 20238 39996 40095 70522 82531 333 59011 82616 83360=
43353 31495 22605 10304 20218 40104 70521 81530 333 56790 58000 81616=
43369 32597 32702 10312 20262 40101 83500 333 59004 83620=
43371 32497 43203 10316 20245 30033 40104 83301 333 57932 58004 81618 81925=
43404 22470 33503 10290 20254 30085 40088 57009 83000 333 553// 20473 59003 60008 91005 555 60008==
43410 22470 83102 10281 20247 30086 40089 57012 88000 333 59002 60008 70020==
43413 22470 63503 10286 20260 30095 40100 5/009 83230 333 553// 20316 59002 60008 91005==
43415 22470 43201 10290 20232 39992 40100 56010 84000 333 59004 60008 555 69958==
43418 22465 63201 10285 20249 30050 40091 57010 86100 333 58001 60008 555 60008==
43421 22470 83101 10295 20254 39992 40096 57012 88000 333 553// 20262 59002 60008 91004 555 60008==
43422 22470 73204 10289 20240 39961 40094 57012 87200 333 59004 60008 555 60008==
43424 22470 82702 10295 20240 30096 40098 58008 88110 333 59004 60008 70000 555 60008==
43436 22470 63201 10290 20238 30085 40088 57013 84000 333 59003 60008 70000 555 60008==
43441 22470 83201 10286 20234 39962 40094 51011 88220 333 59004 60008 70009 555 60008==
43444 22470 72901 10268 20222 39565 40093 54013 86000 333 59004 60008 555 60008==
43450 21457 73102 10297 20241 30093 40105 58005 70522 86130 333 59002 60008 70002 555 60008==
43466 21460 50102 10298 20208 30090 40098 5/012 70522 82100 333 553// 20432 59005 60008 91005 555 60008==
43467 22457 73603 10306 20224 30093 40099 57011 87130 333 59003 60008 555 60008==
43473 22270 73105 10173 20173 38120 48483 57007 87000 333 553// 20279 58000 60008 91008 555 60008==
43475 22470 43101 10313 20239 30084 40088 57014 84000 333 553// 20508 59004 60008 70000 91003 555 60008==
43476 22466 73201 10244 20183 38765 48514 56009 87000 333 59001 60008 70062 555 60008==
43479 21/68 73400 10245 20216 39249 57011 70522 333 59001 60008 84/16 555 60008==
43486 21465 63103 10297 20230 39992 40091 56015 70510 85000 333 553// 20198 59004 60008 91006==
43495 22470 13204 10305 20231 30078 40091 57013 81000 333 59003 60008 555 60008==
43497 22470 71502 10313 20000 30070 40087 5/016 85000 333 553// 20535 59005 60008 91003==
44212 42984 01601 11213 21263 39221 40475 57007==
44213 42984 20000 11212 21249 38859 40467 57005 80002==
44214 41970 02707 11185 21242 38307 40454 58011 73630==
44215 42/70 12201 11234 21266 38446 40495 57008 81040==
44217 32998 00000 11233 21274 37862 40540 58008 333 91202=
44218 41940 03102 11200 21245 38660 40467 58009 70400==
44219 32999 01702 11215 21249 38681 40484 58014 333 91202=
44265 42984 02801 11175 21200 38909 40439 58018==
44266 32999 00000 11165 21216 37766 40425 58015 333 91202=
44404 .42958 00904 10168 21021 38143 48479 333 59020=
44416 42960 00903 10193 20112 39379 40161 80000 333 59022=
44424 42960 01802 10132 21061 37683 47087 80000 333 59012=
44434 41459 11204 10180 20114 39241 48520 70144 81100 333 59027=
44438 42958 02506 10229 20138 30020 40148 80000 333 59030=
44449 42960 02603 10242 20195 39987 40145 80000 333 59021=
44454 41450 20202 10160 20081 38671 48505 70544 82100 333 59024=
44462 42960 00402 10170 20083 38258 48474 80000 333 59024=
44474 42956 02204 10165 20085 38255 48501 80000 333 59019=
44477 42358 11901 10214 20106 38824 48530 81100 333 59020=
44478 42956 01503 10248 20183 30052 40134 80000 333 59019=
48010 42557 63601 10233 20143 39991 40146 84830 333 59017==
48020 42358 43601 10224 20173 82202==
48025 42440 63602 10248 20167 30017 40157 59011 84870==
48048 42558 60403 10253 20205 30081 40138 85950 333 58004==
48052 32457 41802 10295 20185 81470 333 56990=
48064 42457 51401 10270 20211 30062 40119 83830 333 59009==
48094 42/59 20403 10318 20200 30104 40114 80040 333 59022==
48109 42460 20402 10315 20265 30104 40107 82500 333 59019==
51076 14/76 /0300 11073 21144 39429 40383 57015 60001 333 11073 21209 3/104 4/008 59071 70000 90761 91103==
51087 14/66 /0000 11128 21178 39279 40398 57012 60001 333 11128 21229 3/106 4/008 59072 70000 90761 91102==
51156 14/80 /1600 11090 21188 38728 40370 57010 60001 333 11090 21200 3/115 59068 70000 90761 91105==
51243 14/60 /2301 11108 21144 39784 40381 57012 60001 333 11099 21177 3/112 4/002 59072 90761 91102==
51334 14059 02801 11121 21158 39941 40383 57012 69901 72270 333 11105 21209 3/109 4/008 59061 90761 91103==
51379 14/27 /2502 11143 21169 39344 40384 57015 60001 71000 333 11077 21244 3/106 4/014 59078 70000 90761 91105==
51463 14/30 /0301 11143 21164 39087 40379 57005 60001 70500 333 11070 21187 3/101 4/027 59062 70000 90761 91102==
51573 14/61 /1601 11036 21147 30330 40383 57018 60001 333 11002 21100 3/116 59016 70000 90761 91104==
51644 14/56 /3601 11068 21129 39038 40392 57009 60001 70500 333 11032 21162 3/106 4/005 59031 70000 90761 91103==
51656 14/45 /1101 11097 21113 39258 40407 57015 60001 72300 333 11070 21182 3/115 4/003 59028 70000 90761 91102==
51709 14/57 /1000 11048 21114 38698 40354 57008 60001 70500 333 11034 21057 3/105 59038 90761 91103==
51711 14/79 /2702 11072 21191 38036 40300 57014 60001 333 11044 21158 3/121 59037 70000 90761 91107==
51716 14/57 /2101 11041 21103 39001 40371 57012 60001 333 11025 21095 3/111 59036 90761 91103==
51765 14/56 /3501 11090 21103 39320 40399 57020 60001 70500 333 11031 21178 3/119 4/001 59026 70000 90761 91103==
51811 14059 00501 11038 21109 38870 40373 57011 60001 333 11027 21126 3/119 59040 70000 90761 91102==
51818 14/62 /3201 11050 21124 38707 40369 57015 60001 333 11026 21140 3/121 59038 70000 90761 91103==
51886 14/80 /2602 11044 21229 37113 40274 57009 60001 333 11038 21129 3/118 59004 70000 90761 91104==
52203 14/61 /1302 11059 21142 39442 40395 57024 60001 333 11041 21164 3/121 59019 70000 90761 91105==
52602 14/80 /0601 11040 21221 37263 40293 57007 60001 333 11008 21162 3/119 58004 70000 90761 91103==
52818 14/47 /2603 11052 21106 37247 40297 52009 60001 77000 333 11016 21095 3/113 58019 70000 90761 91107==
52908 14/80 /3208 11080 21173 35739 40190 52003 60001 333 10006 21128 3/118 59022 70000 90761 91122==
55228 04980 /2401 11063 21330 36061 40299 57011 60002 70000 333 10005 21171 3/125 54417 58037 60001 70000 90720 91105=
55299 14/70 /2811 11018 21266 35872 40221 52006 60001 333 10067 21146 3/122 58001 70000 90761 91121==
55578 04980 /2604 10092 21309 36400 40149 57006 60002 70000 333 10132 21104 3/114 54405 59006 60001 70000 90720 91112=
55591 14/78 /2505 10119 21290 36520 40063 57008 60001 333 10149 21056 3/114 59025 70000 90761 91110==
55664 04980 /2605 10041 21346 36046 40143 57015 60002 70000 333 10092 21071 3/112 54415 58004 60001 70000 90720 91111=
55773 04972 /3512 10061 21331 36027 40120 57016 60002 70000 333 10094 21120 3/118 54415 59022 60001 70000 90720 91122=
56004 14/36 /2910 11046 21236 35812 40183 52004 60001 70500 333 10036 21144 3/119 59008 70000 90761 91127==
56018 14/80 /2804 10006 21210 36157 40110 57009 60001 333 10097 21125 3/117 59017 70000 90761 91114==
56312 04980 /2203 10084 21100 37081 40144 57035 60002 70000 333 10126 21056 3/107 54415 59028 60001 70000 90720 91105=
41061 42960 31204 10149 21140 39502 40219 80001 90549 333 20087 59020 83070=
