SIPK OPKC 060900=
41504 22697 42302 10270 20086 37779 48371 84800 333 56900 58001 60007 82640 82845 31%=
41505 22697 40000 10295 20089 38/// 48/// 82430 333 56990 58/// 60007 82840 83360 28%=
41506 22697 61812 10320 20127 38419 48413 87800 333 56900 58006 60007 83830 84640 31%=
41507 22997 00000 10330 20209 39197 49679 333 58027 60007 49%=
41508 21696 72302 10319 20213 38602 48482 71799 85920 333 56990 58011 60007 82720 83835 82460 53%=
41509 22697 51808 10345 20154 38653 48410 82210 333 56990 58004 60007 82840 83460 RH32%=
41510 22697 30904 10235 20151 37867 48438 83200 333 56090 58007 60007 83840 59%=
41515 22697 42706 10320 20139 38458 48419 84200 333 56900 59006 60007 84850 33%=
41516 22696 60000 10290 20177 38450 48407 84410 333 56990 58005 60007 84840 82460 51%=
41517 21696 71304 10265 20078 37749 48408 70522 83570 333 56990 58019 69907 83635 87460 31%=
41518 22696 73602 10300 20162 38/// 48/// 84970 333 56990 5//// 60007 81935 83440 86761 43%=
41519 22697 30000 10340 20146 38658 48414 83500 333 56900 58001 60007 83640 31%=
41520 22697 70000 10220 20123 37601 48181 83570 333 56990 58018 60007 83640 86762 54%=
41523 22697 52304 10320 20213 39008 48464 83520 333 56990 58011 60007 83640 82640 53%=
41524 22697 62302 10330 20200 39226 40026 82520 333 56990 58014 60007 82640 84460 RH 46%=
41525 21697 80000 10220 20130 37669 48338 71792 8492/ 333 5699/ 58013 60007 82935 82640 84460 60%=
41528 22697 50000 10335 20189 39128 48467 82520 333 56990 58013 60007 82640 83460 42%=
41529 22696 60902 10350 20268 39659 40014 83520 333 56990 58019 60007 83640 83360 63%=
41530 21696 60506 10350 20237 39615 40000 70522 83430 333 56990 58014 60007 83840 83360 52%=
41534 22697 30000 10345 20263 39620 40006 83500 333 56900 58014 60007 83640 62%=
41535 22697 21302 10275 20202 38665 48446 82600 333 56900 58017 60007 82835 RH64%=
41536 21597 73603 10280 20208 38966 48465 71792 84920 333 56990 58018 60007 81930 83630 85460 65% =
41560 22997 00000 10285 20158 38252 48462 333 58015 60007 Rh46%=
41562 22697 51808 10360 20249 39578 40011 82530 333 56990 59010 60007 FEW040 83360 RH 53%=
41565 21997 41302 10228 20208 38617 48491 70196 84020 333 56090 59008 60137 84460 RH 87%=
41567 21696 40000 10350 20253 39598 49987 70400 84500 333 56900 58009 60007 84640 57%=
41572 21696 42304 10330 20241 39407 49991 71796 84910 333 56990 58013 69907 81930 83640 84460 RH60%=
41573 21697 81302 10190 20175 37957 48462 72996 84520 333 56990 58019 60027 84630 84460 91%=
41574 21697 70000 10200 20185 38313 48485 72996 85420 333 56990 58020 60177 85640 83460 91%=
41576 22697 21306 10345 20255 40048 82500 333 56900 58026 60007 82640 60%=
41577 21696 40000 10320 20259 39438 40017 72996 84400 333 56900 58007 69907 84840 RH 70%=
41593 21696 41302 10370 20252 39815 40011 70411 82530 333 56990 58018 60007 82640 83360 51%=
41597 22997 30000 10330 20261 40033 83030 333 56090 58018 60007 83362 67%=
41598 21696 11302 10340 20257 39766 40021 70400 81100 333 56900 58024 60007 81835 62%=
41599 21696 20000 10320 20242 39759 40033 70421 82400 333 56900 58024 60007 82640 64%=
41600 21696 60000 10320 20250 40025 70422 83570 333 56990 58022 60007 83645 84 43%=
41620 32996 02702 10325 20100 38451 48421 333 58021 60007 25%=
41624 22997 00000 10370 20260 40010 333 58013 60007 54%=
41625 22997 01804 10360 20256 40022 333 58020 60007 55%=
41630 21696 41302 10355 20251 40024 70410 84500 333 56900 58017 60007 84640 55%=
41633 22997 30000 10385 20238 4//// 83030 333 56090 5//// 60007 83360 43%=
41634 21696 70000 10250 20250 3//// 4//// 76000 83570 333 56990 5//// 60137 83640 84460 100%=
41635 22697 31802 10370 20260 3//// 4//// 83100 333 56900 5//// 60007 83840 54%=
41636 21996 31302 10370 20260 39839 40009 70400 83030 333 56090 58006 60007 83362 54%=
41638 21696 30000 10355 20251 4//// 70400 83400 333 56900 5//// 60007 83840 55%=
41639 22997 31304 10320 20250 4//// 83030 333 56090 5//// 60007 83460 67%=
41640 21696 70000 10330 20261 39786 40021 70422 83520 333 56990 58017 60007 83640 86460 67%=
41641 21696 61308 10330 20261 39763 40022 70422 84470 333 56990 58019 60007 84640 85460 67%=
41642 21997 20000 10330 20261 4//// 82030 333 56090 5//// 60007 82360 67%=
41643 21696 53602 10325 20255 39763 40024 70422 83470 333 56990 58015 60007 83640 83460 67%=
41644 22997 00000 10335 20259 4//// 333 5//// 60007 65%=
41646 21696 40000 10365 20270 40030 70400 84500 333 56900 58015 60007 84640 58%=
41652 21696 21304 10370 20276 39849 40016 70400 82500 333 56900 58017 60007 82640 59%=
41660 22797 13112 10325 21081 38379 48460 81400 333 56900 58017 60007 81850 07%=
41661 22997 03102 10330 21013 38338 48453 333 58020 60007 11%=
41669 22697 31302 10380 20248 3//// 4//// 82500 333 56900 5//// 60007 83640 47%=
41670 21996 20000 10365 20246 3//// 4//// 70400 82030 333 5//// 56090 60007 82360 51%=
41674 21996 41804 10365 20262 3//// 4//// 70400 84400 333 56900 5//// 60007 84840 56%=
41675 21696 41304 10365 20246 39875 40009 70410 84400 333 56900 58013 60007 84840 51%=
41676 21996 31302 10365 20285 39890 40036 70400 83030 333 56090 59012 60007 83361 64%=
41677 21696 30000 10360 20264 39847 40003 70400 83500 333 56900 58013 60007 83640 58%=
41678 21996 30000 10370 20228 40007 70500 83020 333 56090 58001 60007 83460 44%=
41679 21696 70502 10335 20266 4//// 70422 83570 333 56990 5//// 60007 83640 84460 67%=
41680 21696 41304 10355 20270 40022 70410 84400 333 86900 58016 60007 84840 60%=
41685 22997 00000 10315 20190 38845 48453 333 58020 60007 48%=
41696 22997 01302 10290 20093 37982 48464 333 58001 60007 29%=
41697 22997 00000 10380 20272 40001 333 58014 60007 54%=
41700 21696 50904 10380 20264 40003 70420 85500 333 56900 58015 60007 85640 52%=
41701 21696 50506 10360 20264 40015 70400 85500 333 56900 58013 60007 85640 58%=
41710 22997 03104 10415 21160 49938 333 58005 60007 02%=
41712 22997 01302 10410 21024 39089 48466 333 59005 60007 07%=
41715 21996 21302 10365 20270 40017 70500 82500 333 56900 58022 60007 82635 58%=
41716 21696 30000 10370 20276 39922 40018 70400 83500 333 56900 58019 60007 83640 59%=
41718 21996 30000 10380 20272 40010 70400 83030 333 56090 58012 60007 83362 54%=
41724 22996 01308 10370 20260 40028 333 58018 60007 54%=
41725 22996 00000 10380 20248 40009 333 58015 60007 47%=
41726 22996 00000 10375 20250 39953 40019 333 58009 60007 49%=
41738 22996 02705 10360 20232 39857 40026 333 58014 60007 48%=
41739 22696 12706 10360 20108 38956 48450 81500 333 56900 59013 60007 81635 22%=
41742 22697 21804 10360 20256 40010 82100 333 56900 58006 60007 82830 55%=
41743 21996 00000 10385 20270 70500 333 60007 52%=
41744 22996 00000 10320 20048 38695 48434 333 59038 60007 18%=
41745 21996 01304 10360 20279 70500 333 60007 63%=
41746 22996 01802 10370 20268 40014 333 58015 60007 56%=
41747 22696 21302 10380 20256 40002 82500 333 56900 58011 60007 82630 50%=
41748 22996 02304 10365 20270 40016 333 58002 60007 58%=
41749 22996 13508 10355 20274 40020 333 58029 60007 63%=
41756 21496 41808 10320 20242 40035 70504 84600 333 56900 58008 60007 84715 64%=
41757 21696 41810 10315 20244 30032 40044 70400 84500 333 56900 58006 60007 84630 66%=
41759 01696 32304 10340 20241 40032 70511 83500 333 56900 58017 60007 83640 56%=
41764 22696 22308 10345 20255 39970 40017 82800 333 56900 58017 60007 82840 60%=
41765 22696 22306 10350 20268 39976 40010 81530 333 56990 58001 60007 81635 81360 63%=
41766 22696 32306 10350 20268 40009 83500 333 56900 58008 60007 83635 63%=
41767 22996 5//// 10340 20272 85830 333 56990 60007 83835 82360 68%=
41768 22596 42304 10335 20274 30018 40025 84600 333 56500 58020 60007 84720 70%=
41780 21596 72512 10300 20251 30009 40036 70400 87600 333 56900 58018 60007 84720 87630 75%=
41783 22696 62304 10310 20254 39990 40019 84530 333 56990 59009 60007 84635 82360 72%=
41785 02697 52304 10320 20265 30020 40033 83530 333 56590 58014 60007 83640 82360 73%=
41786 02696 42306 10330 20238 42306 40024 84500 333 56900 58024 60007 84630 58%=
41BAG 22697 42302 10250 20102 60002 84500 333 60007 84640 39%=
41BKI 22996 33602 10350 20253 39614 40004 83030 333 56090 58013 60007 83360 RH 57%=
41SKP 21696 30904 10335 20266 4//// 70400 83400 333 56900 5//// 60007 83640 67%=
43532 22697 20000 10350 20256 39222 49964 333 56900 58000 60007 82640 58%=
43533 21697 63102 10275 20233 39137 48447 72162 82520 333 56990 58024 60057 82640 84460 78%=
43563 22697 60502 10322 20237 40023 82530 333 56990 58018 60007 82640 84360 62%=
41760 21596 22312 10320 20250 40033 70500 82600 333 56900 58010 60007 82720 RH 67%=









Data Generated from File : D:\all data handling\Rmc_lhr\2024090609.FSU.txt
06/09/24 09:56:12
______________________________________________________________
15007 25570 51802 10209 20105 39749 40201 52007 7000/ 83870 333 55306 0//// 21589 3//// 60007 91003 91103=
15020 24570 21003 10248 20095 30008 40196 52004 82200 333 55310 22221 60007 91006 90730 91106==
15023 25570 60601 10210 20112 39774 40183 52007 7000/ 86800 333 55303 0//// 21288 3//// 60007 91003 91103=
15056 25570 50104 10213 20123 39858 40195 52009 7000/ 83840 333 55306 0//// 21566 3//// 60007 91006 91106=
15069 25599 50607 10177 20098 39142 42824 52003 7000/ 82540 333 55307 0//// 21751 3//// 60007 91010 91110=
15073 21598 63403 10187 20141 39749 40202 52009 70282 84360 333 55301 0//// 21005 3//// 60027 91005 91106=
15090 24570 30702 10235 20127 30104 40192 52006 81140 333 55310 01260 22333 30401 60007 91004 90730 91105==
15107 25570 51301 10201 20115 39403 42829 52003 7000/ 84370 333 55301 0//// 21039 3//// 60007 91007 91107 95000=
15108 21/00 90904 10086 20086 38145 48543 53012 74544 89/// 333 55300 20564 60007 91008 90730 91108==
15109 21570 82801 10171 20129 39776 40200 53007 70262 8587/ 333 55300 0//// 20447 3//// 69907 91002 91106=
15111 21570 70204 10190 20138 39934 40189 52012 70282 84370 333 55301 0//// 21071 3//// 60037 91005 91107=
15113 25570 53503 10213 20157 30030 40188 52008 7000/ 84840 333 55306 0//// 21532 3//// 60007 91004 91105=
15127 25570 70609 10191 20115 39327 42822 52003 7000/ 87300 333 55302 0//// 21220 3//// 60007 91011 91111 95000=
15148 25470 60503 10128 20106 38748 48525 52009 7000/ 84640 333 55300 0//// 20743 3//// 60007 91006 91107=
15150 21570 83503 10178 20152 39988 40196 52010 72582 8432/ 333 55300 20576 60077 91006 90730 91107==
15154 21570 50101 10211 20127 30045 40182 52008 72582 83380 333 55304 0//// 21318 3//// 69927 91002 91103=
15168 25/70 /1304 10231 20130 39569 42820 53003 7000/ 333 55309 0//// 22053 3//// 60007=
15170 24570 73403 10191 20130 39421 42820 53007 84370 333 55300 20890 60007 91005 90730 91106==
15194 21559 81700 10163 20156 39911 40199 53015 78182 8537/ 333 55300 0//// 20328 3//// 60107 91002 91105=
15197 27570 70204 10180 20153 39982 40187 51014 7818/ 84370 333 55302 0//// 20805 3//// 60027 91008 91108=
15215 25599 61601 10207 20124 39591 42822 53002 7000/ 84370 333 55304 0//// 21474 3//// 60007 91002 91103=
15217 25570 70807 10189 20129 39527 42822 52009 7000/ 83370 333 55307 0//// 21864 3//// 60007 91009 91109=
15219 27/70 /3206 10187 20161 30063 40184 52012 723// 333 55304 0//// 21524 3//// 60047=
15238 25670 61102 10201 20133 39577 42823 52007 7000/ 86300 333 55300 0//// 20724 3//// 60007 91005 91105=
15261 25569 50201 10190 20134 39385 42833 52006 7000/ 85300 333 55307 0//// 21969 3//// 60007 91003 91105 95000=
15262 21/90 90705 10090 20090 38250 48/// 53011 74544 333 55300 0//// 20502 3//// 60007 91009 91110=
15265 27570 73506 10192 20161 30106 40178 52013 7238/ 85370 333 55302 0//// 21120 3//// 60017 91010 91110=
15280 21005 51001 10078 20064 37562 47140 53013 74141 83231 333 55305 21669 60007 91003 90730 91106==
15300 25799 50802 10203 20130 39563 42822 53006 7000/ 85800 333 55306 0//// 21542 3//// 60007 91005 91106=
15301 25570 20301 10177 20099 38662 48547 53010 7000/ 81140 333 55310 0//// 22417 3//// 60007 91004 91105 95001=
15302 25670 40302 10174 20114 38954 48534 53006 7000/ 84300 333 55307 0//// 21929 3//// 60007 91006 91106 95000=
15307 21570 73603 10183 20162 39991 40172 53014 72582 85370 333 55300 0//// 20576 3//// 60027 91008 91109=
15310 21570 60203 10207 20178 30079 40162 52010 70182 85870 333 55307 01300 22198 32034 60037 91007 90730 91109==
15324 25961 11701 10241 20106 39385 42808 52006 7000/ 80001 333 55310 0//// 22358 3//// 60007 91005 91105=
15328 25570 71103 10241 20143 39826 40159 53006 7000/ 84320 333 55304 0//// 21369 3//// 60007 91008 91108=
15335 21570 70606 10203 20186 30143 40150 53010 71798 87900 333 55300 20361 69987 91009 90730 91111==
15336 27/47 /0603 10205 20197 30146 40148 52018 7636/ 333 55300 0//// 20410 3//// 60017=
15350 24570 60207 10221 20148 30055 40170 53009 86200 333 55301 20887 60007 91011 90730 91112==
15360 21570 80610 10227 20196 30130 40146 50009 725// 8497/ 333 55300 20645 69907 91012 90730 91112==
15377 25997 00802 10256 20124 39953 40158 52005 7000/ 333 55310 0//// 21748 3//// 60007 91005 91105=
15387 25570 50804 10241 20200 30146 40149 52015 7000/ 85200 333 55307 0//// 21883 3//// 60007 91006 91106=
15402 25570 70404 10225 20155 30094 40166 53006 7000/ 87800 333 55300 0//// 20954 3//// 60007 91009 91109=
15405 25570 60107 10219 20165 30104 40164 51005 7000/ 86800 333 55301 0//// 20743 3//// 60007 91009 91111=
15406 25470 63405 10221 20180 30105 40150 52004 7000/ 86600 333 55303 0//// 21244 3//// 60007 91008 91109=
15408 27470 83405 10203 20186 39887 40144 52002 723// 886// 333 55300 0//// 20916 3//// 69927 91007 91108=
15409 21570 80704 10222 20196 30096 40142 53009 71722 889// 333 55304 0//// 21480 3//// 60007 91007 91107=
15419 25970 00702 10239 20126 39983 40169 52005 7000/ 333 55310 0//// 22165 3//// 60007 91004 91104=
15420 24570 20503 10244 20139 30056 40162 52006 82100 333 55310 22260 60007 91005 90730 91106==
15421 25570 40204 10237 20143 30067 40173 53005 7000/ 84200 333 55310 01327 22156 30753 60007 91007 91107=
15425 25570 80105 10204 20162 30099 40161 52007 7000/ 8457/ 333 55300 0//// 20813 3//// 60007 91008 91108=
15434 22970 01401 10242 20125 39964 40165 52008 333 55310 0//// 22197 3//// 60007 91004 91104=
15444 25/70 /3304 10221 20171 30086 40155 52005 7000/ 333 55307 0//// 21622 3//// 60007=
15460 24570 83402 10211 20163 30138 40162 53007 885// 333 55300 20487 60007 91004 90730 91106==
15462 25570 62905 10214 20168 30068 40152 52005 7000/ 86900 333 55301 0//// 21037 3//// 60007 91007 91108=
15470 24/70 20804 10254 20134 30040 40160 53008 81041 333 55310 22204 60007 91006 90730 91108==
15475 21597 70303 10221 20161 30144 40163 52006 72582 87300 333 55301 0//// 21257 3//// 69947 91007 91107=
15479 27959 73203 10195 20165 39970 40157 52008 7101/ 87070 333 55300 0//// 20584 3//// 60007 91006 91107=
15480 24/70 62703 10224 20173 30130 40147 52007 86060 333 55301 00590 20944 30837 60007 91005 90730 91105==
15549 42970 10203 10236 20142 39750 40142 52003 80002 333 10238 20171 555 556//=
15552 42970 00902 10262 20171 30101 40147 52002 333 10267 20197 555 557// 92023 92428=
15640 42776 12303 10268 20166 39845 40137 51001 81100 333 10273 20212 555 554//=
15655 42968 03202 10250 20177 30115 40146 52002 333 10251 20204 555 564// 92022 92427=
15730 42970 62001 10271 20140 39765 40135 54000 80001 333 10274 20180 555 545//=
16627 42960 01105 10300 20151 30129 40134 51003 333 90730 91111==
16650 42960 10003 10300 20167 30126 40134 52007 80001 333 90730 91109==
16667 42960 03508 10314 20185 30119 40130 51003 333 90730 91110==
16706 42960 10211 10290 20170 30113 40119 52011 80001 333 90730 91120==
16723 42960 00108 10330 20133 30100 40114 52018 333 90730 91115==
16732 46/// /0108 10285 20224 30118 40129 52014 333 90730 91116==
16742 42960 03612 10304 20112 39954 40100 52009 333 90730 91123==
16749 42960 02509 10310 20199 30076 40090 51010 333 90730 91113==
16754 42960 03112 10310 20195 30084 40130 52011 333 90730 91116==
16757 42960 03120 10292 20191 39989 40115 52009 333 90730 91127==
16760 42960 03612 10302 20118 40125 52008 333 90730 91119==
16765 42960 02827 10296 20213 40095 52010 333 90730 91136==
17022 42670 53205 10247 20187 39991 40149 52004 82250 333 82834 85360 90730 91110==
17024 42970 03004 10269 20253 30062 40136 52003 333 90730 91107==
17026 42570 33305 10289 20210 30109 40146 52004 83200 333 83830 90730 91108==
17031 42670 33607 10269 20210 30133 40139 51003 83200 333 83835 90730 91111==
17034 42670 43504 10267 20208 30103 40147 52005 82130 333 82835 84360 90730 91107==
17038 42670 73006 10259 20200 30090 40135 51002 87200 333 87835 90730 91113==
17042 41670 50000 10252 20196 30109 40147 52008 72598 83250 333 83835 85360 90730 91109==
17050 42970 01902 10299 20131 30092 40151 58001 333 90730 91105==
17056 42970 01106 10253 20197 30145 40149 53010 333 90730 91110==
17060 42960 01507 10270 20169 30110 40149 51005 333 90730 91112==
17070 42965 00802 10232 20102 39300 40130 57007 333 90730 91104==
17074 42570 70602 10230 20182 39238 40125 58003 84270 333 84833 87357 90730 91106==
17084 42670 11503 10253 20159 39262 40118 58006 81100 333 81835 90730 91106==
17085 42670 13102 10280 20149 39656 40116 57010 81100 333 81840 90730 91112==
17092 42660 20902 10261 20111 38840 48494 57007 82100 333 82845 90730 91112==
17096 41660 51503 10204 20106 38250 48502 58004 70182 84150 333 84840 85358 90730 91109==
17098 41560 60114 10120 20109 38208 48505 56003 71722 85950 333 84835 86357 81920 90730 91126==
17100 42970 00701 10298 20123 39140 40058 57013 333 90730 91107==
17112 42970 03604 10307 20159 30126 40128 52004 333 90730 91108==
17115 42960 03507 10277 20188 30094 40142 50000 333 90730 91112==
17116 42962 00605 10308 20090 30019 40133 56004 333 90730 91110==
17124 42960 02806 10258 20084 39259 40130 58001 333 90730 91112==
17128 42670 33103 10252 20129 39075 40112 58002 83100 333 83840 90730 91110==
17135 42970 02603 10261 20139 39282 40106 58003 333 90730 91106==
17140 42665 20802 10237 20105 38712 48509 51003 82100 333 82840 90730 91109==
17150 42960 00202 10299 20124 30012 40128 57007 333 90730 91106==
17160 42670 11202 10262 20106 39009 48512 50001 81100 333 81840 90730 91106==
17170 42660 22808 10244 20116 38322 48483 58003 82100 333 82840 90730 91116==
17175 42965 03002 10309 20172 30114 40118 50000 333 90730 91105==
17184 42970 03506 10328 20082 30012 40116 58006 333 90730 91115==
17190 42970 03504 10239 20056 38991 48518 51001 333 90730 91108==
17190 42970 03504 10239 20056 38991 48518 51001 333 90730 91108==
17195 42670 12202 10262 20108 38958 48509 57003 81100 333 81840 90730 91108==
17200 42970 00904 10311 20099 39145 40055 58003 333 90730 91112==
17202 42670 22704 10308 20106 39087 40048 56002 82100 333 82835 90730 91112==
17203 42670 20401 10320 20096 38838 48520 57007 82100 333 82840 90730 91106==
17210 42670 13103 10331 20125 39083 40029 57002 81100 333 81840 90730 91111==
17219 42965 03616 10335 20094 39980 40114 52005 333 90730 91127==
17234 42970 00902 10348 20105 30044 40107 50003 333 90730 91107==
17237 42970 00201 10300 20099 39639 40109 50001 333 90730 91105==
17240 42970 03204 10284 20104 39019 40090 56003 333 90730 91112==
17244 42670 10110 10260 20094 38990 48519 51005 81100 333 81840 90730 91122==
17248 42670 22703 10257 20107 38968 48507 51001 82100 333 82840 90730 91108==
17250 42970 00506 10267 20090 38796 48507 58001 333 90730 91114==
17260 42960 00000 10323 20118 39266 40022 52002 333 90730 91112==
17270 42970 01503 10342 20146 39449 40042 50001 333 90730 91108==
17275 42670 21704 10320 20093 38945 48501 50003 82100 333 82840 90730 91112==
17280 42660 33604 10341 20112 39311 40034 58003 81130 333 81840 83360 90730 91115==
17290 42970 01703 10321 20171 30067 40097 50006 333 90730 91106==
17292 42670 12801 10324 20103 39376 40083 50004 81100 333 81840 90730 91108==
17300 42960 03504 10358 20133 30019 40085 50001 333 90730 91117==
17310 42970 02204 10329 20256 30068 40075 52009 333 90730 91107==
17330 42670 11904 10342 20200 30061 40078 52002 81100 333 81840 90730 91112==
17350 42670 22210 10328 20208 39989 40062 58003 82100 333 82835==
17370 42670 33102 10312 20254 30078 40082 52004 83200 333 83835 90730 91107==
17375 42670 11902 10337 20197 30069 40071 50003 81100 333 81835 90730 91109==
33088 42/60 10905 10250 20122 30054 40234 52003 81030==
33135 42970 00605 10228 20079 30127 40268 58001==
33177 42570 20704 10254 20119 39988 40211 52001 82500==
33317 42984 01004 10243 20114 39902 40220 52004==
33393 42960 31105 10244 20092 39827 40195 52003 80001==
33415 42/70 61204 10247 20118 39831 40205 52005 86030==
33429 42/60 20904 10241 20115 39809 40207 52007 82030==
33466 42970 11305 10252 20074 30058 40235 52004 80001 333 30///==
33506 42960 01007 10236 20059 30060 40246 57003==
33562 42960 21204 10265 20115 39934 40219 51003 80001==
33587 42670 60902 10248 20084 39968 40216 52006 82101==
33658 42/83 51203 10235 20102 39918 40201 52007 82031==
33663 42/70 21103 10264 20082 30110 40200 52002 82030==
33664 42998 00803 10261 20077 39894 40190 52004=
33678 42898 22804 10255 20096 30011 40211 52002 82030=
33679 42497 60503 10267 20111 30016 40194 52004 83531=
33711 42960 20707 10280 20076 30018 40213 52006 80001==
33745 42997 51004 10240 20106 30029 40208 52007 82031=
33748 42997 21004 10228 20125 39911 40180 52004 82030=
33754 42998 30802 10245 20140 30057 40195 51008 83030=
33761 42/70 20705 10239 20129 39992 40202 51007 82082==
33791 42986 20606 10273 20072 30093 40212 52005 80001==
33815 42598 60703 10217 20123 39985 40182 52010 85530=
33837 42/77 70809 10214 20159 30131 40180 52015 86031==
33881 42598 60303 10245 20152 39992 40177 52010 83330=
33883 42898 60303 10229 20158 30018 40170 52012 86030=
33885 41496 70304 10186 20168 30058 40182 52014 71082 84940=
33892 42998 60604 10217 20143 39980 40178 52011 86030=
33902 42960 00505 10294 20085 30129 40184 52004==
33924 42/84 60909 10278 20152 30148 40160 52005 86070 333 91011 90730 91114==
33946 42982 20811 10284 20101 39937 40142 58004 80001 333 91014 90730 91115==
33983 42/60 60711 10257 20113 30094 40151 52006 82031 333 91016 90730 91118==
34300 42960 00806 10236 20035 30102 40270 58003==
34336 42970 00904 10232 20015 30193 40292 58005==
34344 42970 01104 10237 20038 30206 40289 57003 333 90730 91110==
34356 42960 00905 10215 20015 30155 40296 58003 333 90730 91110==
34357 42970 00705 10220 20018 30139 40286 57004 333 91012 90730 91112==
34398 42970 00504 10191 20038 30278 40288 58008==
34415 42970 00905 10243 20036 30163 40254 54000==
34438 42960 00807 10226 20027 30088 40270 54001 333 91013 90730 91116==
34445 41970 00907 10221 20021 30177 40286 54001 70230 333 91011 90730 91113==
34461 42960 00804 10221 20012 30239 40292 57004 333 90730 91110==
34473 42997 00903 10198 20016 30259 40296 58004=
34476 42970 00705 10205 20006 30286 40293 58005 333 90730 91110==
34504 42/72 20907 10235 20066 30063 40228 52003 82030==
34535 42970 00807 10234 20003 30190 40258 54001 333 91014 90730 91113==
34545 42970 00806 10229 21001 30160 40266 54001 333 91012 90730 91114==
34555 42970 00708 10208 20043 30193 40280 57003 333 91012 90730 91114==
34560 42960 01009 10211 20012 30102 40284 57001 333 91012 90730 91114==
34578 42960 01405 10214 20013 30273 40280 56001==
34579 42970 00404 10209 20006 30242 40284 57002 333 90730 91110==
34644 42960 00706 10233 20024 30175 40248 54000 333 91013 90730 91114==
34646 42970 00806 10222 20047 30179 40256 52001 333 91011 90730 91113==
34655 42960 00607 10237 21004 30202 40259 57002 333 91011 90730 91116==
34662 41970 00706 10224 20004 30262 40273 57002 70700 333 91012==
34691 42970 00902 10211 20009 30291 40279 58004==
34720 42970 00805 10250 20089 30186 40223 52002 333 91010 90730 91111==
34727 42960 20907 10258 20067 30177 40205 52004 80001 333 91012 90730 91113==
34737 42997 00710 10268 20058 30183 40209 57003 333 91025 91127=
34743 42960 00805 10242 20010 30158 40243 57003 333 91012 90730 91114==
34759 41960 10707 10245 20031 30112 40236 58004 70730 80001 333 91012 90730 91113==
34772 42970 00706 10231 21007 30259 40262 58003 333 91010 90730 91113==
34785 42970 00705 10234 21002 30281 40260 57002 333 91010 90730 91112==
34798 42670 20605 10230 20081 30288 40260 54000 82100==
34824 42/60 80907 10268 20098 30179 40184 52003 84031 333 91013 90730 91114==
34838 42/60 20807 10261 20053 30100 40190 54001 82039 333 91013 90730 91115==
34845 42970 01005 10253 20044 30110 40211 58004 333 91011 90730 91115==
34858 42960 00804 10254 20036 30115 40216 58007 333 91010 90730 91112==
34861 42970 21108 10236 20012 30000 40229 57004 80001 333 91012 90730 91115==
34866 42970 00907 10246 20022 30244 40236 58003 333 91010 90730 91112==
34880 42660 30704 10238 20074 30274 40249 54000 82101==
34887 42570 20704 10244 20066 30261 40242 52002 82100==
34949 42670 50711 10231 20086 39669 40182 57003 82530 333 91015 90730 91116==
34954 42670 30805 10261 20069 30036 40198 56006 82401 333 91013 90730 91113==
34958 42570 60905 10237 20065 30016 40204 55002 86500 333 90730 91112==
34975 41/60 31106 10262 20055 30225 40221 54000 70701 80031 333 91010 90730 91113==
34984 42670 50707 10240 20057 30265 40237 52007 82531 333 91011 90730 91112==
35217 42660 13604 10190 20023 30245 40283 58006 81100==
35302 42970 03504 10188 20032 30270 40290 58006==
35315 42698 30201 10189 20034 30220 40274 58008 83100=
35344 42599 73606 10135 20030 39964 40240 58007 86330=
35358 42660 73205 10151 20055 30048 40209 58002 87500==
35368 41599 83505 10126 20080 39944 40199 52002 78082 889//=
35386 42598 62903 10100 20038 39652 40150 58004 86400=
35394 41570 62804 10101 20042 39491 40137 52001 70282 86900==
35404 42998 00602 10195 20055 30278 40286 58008=
35406 42960 01101 10189 20040 30279 40281 58008==
35416 42670 41401 10189 20022 30157 40271 58005 84100==
35426 42584 72902 10156 20028 39982 40260 58006 87500==
35437 42698 70405 10159 20052 39951 40249 58005 87500=
35449 42698 73405 10155 20062 30124 40222 58003 87200=
35497 41570 73205 10093 20038 39380 40144 53004 72522 87900==
35498 42598 73203 10102 20020 39297 40134 52001 87900=
35514 42998 00903 10202 20013 30277 40273 58007=
35522 42698 60804 10171 20023 30023 40262 58004 86100=
35542 42699 73305 10162 20017 30088 40227 58004 87200=
35563 42598 73306 10115 21002 39439 40173 54000 87800=
35576 42670 73403 10143 20025 39734 40158 58001 87200==
35582 42698 63206 10130 20031 39604 40173 52014 86200=
35594 42599 73206 10119 21001 39340 40134 52002 87900=
35605 42998 00403 10207 21002 30289 40269 58004=
35633 42598 60205 10164 20014 30033 40236 58004 86300=
35671 42570 53502 10146 21010 39761 40167 54000 85900==
35699 42660 73401 10164 20002 39404 40108 58003 87200==
35700 42970 00805 10216 20025 30286 40264 58003==
35715 42999 01004 10211 21014 30270 40256 58006=
35739 42699 23605 10186 20000 30097 40229 58004 82100=
35746 42670 53506 10188 20013 30147 40210 58003 85200==
35777 42597 63207 10177 20050 39826 40148 53008 86500=
35796 42660 72005 10160 20055 39706 40112 58007 82531==
35849 42570 60407 10195 20051 30122 40202 54000 86300==
35895 42598 63402 10163 20043 39711 40126 58004 83332=
35907 42998 21007 10225 20050 30268 40240 52010 80001=
35925 42970 10506 10209 21002 30132 40237 58004 80002==
35927 42998 00504 10214 20000 30235 58004=
35953 42684 60110 10244 20013 30061 40180 52002 86200==
35969 42684 33602 10214 20011 39999 40160 52002 83200==
35997 42598 70501 10169 20055 39716 40121 52003 84370=
36259 41584 82008 10128 20006 38169 48426 57006 71522 86902 333 91012 90730 91112==
36335 41599 72606 10085 20019 39153 40129 52002 70282 87300=
36358 42699 60000 10112 20009 39147 40106 58002 86500=
36394 42597 72703 10161 20032 39712 40105 58007 87300=
36397 42684 73202 10148 20036 39576 40103 58008 83471==
36403 42798 73003 10151 20058 39763 40099 58010 86509=
36418 42699 71004 10191 20036 39514 40077 58004 83933=
36421 42699 72703 10199 20077 39554 40068 57008 86801=
36428 41570 70502 10164 20121 39625 40088 72998 87900==
36439 41598 82302 10124 20088 38904 48452 53009 70298 889//=
36498 42698 72903 10149 20014 39360 40097 57002 82531=
36501 42699 70000 10136 20024 39392 40095 57008 87500=
36535 42/84 52002 10175 20025 39505 40088 58012 82031==
36546 42699 72901 10194 20096 39588 40081 58008 84331=
36619 42599 62701 10205 20015 84950=
36622 42798 73102 10180 21004 39337 40076 57010 82141=
36639 42584 81602 10181 20138 39526 40082 57004 889//==
36643 42699 60402 10182 20084 39471 40078 57011 84303=
36665 41596 80901 10159 20133 39410 40080 58010 78082 889//=
36666 41599 83204 10159 20105 39633 40089 58007 70282 8697/=
36729 42598 81901 10176 20142 39643 40086 54000 889//=
36736 41596 82902 10157 20131 39595 40109 58009 78082 889//=
36744 42998 83001 10183 20036 39694 40110 52002 8807/=
36770 42599 73404 10184 20093 39424 40094 52003 87900=
36786 41699 82304 10178 20098 39240 40087 52001 70282 889//=
36796 42998 80000 10144 20066 38968 48463 57005 8807/=
36803 41699 82304 10178 20098 39240 40087 52001 70282 889//=
36806 42599 83508 10258 20077 39645 40065 58016 83902 333 91116=
36819 42598 83210 10210 21016 39529 40091 53008 8495/=
36821 42584 73502 10172 20064 39654 40110 52007 84932==
36839 42699 83606 10179 20089 39034 40077 53012 81249=
36843 42698 80904 10162 20094 39001 40093 53011 84932=
36846 42699 83610 10163 20061 38553 48448 57004 83952=
36859 42/84 62502 10283 20065 39309 40003 57021 82035==
36870 42560 50501 10231 20069 39133 40055 53015 82901==
36874 42999 53609 10232 20040 39359 40066 53009 80008=
36877 42999 30303 10244 20060 39179 40064 53011 80001=
36885 42599 62706 10192 20042 39030 40072 53008 83930=
36889 42599 71803 10110 21005 37046 47072 57003 86900=
36894 42599 72306 10249 20063 39376 40043 56001 82371=
36905 42999 03502 10220 20063 38660 48436 58014=
36911 42699 22504 10236 20145 39214 40106 53021 82101=
36927 42699 70502 10238 20062 38271 48414 58025 87900=
36934 42699 62001 10203 20113 38209 48321 57015 83332=
36953 42699 50502 10210 20066 38123 48508 57027 83903=
36963 42799 62705 10148 21060 37038 48/// 57002 83550=
36974 42798 62704 10264 21002 37924 48427 56001 83202=
36982 42598 62408 10121 21074 36547 47093 57014 86300=
37018 42670 60702 10298 20158 30057 40127 52006 84902==
37031 42460 80806 10254 20109 39992 40174 54000 83631 333 91013 90730 91111==
37054 42670 80703 10201 20136 39832 40197 53003 885// 333 90730 91111==
37061 41560 61006 10245 20099 30046 40205 58001 70722 81139 333 91012 90730 91113==
37085 42570 70711 10238 20094 30241 40215 52008 87500 333 91014 90730 91116==
37171 41560 61604 10280 20216 30110 40127 52009 71722 84903 333 82924==
37228 41420 83102 10155 20148 39386 40188 52002 76162 8872/==
37235 41570 81002 10198 20177 39885 40186 52002 72582 887//==
37472 42560 81602 10226 20171 30220 40199 52010 8657/==
38149 42970 20306 10210 20029 30143 40216 52011 80002==
38178 42970 02204 10224 20058 39879 40147 52006==
38262 42970 20307 10210 20041 30114 40192 54000 80002==
38264 42970 13611 10212 20015 30105 40193 52004 80003==
38345 42799 82703 10190 20050 38750 48465 53004 84932=
38353 42998 63203 10235 20046 39245 40075 58001 84031=
38392 42997 20407 10226 20030 30082 40179 52007 82030=
38396 42/60 30107 10223 20025 30061 40179 52006 83030==
38403 42960 03404 10242 20058 30040 40153 58001==
38413 42970 03304 10245 21005 39868 40140 52008==
38457 42560 62103 10269 20045 39536 40077 52001 82189==
38462 42684 52307 10232 21047 38699 48455 58006 82551==
38462 42684 52307 10232 21047 38699 48455 58006 82551==
38507 42997 00707 10297 20040 30047 40142 52011=
38545 42998 23405 10256 20070 39889 40153 52004 80003=
38565 12970 03404 10249 20089 39540 40111 52008 60002==
38579 12684 10102 10272 20071 39697 40083 57002 60002 81200==
38583 12/60 53203 10276 20038 39792 40088 58002 60002 83041==
38599 42998 52510 10268 20057 39598 40072 55001 82031 333 91115=
38611 42/60 61703 10290 20076 39522 40034 57009 86040==
38613 42999 63001 10280 20080 40033 52002 80002=
38616 42598 52702 10270 20077 39105 40032 58011 85300=
38618 42/60 62902 10290 20074 39407 40034 57009 83031==
38647 42998 00805 10288 20089 30092 40131 57005=
38656 42998 60504 10300 20045 30043 40144 52004 86080=
38683 42960 03407 10283 20023 39854 40109 52008==
38687 42997 03604 10310 21012 39874 40077 52004=
38696 12684 33203 10301 20089 39275 40054 58004 60002 81183==
38713 42698 33603 10244 20053 38989 48490 58003 82201=
38750 42597 32208 10301 20244 30164 40138 58001 83100=
38763 42597 40904 10298 20095 30054 40151 54000 84200=
38774 42898 63301 10278 20100 39968 40149 54000 86080=
38799 42997 00205 10321 20092 39902 40113 54000=
38806 42997 03206 10314 20036 39844 40082 52004=
38812 42960 01502 10316 20041 39661 40078 57008==
38836 41698 01802 10344 20134 39143 49980 57006 70500=
38880 42997 23503 10285 20074 39905 40141 51003 82030=
38886 42997 03403 10307 20105 39922 40131 52004=
38895 42996 00702 10328 20092 39848 40110 52001=
38911 42998 03406 10330 20086 39816 40084 52007=
38915 42997 03203 10358 20061 39780 40072 58006=
38927 12960 02406 10361 20040 39714 40051 58011 60002==
38933 42997 01802 10338 20211 39595 40056 58014=
38944 42997 00901 10344 20098 39507 49987 57011=
38954 42999 00000 10301 20058 37900 48420 58020=
38974 42998 03405 10330 20068 39791 40096 52001=
38987 42996 00104 10336 20009 39403 40077 58009=
40030 42570 20000 10332 20177 40090 58006 82500 333 82630=
40080 42965 02804 10310 20141 39400 4//// 57010=
40100 43/70 02409 10305 20223 30093 40108 52008 333 58///=
40180 02560 52904 10303 20210 30045 40091 52001 85100 333 70000==
40199 02/// /0405 10343 20182 30055 40079 57008 333 70000==
40265 41956 03404 10272 20180 39342 40099 57001 70522=
40270 41656 10307 10268 20146 39236 40091 52005 70500 81100 333 81835=
40272 41950 02810 10286 20169 39298 40090 54000 70500=
40340 42960 00207 10334 20177 30030 40091 57006=
40356 42960 00504 10326 20090 39135 48490 333 59004 555 04410 50044=
40357 42960 00704 10379 20050 39435 40020 333 59011=
40360 42960 03004 10316 20120 39512 40070 333 58001=
40361 42960 02806 10375 20060 39320 40050 333 59001=
40362 42960 01609 10413 20050 39549 40021 333 59013=
40373 42960 00000 10418 20040 39652 40038 333 58003=
40375 42960 02104 10320 20100 39230 40051 333 58008=
40394 42960 02412 10382 20110 38977 48494 333 59003 555 04410 50013=
40394 42960 02412 10382 20110 38977 48494 333 59003 555 04410 50013=
40400 42560 12007 10327 20250 30050 40077 81100 333 58017 81830=
40405 42960 01810 10407 20050 39342 40019 333 59002=
40417 42960 03610 10428 20110 30005 40019 333 58009=
40420 42960 00110 10422 20040 39827 40018 333 58007=
40430 42960 02609 10390 20060 39355 40044 333 58015=
40437 42960 03606 10400 21010 39382 40035 333 58006=
40439 42960 12615 10390 20180 30044 40062 80001 333 58032 81070=
40582 32960 03414 10440 20099 40020 58008 333 55310 00810 10000 22741 31055 41305 51805 63796 55407 41686 90400 91023 91123 91215 91315=
40703 42960 01102 10292 20059 38880 40054 58008 333 70000 555 10163 29023 66666 00338 10318 20280 30284 50282 90262=
40706 42965 00807 10270 21010 38638 40072 54000 333 70000 555 10132 29016 66666 00357 10301 20303 30311 50307 90289=
40712 42960 03604 10272 20045 38656 40053 56002 333 70000 555 10149 29023 66666 00290 10238 20239 30241 50239 90228=
40713 42962 01206 10285 20040 38632 40043 58001 555 10152 29021 66666 00274 10276 20285 30287 50282 90260=
40718 42560 43505 10277 20200 30177 40150 53001 84100 222// 0//// 20202 333 70000 84820 555 10227 29063 66666 00322 10292 20294 30294 50286 90266=
40723 42560 12707 10276 20124 38939 40091 57008 81100 333 70000 81830 555 10183 29039 66666 00344 10308 20252 30250 50254 90244=
40726 42960 00404 10266 20067 38632 40051 57004 333 70000 555 10154 29028 66666 00294 10280 20278 30272 50270 90258=
40727 42965 23003 10301 20001 38455 40048 57008 82003 333 70000 82070 555 10146 29014 66666 00347 10254 20245 30256 50253 90233=
40732 42665 13410 10310 20176 30141 40118 57007 81100 333 70000 81840 555 10224 29045 66666 00308 10292 20288 30290 50282 90266=
40736 42560 32904 10308 20207 30158 40134 54000 83600 333 70000 83722 555 10240 29055 66666 00344 10312 20300 30300 50298 90289 77777 00/// 10026 20016 30016 50017 70/// 99///=
40737 42560 52903 10297 20184 30110 40127 56004 85200 333 70007 85827 555 10224 29051 66666 00288 10274 20268 30264 50256 90250 77777 00013 10005 20013 30020 50023 70027 99///=
40738 41557 52705 10320 20186 30137 40139 58004 70511 85200 333 70000 85830 555 10232 29045 66666 00310 10320 20298 30298 50292 90276=
40739 42965 00505 10282 20088 38665 40057 58008 333 70000 555 10168 29029 66666 00324 10328 20282 30288 50288 90278=
40741 42960 03310 10339 20063 39792 40104 54000 333 70000 555 10186 29018 66666 00377 10326 20305 30311 50319 90317=
40743 42965 01104 10342 20007 39015 40044 57014 333 70000 555 10167 29012 66666 00393 10338 20310 30318 50321 90316=
40745 42960 11207 10312 20094 39010 40076 56008 80001 333 70000 555 10183 29026 66666 00376 10310 20264 30268 50268 90270=
40747 42960 01603 10328 21042 38592 40022 57016 333 70000 555 10148 29009 66666 00394 10294 20286 30302 50300 90292=
40754 42962 01403 10322 21020 38786 40028 58005 333 70000 555 10152 29011=
40762 42965 00403 10322 21088 38530 40032 56006 333 70000 555 10137 29007 66666 00394 10320 20266 30270 50278 90280=
40766 42982 02904 10323 21198 38656 40029 58006 333 70000 555 10128 29003 66666 00386 10320 20291 30297 50296 90283=
40768 42965 03203 10318 21023 38231 40003 57008 333 70000 555 10145 29011 66666 00349 10288 20273 30284 50284 90282=
40769 42660 10102 10323 21019 38272 49996 57011 81100 333 70000 555 10148 29011 66666 00388 10322 20298 30298 50304 90292=
40780 42960 03107 10329 20009 38650 40048 58002 333 70000 555 10160 29013 66666 00368 10322 20318 30320 50320 90308=
40782 42960 02706 10343 21004 38810 40018 57008 333 70000 555 10164 29011 66666 00342 10302 20296 30294 50310 90290=
40785 42960 02503 10337 21051 39018 40038 57012 333 70000 555 10154 29008 66666 00430 10365 20350 30360 50370 90380 77777 00/// 10000 20/// 30/// 50/// 70/// 99///=
40791 42970 02802 10390 21266 39261 40018 58007 333 70000 555 10157 29001 66666 00396 10372 20334 30340 50352 90355=
40792 42965 02804 10357 21142 38674 40018 57007 333 70000 555 10146 29004 66666 00386 10344 20304 30308 50332 90312=
40798 42660 21602 10324 21070 37949 49997 57013 82100 333 70000 82835 555 10136 29007 66666 00418 10312 20256 30264 50266 90257=
40800 42960 01103 10359 21053 38426 40012 57012 333 70000 555 10157 29007 66666 00454 10330 20320 30294 50306 90298=
40809 42962 00505 10354 21210 38453 40002 58011 333 70000 555 10138 29002 66666 00400 10380 20336 30310 50304 90296=
40811 42960 02803 10415 20096 39978 40002 58007 333 70000 555 10225 29015 66666 00428 10372 20366 30376 50384 90382=
40812 42960 02502 10423 20092 39652 49995 57003 333 70000 555 10223 29014 66666 00470 10432 20410 30404 50402 90390=
40818 42965 03303 10319 21233 37958 49997 57015 333 70000 555 10117 29002 66666 00302 10261 20265 30280 50302 90296=
40821 42970 01301 10381 21226 38732 40005 58011 333 70000 555 10150 29002 66666 00403 10352 20325 30335 50344 90350=
40829 42960 03610 10406 21022 39476 49999 58012 333 70000 555 10188 29007 66666 00412 10356 20322 30318 50314 90300=
40831 41957 03510 10448 20104 30005 40012 58006 70500 333 70000 555 10238 29013 66666 00454 10396 20376 30378 50378 90370=
40833 42960 02002 10428 20177 39979 40008 58005 333 70000 555 10261 29024 66666 00438 10386 20378 30382 50386 90370=
40835 42960 02703 10394 20145 39232 49996 57010 333 70000 555 10232 29023 66666 00416 10386 20356 30360 50360 90350=
40841 42970 00302 10336 21137 38214 40014 57017 333 70000 555 10134 29004 66666 00290 10286 20270 30288 50296 90290=
40845 42960 02703 10372 20237 30006 40011 58003 333 70000 555 10276 29046 66666 00408 10382 20372 30370 50370 90364=
40848 41658 23602 10352 20056 38474 49977 57013 70500 82200 333 70000 82835 555 10180 29016 66666 00380 10330 20308 30306 50302 90292=
40851 42960 01404 10344 20016 38234 49990 58014 333 70000 555 10164 29013 66666 00436 10342 20304 30314 50320 90320=
40854 42960 03602 10392 21138 38873 49979 57014 333 70000 555 10162 29003 66666 00490 10400 20352 30360 50370 90372=
40856 42962 03604 10363 21120 38583 40003 57016 333 70000 555 10150 29004 66666 00428 10334 20296 30306 50320 90316=
40859 41658 12405 10352 20086 38652 40000 58008 70500 81100 333 70000 81840 555 10192 29020 66666 00406 10320 20290 30290 50296 90294=
40875 41950 02007 10352 20267 30004 40014 58011 70500 333 70000 555 10290 29062 66666 00430 10380 20370 30370 50375 90372=
40879 42660 11903 10407 20108 39368 49993 57025 81200 333 70000 81840 555 10222 29017 66666 00448 10428 20390 30394 50400 90400=
40882 41535 22304 10354 20276 39982 40015 58006 70500 82100 333 70000 82825 555 10296 29064 66666 00436 10386 20374 30376 50372 90366=
40883 41956 02003 10360 20270 39991 40013 58012 70500 80000 333 70000 555 10294 29060 66666 00390 10402 20366 30384 50384 90376=
40893 41958 01705 10318 20266 30007 40013 57012 70500 333 70000 555 10280 29074 66666 00366 10369 20366 30366 50369 90369=
40898 41558 11706 10318 20263 39998 40007 58014 70500 81100 222// 00308 20801 333 70000 81825 555 10278 29073 66666 00448 10414 20364 30368 50378 90366=
41024 42660 23006 10383 20230 30047 40072 82500 333 58033 82640=
41036 42960 03014 10316 20060 38557 48509 333 58017 555 04410 50063=
41055 42960 00407 10318 20020 38356 48497 333 58006 555 04410 50047=
41061 42960 01902 10415 20020 39360 40017 333 58006=
41084 42960 00304 10360 20040 38814 48485 333 58005 555 04410 50009=
41112 42560 20508 10288 20040 37949 48500 82100 333 58008 82820 555 04410 50037=
41114 42960 00312 10282 20040 37982 48498 333 58011 555 04410 50031=
41128 42960 00910 10366 20020 38773 48493 333 58014 555 04410 50028=
41136 42960 03604 10419 20100 39244 49999 333 58004=
41140 41559 32509 10361 20250 30057 40062 70511 83400 333 58015 83630=
41150 42966 03314 10374 20248 40021 333 58005=
41176 44/60 /0810 10353 20257 30008 40014 333 58004=
41194 42960 03312 10359 20271 30011 40016 333 58010=
41196 42960 02909 10365 20255 39983 40021 333 58009=
41216 42960 03412 10388 20223 30012 40016 333 58006=
41217 42960 03015 10385 20244 39983 40010 333 58005=
41244 36/// /3303 10406 20093 39604 49989 333 0E034 55300 25022 58001=
41255 36/// /1305 10384 20163 39511 49986 333 0E028 58001=
41256 31959 00407 10344 20243 39995 40012 70500 333 59001 55407 55408 55507 55508=
41265 36/// /3403 10383 20155 39448 49976 333 0E030 55300 23389 58002=
41267 36/// /0103 10323 20256 30005 40017 333 0E029 58002=
41268 36/// /0407 10392 20149 39961 40005 333 0E029 55300 25022 58002=
41275 36/// /3305 10376 20204 39870 40029 333 0E026 55300 23537 59000=
41288 36/// /1411 10311 20249 30017 40038 333 0E027 58001=
41316 32480 89905 10293 20249 30026 40055 886// 333 58008 55407 55408 55507 55508 83714 88625=
41396 42965 12307 10387 20148 39333 40005 80001 333 58006 81070=
41480 41557 62315 10326 20256 30053 40061 70544 82530 333 59006 82625 86360=
41497 21108 10300 20274 40190 54000 70200 82101 22200 06220 20000 80280=
41506 12460 61806 10320 20127 38419 48130 60001 84800 333 56800 58006==
41508 11440 72301 10319 20213 38602 48820 60001 71799 82920 333 56880 58011==
41515 12460 42703 10320 20139 38458 48190 60001 84200 333 56800 59006==
41523 12460 52302 10320 20213 39008 48640 60001 82520 333 56880 58011==
41535 12460 21301 10275 20202 38665 48460 60001 82600 333 56800 58017==
41536 11460 73602 10280 20208 38966 48650 60001 71792 85920 333 56880 58018==
41560 12960 00000 10285 20158 38252 48620 60001 333 58015==
41571 21696 62308 10330 20217 39470 40015 71322 86900 333 56900 58008 60007=
41598 11440 11301 10340 20257 39766 40021 60001 70400 81100 333 56800 58024==
41600 21696 60000 10320 20250 40025 70422 83570 333 56990 58022 60007 83645 84640=
41620 12940 02701 10325 20100 38451 48210 60001 333 58021==
41624 12960 00000 10370 20260 30000 40010 60001 333 58013==
41630 11440 41301 10355 20251 30000 40024 60001 70410 84500 333 56800 58017==
41640 11440 70000 10330 20261 39786 40021 60001 70422 86520 333 56880 58017==
41660 22797 13112 10325 21081 38379 48460 81400 333 56900 58017 60007 81850=
41678 11940 30000 10370 20228 30000 40007 60001 70500 83020 333 56080 58001==
41696 12960 01301 10290 20093 37982 48640 60001 333 58001==
41697 12960 00000 10380 20272 30000 40001 60001 333 58014==
41700 11440 50902 10380 20264 30000 40003 60001 70420 85500 333 56800 58015==
41710 12960 03102 10415 21160 30000 49938 60001 333 58005==
41712 12960 01301 10410 21024 39089 48660 60001 333 59005==
41715 11440 21301 10365 20270 30000 40017 60001 70500 82500 333 56800 58022==
41718 11940 30000 10380 20272 30000 40010 60001 70400 83030 333 56080 58012==
41725 12940 00000 10380 20248 30000 40009 60001 333 58015==
41739 12440 12703 10360 20108 38956 48500 60001 81500 333 56800 59013==
41744 22996 00000 10320 20048 38695 48434 333 59038 60007=
41749 12940 13504 10355 20274 30000 40020 60001 333 58029==
41756 11240 41804 10320 20242 30000 40035 60001 70504 84600 333 56800 58008==
41759 11440 32302 10340 20241 30000 40032 60001 70511 83500 333 56800 58017==
41764 12440 22304 10345 20255 39970 40017 60001 82800 333 56800 58017==
41768 12340 42302 10335 20274 30018 40025 60001 84600 333 56800 58020==
41780 11440 72506 10300 20251 30009 40036 60001 70400 87600 333 56800 58018==
41785 12460 52302 10320 20265 30020 40033 60001 82530 333 56880 58014==
41859 02/50 20502 10352 20260 39976 40013 82030 333 59002 70000 82362==
41883 02/56 50000 10363 20270 39993 40013 85010 333 59001 70032 85459==
41891 01450 52703 10355 20290 39964 40001 70522 82530 333 59007 70000 82615 84365==
41907 02950 30000 10355 20270 39996 40011 83002 333 58003 70014 83080==
41923 02/56 32702 10342 20220 30004 40014 83030 333 58002 70004 83365==
41936 01430 50906 10330 20270 30005 40012 70522 83830 333 58006 70000 83615 84362==
41943 02440 51802 10344 20260 30000 40007 83530 333 58001 70450 83616 83362==
41950 02456 30000 10340 20260 30006 40008 82530 333 58005 70064 82617==
41978 02458 62607 10327 20270 30003 40009 82301 333 58001 70568 82618 85080 81930==
41992 41430 61803 10315 20270 30011 40013 70522 84501 333 58001 84616 86080==
42001 06091 99259 70897 46/// /1205 10299 20285 30091 40094 90840 22200 00304 333 91206 555 11058 22061 8//06 90832=
42027 32596 62301 10250 20174 38368 48448 84420 333 58029=
42044 32596 42301 10278 20168 38234 48455 82210 333 58024=
42045 32596 51402 10274 20152 38276 48392 85400 333 58022=
42056 32696 31803 10320 20255 39604 83100 333 58022=
42071 31596 39902 10334 20302 40019 71000 83400 333 58017 83625=
42097 06091 99257 70837 46/// ///// 1//// 90856 22200 00301 10502 20502 70008=
42101 32596 50000 10334 20279 40026 85400 333 58013 82625 85830=
42111 21595 82301 10292 20253 39346 40013 79596 8592/ 333 58026 6992/ 84618 85830 81935 88458=
42123 32596 30501 10354 20253 40012 82530 333 58019 82630 83360=
42131 32696 60902 10302 20266 40023 82430 333 58013=
42165 32696 33202 10360 20241 40002 83100 333 58011 83840=
42182 31595 50905 10306 20264 40018 71022 84830 333 58021 84830 84360=
42189 21595 70000 10310 20266 40021 70522 85830 333 58024 6002/ 85620 87360=
42309 31596 30202 10346 20278 40012 70500 83800 333 58002=
42314 32596 30204 10354 20269 40011 82100 333 58004 82825=
42328 31595 22302 10348 20259 49995 70500 82500 333 58018 82630=
42339 31595 62303 10318 20259 40014 70522 84810 333 58015 82630 83835 86458=
42348 21595 70504 10280 20254 40020 71065 85920 333 57922 58011 6002/ 84625 81930 86459=
42361 31596 50000 10330 20272 40013 70522 85400 333 58011 83620 85825=
42369 31596 51402 10330 20278 40023 70522 85400 333 58030 82620 85825=
42379 31595 50902 10324 20263 40017 70522 85400 333 56200 58024 83620 82825=
42410 31596 21802 10354 20266 40010 70510 82500 333 59008 82620=
42415 32596 20000 10354 20269 40021 82400 333 59005 81620=
42452 21595 81801 10278 20258 40004 76022 8572/ 333 58013 6009/=
42492 21496 50000 10330 20284 40020 71022 84430 333 58022 6992/ 83618 83825 84360=
42559 32596 50902 10324 20218 49995 85200 333 58012 85825=
42571 21596 80000 10266 20257 40028 79596 8692/ 333 59027 6018/ 85625 81930 87458=
42591 31496 60904 10334 20274 40020 70522 83330 333 58023 83618 81930 85360=
42623 32496 41403 10316 20216 39174 40000 82530 333 58004 82618 84360=
42634 32596 72303 10316 20239 40049 87800 333 58020 83620 84825=
42647 21596 62702 10310 20260 40039 70522 85800 333 56600 58019 6996/ 82620 83825=
42667 31596 51406 10300 20235 39447 40012 70522 83830 333 58008 81620 83825 84360=
42675 31596 73602 10300 20243 40021 70522 84830 333 58026 82620 83830 86360=
42701 31496 60000 10302 20255 39307 40008 71022 84430 333 58009 83618 83825 85360=
42724 32496 72903 10330 20269 40005 83431 333 59008 83618 83825 85360=
42737 32596 62508 10312 20250 40044 82531 333 58018 82620 85070=
42754 21496 72311 10282 20237 39398 40013 70262 85830 333 58005 6996/ 83618 83825 85360=
42779 32596 40000 10316 20250 39340 40007 84800 333 58021 81620 83825=
42798 31496 61408 10334 20252 40003 70522 84930 333 57960 58013 83615 81930 86360=
42809 31494 60703 10341 20265 40011 70522 83330 333 57981 58007 82618 81930 85360=
42840 32596 52702 10318 20256 40051 83230 333 58017 83825 83360=
42867 31496 72304 10320 20249 40016 70522 86520 333 58019 83618 83825 85458=
42874 31596 20000 10324 20254 40010 70121 82500 333 58013 81620=
42886 32596 40502 10338 20254 40010 84400 333 58014 83620 84825=
42895 21496 72902 10302 20286 40016 71796 84920 333 57971 58010 6005/ 84618 81930 85459=
42909 32596 32710 10308 20269 40054 83800 222// 20000 333 58018 82620=
42971 21496 70000 10290 20271 40024 76096 86320 333 57972 58018 85618 81930 87459=
43003 21495 62903 10300 20246 40063 72122 84830 333 58014 6993/ 82618 83825 85360=
43014 31596 62508 10284 20239 39401 40029 70544 84830 333 58016 83620 84825 85360=
43041 21596 72702 10262 20242 39418 40021 76096 85410 333 58004 6011/ 83620 85825 87458=
43063 21597 52705 10278 20217 39445 40055 70262 84701 333 56609 58023 6992/ 82722 83626=
43086 32597 70000 10318 20256 39845 40017 83831 333 58003=
43110 21496 62706 10292 20252 40078 72162 85720 333 58014 6997/ 82712 83618 85456=
43117 32597 72302 10314 20262 40034 85630 333 58013=
43128 31496 69902 10300 20232 39439 40028 70522 85930 333 56690 57932 58005 82615 83825 81930 86360=
43150 31596 41403 10332 20271 39955 40016 71711 83901 333 57961 58002 81620 82925=
43185 21597 72908 10320 20264 30014 40017 70252 84470 333 58001 6990/ 83620 86360=
43189 21596 82303 10270 20241 30015 40024 79596 8392/ 333 57922 58008 6995/=
43192 32596 73202 10306 20270 40077 83730 333 58015=
43201 32497 62302 10304 20218 39328 40031 84430 333 58009 83612 83818 85358=
43213 21597 62903 10300 20233 39720 40030 70262 83870 333 58007 6002/=
43233 32497 72511 10284 20216 39263 40061 83831 333 58014=
43237 32597 72910 10330 20211 39638 40017 82332 333 57932 58015 81620 81930 85075=
43245 32597 82905 10310 20238 30016 40042 84877 333 58011=
43279 32597 82902 10324 20235 30031 40048 8487/ 333 58019 83620 84458=
43284 22296 82710 10284 20247 39967 40081 84671 333 56699 58014 6998/ 82706 83612 87458=
43295 32497 62706 10260 20167 39066 48483 83531 333 56669 58016 84615 83358=
43314 32596 80000 10328 20267 40086 84808 333 58000=
43321 31496 72314 10322 20212 39617 40050 70522 83837 333 58013 83612 85358=
43333 31495 62306 10296 20257 40037 70522 86400 333 58000 83618 85820=
43353 22496 43208 10296 20257 40085 81520 333 56790 58010 6990/ 81614 83620=
43369 32597 53203 10322 20267 40089 83530 333 58010 83620 86358=
43371 22497 43204 10304 20256 30011 40083 82431 333 58019 6001/ 82618=
43404 22470 82204 10330 20262 30047 40050 56023 83000 333 553// 20426 58009 60008 91008 555 60008==
43410 22470 8//// 10347 20223 30048 40051 52023 87000 333 58012 60008==
43413 22/70 72005 10305 20257 30060 40064 5/020 333 553// 20429 58013 60008 81818 91008==
43415 22470 71802 10336 20242 39959 40067 56018 84000 333 58013 60008 555 60008==
43418 22470 82303 10352 20221 30016 40057 56017 84106 333 58017 60008 555 60008==
43421 22470 52503 10327 20232 39962 40065 57021 83000 333 553// 20352 58017 60008 91006 555 60008==
43422 21470 62303 10310 20223 39936 40067 58023 70282 84206 333 58015 69938 555 69938==
43424 22470 72304 10300 20253 30073 40075 57018 87200 333 58015 60008 555 60008==
43436 22470 62702 10354 20209 30048 40051 57020 82/// 333 58012 60008 81920 555 60008==
43441 21470 82504 10304 20239 39942 40072 57019 72582 85000 333 58018 69908 555 60038==
43444 21470 82701 10264 20239 39549 40076 58018 72582 88000 333 58015 60018 555 60018==
43450 21/60 72506 10302 20255 30077 40089 57017 70522 333 58004 60008 87/16 555 69918==
43466 22470 72403 10306 20238 30076 40084 5/023 86208 333 553// 20311 58015 60008 91005 555 60008==
43467 22468 62504 10319 20253 30080 40086 57023 84000 333 58016 60008 555 60008==
43473 21262 82807 10171 20155 38107 48470 52018 70285 88000 333 553// 20309 58007 69958 91011 555 69958==
43475 22570 60302 10368 20212 30040 40044 57029 83800 333 553// 20167 58002 60008 91004 555 60008==
43476 21464 63204 10258 20179 38755 48505 57017 70522 84000 333 58011 60008 555 60008==
43479 22470 63003 10294 20190 39232 57013 86000 333 58014 60008 555 60008==
43486 21460 63502 10295 20255 39980 40079 56025 70588 83005 333 553// 20272 58014 60008 91004==
43495 22470 62603 10300 20258 30067 40080 5/240 83000 333 58110 60008 555 60008==
43497 21465 72405 10283 20000 30053 40070 5/021 75022 85000 333 553// 20226 58019 60008 91011==
44212 42584 60103 10217 21009 38999 40035 57009 86800==
44213 42/84 63504 10224 21038 38687 40014 57010 84058==
44214 42670 73207 10147 20027 38214 40066 53004 87500==
44215 42670 73006 10197 21003 38327 40022 57010 85510==
44217 32698 72304 10144 21023 37818 40085 57006 85807 333 91208=
44218 42/84 63003 10274 21072 38497 49967 57015 86070==
44219 32999 32107 10284 21061 38524 49978 58022 80006 333 91208=
44265 42984 01304 10280 21010 38749 40009 58023==
44266 32999 22009 10213 21084 37750 40021 57011 82040 333 91115 91210=
48010 42560 42201 10325 20270 39863 40010 82430 333 59011==
48020 42360 30401 10345 20262 83900==
48025 41458 53201 10300 20266 39892 40028 58003 70299 84920==
48031 41257 61401 10230 20214 70144 86800==
48048 42558 63601 10320 20265 39980 40034 84950 333 58021==
48052 22457 50000 10334 20251 85770 333 56900=
48062 42558 51803 10310 20267 30007 40013 83930 333 58005==
48064 42458 41401 10330 20234 39968 40024 83801 333 58028==
48071 41356 81303 10282 20268 30018 40026 76266 8692/ 333 58018==
48094 41457 81801 10285 20265 30018 40028 70366 85970 333 58008==
48109 41340 82302 10252 20250 30046 40049 75366 8697/ 333 58012==
50557 14/80 /0101 10222 20056 39771 40055 57002 60001 333 10239 20099 3/011 59006 70000 90761 91113==
51076 14/80 /3001 10206 20101 39239 40064 57013 60001 333 10259 20143 3/014 59017 70000 90761 91106==
51087 14/77 /3004 10291 21001 39079 40016 57022 60001 333 10295 20158 3/015 59036 70000 90761 91108==
51156 14/80 /2707 10199 20040 38624 40055 57007 60001 333 10210 20127 3/011 59015 70000 90761 91110==
51243 14/80 /3404 10273 20061 39535 40041 57009 60001 333 10292 20199 3/018 59019 70000 90761 91110==
51334 14/80 /3304 10282 20085 39668 40044 57015 60001 333 10285 20159 3/015 59020 70000 90761 91108==
51379 14/80 /3103 10290 20023 39148 40028 57020 60001 333 10302 20097 3/009 59027 70000 90761 91107==
51463 14/80 /0405 10262 20041 38921 40013 57014 60001 333 10266 20183 3/019 59023 70000 90761 91121==
51573 14/64 /0502 10357 20085 39979 40024 57036 60001 333 10361 20227 3/020 59056 70000 90761 91106==
51644 14/61 /2003 10267 20072 38881 40062 57022 60001 333 10271 20126 3/014 59038 70000 90761 91106==
51656 14/59 /3304 10279 20119 39065 40060 57028 60001 333 10284 20117 3/007 59039 70000 90761 91108==
51709 14/71 /1003 10270 20064 38564 40034 57025 60001 333 10272 20154 3/015 59032 70000 90761 91107==
51711 14/63 /0703 10215 20103 37982 40007 57022 60001 333 10218 20097 3/009 59029 70000 90761 91106==
51716 14/59 /1302 10293 20067 38839 40047 57025 60001 333 10299 20143 3/014 59034 70000 90761 91104==
51765 14/68 /2603 10301 20079 39125 40059 57025 60001 333 10302 20113 3/010 59043 70000 90761 91107==
51811 14/66 /0703 10280 20107 38718 40043 57026 60001 333 10284 20131 3/011 59034 70000 90761 91106==
51818 14/62 /1102 10277 20070 38579 40046 57023 60001 333 10287 20127 3/011 59030 70000 90761 91104==
51828 14/58 /1102 10278 20054 38578 40041 57022 60001 333 10279 20156 3/014 59031 70000 90761 91105==
51886 14/80 /1903 10207 21147 37142 40063 57021 60001 333 10214 20026 3/000 59028 70000 90761 91107==
52203 14/77 /1801 10294 20034 39233 40061 57029 60001 333 10298 20126 3/009 59047 70000 90761 91105==
52602 14/80 /2403 10204 21122 37301 40099 57018 60001 333 10208 20009 3/102 59005 70000 90761 91106==
52681 14/79 /0301 10188 20101 38650 40154 57013 60001 333 10189 20117 3/013 58006 70119 90761 91104==
52818 14/80 /1001 10208 21044 37272 40071 57020 60001 333 10209 20053 3/002 58003 70000 90761 91105==
52908 14/80 /3103 10091 21041 35846 40088 57013 60001 333 10095 21018 3/103 58035 70014 90761 91108==
53463 14/58 /3101 10134 20134 38872 40166 57009 60051 76050 333 10215 20133 3/014 59016 70074 90761 91104==
54857 14/80 /1502 10267 20191 30046 40136 52002 60001 333 10299 20217 3/021 58038 70000 90761 91109==
55228 04957 /2307 10154 21004 36057 49909 57010 60002 70000 333 10210 20087 3/007 5006/ 54415 58021 60001 70000 90720 91117=
55299 14/80 /2103 10098 20052 35912 40030 57008 60001 72100 333 10133 20039 3/005 58025 70076 90761 91107==
55578 04980 /2102 10213 20035 36389 49898 57024 60002 70000 333 10223 20100 3/010 5003/ 54405 58014 60001 70000 90720 91107=
55591 14/80 /2302 10229 20049 36533 49878 57029 60001 333 10234 20125 3/012 58020 70000 90761 91106==
55664 04980 /2003 10186 20002 36034 49917 57023 60002 70000 333 10198 20079 3/007 5003/ 54405 58015 60001 70000 90720 91106=
55773 04980 /1109 10127 20056 36059 40000 57015 60002 70000 333 10144 20041 3/002 5003/ 54405 58012 60001 70010 90720 91111=
56004 14/80 /2803 10126 21028 35896 40031 57016 60001 333 10127 21003 3/103 58046 70000 90761 91107==
56018 14/80 /2002 10172 20055 36226 49956 57015 60001 333 10181 20081 3/009 58021 70027 90761 91109==
56116 04980 /1703 10149 20077 36376 49987 57009 69942 70000 333 10186 20095 3/010 5003/ 54415 58030 69921 70026 90720 91109=
56312 04980 /1205 10227 20084 37088 49967 57024 60002 70000 333 10234 20144 3/014 5004/ 54405 58018 60001 70000 90720 91110=
57494 14/67 /3605 10327 20242 30050 40078 57012 60001 333 10357 20270 3/027 58032 70000 90761 91109==
58847 14/67 /0504 10317 20240 39980 40076 57004 69941 333 10330 20284 3/027 58031 70005 90761 91109==
62306 42560 32911 10308 20231 40124 52008 83200==
62309 42960 03108 10314 20225 40108 52008==
62332 42560 33206 10306 20228 40102 52006 83200==
62337 42960 03104 10324 20219 40097 52002==
62366 45560 43007 10306 20192 40100 52004 84500==
62387 42960 03506 10312 20182 40111 52003==
62393 42960 03210 10325 20166 40137 52006==
62405 42960 03004 10351 20119 40097 52005==
62414 42960 03307 10355 20135 40102 52004==
62419 42960 00910 10338 20143 40098 52003==
62420 42960 03505 10317 20181 40118 52004==
62435 42960 03607 10354 20141 40103 52004==
62440 42560 43008 10318 20201 40104 52001 84200==
62455 42960 03311 10315 20199 40085 52006==
62458 42960 03011 10298 20215 40091 52004==
62459 41956 02919 10304 20228 40078 52007 70700==
62465 42960 03412 10319 20222 40078 52002==
