SMPK OPKC 080600=
41504 02697 21304 10260 20094 37825 48425 60001 82200 333 56900 58012 60007 82845 35%=
41505 22697 30000 10190 20109 38/// 48/// 60002 82430 333 56990 58/// 82840 83360 40%=
41506 02697 21802 10285 20142 38480 48478 60001 82100 333 56900 58018 60007 82830 43%=
41507 02997 00000 10270 20212 39193 49685 60001 333 58005 60007 71%=
41508 02997 00000 10278 20183 38628 48506 60001 333 58002 60007 55%=
41509 02697 10000 10300 20171 38709 48465 81500 333 56900 58014 60007 81640 46%=
41510 02997 00000 10235 20133 37901 48470 60001 333 58006 60007 53%=
41515 02997 00000 10286 20132 38474 48437 60001 333 58004 60007 39%=
41516 02696 40000 10285 20121 38517 48476 60001 84400 333 56900 58012 60007 84840 36%=
41517 21696 70000 10170 20111 37788 48481 70422 83570 333 20153 56990 58033 60007 70003 83635 87460 68%=
41518 02697 40000 10289 20139 38/// 48/// 60001 82230 333 56990 5//// 60007 82840 82362 40%=
41519 02697 30000 10300 20142 38717 48472 60001 83200 333 56900 58001 60007 83640 38%=
41520 02697 31802 10225 20078 37640 48223 60001 83400 333 56900 58008 60007 83840 39%=
41523 02997 00000 10280 20208 39046 48464 60001 333 58005 60007 65%=
41524 02997 00000 10300 20189 39269 40081 60001 333 58008 60007 51%=
41525 12697 22304 10190 20125 37687 48368 60001 82100 333 56900 58004 82840 66%=
41528 02997 00000 10295 20192 39170 48499 60001 333 58004 60007 54%=
41529 02996 33102 10320 20250 39706 40066 60001 83030 333 56090 58000 60007 83360 67%=
41530 01996 13106 10310 20231 39666 40059 81030 333 56090 58001 60007 81360 63%=
41534 02697 32302 10325 20240 39665 40055 60001 82520 333 56990 59005 60007 82640 81460 61%=
41535 02997 00000 10270 20179 38681 48462 60001 333 59003 60007 58%=
41536 02997 00000 10280 20183 39004 48503 60001 333 58015 60007 55%=
41560 02997 00000 10265 20169 38273 48487 60001 333 58009 60007 56%=
41562 02697 51304 10325 20241 39620 40059 60001 81530 333 56990 58014 60007 81640 84360 61%=
41565 02696 60000 10239 20211 38632 48506 60001 83520 333 56990 58004 60007 83635 83460 84%=
41567 01996 00000 10305 20225 39643 40039 60001 70400 333 58024 60007 62%=
41571 12697 33108 10310 20218 39508 40060 60001 82530 333 56990 59004 58%=
41572 01696 13110 10320 20237 39447 40037 60001 70400 81500 333 56900 59003 60007 81640 62%=
41573 02697 23602 10230 20178 37978 48477 60001 82400 333 56900 58002 60007 82640 73%=
41574 02697 20000 10245 20179 38322 48492 60001 82400 333 56900 59006 60007 82840 67%=
41576 01696 30000 10320 20258 40070 60001 70400 83500 333 56900 59004 60007 83640 70%=
41577 01696 12304 10310 20233 39478 40061 60001 70400 81200 333 56900 58002 60007 81835 64%=
41593 01996 00000 10340 20257 39849 40049 60001 70400 333 59004 60007 62%=
41597 02997 00000 10315 20267 40067 60001 333 59003 60007 76%=
41598 02997 20000 10320 20258 39793 40050 60001 82030 333 56090 59002 60007 82360 70%=
41599 01696 23104 10315 20244 39778 40054 60001 70410 82400 333 56900 59010 60007 82640 66%=
41600 01996 03102 10310 20261 39770 40052 60001 70400 333 58003 60007 75%=
41620 32696 43603 10280 20155 38546 48453 60001 84500 333 56900 58006 60007 84640 47%=
41624 02997 21302 10330 20261 39861 40051 60001 82020 333 56090 59002 60007 82460 67%=
41625 01996 01302 10325 20255 39855 40045 60001 70400 333 58005 60007 67%=
41630 01996 03602 10335 20235 40061 60001 70400 333 58002 60007 56%=
41633 02997 00000 10340 20257 4//// 60001 333 5//// 60007 62%=
41634 02697 23102 10290 20226 3//// 4//// 60001 82600 333 56900 5//// 60007 82640 69%=
41635 02997 02702 10335 20259 3//// 4//// 60001 333 5//// 60007 65%=
41636 01996 00000 10355 20259 39887 40059 60001 70400 333 58007 60007 58%=
41638 01996 00000 10335 20259 4//// 60001 70400 333 5//// 60007 65%=
41639 01996 01304 10330 20261 3//// 4//// 60001 70400 333 5//// 60007 67%=
41640 01696 50000 10330 20238 39819 40055 60001 70422 82530 333 56990 58000 60007 82640 83360 58%=
41641 01696 33606 10325 20238 39796 40056 60001 70400 83500 333 56900 58001 60007 83640 58%=
41642 01696 30502 10320 20265 3//// 4//// 60001 70400 83800 333 56900 5//// 60007 83640 73%=
41643 01996 33102 10320 20250 39792 40055 60001 70400 83030 333 56090 58000 60007 83360 67%=
41644 02697 20000 10320 20265 3//// 4//// 60001 82200 333 56900 5//// 60007 82840 73%=
41646 01996 23102 10330 20261 39866 40066 60001 70400 82030 333 56090 58004 60007 82360 67%=
41652 01996 01304 10340 20265 39895 40054 60001 70400 333 58010 60007 65%=
41661 02996 00000 10290 20039 38371 48491 60001 70500 333 58007 60007 20%=
41669 02696 70000 10340 20257 3//// 4//// 60001 83520 333 56990 5//// 60007 83640 84460 62%=
41670 01996 20000 10335 20259 3//// 4//// 60001 70400 82030 333 5//// 56090 60007 82360 65%=
41674 01996 01804 10335 20266 3//// 4//// 60001 70410 333 5//// 60007 67% =
41675 01996 11806 10345 20247 39913 40048 60001 70410 81030 333 56090 58001 60007 81360 57%=
41676 01996 22302 10345 20285 39942 40090 60001 70400 82020 333 56090 58007 60007 82460 71%=
41677 01996 00902 10340 20265 39879 40036 60001 70400 333 58001 60007 65%=
41678 01996 40000 10340 20216 40066 60001 70500 84020 333 56090 58009 60007 84460 49%=
41679 01696 70502 10335 20266 4//// 60001 70422 83570 333 56990 5//// 60007 83640 84460 67%=
41680 01995 00000 10340 20286 39878 40064 60001 70400 333 58011 60007 74%=
41685 02997 00000 10295 20192 38875 48480 60001 333 58003 60007 54%=
41696 02997 00000 10250 20054 37999 48489 60001 333 58007 60007 28%=
41697 02997 00000 10380 20256 40042 60001 333 58002 60007 50%=
41700 01996 01304 10360 20264 40042 60001 70400 333 58002 60007 58%=
41701 01996 00904 10350 20261 39919 40054 60001 70400 333 58004 60007 60%=
41710 11996 03106 10365 21117 39293 40008 60001 70600 333 58013 04%=
41712 12997 02302 10360 21036 39143 48505 60001 333 58014 08%=
41715 01996 00000 10350 20253 39987 40048 60001 70500 333 58008 60007 57%=
41716 01996 00000 10360 20279 39956 40054 60001 70400 333 58007 60007 63%=
41718 01996 00000 10360 20276 39944 40041 60001 70400 333 58007 60007 63%=
41724 02996 01806 10360 20264 40063 60001 333 58008 60007 58%=
41725 02996 01302 10360 20249 39971 40045 60001 333 58008 60007 53%=
41726 02996 00000 10360 20264 39979 40045 60001 333 58006 60007 58%=
41738 02996 01305 10320 20234 39898 40070 60001 333 58011 60007 61%=
41739 02996 02704 10330 20108 38993 48482 60001 333 58013 60007 26%=
41742 12997 00000 10330 20253 40064 60001 333 58019 64%=
41743 01996 02302 10360 20249 60001 70500 333 60007 53%=
41744 12996 00000 10300 20070 38721 48459 60001 333 58001 24%=
41745 01996 01304 10345 20277 60001 70500 333 60007 68%=
41746 22996 01302 10345 20270 39995 40047 60001 333 58008 60007 65%=
41747 02996 01304 10360 20264 40029 60001 333 58008 60007 58%=
41748 02996 01304 10345 20263 40052 60001 333 58011 60007 62%=
41749 02996 01304 10350 20261 30019 40052 60001 333 58007 60007 60%=
41756 01496 62306 10310 20239 30012 40076 60001 86600 333 56900 58027 60007 86715 66%=
41757 12996 22704 10320 20265 30066 40078 60001 82030 333 56090 58014 82360 64%=
41760 01596 32310 10310 20254 30059 40072 60001 70500 83600 333 56900 58009 60007 83720 72%=
41764 02996 02110 10320 20250 30005 40053 60001 333 58007 60007 67%=
41765 02996 02304 10335 20259 30022 40056 60001 333 58020 60007 65%=
41766 22696 02306 10325 20263 40034 333 58007 60007 70%=
41767 02996 0//// 10330 20261 60001 333 60007 67%=
41768 02996 02302 10320 20272 30053 40060 60001 333 58006 60007 76%=
41780 02596 32706 10315 20252 30034 40060 60001 83600 333 56900 58006 60007 83720 69%=
41783 02696 52304 10315 20252 30023 40052 60007 83530 333 56990 58016 60007 83635 82360 69%=
41785 02597 42302 10305 20256 30053 40066 60001 84600 333 56500 58012 60007 84730 75%=
41786 02696 32306 10310 20239 30017 40052 60001 83500 333 56900 58009 60007 83630 66%=
41BAG 02697 30502 10210 20090 60001 83500 333 56900 60007 83635 46%=
41BKI 02996 23606 10320 20242 39657 40052 60001 82030 333 56090 58001 60007 82360 64%=
41SKP 01996 00000 10320 20234 3//// 4//// 60001 70400 333 5//// 60007 61%=
43532 02997 00000 10285 20205 39272 40034 60001 333 58034 60007 62%=
43533 02997 00000 10295 20192 39164 48471 60001 333 59003 60007 54%=
43563 02997 00000 10300 20230 39390 40045 60001 333 59008 60007 66%=
41660 02997 03110 10295 20052 38417 48449 60001 333 58007 60007 19%=

UPPK OPKC 080600=
PPAA 56061 41506 55270 20005 20002=
PPBB 5606I 41506 90/7/ 18002 19505 9125/ 19003 14003 920// 20001=
PPAA 58051 41780 MISDA NO ASCENT DUE TO SHORTAGE OF RED BALOON=
PPAA 5806/ 41515 DUE TO TECHNICAL FAULT=
PPAA 5806/ 41516 MISDA due to Air movement=
PPAA 5806/ 41598 MISDA DUE TO TECHNICAL PROBLEM=
PPAA 5806/ 41600 MISDA DUE TO TECHNICAL FAULT=
PPAA 5806/ 41624 MISDA DUE TO TECHNICAL REASON=
PPAA 5806/ 41640 MISDA DUE TO TECHNICAL REASON=
PPAA 5806/ 41646 MISDA DUE TO TECHNICAL FAULT=
PPAA 5806/ 41675 MISDA DUE TO TECHNICAL ISSUE=
PPAA 5806/ 41678 MISDA DUE TO TECHNICAL PROBLEM=
PPAA 5806/ 41718 MISDA DUE TO TECHNICAL PROBLEM=


41759 Not Received


Data Generated from File : D:\all data handling\Rmc_lhr\2024090806.FSU.txt
08/09/24 07:01:52
______________________________________________________________
15020 04970 03001 10120 20040 30029 40226 52005 60002 333 10213 20077 30006 55308 20579 60007 70000 91001 90760 91101==
15090 04970 02601 10132 20070 30131 40223 52005 60002 333 10177 20102 31007 55307 10020 20589 30155 60007 70000 91002 90760 91103==
15108 02970 01005 10091 21003 38156 48555 54001 60002 333 10092 20055 55310 20864 60007 70000 91008 90760 91108==
15150 04970 00102 10136 20081 30013 40224 52006 60002 333 10160 20084 31007 55308 20593 60007 70000 91002 90760 91103==
15170 04970 00000 10060 20058 39457 42843 52004 60002 333 10132 21004 30007 55305 20463 60007 70000 91001 90760 91102==
15280 02984 00305 10044 21035 37569 47138 53002 60002 333 10056 20029 30/// 55309 20722 60007 70000 91010 90760 91110==
15310 04970 03603 10173 20067 30110 40194 52004 60002 333 10212 20140 30013 55301 00030 20272 30322 60007 70000 91007 90760 91108==
15335 04570 63101 10164 20095 30182 40189 52004 60002 84530 333 10186 20141 30012 55301 20415 60007 70000 91003 90760 91105==
15350 04970 03304 10181 20067 30087 40204 52005 60002 333 10226 20150 30015 55300 20436 60007 70000 91006 90760 91107==
15360 04570 20111 10206 20152 30154 40170 55001 60002 81230 333 10242 20181 60007 70000 91013 90760 91116==
15420 04970 03502 10185 20073 30088 40197 52004 60002 333 10231 20122 30009 55305 20517 60007 70000 91004 90760 91104==
15460 02970 00202 10177 20092 30165 40189 51004 60002 333 10210 20127 30009 55308 20641 60007 70000 91004 90760 91104==
15470 04964 00203 10176 20067 30077 40200 52005 60002 333 10251 20145 30012 55305 20491 60007 70000 91005 90760 91105==
15480 04/70 41001 10204 20128 30149 40166 50000 60002 84030 333 10225 20195 30018 55304 00130 20472 30464 60007 70000 91007 90760 91107==
15549 12970 03602 10168 20094 39781 40184 53003 60002 333 10211 20133 70000 555 30008 562//=
15552 12470 23404 10208 20125 30118 40165 53006 60002 82500 222// 00261 309// 40402 333 10219 20183 50512 55063 70000 555 30021 559// 92035 92438=
15640 12974 00000 10208 20115 39872 40171 54000 60002 333 10227 20173 55067 70000 555 30015 555//=
15655 12968 02702 10195 20109 30135 40167 53003 60002 222// 00250 10302 333 10235 20185 70000 555 30/// 557// 92032 92437=
15730 12970 03604 10202 20106 39797 40177 52001 60002 333 10244 20168 55110 70000 555 39/// 554//=
16627 12565 10208 10236 20142 30159 40165 51008 60002 81100 333 20210 30/// 55094 70000 90730 91115==
16650 12560 20413 10248 20178 30150 40158 52010 60002 82100 333 20230 30/// 55097 70000 90730 91120==
16667 12560 23610 10256 20191 30131 40142 51008 60002 82100 333 20234 30/// 55105 70000 90730 91113==
16706 12960 00112 10260 20199 30120 40127 51009 60002 333 20242 30/// 55109 70000 90730 91116==
16723 12560 13611 10254 20160 30106 40119 52012 60002 81100 333 20240 30/// 55000 70000 90730 91117==
16732 26/// /3622 10254 20203 30123 40133 52012 333 20253 60005 90730 91128==
16742 12/60 23512 10258 20165 39955 40103 53005 60002 81041 333 20250 30/// 70000 90730 91124==
16749 12/60 22718 10280 20184 30070 40083 52014 60002 82041 333 20278 30/// 55109 70000 90730 91124==
16754 12560 23111 10270 20232 30093 40138 52014 60002 82101 333 20234 30/// 55108 70000 90730 91116==
16760 12460 40209 10242 20197 40141 52012 60002 84600 333 20221 30/// 55109 70000 82712 83820 90730 91116==
17022 11570 61908 10222 20178 39967 40125 52004 60002 70391 84230 333 20199 30019 55060 21440 84833 86360 90760 91111==
17024 12570 61904 10228 20219 30044 40118 52008 69902 84250 333 20199 30018 55052 84832 86360 90760 91114==
17026 12570 50901 10232 20194 30087 40124 50006 69942 83250 333 20210 30017 55048 21164 70004 83830 85358 90760 91112==
17031 12670 32801 10255 20201 30115 40121 52009 60002 81130 333 20189 30018 81836 83360 90760 91105==
17034 12670 22501 10243 20195 30081 40125 53003 60002 82100 333 20228 31021 55000 82835 90760 91103==
17038 12670 43003 10259 20180 30073 40118 53002 60002 84100 333 20221 30/// 70020 84835 90760 91118==
17042 12670 50000 10257 20195 30090 40128 52005 60002 83250 333 20214 31022 55000 83835 85360 90760 91110==
17050 12970 00000 10212 20121 30124 40184 52006 60002 333 20176 30014 55086 90760 91106==
17056 12970 03107 10222 20165 30151 40155 52004 60002 333 20194 30019 55064 21503 90760 91113==
17060 12560 53615 10237 20182 30104 40143 51004 69902 84250 333 20213 31020 55000 84825 85357 90760 91123==
17070 12/65 11602 10182 20139 39288 40121 50002 60002 81030 333 20149 30012 81360 90760 91104==
17074 12570 50000 10174 20167 39225 40123 52005 60002 85200 333 20143 31011 55036 21411 70153 85830 90760 91104==
17084 11658 33202 10177 20158 39253 40117 52005 60372 71011 83100 333 20142 32012 55093 22629 70370 83840 90760 91103==
17085 12670 10301 10228 20141 39651 40114 52005 60002 81100 333 20188 30017 55099 81840 90760 91112==
17092 11660 70103 10184 20144 38858 48508 52007 69902 70182 83250 333 20154 31014 55062 21248 83845 87358 90760 91108==
17096 12660 50816 10159 20113 38259 48514 53002 69942 83250 333 20118 32011 55058 20569 70030 83835 85357 90760 91123==
17098 12660 31704 10144 20114 38240 48536 52008 60032 81240 333 20096 31009 70028 81840 83358 90760 91110==
17100 12970 00801 10222 20127 39200 40143 52008 60002 333 20172 30015 55084 22604 90760 91107==
17112 12670 30306 10224 20160 30153 40155 52010 60002 83200 333 20210 30020 55083 22144 83835 90760 91113==
17115 11660 43511 10239 20184 30104 40153 52012 69942 70281 84200 333 20222 30022 55063 21704 70004 84835 90760 91120==
17116 11558 73201 10216 20195 30028 40144 52010 69902 78011 85250 333 20195 31019 55073 85833 86359 90760 91105==
17124 12560 42708 10183 20141 39254 40131 52008 60002 84100 333 21658 30014 84830 90760 91112==
17128 12670 12203 10189 20120 39065 40108 52006 60002 81100 333 20147 30014 55062 20762 81840 90760 91109==
17135 12970 01101 10197 20137 39273 40103 52006 60002 333 20162 30014 55089 24501 90760 91104==
17140 12/65 30402 10194 20114 38694 48492 52004 60012 83030 333 20124 32012 70010 83360 90760 91106==
17150 11660 70108 10214 20199 30022 40140 52010 60022 72511 84250 333 20191 32019 55075 21972 70024 84835 86360 90760 91113==
17160 12670 23503 10200 20104 38997 48497 53004 60002 82100 333 20156 30013 55093 21913 82840 90760 91110==
17170 12660 13304 10224 20102 38352 48514 52008 60002 81100 333 20118 30/// 81840 90760 91109==
17175 12965 03502 10255 20170 30130 40134 52012 60002 333 20216 30019 55105 22085 90760 91107==
17184 12670 23604 10242 20163 30024 40129 52012 60002 82100 333 20213 31020 55111 22232 82840 90760 91111==
17190 12970 23203 10173 20122 38978 48502 52007 60002 80002 333 20153 30014 55102 82070 90760 91109==
17190 12970 23203 10173 20122 38978 48502 52007 60002 80002 333 20153 30014 55102 82070 90760 91109==
17195 12/70 40000 10172 20094 38951 48497 52006 60002 84030 333 20128 30012 55089 21989 84362 90760 91126==
17200 11660 50504 10248 20116 39158 40077 52009 60002 70291 82250 333 20158 30/// 82835 85360 90760 91109==
17202 12670 41204 10261 20118 39104 40076 52008 60002 83140 333 20167 30/// 83835 84360 90760 91108==
17203 12670 21402 10246 20102 38864 48542 52007 60002 82100 333 20180 30017 55072 21859 82840 90760 91106==
17210 12970 01901 10297 20100 39107 40058 52010 60002 333 20236 30022 55099 90760 91104==
17219 12965 03617 10254 20155 39987 40123 52009 60002 333 20229 30022 55106 22202 90760 91128==
17234 12970 21702 10245 20155 30045 40109 52015 60002 80001 333 20217 30020 55096 22190 82068 90760 91103==
17237 12970 03302 10240 20144 39636 40110 52009 60002 333 20214 30018 55101 90760 91106==
17240 12970 00203 10221 20129 39011 40090 53003 60002 333 20160 30011 55112 22378 90760 91109==
17244 12970 21404 10208 20113 38980 48506 52005 60002 80001 333 20162 30/// 82068 90760 91116==
17248 12970 02504 10187 20107 38964 48499 53008 60002 333 20169 30017 55000 90760 91107==
17250 12670 42304 10199 20082 38794 48503 52007 60002 84200 333 20137 30013 55116 22194 84840 90760 91107==
17260 12960 10000 10256 20190 39278 40043 52013 60002 80001 333 20188 30018 70076 81068 90760 91107==
17270 12970 01102 10267 20143 39470 40073 52016 60002 333 20235 30018 70001 90760 91106==
17275 12670 11502 10286 20114 38964 48519 52013 60002 81100 333 20243 30017 55112 81840 90760 91106==
17280 12960 01103 10272 20127 39337 40069 52013 60002 333 20186 30015 55095 22152 90760 91106==
17290 12970 03407 10272 20138 30068 40098 52008 60002 333 20265 30023 55111 90760 91117==
17292 12970 33103 10216 20119 39367 40078 52009 60002 80001 333 20198 30019 55093 22244 83070 90760 91109==
17300 12960 00208 10293 20126 30012 40079 52010 60002 333 20256 30022 90760 91113==
17310 12670 31003 10304 20210 30062 40069 52011 60002 83200 333 20272 30022 55000 83835 90760 91106==
17330 12670 23501 10293 20185 30068 40085 52006 60002 82100 333 20260 30026 82840 90760 91105==
17350 12560 31406 10289 20230 30002 40075 52007 60002 83200 333 20243 30/// 83830==
17370 12670 50000 10291 20238 30085 40089 52011 60002 85200 333 20278 30026 55096 85835 90760 91108==
17375 12970 00000 10284 20142 30061 40063 52009 60002 333 20227 30018 55104 22353 90760 91104==
33088 32997 01402 10140 20064 30054 40241 53004 333 20069 555 10021 52002=
33135 32997 00801 10149 20079 30115 40259 53003 333 20076 555 10012 52004=
33177 32998 01002 10168 20045 39987 40217 53002 333 20111 555 10021=
33317 32997 01403 10170 20043 39908 40234 53004 333 20081 555 10023 52003=
33393 32960 21304 10168 20031 39828 40207 53003 80001 333 20141=
33415 32998 00701 10153 20047 39838 40225 53004 333 20137 555 10021=
33429 32997 01003 10154 20035 39818 40229 53004 333 20100 555 10023 52004=
33466 32998 00402 10176 20046 30059 40241 53004 333 20076 555 10024 52004=
33506 32997 20802 10158 20024 30058 40249 52005 80001 333 20108 555 1/024=
33562 32960 00000 10116 20056 39944 40245 50000 333 20073 555 10013=
33587 32998 00801 10177 20067 39977 40232 53005 333 20089 555 10018=
33658 32984 00000 10151 20053 39931 40223 52005 333 20095 555 10018=
33663 32998 02601 10115 20040 30137 40232 53004 333 20080 555 10013=
33664 32998 00602 10174 20005 39913 40219 53004 333 20095 555 80013=
33678 32998 02801 10148 21002 30030 40243 57005 333 20077=
33679 32997 00301 10152 20048 30047 40233 53004 333 20090=
33711 32960 00707 10189 20051 30019 40221 52003 333 20118 555 10025=
33745 32997 00000 10176 20031 30042 40230 53003 333 20097 555 80013=
33748 32997 01002 10185 20043 39937 40212 53006 333 20139 555 80011=
33754 32998 03301 10149 20064 30076 40219 53006 333 20086=
33761 32970 00403 10155 20049 30003 40220 52005 333 20101 555 11020=
33791 32983 60506 10167 20022 30092 40216 51004 86030 333 20161 555 10019=
33815 32998 03602 10162 20033 30004 40206 53004 333 20148=
33837 32966 60101 10189 20083 30139 40189 53001 83031 333 20165 555 10024=
33881 32998 03403 10170 20059 30015 40205 53003 333 20133 555 80013=
33883 32998 00103 10181 20055 30043 40199 52005 333 20132 555 80016=
33885 32998 03502 10139 20072 30075 40043 57001 333 20116 555 80012=
33892 32998 20204 10161 20037 39990 40195 52002 82050 333 20123 555 80021=
33902 32897 50406 10192 20031 30132 40189 53002 83059 333 20168 555 10020=
33924 12970 40405 10215 20163 30149 40161 57001 60002 80001 333 20188 90760 91110==
33946 12580 80606 10195 20141 39934 40145 53001 60002 84502 333 20153 84632==
33983 12/60 50708 10208 20123 30081 40138 57001 60002 81031 333 20194 91013 90760 91114==
34300 32997 20901 10184 20046 30091 40262 51003 80001 333 20094 555 10014=
34336 42970 50702 10171 20037 30169 40269 57001 80001==
34344 42970 21301 10181 20070 30180 40265 50001 80001==
34356 42960 00803 10231 20041 30127 40267 54000==
34357 42970 01002 10178 20045 30116 40266 52003==
34398 12970 01601 10228 20061 30258 40268 52006 60002 333 20096==
34415 32970 50000 10162 20060 30155 40249 52003 80001 333 20054 555 10014 30005 52004=
34438 42960 70705 10195 20032 30069 40252 52001 80001==
34445 42970 50903 10211 20031 30154 40262 54000 80001==
34461 42960 00000 10202 20035 30217 40270 51003 333 20084==
34473 32997 00904 10214 20054 30233 40269 52005 333 20074=
34476 42970 01301 10224 20021 30263 40270 51004==
34504 32980 60703 10173 20032 30060 40228 53005 86030 333 20147=
34535 42970 21103 10195 20022 30176 40245 54001 80001 333 20093==
34545 42970 10704 10203 20016 30144 40251 52003 80001==
34555 42970 00704 10184 20078 30176 40264 50003 333 20127==
34560 42960 00906 10212 20036 30082 40263 52005==
34578 42960 00902 10191 20045 30256 40263 51005==
34579 42970 00603 10215 20018 30224 40266 52006==
34644 42960 20904 10197 20042 30163 40236 52005 80001 333 20132==
34646 42970 11004 10206 20041 30163 40241 52005 80001==
34655 42960 00707 10223 21004 30189 40246 54000 333 91010 90760 91110==
34662 42970 03602 10197 20025 30249 40259 52002==
34691 12970 00502 10214 20034 30282 40270 52007 60002 333 20104==
34720 42970 20503 10193 20079 30175 40213 53004 80004 333 90760 91111==
34727 42960 30806 10196 20068 30163 40191 52002 80001 333 20169 91011 90760 91114==
34743 42960 00905 10194 20023 30152 40238 52002==
34759 42960 10806 10194 20051 30110 40236 52001 80001 333 90760 91111==
34772 42970 00805 10212 20000 30253 40256 53002==
34785 42970 01005 10223 20013 30279 40258 54000==
34798 12960 00704 10225 20045 30288 40260 52004 60002 333 20075==
34824 42960 30905 10207 20106 30164 40168 52004 80001 333 20181 91012 90760 91113==
34838 42960 10805 10208 20088 30091 40182 52005 80001 333 20166 90760 91115==
34845 42970 81105 10195 20061 30105 40208 53002 80001 333 90760 91110==
34858 42960 01003 10192 20085 30115 40217 54000 333 20101==
34861 42/70 11107 10176 20050 39998 40231 54000 81030 333 90760 91110==
34866 42970 20907 10207 20065 30242 40234 57001 80004 333 91010 90760 91110==
34880 42/60 20903 10212 20088 30274 40249 54000 82030==
34887 42970 20503 10205 20120 30259 40241 54000 80002==
34949 42570 30912 10174 20101 39665 40187 52005 83500 333 91013 90760 91115==
34954 42970 00804 10215 20082 30035 40199 54000 333 91010 90760 91110==
34958 42570 11004 10210 20101 30014 40203 54001 81500 333 90760 91110==
34975 42970 51105 10227 20080 30222 40218 57002 80004 333 91010 90760 91111==
34984 42970 30607 10225 20099 30259 40231 54000 80002 333 91011 90760 91111==
35217 12960 03402 10236 20100 30225 40262 52003 60002 333 20100==
35302 12970 00302 10220 20051 30248 40268 53004 60002 333 20114==
35315 32598 53602 10211 20100 30205 40259 53006 82502 333 20083=
35344 12699 20206 10174 20073 39981 40254 51009 69900 82100 333 20083=
35345 36/// /0406 10167 20099 39944 40250 50007=
35358 12/60 70201 10163 20068 30067 40228 52009 60002 87040 333 20107==
35368 12599 70302 10140 20093 39967 40222 52015 60030 85580 333 20102=
35386 32598 21701 10172 20053 39726 40215 52003 82100 333 20086=
35394 12970 32003 10163 20050 39580 40219 52004 60002 80001 333 20095==
35404 32998 00702 10221 20089 30264 40272 52008 333 20113=
35406 12960 00401 10222 20095 30265 40267 52004 60002 333 20111==
35416 12670 51301 10208 20098 30139 40252 53003 60002 85200 333 20134==
35426 12984 20201 10206 20099 39978 40251 52010 60002 80001 333 20135==
35437 32998 60402 10191 20111 39955 40249 52010 86050 333 20141=
35449 12698 50107 10156 20094 30136 40234 52012 60010 85200 333 20102=
35497 12670 61801 10157 21001 39463 40217 52001 60002 81202 333 20047==
35498 32598 52502 10160 20011 33906 40217 50702 85500 333 20014=
35514 32998 00203 10233 20058 30266 40262 53004 333 20100=
35519 32998 33603 10218 20076 30188 40255 52002 83030 333 20096=
35522 32698 60401 10197 20116 30009 40246 53005 86100 333 20123=
35542 12699 60505 10171 20085 30100 40239 52009 69980 86200 333 20108=
35563 12598 71802 10110 20069 39481 40219 52011 60020 87500 333 20085=
35576 12/70 52004 10186 20046 39787 40207 50050 60002 85070 333 20088==
35582 32698 62202 10171 20090 39680 40245 52029 83203 333 20080=
35594 32699 82003 10151 20019 39423 40214 58003 84802 333 20011=
35605 32998 00203 10210 20046 30285 40265 52007 333 20082=
35633 32698 20209 10180 20088 30039 40240 52011 82100 333 20138=
35671 11570 70000 10138 20059 39812 40221 52009 60022 70282 87900 333 20099==
35699 12960 60000 10158 20010 39515 40229 52001 60002 80001 333 20030==
35700 12970 00902 10218 20065 30281 40259 52004 60002 333 20106==
35715 32999 00502 10222 20045 30271 40257 52006 333 20100=
35739 32999 70502 10183 20109 30099 40230 51012 87030 333 20104=
35746 12570 20107 10181 20115 30153 40216 52010 60002 82300 333 20106==
35777 32497 83205 10157 20038 39889 40215 57012 889// 333 20050=
35796 12660 51503 10169 20062 39817 40227 58003 60002 81101 333 20066==
35816 36/// /0202 10231 20026 30260 40271 51004=
35849 12570 52602 10179 20084 30124 40204 53005 60002 85300 333 20083==
35895 32998 20903 10172 20061 39807 40225 58001 80002 333 20104=
35907 32998 01007 10186 20068 30273 40245 52007 333 20154=
35925 12970 00202 10227 20029 30139 40243 52002 60002 333 20102==
35927 32998 00201 10212 20004 30244 52004 333 20094=
35953 11584 70000 10168 20046 30086 40209 53003 60002 70282 87300 333 20080==
35969 12584 63603 10144 20019 30054 40220 52007 60002 86900 333 20068==
35997 32998 01403 10223 20088 39791 40191 58014 333 20071=
36259 42584 32103 10100 21060 38267 48529 57002 82902 333 90760 91111==
36335 32699 51902 10146 20004 39260 40226 52002 84201 333 20069=
36358 32999 60000 10142 20016 39265 40225 52003 86030 333 20051=
36394 32697 72001 10164 20044 39838 40235 58002 87500 333 20060=
36397 12684 62002 10170 20029 39703 40232 58002 60002 85140 333 20057==
36403 12698 80903 10155 20058 39898 40238 58003 69900 889// 333 20081=
36418 32699 71401 10141 20058 39666 40248 58003 87900 333 20059=
36421 12699 73201 10114 20073 39726 40266 52003 69940 85530 333 20063=
36428 12684 72102 10146 20046 39781 40255 58001 69942 86950 333 20075==
36439 12698 52601 10111 20014 39034 48569 54000 60010 85900 333 20032=
36467 32999 62303 10142 21001 39338 40231 52002 86070 333 21008=
36498 32698 22801 10151 20012 39488 40234 58003 81501 333 20025=
36501 32999 70000 10159 20024 39517 40224 52002 87030 333 20075=
36535 12584 61802 10150 20018 39650 40247 58007 60002 82330 333 20023==
36546 32699 60301 10160 20027 39739 40246 58004 86500 333 20064=
36619 32999 00902 10192 20052 333 20065=
36622 32998 30000 10159 20019 39474 40229 58008 80001 333 20014=
36639 12984 30000 10183 20004 39660 40226 58007 60002 80001 333 20015==
36643 32699 23501 10170 20040 39614 40234 58003 81201 333 20052=
36665 32799 21101 10170 20044 39547 40226 58007 82100 333 20072=
36666 12599 20706 10163 20074 39778 40241 58006 69900 81101 333 20072=
36729 32998 20803 10208 20049 39766 40211 58011 80005 333 20041=
36736 32599 70703 10185 20042 39720 40237 58014 83241 333 20037=
36744 32998 00903 10217 20020 39787 40202 58004 333 20068=
36770 32999 00202 10196 20022 39525 40200 58005 333 20025=
36786 32999 03202 10188 20017 39343 40198 57005 333 20055=
36796 31998 00000 10160 20087 39072 48559 58011 70241 333 21013=
36803 32999 51004 10204 20036 39806 40224 58008 80009 333 20091=
36806 32999 51508 10202 20039 39785 40219 57009 80002 333 20072=
36819 32998 31112 10192 20014 39620 40191 52007 80001 333 20082 91016 91118=
36821 12984 00802 10214 20032 39745 40198 58011 60002 333 20054==
36839 32999 02502 10194 20073 39126 40175 57009 333 20046=
36843 32998 00000 10196 20015 39088 40180 58008 333 20064=
36846 32999 02501 10161 21021 38652 48546 56002 333 20008=
36859 12984 01003 10206 20021 39475 40202 57017 60002 333 20094==
36870 12960 00501 10188 20079 39223 40168 57005 60002 333 20078==
36874 32999 00909 10200 20036 39455 40177 57011 333 20040=
36877 32999 03501 10195 20056 39272 40182 57007 333 20033=
36885 32999 02902 10174 20055 39123 40182 57001 333 20060=
36889 32999 00000 10070 21088 37116 47154 52002 333 21005=
36894 32999 00906 10202 20030 39501 40190 58012 333 20105=
36905 32999 00102 10141 20070 38782 48546 57013 333 20046=
36911 42999 02701 10210 20129 39245 40150 57017 333 20045=
36927 42699 21402 10157 20032 38400 48556 53004 82900 333 20070=
36934 42599 22502 10158 20076 38308 48426 58002 82200 333 20082=
36953 32999 00000 10107 20019 38261 48508 58014 333 20005=
36963 42999 01602 10073 21036 37104 48/// 54000 333 21054=
36974 42998 00901 10158 20009 38025 48556 52004 333 20030=
36982 42999 01904 10047 21124 36603 47161 58004 333 21093=
37018 42670 70502 10249 20152 30058 40128 52008 86904==
37031 42560 81005 10208 20126 39983 40168 52006 86501 333 91011 90760 91112==
37054 42470 80702 10166 20113 39824 40194 54000 885//==
37061 42/60 60703 10191 20129 30045 40206 57001 84039==
37085 42970 60910 10240 20108 30232 40206 57002 80001 333 91015 90760 91115==
37171 42/70 20803 10269 20174 30104 40121 53003 82030==
37228 41210 83201 10154 20150 39375 40176 52003 76362 8872/ 333 20151==
37235 42670 80000 10184 20150 39881 40183 52002 885//==
37472 42/70 61405 10238 20156 30216 40195 52001 83081==
38149 42970 03303 10198 20032 30169 40243 52006 333 20051==
38178 42970 63604 10198 20027 39930 40202 57003 80003 333 20114==
38262 12970 03302 10198 20062 30152 40230 54000 60002 333 20072==
38264 42970 03504 10204 20017 30145 40234 52002 333 20091==
38345 42999 02601 10206 20025 38815 48535 58019 333 20048=
38353 42998 03502 10208 20043 39316 40161 57013 333 20087=
38392 72997 00403 10214 20032 30130 40228 52005 333 20110 6////=
38396 42960 00502 10212 20000 30108 40227 52001 333 20081==
38403 42960 00702 10215 20051 30098 40212 53003 333 20133==
38413 42970 00903 10204 21012 39902 40178 58034 333 20121==
38457 12960 01601 10246 20017 39618 40168 52007 60002 333 20116==
38462 42984 01402 10200 20048 38778 48533 58006 333 20081==
38462 42984 01402 10200 20048 38778 48533 58006 333 20081==
38507 72998 00807 10255 21041 30093 40189 52003 333 20188 6//// 91003 555 50263=
38545 32998 00301 10218 20038 30039 40206 52001 333 20100=
38565 12970 00302 10218 20089 39604 40177 51002 60002 333 20080==
38579 12984 00503 10226 20051 39773 40167 58003 60002 333 20103==
38583 12960 03601 10218 20089 39874 40179 52002 60002 333 20104==
38599 32998 00701 10239 20027 39681 40164 58005 333 20108=
38611 42960 01802 10235 20070 39628 40164 57007 333 20140==
38613 42999 01402 10227 20144 40153 58005 333 20106=
38616 42998 02701 10218 20057 39205 40161 58002 333 20080=
38618 12984 02601 10249 20067 39503 40146 57004 60002 333 20117==
38647 72998 01008 10228 21014 30147 40187 52012 333 20180 6////=
38656 72998 00904 10244 21017 30115 40219 52010 333 20155 6////=
38683 42997 00206 10230 20053 39921 40183 52005 333 20114=
38687 32997 03604 10230 20041 39971 40193 52009 333 20136=
38696 12984 00902 10228 20046 39341 40146 58005 60002 333 20124==
38713 32698 10501 10218 20032 39058 48560 53006 81100 333 20095=
38750 32597 82506 10271 20241 30218 40191 53018 883// 333 20247=
38763 72998 01004 10225 21022 30105 40206 52014 333 20166 6////=
38774 72998 01101 10231 20000 30019 40204 53011 333 20173 6////=
38799 72997 03603 10242 20004 39984 40203 52003 333 20120 6////=
38806 72997 03601 10233 20055 39917 40164 52004 333 20108 6////=
38812 42960 02604 10236 20029 39739 40167 52007 333 20099==
38836 31696 70902 10251 20094 39233 40106 52001 70500 86532 333 20168=
38880 02997 00903 10242 20001 39954 40196 51004 60002 333 20180 6////=
38886 72997 01201 10262 20051 39997 40212 52005 333 20130 6////=
38895 32996 00601 10248 20050 39932 40206 52011 333 20152=
38911 32998 02903 10234 20041 39898 40177 53011 333 20125=
38915 32997 00000 10250 20059 39888 40194 51024 333 20144=
38927 12960 02604 10245 20025 39818 40173 50006 60002 333 20145==
38933 31996 01802 10266 20147 39684 40162 52004 70500 333 20152=
38944 31996 01602 10252 20071 39603 40104 52002 70500 333 20160=
38954 32999 00000 10218 20073 37955 48510 58027 333 20099=
38974 72998 03201 10263 20011 39881 40196 52011 333 20159 6////=
38987 32996 00503 10240 20000 39477 40179 58004 333 20115=
40030 32970 00000 10280 20196 40110 53010 333 20226 30/// 55130=
40066 32570 32301 10260 20218 4//// 5//// 83400 333 20210 30/// 83626=
40080 32965 02302 10234 20186 39410 4//// 51010 333 20198=
40100 43/60 02207 10295 20231 30091 40106 53004 6///1 333 58///=
40180 12460 51802 10284 20227 30050 40097 52009 60002 85800 333 10287 20250 70000==
40199 12/// /0204 10316 20183 30072 40095 52010 60002 333 10337 20279 70000==
40255 36/// /2604 10250 29072 3//// 4//// 5////=
40265 31550 13605 10224 20190 39351 40110 52008 70511 81100 333 20178 30015 81825=
40270 31956 02906 10258 20107 39242 40095 52009 70500 333 20222 30018=
40272 31950 02608 10236 20145 39304 40093 52006 70500 333 20160 30015=
40296 36/// /0000 10341 29054 4//// 5////=
40310 32960 00000 10234 20192 38936 48417 5//// 333 20160 30000=
40340 32960 03608 10308 20170 30040 40101 52010 333 20276 30026=
40356 42960 00112 10290 20130 39147 48502 333 20233 59005 555 04410 50057=
40357 42960 01506 10336 20030 39454 40044 333 20289 59005=
40360 42960 03011 10266 20150 39522 40080 333 20222 59007=
40361 42960 02405 10312 20070 39334 40081 333 20254 59002=
40362 42960 01116 10359 20070 39563 40036 333 20293 59004=
40373 42960 11812 10383 20040 39670 40054 81030 333 20290 58007 81360=
40375 42960 03605 10274 20130 39247 40073 333 20251 59001=
40394 42960 00306 10342 20080 38989 48504 333 20288 59008 555 04410 50029=
40394 42960 00306 10342 20080 38989 48504 333 20288 59008 555 04410 50029=
40400 42960 03503 10324 20190 30057 40084 333 20267 59007=
40405 42660 41705 10348 20040 39344 40035 84500 333 20320 59002 84640=
40417 42960 03206 10372 20050 30036 40050 333 20272 58015=
40420 42960 00000 10393 20060 39854 40047 333 20269 58012=
40430 42960 00402 10334 20110 39370 40073 333 20304 59007=
40437 42960 01304 10374 20020 39397 40049 333 20295 58003=
40439 42960 00000 10304 20210 30052 40070 333 20260 59007=
40582 32960 03105 10401 20118 40057 51013 333 55306 00608 10000 21818 30701 41406 51755 62519 55407 41118 90400 91007 91107 91205 91303=
40703 12960 00000 10220 20088 38930 40127 52008 60001 333 30011 50681 70000 555 10146 29043=
40706 12960 00807 10220 20081 38673 40122 52008 60001 333 30015 51041 70000 555 10142 29041=
40712 12960 00205 10216 20098 38694 40122 52011 60001 333 30006 50611 70000 555 10148 29047=
40713 12965 01007 10230 20105 38672 40095 51011 60001 333 30017 50971 70000 555 10156 29045=
40718 11460 53004 10243 20200 30223 40196 52009 69961 70282 85300 222// 0//// 20201 333 31021 5012 1 70006 82915 84620 555 10215 29077=
40723 12570 19901 10219 20089 38993 40167 50000 60001 81100 333 30009 50601 70000 81827 555 10146 29043=
40726 12960 00000 10222 20102 38673 40111 52012 60001 333 30007 50901 70000 555 10152 29047=
40727 12965 00000 10220 20085 38502 40110 52011 60001 333 30008 50851 70000 555 10143 29042=
40732 11556 73305 10258 20193 30205 40181 52013 60001 70522 87300 333 30022 50531 70000 82920 8562 6 555 10216 29067=
40736 11558 80000 10247 20223 30213 40189 52012 69931 72052 8561/ 333 31022 50471 70003 85720 88459 555 10231 29087=
40737 12560 82502 10261 20210 30168 40185 52010 60001 8352/ 333 30022 50311 70000 83627 88458 555 10227 29073=
40738 11558 72604 10269 20208 30196 40198 52008 60001 70522 84870 333 30022 50531 70000 82830 84640 85459 555 10228 29069=
40739 12965 00505 10228 20121 38723 40140 50004 60001 333 30016 50951 70000 555 10164 29051=
40741 12960 00903 10262 20011 39878 40196 53008 60001 333 30013 50941 70000 555 10141 29019=
40743 12965 01204 10255 21006 39090 40149 50002 60001 333 30018 51361 70000 555 10130 29018=
40745 12962 02202 10231 20046 39082 40184 50002 60001 333 30009 51061 70000 555 10135 29030=
40747 12960 00202 10260 20044 38644 40087 52009 60001 333 30018 51061 70000 555 10144 29025=
40754 12960 02103 10270 20075 38849 40108 52013 60001 333 30017 51051 70000 555 10159 29029=
40762 12962 00803 10237 21017 38584 40127 50005 60001 333 30013 51031 70000 555 10116 29018=
40766 12970 01204 10276 21023 38687 40063 52010 60001 333 30014 51221 70000 555 10132 29014=
40768 12960 03001 10229 20024 38283 40087 51011 60001 333 30009 50931 70000 555 10123 29026=
40769 11957 00202 10239 20037 38329 40088 52011 60001 70600 333 30012 51021 70000 555 10132 29027=
40780 12960 01302 10312 21005 38669 40061 52014 60001 333 30014 50981 70000 555 10151 29013=
40782 12965 03401 10287 20061 38847 40067 51010 60001 333 30011 50701 70000 555 10161 29024=
40785 12960 03601 10297 20020 39089 40111 52013 60001 333 30018 51101 70000 555 10154 29017=
40791 12960 01802 10324 21046 39320 40082 52011 60001 333 30020 51261 70000 555 10151 29009=
40792 12965 02901 10284 21023 38727 40085 51007 60001 333 30012 51141 70000 555 10136 29013=
40798 11959 03401 10243 21052 37997 40081 50006 60001 70600 333 30006 51031 70000 555 10107 29014=
40800 12960 01801 10311 20004 38481 40070 52008 60001 333 30014 51081 70000 555 10151 29014=
40809 12962 00702 10315 21127 38502 40055 50003 60001 333 30012 51301 70000 555 10130 29005=
40811 12960 00902 10353 20140 30016 40040 52016 60001 333 30023 51121 70000 555 10221 29028=
40812 12960 03001 10374 20063 39691 40038 52018 60001 333 30022 51241 70000 555 10198 29015=
40818 12965 03202 10257 21082 38008 40050 58001 60001 333 30011 50911 70000 555 10107 29010=
40821 12960 03303 10273 20015 38796 40089 51010 60001 333 30019 51441 70000 555 10141 29019=
40829 11957 03413 10303 21027 39551 40088 50002 60001 70700 333 30019 52281 70000 555 10148 29012=
40831 12960 03003 10380 20126 30045 40053 52015 60001 333 30024 51991 70000 555 10224 29022=
40833 12960 01405 10382 20078 30024 40054 52016 60001 333 30021 50821 70000 555 10208 29016=
40835 12960 00000 10351 20079 39282 40051 52012 60001 333 30018 51201 70000 555 10193 29019=
40841 12970 00502 10304 21053 38264 40040 51007 60001 333 30010 51231 70000 555 10134 29009=
40845 12960 02902 10370 20240 30047 40052 52014 60003 333 30027 50651 70000 555 10278 29048=
40848 12960 30000 10316 20062 38519 40034 51006 60001 83030 333 30011 51101 70000 83360 555 10170 29020=
40851 12960 01503 10300 20023 38278 40035 52014 60001 333 30020 51231 70000 555 10150 29017=
40854 12960 00202 10372 21064 38923 40028 51007 60001 333 30024 51231 70000 555 10164 29006=
40856 11958 01402 10314 21036 38636 40056 50002 60001 70500 333 30011 51061 70000 555 10144 29010=
40859 11956 00000 10320 20108 38694 40043 51014 60001 70510 333 30018 51141 70000 555 10190 29027=
40875 11556 51105 10335 20265 30058 40069 52012 60001 70511 85500 333 30029 51121 70000 85630 555 10284 29067=
40879 12962 00302 10374 20114 39421 40048 50003 60001 333 30024 51351 70000 555 10214 29021=
40882 11957 01006 10340 20275 30021 40054 51016 60001 70500 333 30027 50801 70000 555 10292 29069=
40883 11940 00806 10346 20273 30037 40059 53018 60001 70500 333 30030 50741 70000 555 10292 29066=
40893 11957 01206 10307 20254 30061 40066 51009 60001 70500 222// 00290 20401 333 30029 50801 70000 555 10269 29074=
40898 11556 41705 10309 20254 30048 40057 58002 60001 70521 84600 222// 00304 20901 333 30026 50701 70000 84720 555 10270 29073=
41024 42960 03507 10338 20230 30050 40075 333 20292 59004==
41036 42/60 23209 10306 21010 38560 48512 82030 333 20230 59003 82358==
41055 42560 23111 10273 20050 38368 48510 82400 333 20231 59003 82630==
41061 42960 03402 10340 21030 39380 40045 333 20245 59002==
41084 42960 03303 10316 20100 38833 48504 333 20240 59003==
41112 42960 00404 10262 21030 37959 48512 333 20161 58002==
41114 42960 03304 10257 20000 37991 48510 333 20169 59001==
41128 42960 00804 10330 21040 38791 48511 333 20220 58000==
41136 42960 00000 10339 21040 39271 40039 333 20240 58002==
41140 41959 01806 10344 20260 30062 40072 70500 333 20299 59001==
41150 42562 10104 10357 20264 40052 81100 333 20307 30031 58015 81825=
41170 42560 11108 10351 20285 30041 40054 81500 333 20313 58016 81623=
41176 44/67 /1605 10355 20267 30043 40049 333 20276 58015=
41184 42960 01408 10383 20206 40057 333 20262 58014=
41194 12960 01410 10379 20215 30049 40054 60001 333 20306 58014=
41196 12960 01611 10375 20220 30021 40060 60001 333 20270 58014=
41216 42960 01509 10363 20221 30049 40053 333 20314 58014=
41217 42960 01711 10368 20209 30021 40048 333 20308 30028 58011=
41246 32560 31005 10323 20275 30065 41061 83500 333 20301 3/032 5//// 83625=
41253 36/// /3503 10363 20185 39707 40048 333 0E030 20282 55300 25022 58014=
41255 32960 01905 10325 20205 39560 41049 333 20258 3/029 58015=
41258 36/// /0706 10295 20280 30056 40060 333 0E/// 20290 55310 21749 58020=
41263 26/// /2403 10310 20204 39504 40043 333 0E025 20250 55300 22009 58016 70122=
41265 36/// /1601 10330 20216 39497 40035 333 0E030 20247 55300 21993 58013=
41275 36/// /1411 10310 20212 39920 40083 333 0E025 20250 55300 21765 58012=
41288 32560 31309 10293 20235 30061 40082 83500 333 20260 3/027 5//// 83620=
41316 32470 79902 10292 20248 30051 40080 87600 333 20257 58012 55407 55408 55507 55508 82715 87625=
41480 41458 22516 10327 20276 30064 40073 70544 81130 333 20300 30/// 58005 81818=
41506 02697 21802 10285 20142 38480 48478 60001 82100 333 56900 58018 60007 82830=
41508 02997 00000 10278 20183 38628 48506 60001 333 58002 60007=
41515 02997 00000 10286 20132 38474 48437 60001 333 58004 60007=
41523 02997 00000 10280 20208 39046 48464 60001 333 58005 60007=
41535 02997 00000 10270 20179 38681 48462 60001 333 59003 60007=
41536 02997 00000 10280 20183 39004 48503 60001 333 58015 60007=
41560 02997 00000 10265 20169 38273 48487 60001 333 58009 60007=
41571 12697 33108 10310 20218 39508 40060 60001 82530 333 56990 59004=
41598 02997 20000 10320 20258 39793 40050 60001 82030 333 56090 59002 60007 82360=
41600 01996 03102 10310 20261 39770 40052 60001 70400 333 58003 60007=
41620 32696 43603 10280 20155 38546 48453 60001 84500 333 56900 58006 60007 84640=
41624 02997 21302 10330 20261 39861 40051 60001 82020 333 56090 59002 60007 82460=
41630 01996 03602 10335 20235 40061 60001 70400 333 58002 60007=
41640 01696 50000 10330 20238 39819 40055 60001 70422 82530 333 56990 58000 60007 82640 83360=
41660 02997 03110 10295 20052 38417 48449 60001 333 58007 60007=
41678 01996 40000 10340 20216 40066 60001 70500 84020 333 56090 58009 60007 84460=
41696 02997 00000 10250 20054 37999 48489 60001 333 58007 60007=
41697 02997 00000 10380 20256 40042 60001 333 58002 60007=
41700 01996 01304 10360 20264 40042 60001 70400 333 58002 60007=
41710 11996 03106 10365 21117 39293 40008 60001 70600 333 58013=
41712 12997 02302 10360 21036 39143 48505 60001 333 58014=
41715 01996 00000 10350 20253 39987 40048 60001 70500 333 58008 60007=
41718 01996 00000 10360 20276 39944 40041 60001 70400 333 58007 60007=
41725 02996 01302 10360 20249 39971 40045 60001 333 58008 60007=
41739 02996 02704 10330 20108 38993 48482 60001 333 58013 60007=
41744 12996 00000 10300 20070 38721 48459 60001 333 58001=
41749 02996 01304 10350 20261 30019 40052 60001 333 58007 60007=
41756 02496 62306 10310 20239 30012 40076 60001 86600 333 56900 58027 60007 86715=
41764 02996 02110 10320 20250 30005 40053 60001 333 58007 60007=
41768 02996 02302 10320 20272 30053 40060 60001 333 58006 60007=
41780 02596 32706 10315 20252 30034 40060 60001 83600 333 56900 58006 60007 83720=
41785 02597 42302 10305 20256 30053 40066 60001 84600 333 56500 58012 60007 84730=
41859 42450 60000 10347 20270 30002 40039 83520 333 58008 83618 86458==
41883 02450 81302 10342 20270 30020 40040 8452/ 333 58008 70000 84618 88458==
41891 01450 60402 10316 20270 30007 40044 70521 83320 333 58015 70005 83616 84458 81930==
41907 02456 51302 10345 20270 30022 40036 85800 333 58010 70000 82615 83825==
41923 02450 71602 10337 20240 30032 40042 85330 333 58010 70008 83615 83824 85360 81930==
41936 01450 51605 10332 20270 30027 40034 70521 83630 333 58009 70000 81710 83615 84362==
41943 02440 61303 10340 20250 30034 40041 83530 333 58014 70020 83616 84382==
41950 02450 50902 10340 20260 30033 40035 84401 333 58004 70018 83617==
41978 02559 31604 10328 20270 30033 40039 83130 333 58007 70031 83828==
41992 01435 50000 10330 20250 30037 40039 70521 83530 333 58005 70000 83616 85362==
42027 31595 12301 10244 20169 38403 48485 70500 81100 333 58007=
42044 32596 33601 10246 20168 38272 48496 83200 333 58004=
42045 32596 21402 10274 20160 38298 48416 82200 333 59005=
42056 32696 43202 10306 20255 39631 81130 333 58000=
42071 32596 23204 10326 20282 40055 82400 333 58000 82625=
42101 31595 70000 10310 20286 40062 71020 83510 333 59007 83630 86458=
42111 31595 50000 10316 20244 39364 40028 70511 83830 333 59009 82620 83830 85360=
42123 32996 00702 10334 20259 40049 333 58003=
42131 32696 70000 10302 20260 40059 87500 333 58000=
42165 32996 23601 10340 20237 40039 80001 333 58003 82070=
42182 31594 72306 10294 20269 40050 71022 83320 333 58000 83630 81935 87459=
42189 31595 50000 10334 20277 40037 70521 85800 333 59008 83620 85825=
42309 32596 43602 10340 20277 40029 82230 333 59001=
42314 32596 69902 10336 20285 40031 83430 333 58002 83620 86360=
42328 32996 02504 10330 20260 40031 333 58006=
42339 31595 73202 10316 20260 40054 70520 83511 333 58003 83630 85458=
42348 21495 89903 10264 20244 40057 75065 8672/ 333 58005 6997/ 83715 85625 88459=
42361 31596 40000 10326 20274 40037 70500 84200 333 58001 84825=
42369 31596 51402 10350 20267 40036 70510 85400 333 59005 82620 83825=
42379 31595 50901 10348 20265 40023 70510 85200 333 59006 85825=
42410 31496 33203 10354 20266 40038 70500 82530 333 58006 82618 83360=
42415 32596 50000 10344 20267 40042 82431 333 58004 82620 83360=
42452 21595 83202 10264 20258 40045 71096 8552/ 333 58001 6005/=
42492 31596 60000 10338 20284 40033 71022 84430 333 58001 83620 83825 83360=
42559 21595 83201 10272 20255 40040 72162 8452/ 333 58010 6001/ 84620 88458=
42571 32596 40000 10304 20265 40035 82530 333 59001 82625 83360=
42591 31496 31103 10334 20271 40038 70500 83400 333 58004 82618=
42623 32496 50000 10312 20233 39200 40028 83530 333 58005 83618 83360=
42634 32596 60000 10316 20239 40079 86800 333 58005 83620 84825=
42647 31495 72704 10306 20261 40072 70522 86802 333 56609 58000 84618 83825=
42667 21596 72004 10276 20242 39482 40055 70522 85930 333 58004 6990/ 83620 83825 81930 85360=
42675 31596 73204 10308 20239 40041 70522 85830 333 58003 82820 84625 86360=
42701 31596 50903 10310 20261 39318 40016 71011 85400 333 59004 83620 83860=
42724 32496 60000 10340 20268 40031 86400 333 58003 84618 84825=
42737 32596 52506 10314 20243 40079 83530 333 58008 83620 85358=
42754 31496 72906 10268 20231 39437 40059 70522 84630 333 58005 82710 83618 85360=
42779 21596 50000 10302 20261 39358 40029 72162 84830 333 59003 6994/ 84620=
42798 31496 61106 10322 20258 40018 70522 83530 333 59002 83618 85360=
42809 31596 70904 10336 20261 40030 70522 84830 333 58002 82620 83825 83360=
42840 32596 53203 10314 20249 40081 84830 333 58006 82620 83825=
42867 31496 52904 10314 20252 40051 70522 84830 333 58005 83618 83825=
42874 31596 40000 10324 20269 40030 70520 84400 333 59006 82620 84825=
42886 32596 40205 10332 20262 40023 84400 333 59009 83620 84825=
42895 21496 70502 10308 20281 40019 72162 85530 333 59011 6013/ 85618 85360=
42909 32596 22504 10310 20274 40080 81230 222// 20000 333 58002 81825=
42971 21496 63408 10306 20270 40011 70562 85630 333 56890 59013 6003/ 82712 85617 86360=
43003 31595 52306 10312 20256 40087 70462 84830 333 58004 83620 84825=
43014 31496 62708 10284 20230 39435 40065 70542 86600 333 58004 82712 83620 85825=
43041 31496 83206 10276 20242 39430 40031 70522 8561/ 333 59007 82715 85620 88458=
43063 32597 52703 10284 20212 39466 40075 85800 333 59001 82636 83828=
43110 21496 82705 10290 20259 40099 76222 8673/ 333 58000 6991/ 84712 83618 85358=
43117 32597 60502 10290 20254 40072 85401 333 58003=
43150 21496 82503 10256 20253 39974 40034 76566 8492/ 333 57912 58000 6011/ 83712 84618 81930 88458=
43189 21596 80000 10262 20247 30040 40049 76066 8352/ 333 58008 6004/=
43192 21596 82302 10288 20260 40098 72582 8377/ 333 58001 6003/=
43198 32396 72711 10250 20212 39272 40088 85631 333 56699 58000 84707 84612 85358=
43201 21497 72004 10260 20217 39350 40065 72052 84630 333 56690 59001 6990/ 84710 83612 86358=
43233 32497 72513 10256 20221 39295 40103 84610 333 56699 58005=
43245 32597 72503 10326 20230 30044 40070 82478 333 58002=
43295 32497 72305 10244 20190 39095 48509 84630 333 56590 58003 83710 83612 85358=
43314 21496 82302 10288 20266 40120 72162 8387/ 333 58008 6003/=
43333 31496 72711 10296 20251 40083 70562 86401 333 56509 58020 84618 85820=
43369 31497 63203 10302 20263 40127 70265 83430 333 58010 83618 85358=
43371 21497 63210 10300 20249 30051 40123 70352 84241 333 56799 57813 58014 6990/ 83617 83825=
43404 22470 62204 10318 20267 30086 40089 56010 83000 333 553// 20403 58004 60008 82920 91008 555 60008==
43410 22470 7//// 10323 20235 30089 40092 58010 83202 333 58008 60008 555 60008==
43413 22470 82207 10305 20248 30097 40101 56009 88150 333 553// 20435 58004 60008 91012==
43415 22470 82202 10328 20239 39996 40104 53007 84000 333 58008 60008 70000 555 60008==
43418 22470 82302 10336 20229 30047 40088 57012 83000 333 58005 60008 70000 555 60008==
43421 22470 32503 10337 20240 39994 40097 52016 83000 333 553// 20424 58001 60008 91009 555 60008==
43422 21470 62303 10309 20239 39968 40100 58013 72522 86200 333 58005 69928 555 69928==
43424 22470 62304 10311 20261 30106 40108 58006 85000 333 58009 60008 70000 555 60008==
43436 22070 72901 10348 20220 30090 40093 57012 81000 333 58014 60008 555 60008==
43441 21460 62304 10252 20239 39977 40110 57010 79598 84000 333 58015 60148 70142 82818 84458 82920 555 60148==
43444 21470 72303 10276 20221 39578 40104 57012 70352 86201 333 58004 69908 555 69908==
43450 21470 42706 10310 20254 30110 40122 51005 70382 84200 333 58009 69908 70001 555 69908==
43466 22/70 52403 10308 20240 30109 40117 57013 333 553// 20479 58008 60008 84/18 91006==
43467 22470 32504 10321 20255 30114 40120 57011 83200 333 58011 60008 70011 555 60008==
43473 21270 72705 10168 20168 38133 48498 57006 72166 87000 333 553// 20245 58006 60008 91010 555 69908==
43475 22470 62503 10356 20210 30085 40089 57022 81106 333 553// 20528 58010 60008 91008 555 60008==
43476 22468 42304 10255 20175 38779 48529 57013 84000 333 58004 60008 70000 555 60008==
43479 22/70 72202 10314 20182 39256 57018 333 58006 60008 83/16 555 60008==
43486 21468 82702 10313 20251 30013 40111 5/017 70382 85000 333 553// 20578 58008 60008 91005==
43495 22470 62505 10300 20258 30102 40115 57/// 84000 333 58005 60008 70012==
43497 21/70 52205 10309 20000 30087 40104 51019 70262 333 58004 69978 83076 83/18 91007==
44212 41584 43402 10146 21019 39117 40193 57005 70262 84100==
44213 41570 72706 10088 21002 38798 40212 52004 70262 85510==
44214 42/70 52706 10103 21083 38305 40208 58006 85080==
44215 42670 62909 10108 21074 38429 40204 54000 86200==
44217 32698 62002 10048 21062 37901 40282 52018 84240 333 91202=
44218 42684 63006 10137 21096 38626 40194 52003 86200==
44219 41699 42911 10126 21017 38626 40185 52006 70732 82281 333 91016 91117 91213=
44265 42684 22905 10161 21041 38872 40206 58013 82200==
44266 31699 53007 10100 21133 37805 40198 52006 70232 85200 333 91118 91210=
48010 42558 41801 10320 20265 39894 40042 82831 333 58000==
48020 42460 21801 10340 20264 82200==
48025 42458 63201 10341 20270 39928 40064 58014 84341==
48031 42257 61401 10250 20219 86800==
48048 42558 41801 10340 20257 39998 40054 82851 333 58006==
48052 32456 61802 10319 20236 82436 333 56999=
48062 41457 71406 10300 20266 30050 40056 76061 86970 333 58020==
48064 42457 73201 10312 20254 39990 40046 85831 333 58006==
48071 41356 82305 10285 20274 30048 40056 76266 8692/ 333 58001==
48094 41457 71801 10285 20265 30053 40063 72166 85970 333 58006==
48109 42460 62305 10312 20267 30075 40078 85930 333 58013==
50557 14/80 /2801 10264 20093 39827 40111 57013 60001 333 10264 20084 3/008 58032 70000 90761 91105==
51076 14/80 /2402 10149 20021 39398 40257 57006 60001 333 10152 20054 3/004 58103 70000 90761 91105==
51087 14/80 /3205 10142 20015 39255 40254 57007 60001 333 10157 20081 3/008 58120 70034 90761 91109==
51156 14/80 /2902 10121 21011 38754 40255 57006 60001 333 10121 20027 3/001 58081 70001 90761 91108==
51243 14/80 /1603 10192 20056 39715 40246 57009 60001 333 10195 20104 3/009 58075 70005 90761 91105==
51334 14/80 /3502 10185 20090 39849 40242 57014 60001 333 10185 20078 3/006 58053 70003 90761 91104==
51379 14/80 /3401 10171 20048 39334 40255 57011 60001 333 10226 20086 3/010 58122 70051 90761 91106==
51463 14/80 /0004 10148 20030 39090 40255 57011 60001 333 10155 20085 3/006 58093 70171 90761 91108==
51573 14/58 /3302 10280 20043 30120 40166 57005 60001 333 10368 20210 3/022 58156 90761 91109==
51644 14/80 /1402 10240 21018 38955 40141 52006 60001 333 10287 20089 3/010 58103 70000 90761 91107==
51656 14/60 /1602 10247 20055 39151 40148 52004 69901 70060 333 10290 20146 3/011 58110 90761 91107==
51709 14/80 /1303 10247 21103 38631 40109 57004 60001 333 10296 20129 3/012 58083 70000 90761 91105==
51711 14/80 /2303 10185 21063 38043 40094 57012 60001 333 10233 20053 3/001 58085 70000 90761 91107==
51716 14069 00504 10254 21006 38909 40119 57004 60001 333 10315 20117 3/011 58098 70000 90761 91107==
51765 14/59 /0904 10257 20048 39205 40143 54000 60001 333 10319 20181 3/016 58113 70000 90761 91111==
51811 14/63 /0202 10266 20050 38779 40099 57006 60001 333 10298 20189 3/016 58083 70000 90761 91104==
51818 14/66 /1402 10275 20003 38637 40095 57007 60001 333 10304 20181 3/017 58084 70000 90761 91109==
51828 14/56 /0902 10242 20046 38641 40105 57010 60001 70600 333 10305 20195 3/017 58094 90761 91110==
51886 14/80 /3103 10169 21012 37169 40064 57001 60001 333 10236 20121 3/011 58057 70000 90761 91108==
52203 14/78 /0203 10208 20056 39319 40152 52002 60001 333 10340 20182 3/019 58126 70000 90761 91115==
52602 14/80 /2910 10199 21031 37292 40022 57004 60001 333 10245 20139 3/013 58025 70000 90761 91115==
52681 14/65 /3004 10218 20165 38618 40096 52003 60001 333 10239 20140 3/014 58019 70000 90761 91108==
52818 14/80 /2805 10191 20016 37272 40039 57003 60001 333 10274 20144 3/013 58046 70008 90761 91111==
52908 14/56 /3103 10073 20041 35844 40046 57005 60011 76250 333 10157 20039 3/001 58008 70021 90761 91111==
53463 14/25 /0701 10178 20178 38834 40109 57010 60071 76000 333 10213 20153 3/016 59035 70303 90761 91104==
54857 14/80 /1604 10279 20210 30053 40142 57013 60001 333 10291 20235 3/022 59006 70000 90761 91106==
55228 14/80 /2903 10163 21004 36082 49935 57009 60001 333 10196 20086 3/005 58004 70000 90761 91107==
55299 14/80 /2504 10150 20032 35918 49956 57013 60001 333 10162 20061 3/004 58004 70000 90761 91109==
55578 14/80 /3502 10209 20027 36423 49951 57014 60001 333 10231 20108 3/009 58007 90761 91105==
55591 14/80 /2603 10220 20050 36563 49931 57018 60001 333 10240 20154 3/013 58000 70000 90761 91106==
55664 14/80 /2502 10166 20011 36068 49971 57015 60001 333 10205 20077 3/007 58009 70000 90761 91106==
55773 14/80 /1010 10142 20034 36077 40007 57010 60001 333 10152 20044 3/003 59001 70008 90761 91113==
56004 14/80 /2304 10120 20030 35891 49982 57018 69911 333 10164 20047 3/002 58007 70001 90761 91113==
56018 14/80 /1401 10187 20052 36238 49965 57019 60001 333 10213 20081 3/008 58002 70083 90761 91106==
56116 14/80 /1601 10176 20065 36397 49986 57017 60001 333 10178 20097 3/009 58001 70002 90761 91110==
56312 14/80 /1602 10248 20070 37104 49962 57028 60001 333 10249 20130 3/012 59004 70000 90761 91107==
57494 14866 /1102 10366 20227 30059 40087 57025 60001 333 10371 20265 3/027 59012 70000 90761 91105==
58847 14/68 /0102 10299 20236 39999 40096 57016 60001 333 10339 20271 3/026 59001 70000 90761 91107==
62306 42560 42606 10272 20236 40127 52009 84200 333 20229==
62309 42960 02906 10292 20220 40105 333 20250==
62332 42560 22307 10280 20246 40101 52007 82100 333 20264==
62337 42960 01405 10288 20223 40101 52008 333 20230==
62366 45560 43208 10264 20229 40103 52007 84200 333 20260==
62387 41950 03309 10264 20223 40110 52010 71000 333 20236==
62393 42960 03408 10269 20192 40137 52010 333 20237==
62405 42960 02203 10309 20135 40100 52011 333 20254==
62414 42960 03604 10318 20119 40106 52008 333 20278==
62419 42960 00000 10318 20134 40094 52008 333 20254==
62420 42960 03302 10259 20176 40121 52012 333 20234==
62435 42960 03403 10311 20141 40100 52011 333 20258==
62440 42960 02807 10270 20213 40105 52004 333 20242==
62455 42960 03205 10284 20205 40106 333 20258==
62458 42960 03106 10296 20178 40092 52009 333 20273==
62459 41956 03009 10299 20236 40084 52015 70500 333 20281==
62465 42960 03209 10328 20185 40085 52022 333 20276==
63210 32980 03211 10357 20250 40060 333 20331 59008=
63227 32580 52212 10293 20170 40164 85400 333 20260 58015 85628=
