SMPK OPKC 161200=
41504 02697 72702 10020 21106 37855 48515 60002 82230 333 10090 56990 59036 60007 82845 86360 RH39%=
41505 22696 40000 10055 21032 38/// 48/// 60002 83520 333 10075 56990 58/// 82640 83460 53%=
41506 02697 70000 10080 21013 38537 48535 60002 83520 333 10123 56990 58003 60007 83640 85460 52%=
41507 02697 61302 10160 20086 39269 49785 60002 82520 333 10175 56990 59011 60007 82640 84460 61%=
41508 02697 63102 10111 21044 38673 48542 60002 04220 333 10150 56990 59012 60007 84835 82460 RH 34%=
41509 02697 70000 10100 21024 38777 48516 60002 83510 333 10135 56990 59002 60007 83640 85460 RH42%=
41510 02997 40000 10040 21072 37924 48533 60002 84030 333 10090 56090 59014 60007 84360 44%=
41515 02697 60000 10077 21067 38569 48531 60002 82520 333 10107 56990 59015 60007 82650 84460 36%=
41516 02996 50000 10050 21048 38568 48524 60002 85030 333 10115 56090 59034 60007 85360 RH49%=
41517 01696 70000 10020 21084 37811 48544 60002 70422 81531 333 10054 56999 59064 60007 81645 83070 46%=
41518 02696 71802 10083 21021 38/// 48/// 60002 82230 333 10106 56990 5//// 60007 82840 83362 49%=
41519 02996 30000 10100 21087 38791 48527 60002 80030 333 10125 56090 59056 60007 83362 RH26%=
41520 02697 30000 10015 21093 37631 48278 60002 83030 333 10060 56090 59031 60007 83362 45%=
41523 02997 62702 10145 21019 39092 48514 60002 80030 333 10180 56090 59019 60007 86360 32%=
41524 02997 00000 10145 21028 39369 40237 60002 333 10182 59032 60007 31%=
41525 12997 01304 10070 21027 37700 48418 60002 333 10100 59005 50%=
41528 02997 00000 10170 20024 39233 48528 60002 333 10182 58001 60007 37%=
41529 02996 20000 10175 20077 39785 40166 60002 80001 333 10210 56009 59024 60007 82070 52%=
41530 01995 20000 10155 21005 39746 40164 60002 70500 80001 333 10205 56009 59022 60007 82075 32%=
41534 22697 50000 10170 20094 39744 40159 60002 83520 333 10205 56990 59021 60007 83640 83460 RH61%=
41535 02997 00000 10130 21047 38721 48491 60002 333 10175 59020 60007 RH29%=
41536 02997 00000 10130 20007 39044 48513 60002 333 10180 59027 60007 43% =
41560 02997 00000 10120 21049 38292 48517 60002 333 10165 59018 60007 RH30%=
41562 02997 00000 10190 20045 39699 40161 60002 333 10220 59009 60007 RH38%=
41565 02996 03102 10106 21076 38673 48539 60002 333 10150 59029 60007 27%=
41567 01996 00000 10170 20043 39742 40161 60002 70500 333 10190 59002 60007 43%=
41571 11996 02704 10160 21009 39582 40169 60002 70500 333 10200 59022 RH31%=
41571 11996 02704 10160 21009 39582 40169 60002 70500 333 10200 59022 RH31%=
41572 01996 02706 10145 21019 39522 40151 60002 70500 333 10196 59021 60007 R/H 32%=
41573 02997 01302 10100 21014 37985 48509 60002 333 10155 59022 60007 45%=
41574 02997 00000 10125 21022 38359 48537 60002 333 10170 59018 60007 36%=
41576 01996 20000 10180 20058 40182 60002 70500 80001 333 10223 56009 59021 60007 82070 45%=
41577 01996 00000 10155 20068 39549 40168 60002 70400 333 10210 56000 59024 60007 RH 56%=
41593 01996 22302 10200 20086 39949 40164 60002 70500 82070 333 10217 56090 59014 60007 82460 48%=
41597 01996 00000 10180 20095 39880 40174 60002 70400 333 10197 59022 60007 58%=
41598 01996 00000 10165 20076 39882 40155 60002 70400 333 10198 59030 60007 56%=
41599 01995 30000 10170 20070 39877 40170 60002 70401 83070 333 10200 56090 59019 60007 83460 52%=
41600 01696 60000 10160 20104 39862 40160 60002 70420 83570 333 10194 56990 59021 60007 83645 83462 69%=
41620 32696 63604 10145 21059 38578 48483 60002 70500 86500 333 10165 56900 59006 60007 86640 24%=
41624 01995 00000 10220 20124 39955 40154 60002 70400 333 10230 59015 60007 54%=
41625 01996 02302 10200 20031 39952 40152 60002 70500 333 10220 59016 60007 33% COR=
41625 01996 02302 10200 20031 39952 40152 60002 70500 333 10220 59016 60007 33%=
41630 01996 03102 10180 20058 40170 60002 70500 333 10212 59018 60007 45%=
41630 01996 03102 10180 20058 40170 60002 70500 333 10212 59018 60007 45%=
41633 02996 20000 10180 20095 3//// 4//// 60002 82030 333 10210 56090 5//// 60007 82362 58%=
41634 02997 03102 10190 20026 3//// 4//// 60002 333 10195 5//// 60007 34%=
41635 01996 00000 10200 20120 3//// 4//// 60002 70400 333 10225 5//// 60007 60%=
41636 01996 00000 10205 20104 39991 40176 60002 70400 333 10230 59007 60007 52% COR=
41636 01996 00000 10205 20104 39991 40176 70400 333 10230 59007 60007 52%=
41638 01996 00000 10210 20111 4//// 60002 70400 333 10223 5//// 60007 53%=
41639 01996 32302 10175 20021 3//// 4//// 60002 70500 83030 333 10190 56090 5//// 60007 83360 35%=
41640 01996 40000 10180 20044 39912 40162 60002 70500 84030 333 10205 56090 59023 60007 84360 44% COR=
41640 01996 40000 1018020044 39912 40162 60002 70500 84030 333 10205 56090 59023 60007 84360 44%=
41641 01996 23405 10190 20045 39887 40162 60002 70500 82030 333 10210 56090 59020 60007 82460 38%=
41642 01996 60000 10180 20083 3//// 4//// 60002 70400 82031 333 10195 56099 5//// 60007 82360 84070 53%=
41643 01996 40000 10195 20091 39881 40158 60002 70410 84070 333 10210 56090 59021 60007 84460 51%=
41644 01996 00000 10200 20086 4//// 60002 70400 333 10235 5//// 60007 RH 48%=
41646 01996 00000 10220 20064 39967 40180 60002 70500 333 10230 59016 60007 36%=
41652 01996 01304 10200 20086 39988 40167 60002 70500 333 10211 59015 60007 48% COR=
41652 01996 01304 10200 20086 39988 40167 70500 333 10211 59015 60007 48%=
41660 01696 33114 10070 21043 38467 48557 60002 70500 81530 333 10095 56990 58018 60007 81640 RH44%=
41661 01995 03104 10075 21036 38414 48543 60002 70600 333 10105 58013 60007 45%=
41669 02997 00000 10200 20109 3//// 4//// 60002 333 10225 5//// 60007 56% COR=
41669 02997 P0000 10200 20109 3//// 4//// 60002 333 10225 5//// 60007 56%=
41670 01996 00000 10190 20096 3//// 4//// 60002 70400 333 10215 5//// 60007 55%=
41674 01995 00000 10200 20109 3//// 4//// 60002 70400 333 10225 5//// 60007 56%=
41675 01995 00000 10210 20048 30015 40158 60002 70500 333 10223 59019 60007 34%=
41675 01995 00000 10210 20048 30015 40158 60002 70500 333 10223 59019 60007 34%=
41676 01996 00000 10190 20096 30037 40195 60002 70400 333 10214 59003 60007 55%=
41677 01996 00000 10190 20138 39988 40155 60002 70400 333 10215 59016 60007 72%=
41678 01996 00000 10220 20034 40167 60002 70500 333 10235 59011 60007 29%=
41679 01996 00000 10190 20072 4//// 60002 70500 333 10215 5//// 60007 46%=
41680 01996 00000 10205 20081 39966 40166 60002 70500 333 10235 59019 60007 45%=
41685 02997 00000 10190 21007 38928 48517 60002 333 10215 59013 60007 RH26%=
41696 02997 03102 10080 21045 38035 48468 60002 333 10100 58002 60007 RH41%=
41697 02997 00000 10260 20042 39995 40149 60002 333 10270 59008 60007 RH25%=
41700 01996 00000 10200 20074 30020 40148 60002 70500 333 10240 59018 60007 44%=
41701 01996 00000 10215 20075 30022 40165 60002 70500 333 10230 59019 60007 42%=
41710 12997 01302 10130 21127 39435 40222 60002 333 10145 58063 R.H15%=
41712 11994 30508 10095 21003 39268 48528 60002 70600 83010 333 10110 56090 58063 83460 RH41%=
41715 01996 00000 10200 20046 30111 40176 60002 70500 333 10215 58001 60007 RH36%=
41716 01996 00000 10215 20041 30066 40170 60002 70500 333 10228 59015 60007 32%=
41718 01995 00000 10210 20075 30049 40152 60002 70500 333 10241 59013 60007 42%=
41724 01996 00000 10220 20090 30093 40172 60002 70500 333 10250 59016 60007 RH43%=
41725 02996 00502 10215 20070 30075 40154 60002 333 10225 59014 RH39%=
41726 01995 00000 10210 20122 30111 40182 60002 70500 333 10240 59009 60007 RH57%=
41738 01994 00512 10210 21047 30014 40197 60002 70700 333 10225 58033 60007 RH17%=
41739 01994 03614 10110 21044 39083 48528 60002 70700 333 10115 58028 60007 RH34%=
41742 12997 42704 10255 20049 30042 40146 60002 80008 333 10275 56009 59004 84270 RH 27%=
41743 21996 00000 10220 20090 60002 70400 333 10225 60007 RH 43%=
41744 02195 00000 10200 21025 38817 48546 60002 70600 333 10210 58015 60007 RH22%=
41745 01996 03106 10220 20049 60002 70400 333 10230 60007 RH 33%=
41746 02996 00000 10210 20088 30102 40157 60002 333 10215 59006 60007 RH45%=
41747 01996 00000 10220 20090 30087 40147 60002 70400 333 10230 59016 60007 RH43%=
41748 02996 00502 10225 20108 30098 40162 60002 333 10235 59019 60007 RH48%=
41749 02996 03108 10230 20079 30131 40164 60002 333 10255 59002 60007 RH38%=
41756 01994 03616 10250 21069 30113 40179 60002 70700 333 10255 58009 60007 RH11%=
41757 21995 03608 10240 21019 30179 40192 70600 333 10265 58015 60007 RH18%=
41759 01994 03612 10240 20002 30159 40165 60002 70733 333 10255 58005 60007 RH21%=
41760 01995 03612 10250 20040 30139 40152 60002 70600 333 10270 59011 60007 RH 26%=
41764 01996 03610 10225 20043 30097 40148 60002 70400 333 10234 59010 60007 Rh30%=
41765 02996 03104 10225 20085 30121 40156 60002 333 10250 59007 60007 RH41%=
41766 01996 00506 10215 20095 30132 40162 60002 70400 333 10235 59010 60007 RH46%=
41767 02996 00000 10230 20051 3//// 4//// 60002 333 10255 60007 RH31%=
41768 02996 00000 10255 20091 30132 40139 60002 333 10290 59021 60007 RH35%=
41780 01996 02006 10275 20020 30115 40142 60002 70500 333 10286 59014 60007 RH19%=
41783 02996 00502 10235 20044 30126 40155 60002 333 10250 59002 60007 RH 29%=
41785 02996 03602 10230 20051 30146 40159 60002 333 10240 59003 60007 RH 31%=
41786 02996 03604 10265 20035 30093 40130 60002 333 10285 59008 60007 RH 23%=
41BAG 02696 22302 10035 21081 60002 82500 333 10060 56900 60007 82635 42%=
41BKI 02996 20000 10175 20051 39748 40166 60002 70400 82030 333 10205 56090 59015 60007 82360 RH 44%=
41SKP 01996 30000 10185 20052 3//// 4//// 60002 70500 83030 333 10195 56090 5//// 60007 83360 41%=
43532 02997 00000 10150 20022 39333 40137 60002 333 10170 59025 60007 42%=
43533 01997 00000 10170 20064 39223 48498 60002 333 10220 59022 60007 50%=
43563 02997 00000 10178 20039 39465 40153 60002 333 10233 59021 60007 39%=

Data Generated from File : D:/all data handling/Rmc_lhr/2024121612.FSU.txt
16/12/2024   13:09:24
____________________________________________________________________________________________
15020 01570 82606 10082 21008 39963 40162 56012 69901 70262 8457/ 333 55300 20376 69907 91010 90760 91115==
15090 07570 82503 10065 20015 30088 40181 56020 69951 7616/ 8257/ 333 55300 10120 20175 30177 69957 91005 90760 91106==
15108 01/00 9//// 11069 21073 38035 48457 55017 60051 77374 89/// 333 49066 55300 20206 60027==
15150 01570 72404 10073 20005 39981 40197 56019 69901 78082 83370 333 55300 20330 69907 91009 90760 91109==
15170 02570 72308 10010 21028 39448 42833 58014 60001 85370 333 41998 55301 20519 60007 91012 90760 91112==
15280 01/00 9//// 11049 21055 37495 47041 53004 60001 74143 89/// 333 49042 55304 20710 60007==
15310 04/70 82204 10069 21007 30128 40215 58026 60001 83037 333 55308 00480 21130 30303 60007 91009 90760 91109==
15335 04/70 42505 10070 21010 30215 40223 58028 60001 84030 333 55309 21150 60007 91009 90760 91110==
15350 04570 52407 10078 21021 30118 40240 58020 60001 85200 333 55305 20610 60007 91014 90760 91114==
15360 04/70 32210 10057 20003 30204 40221 56026 60001 83030 333 60007 91012 90760 91114==
15420 04/70 82505 10080 21006 30148 40261 58016 60001 82087 333 55310 21191 60007 91010 90760 91110==
15460 04970 22506 10074 20004 30235 40260 58021 60001 80002 333 55310 21398 60007 91012 90760 91114==
15470 04/70 52610 10076 20022 30147 40275 58021 60001 81042 333 55310 21355 60007 91013 90760 91113==
15480 04/70 32705 10078 21010 30226 40244 57027 60001 81032 333 55310 00540 21354 31206 60007 91010 90760 91112==
15549 12570 32507 10057 21012 39847 40271 58014 60001 82101 333 10063 21018 91114 555 561//=
15552 12570 22904 10086 21001 30216 40266 58022 60001 81501 222// 00098 10201 333 10088 20019 555 554// 92025 92428=
15640 12974 22909 10093 20046 39971 40286 58015 60001 80001 333 10096 20035 555 572//=
15655 12970 02708 10090 21019 30260 40294 58006 60001 222// 00107 10201 333 10092 20030 555 546// 92025 92428=
15730 12970 21801 10098 21041 39893 40293 58008 60001 80001 333 10107 20039 555 537//=
16627 12570 22305 10112 20030 30294 40299 56008 60001 81150 333 90730 91112==
16650 12560 20508 10108 20000 30291 40300 58007 60001 81130 333 90730 91121==
16667 12560 13312 10132 20029 30274 40285 58005 60001 81100 333 90730 91119==
16706 12560 10215 10132 20089 30265 40271 51003 60001 81100==
16723 12560 20111 10142 20100 30253 40266 54000 60001 82200 333 90730 91115==
16742 12460 33413 10146 20092 30090 40246 54000 60001 82101 333 90730 91126==
16749 12560 22914 10180 20106 30207 40222 54000 60001 82130 333 90730 91120==
16754 11460 73611 10156 20107 30219 40267 52004 60031 70262 85850 333 82818 84625 87358 90730 91122==
16757 12460 73415 10156 20119 30117 40251 57001 60001 84820 333 82818 84625 87458 90730 91122==
16760 11360 60206 10118 20093 40269 52004 60031 70261 86650 333 81708 86625 86358 90730 91114==
16765 12460 33017 10186 20097 40237 55000 60001 83800 333 81818 83625 90730 91126==
17022 11570 71204 10076 20051 30115 40284 55004 69951 70282 85270 333 85833 87360 90760 91109==
17024 11670 52210 10092 20088 30188 40267 55003 60011 70162 83540 333 83635 85359 90760 91119==
17026 11570 72402 10079 20053 30234 40274 55000 69971 72586 85270 333 85830 87358 90760 91123==
17031 11470 63007 10094 20040 30262 40268 58001 60041 70282 85250 333 83712 84830 86359 90760 91122==
17034 11565 72407 10078 20048 30235 40282 52013 60041 78082 84270 333 84830 87358 90760 91120==
17038 11460 73014 10092 20056 30213 40262 52017 60011 78022 87200 333 83716 87835 90760 91122==
17042 11558 81102 10071 20058 30227 40267 53014 60061 76122 8552/ 333 85630 88458 90760 91117==
17050 12970 03005 10101 21030 30238 40302 57015 60001 333 90760 91110==
17056 12970 03003 10099 20023 30297 40301 57008 60001 333 90760 91113==
17060 12560 43506 10105 20018 30253 40294 57007 60001 84100 333 84830 90760 91117==
17070 11665 62103 10036 20014 39380 40272 57005 69911 70162 84520 333 84634 86460 90760 91108==
17074 11570 73204 10041 20034 39311 40270 55002 69911 70262 85550 333 85627 87358 90760 91112==
17084 11670 61801 10061 20040 39336 40260 58002 69901 70162 83550 333 83635 85360 90760 91104==
17085 11670 50406 10068 20033 39762 40264 57002 69991 70162 83530 333 83640 85360 90760 91111==
17092 11370 80000 11029 21040 38928 48541 57005 69981 77122 885// 333 86707 88625 90760 91107==
17096 11556 70903 11072 21081 38267 48544 57005 69901 77111 85540 333 85625 87357 90760 91108==
17098 12660 70308 11036 21086 38203 48523 55005 60001 85550 333 85635 87357 90760 91111==
17100 12/70 70000 10011 21109 39239 40280 57015 60001 84038 333 84358 87268 90760 91103==
17112 12970 00405 10106 21022 30293 40295 57011 60001 333 90760 91112==
17115 12960 00109 10088 20017 30250 40302 57006 60001 333 90760 91116==
17116 11665 60000 10086 20042 30171 40295 55008 69961 70282 83250 333 83835 86360 90760 91108==
17124 12560 63207 10040 20004 39345 40287 57004 60001 86500 333 86625 90760 91114==
17128 11570 43106 10055 21009 39140 40263 57005 69901 70261 84100 333 84830 90760 91112==
17135 12670 63503 10072 20050 39363 40257 57005 60001 84250 333 84840 86360 90760 91106==
17140 11665 70501 10023 20013 38747 48529 58001 69981 70174 84550 333 84638 87358 90760 91106==
17150 12660 43604 10092 20012 30162 40288 57009 60001 84100 333 84835 90760 91117==
17160 11670 73508 10032 21004 39073 48536 56002 60021 70262 85550 333 85640 87360 90760 91112==
17170 12660 60802 10033 21078 38364 48537 55007 60001 83250 333 83840 86360 90760 91116==
17175 12665 30205 10120 20018 30276 40280 56006 60001 83100 333 83840 90760 91116==
17184 12670 33505 10101 20009 30163 40276 57005 60001 83200 333 83835 90760 91114==
17190 11570 83402 10036 20001 39056 48548 57004 60011 70262 8552/ 333 85630 88458 90760 91111==
17195 11258 83004 10029 20016 39021 48532 55003 60051 76172 8652/ 333 84705 86620 88458 90760 91106==
17200 11333 80202 11004 21009 39273 40310 57009 60011 77122 885// 333 85707 87632 90760 91105==
17202 11322 82003 10001 20001 39213 40304 57005 69941 77022 8652/ 333 83708 85633 88459 90760 91108==
17203 12670 61703 10030 21103 38940 48580 55010 60001 83250 333 83840 86360 90760 91108==
17210 12670 73201 10058 21074 39212 40274 56006 60001 83150 333 83840 87360==
17219 12562 13611 10126 20036 30123 40269 56005 60001 81100 333 81830 90760 91123==
17234 12670 31702 10162 20074 30181 40249 57009 60001 83200 333 83840 90760 91106==
17237 11670 80000 10087 20086 39752 40262 58001 60011 72162 8352/ 333 83635 88459 90760 91108==
17240 11570 72906 10088 20046 39081 40230 57006 60021 70282 85250 333 85830 87360 90760 91117==
17244 11670 73514 10044 20020 39048 48539 50000 69941 72162 85520 333 85635 87459 90760 91121==
17248 11556 83602 10050 20043 39024 48527 55005 60031 76166 8452/ 333 84630 88459 90760 91107==
17250 11640 83401 10037 20023 38846 48533 55007 60041 76066 8552/ 333 85636 88459 90760 91112==
17260 11658 80305 10049 21049 39400 40239 57009 69901 77072 8552/ 333 85635 88458 90760 91112==
17270 12670 60502 10089 21119 39606 40266 57014 60001 84230 333 84840 86360 90760 91105==
17275 12670 70000 10051 21156 39050 48558 57015 60001 83550 333 83640 87360==
17280 12670 73104 10035 21082 39470 40294 57011 60001 84520 333 84640 87460 90760 91107==
17290 12970 03407 10165 20054 30123 40245 50000 60001 333 90760 91120==
17292 12670 52802 10113 20070 39468 40226 57006 60001 85200 333 85835 90760 91111==
17300 12560 50103 10166 20103 30154 40225 57011 60001 83250 333 83825 85359 90760 91109==
17310 11570 70701 10168 20111 30203 40210 57004 69941 70292 84270 333 84830 87360 90760 91112==
17330 11670 70000 10117 20098 30216 40234 57022 60061 70282 85270 333 85838 87358 90760 91106==
17350 11660 70508 10093 20039 30154 40233 55010 60031 78082 85250 333 85835 87359==
17370 12670 61901 10127 21023 30235 40239 57010 60001 84230 333 84835 86360 90760 91116==
17375 12670 50000 10164 20122 30203 40205 57010 60001 85200 333 85835 90760 91105==
33088 /1597 82610 10073 20064 39838 40026 57025 72582 889// 333 91018 91118 555 1/005 60021=
33135 /1396 82410 10019 20011 39825 49972 57046 76176 8872/ 333 88709 555 1/000 60031=
33177 /1597 82710 10074 20063 39864 40099 57008 70282 889// 555 1/005 60041=
33317 /1597 82708 10029 20021 39745 40082 57015 70288 889// 555 1/000 60051=
33393 /1350 82707 10052 20045 39767 40159 54000 78088 889// 333 86707 555 60041=
33415 /1497 82610 10040 20023 39735 40134 57007 72582 885// 333 88615 91118 555 1/000 60031=
33429 /1498 82613 10027 20015 39694 40119 57012 72582 885// 333 86710 91019 91119 555 1/000 60031=
33466 /1559 82308 10022 20006 39863 40051 58069 78082 889// 333 85922 555 1/000 60031=
33506 /1495 82205 10001 21002 39849 40047 57052 78382 889// 555 1/000 69901=
33562 /1559 82707 10036 20021 39803 40109 57019 78082 8695/ 555 1/000 60051=
33587 /1496 82408 10018 20010 39836 40102 57032 78082 889// 333 88914 555 1/000 60021=
33658 /1674 72503 10086 20008 39861 40158 57004 72582 83330 333 83933 555 1/005 69901=
33663 /1598 83002 10048 20015 30049 40145 57019 72582 8695/ 555 1/002 60011=
33664 41497 82504 10041 20015 39830 40148 57014 76162 8872/=
33678 41597 82807 10022 21005 39951 40166 57015 78082 889//=
33679 41497 82405 10034 21001 39961 40153 57020 78082 889//=
33711 /1342 82409 10008 21000 39886 40099 57038 78382 883// 333 88707 555 1/000 69981=
33745 41597 82404 10037 20009 39976 40173 57018 72582 8693/ 555 12003=
33748 41597 82504 10044 20016 39885 40172 57019 78082 883//=
33754 41598 82302 10038 20012 30007 40155 57024 72582 8535/=
33761 /1456 82406 10018 20004 39913 40139 57030 76176 8872/ 555 1/001 69971=
33791 32483 82707 10032 21015 39995 40124 57035 886// 333 88713 555 1/002=
33815 41598 82506 10053 21014 39960 40169 57022 78082 889// 555 11005=
33837 32984 82506 10065 21032 30123 40175 58033 8807/ 555 1/006=
33881 42598 72305 10069 21006 39991 40188 57024 87300=
33883 42998 62205 10070 21011 30022 40187 57029 80002 555 11006=
33885 42598 62305 10069 21019 30075 40213 57030 83330=
33892 42598 82305 10044 21024 39969 40184 57029 8833/=
33902 32597 82712 10058 21006 30106 40166 57033 86550 333 91118 555 1/005=
33924 42570 72609 10083 21006 30192 40205 57022 83105 333 91016 90760 91116==
33946 42684 62609 10064 21001 39995 40218 58015 83501 333 83640 91012 90760 91113==
33983 42560 22510 10061 21021 30142 40203 58003 81530 333 91014 90760 91115==
34300 32497 82307 10013 21018 39863 40041 57044 885// 555 1/000=
34336 41470 82505 10009 21025 39956 40060 57018 70282 8537/ 333 91010 90760 91112==
34344 41440 82604 10005 20003 39975 40064 57017 77072 8872/ 333 90760 91112==
34356 41440 82305 10003 21025 39923 40072 58009 77077 8872/ 333 90760 91110==
34357 42570 82108 10005 21023 39912 40068 57011 885// 333 91013 90760 91114==
34398 41560 82307 10007 21004 30067 40080 57006 78732 8692/ 333 90760 91116==
34415 /1470 82504 10022 21009 39978 40075 58031 70282 8367/ 555 1/001 69901=
34438 41460 82306 10010 21013 39896 40088 57018 72682 883// 333 91012 90760 91112==
34445 41540 82006 10008 21006 39966 40087 57016 78522 889// 333 90760 91112==
34461 41460 72403 10013 21034 30033 40089 54000 70382 86730 333 90760 91112==
34473 42597 62508 10011 21006 30043 40082 53004 84530 333 91115 555 1/100=
34476 42570 72207 10014 21015 30083 40090 57004 84930 333 90760 91111==
34504 32583 82308 10020 21017 39925 40101 57037 885//=
34535 42570 82405 10021 21013 30038 40110 57016 8697/ 333 91010 90760 91111==
34545 41570 82307 10010 21012 39999 40111 57007 78582 883// 333 91012 90760 91113==
34555 42570 82308 10011 21020 30029 40121 55003 885// 333 91013 90760 91115==
34560 41460 52509 10008 21027 39907 40099 52005 70286 85500 333 85619 91012 90760 91113==
34578 41/40 82406 10016 20004 30113 40120 53004 71022 8803/ 333 90760 91112==
34579 41520 72304 10013 20008 30071 40114 53005 71022 87500 333 90760 91110==
34644 42560 82304 10011 21008 30055 40133 58011 885// 333 90760 91111==
34646 42470 82406 10011 21009 30051 40135 57004 886// 333 91011 90760 91114==
34655 42560 82208 10019 21018 30074 40135 57002 885// 333 91014 90760 91115==
34662 42970 62404 10019 21016 30113 40124 52004 80002 333 90760 91111==
34691 42/70 82002 10019 20000 30284 40271 53006 8802/==
34720 42470 72305 10011 21001 30107 40148 57013 87600 333 91011 90760 91111==
34727 42460 82507 10032 20005 30136 40166 58012 884// 333 91012 90760 91112==
34743 42460 82405 10016 21008 30057 40147 57003 8655/ 333 91012 90760 91112==
34759 42560 22305 10022 21003 30030 40162 52004 82400 333 90760 91111==
34772 42470 82407 10020 21011 30142 40145 53009 885// 333 91011 90760 91112==
34785 41440 82504 10020 21008 30170 40148 53010 77172 8672/ 333 90760 91110==
34798 41/40 82405 10050 20015 30188 40159 53013 76162 8805/==
34824 42560 62503 10042 20009 30182 40187 57008 86500==
34838 42560 82305 10042 21016 30091 40188 57002 885// 333 91010 90760 91113==
34845 41570 62605 10040 21017 30065 40173 58002 70382 86500 333 91011 90760 91112==
34858 41660 32405 10026 21015 30066 40175 54001 70276 82305 333 91011 90760 91111==
34861 41570 62706 10006 21020 39918 40164 52007 70282 86900 333 91011 90760 91112==
34866 42570 72606 10021 21009 30171 40163 52004 86950 333 91010 90760 91111==
34880 41540 82404 10022 20002 30181 40154 52010 72162 8272/==
34887 41440 82403 10019 20004 30189 40169 51008 76162 8872/==
34949 41570 52510 10001 21029 39642 40198 54000 70272 85500 333 91014 90760 91113==
34954 41570 52304 10028 21021 30017 40193 51013 70282 85400 333 91010 90760 91110==
34958 41570 82602 10022 21020 39991 40193 52002 70282 885//==
34975 41470 82804 10021 20005 30180 40176 52010 72584 885// 333 88618==
34984 41460 82604 10020 20006 30206 40175 52015 76062 8672/==
35217 41540 82010 11008 21030 77173 885//==
35302 41570 82409 10011 21009 30057 40078 57013 70272 885// 333 90760 91116==
35315 41598 71607 11018 21039 30067 40124 57019 70272 87500 555 1/102=
35344 41597 71709 11036 21061 39968 40262 56023 70232 83570 555 1/106=
35358 42/60 81805 11058 21106 30155 40330 57017 8802/==
35368 41998 71810 11068 21110 30108 40387 57008 73632 87070 555 1/108=
35386 429// 41703 11122 21166 39898 40455 53002 84040 555 1/114=
35394 41/70 62004 11125 21148 39750 40475 52006 73673 86040==
35404 42598 82408 10018 20002 30087 40095 57013 885// 555 1/000=
35406 41560 82005 10007 21023 30106 40108 57017 77122 885//==
35416 42570 81510 11011 21065 30033 40154 57027 885// 333 91016 90760 91119==
35426 41560 71409 11036 21088 39912 40208 58032 73633 87500 333 90760 91115==
35437 41598 71911 11041 21075 39927 40247 57031 73632 87500 333 91015 91115 555 1/107=
35449 41998 81507 11054 21097 30221 40328 57019 73633 85053 555 1/107=
35497 415// 31403 11148 21179 39808 40686 53001 70371 83500==
35498 429// 01802 11194 21214 39558 40525 52008 555 1/123=
35514 42598 81607 11003 21047 30279 40275 57018 885// 555 1/101=
35522 42698 81308 11027 21060 39930 40185 57034 885// 555 1/104=
35542 42998 71705 11072 21111 30166 40319 57015 87050 555 1/108=
35563 41596 81904 11099 21116 39601 40411 57005 71032 885// 555 1/110=
35576 42570 61704 11108 21144 39978 40456 52021 86500==
35582 41698 42006 11136 21176 39849 40496 58001 70230 84500 555 1/115=
35594 429// 01502 11150 21188 39595 40500 53005 555 1/120=
35605 42598 81706 10015 21026 30146 40124 57014 885// 555 1/000=
35633 42998 61404 11050 21087 30067 40287 57024 83033 555 1/106=
35671 42570 81703 11070 21103 39979 40429 57009 885//==
35699 429// 00000 11163 21191 39704 40527 53002==
35700 42570 81708 10005 21042 30170 40146 57019 885//==
35715 42599 71809 10000 21080 30184 40169 57026 87500 555 11000=
35739 42999 81404 11042 21089 30130 40273 58026 80007 555 1/106=
35746 42/70 71407 11042 21065 30255 40325 57031 82052==
35777 429// 01403 11077 21117 30054 40415 52022 555 1/109=
35796 42960 00702 11145 21160 30051 40524 54000==
35849 42970 61404 11021 21097 30244 40331 57032 80001==
35895 42997 00701 11104 21126 30037 40511 57002 555 1/113=
35907 42998 71804 10032 20011 30174 40144 57004 80009=
35925 41670 61607 11029 21060 30110 40223 57030 73632 86500==
35927 41998 61105 11025 21059 30194 57034 70232 80002=
35953 42984 41303 11026 21082 30236 40370 57029 80002==
35969 42/84 31103 11056 21138 30241 40423 57028 82031==
35997 42998 00703 11073 21137 30034 40492 57006 555 1/106=
36259 11560 80000 11172 21195 38323 48602 52017 60062 78582 889// 333 11172==
36335 419// 01804 11152 21193 39407 40509 52011 70230 555 1/118=
36358 429// 02304 11097 21147 39420 40491 52018 555 1/109=
36394 429// 01203 11172 21204 30068 40529 52013=
36397 419// 02302 11199 21233 39917 40539 52013 70281==
36403 429// 21903 11130 21165 30134 40522 52019 81041 555 1/118=
36418 429// 20000 11141 21168 39855 40517 52020 82040 555 1/120=
36421 429// 21601 11168 21202 39907 40521 52019 80001 555 1/121=
36428 427// 23102 11145 21178 39974 40515 52016 81541==
36439 417// 70000 11120 21140 39155 48635 52012 70183 84531 555 1/117=
36498 429// 01204 11191 21215 39680 40549 52008 555 1/122=
36501 429// 00000 11164 21216 39706 40523 52011 555 1/119=
36535 42/// 40000 11141 21181 39857 40538 52021 84030==
36546 429// 42001 11101 21137 39940 40512 52018 82043 555 1/112=
36619 429// 00000 11137 21191 555 1/117=
36622 429// 00000 11173 21210 39653 40528 52048 555 1/120=
36639 429// 00000 11175 21206 39883 40545 52011==
36643 429// 02302 11148 21201 39822 40538 52024 555 1/123=
36665 426// 73002 11079 21110 39741 40502 52018 87900 555 1/110=
36666 429// 72504 11108 21149 30001 40526 52021 83031=
36729 42598 62601 11090 21115 30158 40676 57002 86500 555 1/113=
36736 425// 72502 11113 21141 39952 40545 52017 85541 555 1/114=
36744 429// 00103 11121 21144 30036 40519 57003 555 1/117=
36770 419// 01002 11147 21153 39746 40534 57005 70271 555 1/123=
36786 41999 30000 11116 21125 39546 40528 54000 70272 83070=
36796 41998 50000 11122 21154 39243 48646 53005 70272 80005=
36803 42599 83307 11054 21083 30059 40530 52015 8462/ 333 91115=
36806 419// 83201 11164 21231 39920 40426 52029 70282 87052=
36819 429// 20702 11092 21117 39851 40502 52011 82021=
36821 429// 00801 11080 21126 39986 40505 57008==
36839 42998 00901 11150 21183 39306 40529 57007=
36843 419// 30000 11146 21163 39261 40532 57006 70271 80002=
36846 429// 00902 11170 21180 38783 48633 56001=
36859 415// 50601 11060 21075 39685 40506 52008 70272 82541==
36870 415// 80401 11079 21089 39407 40476 57011 70172 8897/==
36874 42999 00901 11105 21130 39716 40549 57008=
36877 42998 81302 11089 21113 39712 40774 57011 8802/=
36885 429// 00502 11101 21117 39296 40497 57011=
36889 429// 00000 11186 21245 37095 47118 58001=
36894 429// 30000 11070 21103 39712 40491 57010 82041=
36905 419// 21101 11113 21149 38926 48656 54000 70181 82040=
36911 42999 00000 11066 21103 39410 40436 57020 555 1/106=
36927 42698 22706 11050 21165 38455 48620 53011 82900 333 91128=
36934 42597 70804 11050 21086 38371 48497 52011 86932=
36953 416// 20000 11162 21171 38349 48508 52011 70181 82900 555 1/129=
36963 429// 01102 11154 21224 37079 48/// 53005 555 17118=
36974 41402 11122 21149 38086 48640 53002 700// 8//// 555 17121=
36982 419// 02805 11192 21252 36542 53006 70171=
37018 41670 82302 10064 20010 30158 40234 52005 70182 86942==
37031 41460 22404 10036 21005 30007 40205 57003 70181 82100==
37054 41770 82505 10026 21023 39817 40207 52003 70282 8693/ 333 91011 90760 91111==
37061 41560 72506 10022 21004 30028 40199 52008 70265 87500 333 90760 91110==
37085 41570 82704 10035 21001 30223 40196 53027 70242 885//==
37171 41770 70902 10056 20037 30221 40240 52011 72582 87900 333 87950==
37228 42/70 72802 10002 21056 39360 40210 52031 84076==
37235 42670 81802 10022 21031 39891 40213 52038 885//==
37472 42560 83004 10049 21013 30212 40189 52030 8557/ 333 90760 91110==
38149 42/70 71407 10013 21104 30195 40274 57028 85032==
38178 42970 01106 11050 21108 30044 40346 57045==
38262 42970 61105 11002 21108 30208 40292 57029 80002==
38264 42970 41209 10002 21113 30187 40283 57025 80003==
38345 42999 01001 11117 21152 38929 48593 57003 555 1/115=
38353 42998 03301 11053 21082 39492 40442 57020=
38388 42998 61405 10016 21042 30189 40262 57030 80003 555 18001=
38392 42997 51408 10004 21109 30180 40287 57026 80002 555 11001=
38396 42960 21209 11004 21096 30167 40296 57033 80001==
38403 42960 01106 11009 21139 30222 40348 57029==
38413 42970 00905 11050 21113 30070 40379 57023==
38457 42984 00801 11030 21127 39756 40374 57028==
38462 42984 00000 11049 21178 38852 48577 57020==
38507 42998 71407 10058 21022 30074 40178 57024 84031 555 11005=
38545 42998 01106 11016 21074 30134 40318 57014 555 14102=
38565 12970 00000 11062 21085 39714 40293 57019 60002 333 47999==
38579 12560 81101 11054 21068 39939 40384 57018 60002 885//==
38583 11940 03202 11037 21052 30035 40375 57029 60002 71000==
38599 42997 00712 11003 21067 39830 40366 57025 333 91120=
38611 42960 00000 11015 21084 39805 40404 57025==
38613 42998 71201 11038 21075 39425 40403 57019 80002 555 1/103=
38616 42597 70901 11057 21087 39352 40429 56009 87500=
38618 42984 00701 11020 21048 39669 40392 57022==
38647 42998 70906 10004 21066 30147 40190 57027 84016 555 1/102 42///=
38656 41995 51410 10028 21057 30132 40244 57024 73133 85080 555 10004=
38683 42960 00903 11014 21062 30050 40339 57030==
38687 42997 01405 10006 21059 30092 40337 57035 555 31002=
38696 12984 00902 11044 21078 39449 40351 57021 60002==
38713 42999 00902 11053 21094 39138 48570 57015=
38750 42597 81002 10123 20027 30224 40196 58020 885// 555 10009=
38763 42998 41005 10020 21027 30113 40221 57020 80001 555 1/000=
38774 42998 31203 10040 21032 30038 40238 57010 80001 555 12003=
38799 42997 01405 11020 21035 30085 40329 57039 555 1/101=
38806 42997 01803 10006 21010 30063 40335 57023 555 11003=
38812 42960 03302 10004 21062 39862 40333 57026==
38836 41998 40000 11020 21033 39327 40303 57019 71011 80002=
38880 42997 31105 10021 21039 39961 40122 57024 82031 555 11004=
38886 42997 51409 10022 21054 30041 40275 57028 80001 555 12002=
38895 42996 11305 11012 21071 30012 40316 57033 80001 555 11000 41///=
38911 42998 01502 10024 21029 30036 40341 57026 555 10005=
38915 42997 03203 10031 21020 30003 40337 57018 555 12006=
38927 12960 31003 10017 21027 39942 40332 57021 60002 80001==
38933 41796 82301 11014 21058 39847 40388 57023 71022 885//=
38944 42597 80000 11018 21037 39725 40284 57031 885//=
38954 42999 20000 10011 21069 37948 48540 57007 80001=
38974 42998 21403 10016 21070 39928 40273 57043 82080 555 12000=
38987 42996 21801 11046 21073 39553 40339 57028 80002 555 13000=
40180 12960 02903 10202 20079 30169 40218 57014 60001 333 70000==
40199 12/// /0207 10222 21018 30185 40210 57021 60001 333 70000==
40255 36/// /2902 10169 29017 3//// 4//// 5////=
40265 31950 11804 10136 21118 39442 40250 57018 70511 80001 333 81070=
40270 31956 00405 10138 21084 39328 40236 57017 70500=
40272 31950 03506 10176 21054 39398 40236 57007 70500=
40296 31959 11204 10210 20004 30696 40224 57018 70500 81001 333 81070=
40310 32960 00000 10168 21006 39004 48474 57008=
40340 32960 33611 10216 21037 40218 57021 80001 333 83068=
40356 32960 01807 10145 21140 39248 48538 333 59039 555 04410 50248=
40357 32960 01905 10133 21200 39598 40255 333 59031=
40360 32960 01506 10144 21150 39632 40239 333 59043=
40361 32960 20806 10157 21200 39451 40253 80002 333 59044 82070=
40362 32960 01504 10140 21200 39730 40264 333 59021=
40373 32960 03106 10135 21100 39833 40267 333 59007=
40375 22960 20000 10168 21070 39319 40207 80002 333 59025 60005 82070==
40394 32960 01812 10178 21070 39084 48548 333 59033 555 04410 50233=
40400 32960 02811 10254 20080 30153 40181 333 59003=
40405 32960 00805 10155 21170 39492 40244 333 59018=
40417 41958 03014 10184 21030 30217 40233 70700 333 59010=
40420 31956 03610 10172 20010 30026 40238 70600 333 59005=
40430 32960 01307 10223 21040 39460 40200 333 59013=
40437 32960 03007 10157 21200 39532 40255 333 59004=
40439 32960 02712 10300 20080 30139 40157 333 58001=
40582 32960 03510 10176 21076 40246 56021 333 00022 55306 00453 10000 21439 30434 40887 51293 61874 55407 41005 90400 91013 91113 91211 91309=
40703 12962 42712 10046 21137 38938 40235 57016 60001 80006 333 70000 84268 555 11009 29025=
40706 12670 62602 10011 21134 38683 40284 56016 60001 81406 333 70000 86267 555 11030 29033=
40712 12662 60902 10018 21100 38705 40267 57017 60001 81502 333 70000 81640 86068 555 11017 29041=
40713 12965 71303 10062 21096 38689 40249 57015 60001 83076 333 70000 83460 87268 555 10010 29031=
40718 12560 60201 10127 20084 30192 40163 57025 60001 82506 222// 0//// 20301 333 70000 82620 86268 555 10106 29075=
40723 12570 11704 10031 21100 38999 40287 56019 60001 81601 333 70000 81068 555 11011 29037=
40726 12660 72012 10078 21152 38685 40250 57019 60001 82510 333 70000 82640 87460 555 10010 29018=
40727 12965 62705 10085 21132 38520 40273 56011 60001 80006 333 70000 86270 555 10017 29020=
40732 12560 61002 10120 20010 30190 40165 57029 60001 82206 333 70000 82830 86268 555 10074 29047=
40736 12960 72701 10112 20034 30204 40178 57026 60001 80006 333 70000 87265 555 10078 29059=
40737 12560 53301 10130 20067 30157 40175 57014 60001 82470 333 70000 82630 85358 555 10100 29066=
40738 11957 50000 10115 20043 30187 40189 56021 60001 70510 80006 333 70000 85269 555 10083 29061=
40739 12665 72006 11008 21070 38761 40339 56020 60001 81506 333 70000 81640 87268 555 11028 29063=
40741 12960 01510 10010 21049 39917 40270 57044 60001 333 70000 555 11010 29065=
40743 12970 10000 10027 21081 39162 40338 57019 60001 80001 333 70000 81070 555 11009 29045=
40745 11957 40000 11044 21092 39097 40329 57027 60001 70500 80001 333 70000 84070 555 11056 29069=
40747 12970 79901 10065 21107 38687 40286 57026 60001 80006 333 70000 87270 555 10010 29028=
40754 11956 51902 10030 21081 38905 40309 56023 60001 70521 81076 333 70000 81361 85270 555 11008 29044=
40762 12965 00000 10014 21078 38612 40327 56017 60001 333 70000 555 11015 29050=
40766 12960 62103 10095 21142 38752 40280 57022 60001 80006 333 70000 86270 555 10022 29017=
40768 12960 70000 10047 21088 38306 40299 57020 60001 80006 333 70000 87269 555 10002 29037=
40769 11956 30000 10027 21050 38349 40302 55017 60001 70500 80001 333 70000 83070 555 11002 29057=
40780 12960 12302 10133 21136 38746 40273 55009 60001 80001 333 70000 81070 555 10045 29014=
40782 12970 22702 10112 21087 38930 40268 55015 60001 80001 333 70000 82070 555 10042 29024=
40785 12960 50401 10063 21051 39179 40322 57020 60001 80002 333 70000 85070 555 10022 29044=
40791 12970 02801 10089 21191 39460 40321 57027 60001 333 70000 555 10016 29012=
40792 12968 02902 10029 21113 38799 40325 57015 60001 333 70000 555 11015 29034=
40798 12960 00000 10056 21098 38014 40302 57020 60001 333 70000 555 10004 29032=
40800 11957 11102 10066 21071 38528 40309 57025 60001 70500 80001 333 70000 81070 555 10017 29037=
40809 12965 03002 10059 21154 38562 40298 57012 60001 333 70000 555 11006 29020=
40811 12960 02902 10215 20012 30199 40226 57022 60001 333 70000 555 10122 29026=
40812 12960 01401 10231 21074 39835 40214 57021 60001 333 70000 555 10109 29012=
40818 12965 01601 10084 21133 38035 40298 57020 60001 333 70000 555 10014 29020=
40821 12960 01403 10090 21097 38865 40301 57024 60001 333 70000 555 10027 29026=
40829 12960 03507 10084 21100 39712 40311 56012 60001 333 70000 555 10026 29026=
40831 12960 03205 10190 21059 30236 40244 57023 60001 333 70000 555 10094 29018=
40833 11920 02702 10195 20025 30204 40237 57023 60001 70600 333 70000 555 10117 29032=
40835 12960 00000 10204 21047 39389 40233 57016 60001 333 70000 555 10099 29018=
40841 12960 00000 10076 21060 38305 40277 57015 60001 333 70000 555 10025 29038=
40845 11950 03306 10179 20098 30224 40229 57019 60001 70600 333 70000 555 10136 29059=
40848 12960 00602 10116 21042 38581 40250 56018 60001 333 70000 555 10052 29033=
40854 12960 00000 10080 21028 39060 40302 52021 60001 333 70000 555 10018 29029=
40856 12960 00206 10081 21221 38705 40272 55005 60001 333 70000 555 10005 29010=
40859 12962 02803 10152 21075 38756 40230 57016 60001 333 70000 555 10064 29020=
40875 11910 00809 10223 21016 30199 40211 57016 60001 70700 333 70000 555 10119 29020=
40879 11956 02205 10162 21071 39548 40238 56022 60001 70500 333 70000 555 10074 29019=
40882 11925 01703 10233 20114 30173 40208 57011 60001 70610 333 70000 555 10166 29047=
40883 11925 01005 10225 20091 30180 40203 57017 60001 70600 333 70000 555 10153 29042=
40893 11950 02705 10238 20115 30184 40190 57015 60001 70500 222// 00205 20401 333 70000 555 10169 29046=
40898 11950 03003 10259 20009 30160 40169 55014 60001 70600 222// 00250 20801 333 70000 555 10141 29020=
41024 21658 22807 10322 20100 30120 40145 70600 82500 333 58015 60005 82640==
41036 22960 01107 10233 20000 38590 48539 333 58000 60005==
41055 21956 00807 10194 21030 38397 48546 70630 333 58004 60005==
41061 21956 01209 10192 21160 39507 40226 70600 333 58007 60005==
41084 21958 00707 10215 21040 38890 48539 70600 333 58000 60005==
41112 22960 02107 10203 20010 37970 48542 333 58009 60005==
41114 22960 01206 10220 21070 38004 48541 333 58007 60005==
41128 21956 01208 10193 21040 38866 48564 70600 333 58000 60005==
41136 21958 00303 10204 21060 39394 40217 70600 333 58017 60005==
41140 22960 02008 10306 20200 30139 40143 333 58015 60005==
41150 32962 03119 10184 20101 40227 333 59006=
41176 34/57 /3507 10197 20066 30221 40227 333 58007=
41184 32960 03308 10252 20095 40199 333 58007=
41194 12660 13507 10245 20123 30190 40196 60001 81500 333 58007 81636=
41196 12660 23510 10247 20106 30159 40200 60001 82500 333 58006 82645=
41216 31956 03409 10228 20123 30202 40206 70600 333 58009=
41217 31657 13212 10229 20114 30173 40202 70600 81500 333 58009 81645=
41244 36/// /3209 10241 20068 39755 40168 333 0E022 55300 25022 58002=
41246 31557 50606 10241 20146 30192 41168 70611 85800 333 58022 85625=
41254 36/// /2408 10138 20049 38069 49848 333 0E002 55300 25022 58002=
41255 36/// /2406 10273 20038 39641 40142 333 0E016 58004=
41258 36/// /3207 10243 20125 30189 40192 333 0E/// 55310 21269 58023=
41263 36/// /2607 10265 20030 39582 40137 333 0E017 55300 22095 58006=
41265 36/// /3410 10242 20088 39585 40147 333 0E018 55300 21518 58012=
41267 36/// /3220 10246 20166 30166 40179 333 0E022 58008=
41268 36/// /0019 10246 20152 30117 40165 333 0E020 55300 25022 58002=
41275 36/// /0004 10285 20064 30015 40182 333 0E015 55300 22146 58006=
41288 36/// /0607 10270 20143 30152 40173 333 0E022 58002=
41304 36/// /3516 10249 20087 39868 40175 333 0E013 55300 22273 58013=
41315 36/70 /3524 10216 20055 39347 48290 333 0E012 55300 26710 58004=
41396 11959 00312 10250 20025 39460 40176 60002 70600 333 58021=
41480 12460 11114 10284 20181 30153 40161 60002 81500 333 58011 81618=
41506 12460 70000 10080 21013 38537 48350 60001 85520 333 10122 56880 58003==
41508 12460 63101 10111 21044 38673 48420 60001 82000 333 10150 56880 59012==
41515 12460 60000 10077 21067 38569 48310 60001 84520 333 10106 56880 59015==
41516 12940 50000 10050 21048 38568 48240 60001 85030 333 10114 56080 59034==
41517 11440 70000 10020 21084 37811 48440 60001 70422 81531 333 10054 56888 59064==
41518 12440 71801 10083 21021 30001 48010 60001 83230 333 10106 56880 58000==
41519 12940 30000 10100 21087 38791 48270 60001 83030 333 10124 56080 59056==
41523 12960 62701 10145 21019 39092 48140 60001 86030 333 10180 56080 59019==
41535 12960 00000 10130 21047 38721 48910 60001 333 10174 59020==
41536 12960 00000 10130 20007 39044 48130 60001 333 10180 59027==
41560 12960 00000 10120 21049 38292 48170 60001 333 10164 59018==
41571 11940 02702 10160 21009 39582 40169 60002 70500 333 10200 59022==
41598 11940 00000 10165 20076 39882 40155 60001 70400 333 10198 59030==
41600 11440 60000 10160 20104 39862 40160 60001 70420 83570 333 10194 56880 59021==
41620 11440 63602 10145 21059 38578 48830 60001 70500 86500 333 10164 56800 59006==
41624 11920 00000 10220 20124 39955 40154 60001 70400 333 10230 59015==
41630 11940 03101 10180 20058 30000 40170 60001 70500 333 10212 59018==
41640 11940 40000 10180 20044 39912 40162 60001 70500 84030 333 10204 56080 59023==
41660 11440 33107 10070 21043 38467 48570 60001 70500 81530 333 10094 56880 58018==
41678 11940 00000 10220 20034 30000 40167 60001 70500 333 10234 59011==
41696 12960 03101 10080 21045 38035 48680 60001 333 10100 58002==
41697 12960 00000 10260 20042 39995 40149 60001 333 10270 59008==
41700 11940 00000 10200 20074 30020 40148 60001 70500 333 10240 59018==
41710 12960 01301 10130 21127 39435 40222 60002 333 10144 58063==
41712 11910 30504 10095 21003 39268 48280 60002 70600 83010 333 10110 56080 58063==
41715 11940 00000 10200 20046 30111 40176 60001 70500 333 10214 58001==
41718 11920 00000 10210 20075 30049 40152 60001 70500 333 10240 59013==
41725 12940 00501 10215 20070 30075 40154 60002 333 10224 59014==
41739 11910 03607 10110 21044 39083 48280 60001 70700 333 10114 58028==
41744 11120 00000 10200 21025 38817 48460 60001 70600 333 10210 58015==
41749 12940 03104 10230 20079 30131 40164 60001 333 10254 59002==
41756 11910 03608 10250 21069 30113 40179 60001 70700 333 10254 58009==
41757 11920 03604 10240 21019 30179 40192 60001 70600 333 10264 58015==
41759 11910 03606 10240 20002 30159 40165 60001 70733 333 10254 58005==
41764 11940 03605 10225 20043 30097 40148 60001 70400 333 10234 59010==
41768 12940 00000 10255 20091 30132 40139 60001 333 10290 59021==
41780 11940 02003 10275 20020 30115 40142 60001 70500 333 10286 59014==
41785 12940 03601 10230 20051 30146 40159 60001 333 10240 59003==
41859 01930 00501 10215 20170 30099 40137 70500 333 10283 59013 70000==
41883 01930 00000 10202 20140 30112 40133 70500 333 10277 59013 70000==
41891 01935 00902 10214 20150 30090 40129 70500 333 10288 59010 70000==
41907 01940 00000 10199 20160 30113 40128 70500 333 10268 59031 70000==
41923 01940 00000 10212 20130 30122 40132 70500 333 10282 59013 70000==
41936 01925 00000 10200 20140 30118 40125 70500 333 10266 59014 70000==
41943 01930 00000 10180 20150 30122 40130 70500 333 10315 59009 70000==
41950 01945 00000 10196 20160 30131 40133 70500 333 10282 59008 70000==
41978 01956 00000 10240 20190 30123 40129 70500 333 10284 59004 70000==
41992 01925 03305 10245 20190 30127 40129 70500 333 10301 59005 70000==
42027 31994 00901 10062 20006 38433 48520 70500 333 10095 59051=
42071 31995 29902 10156 20061 40166 70500 82030 333 10190 82359=
42101 31995 00000 10180 20130 40162 70500 333 10228 59029=
42111 31995 00000 10182 20138 39432 40133 71000 333 10258 59030=
42123 32996 00000 10196 20075 40153 333 10255 59028=
42131 32996 00000 10170 20107 40159 333 10233 59027=
42165 32996 00000 10216 20073 40137 333 10246 59027=
42182 31994 00000 10186 20121 40148 70400 333 10245 59030=
42189 31995 00000 10186 20125 40144 70500 333 10238 59026=
42260 31995 09901 10163 20111 40154 70500 333 10230 59025=
42309 31996 00000 10174 20146 40148 71000 333 10274 59010=
42314 31996 00000 10186 20141 40147 70500 333 10278 59008=
42328 32996 00503 10214 21016 40125 333 10242 59019=
42339 31995 00000 10242 20075 40136 70500 333 10273 59022=
42348 31995 09902 10214 20100 40162 70500 333 10251 59012=
42361 31995 00000 10186 20109 40152 70500 333 10234 59027=
42369 31995 00000 10202 20111 40148 70500 333 10262 59022=
42379 31995 00000 10210 20149 40137 70500 333 10257 59021=
42398 32996 09902 10204 20147 40132 333 10282 59013=
42410 31595 10000 10218 20173 40144 71000 81500 333 10269 59016 81620=
42415 31995 00000 10202 20151 40152 71000 333 10264 59015=
42452 31996 09901 10222 20060 40139 70500 333 10239 59023=
42492 31995 00000 10198 20139 40144 71000 333 10248 59018=
42559 32996 00000 10218 20065 40130 333 10268 59023=
42571 31996 00000 10194 20087 40142 70500 333 10250 59021=
42623 31996 03201 10168 20119 39273 40152 70500 333 10237 59005=
42634 32996 00502 10260 20004 40137 333 10290 59012=
42647 31996 03603 10272 20085 40125 70400 333 10296 59027=
42667 32996 03606 10224 20080 39550 40138 333 10270 59021=
42675 31996 00000 10186 20086 40140 70500 333 10246 59012=
42701 31995 30000 10180 20093 39396 40130 70500 80001 333 10236 59021 83075=
42724 31996 00000 10212 20180 40129 71000 333 10292 59011=
42737 32996 00204 10274 20118 40126 333 10327 59012=
42754 32996 00705 10252 20080 39490 40116 333 10286 59023=
42779 31995 00000 10198 20065 39435 40138 70500 333 10255 59021=
42798 31995 00000 10214 20126 40131 70500 333 10262 59020=
42809 31996 00000 10212 20144 40134 70500 333 10258 59013=
42840 32996 03402 10290 20161 40116 333 10318 59013=
42867 31996 00501 10228 20127 40132 70500 333 10290 59021=
42874 31996 00000 10236 20106 40128 70500 333 10278 59024=
42886 31996 01103 10210 20126 40138 70500 333 10269 59023=
42895 31995 23602 10218 20143 40138 70500 82030 333 10276 59014 82360=
42909 32996 02704 10270 20196 40115 222// 20000 333 10296 59015=
42971 31995 20000 10218 20123 40143 70500 82030 333 10278 59010 82360=
43003 31995 00503 10290 20141 40101 70400 333 10348 59015=
43014 31996 00902 10264 20145 39468 40104 70544 333 10306 59015=
43041 31996 30000 10244 20115 39504 40116 70500 80001 333 10289 59011 83075=
43063 32997 00000 10270 20093 39485 40100 333 10297 59019=
43086 32997 00000 10236 20106 39939 40118 333 10284 59016=
43110 31996 03203 10280 20131 40106 70544 333 10335 59008=
43117 32997 00201 10292 20102 40100 333 10330 59015=
43128 32997 49902 10262 20085 39512 40112 80001 333 10293 59017 84070=
43150 31996 20505 10244 20166 30072 40133 70500 80001 222// 20000 333 10288 59008 82075=
43185 31596 30000 10256 20204 30112 40116 70500 82530 333 10302 59010 82620=
43189 32597 13402 10246 20172 30121 40130 81500 333 10290 59009=
43192 32996 13202 10296 20177 40089 80002 333 10330 59012=
43198 31496 30706 10262 20105 39276 40087 70500 82501 333 10282 56209 59015 82612=
43201 32897 50000 10246 20130 39375 40095 82031 333 10284 59013 82358 83075=
43213 31596 20000 10284 20104 39783 40096 70511 81502 333 10315 59011=
43233 32997 29902 10254 20129 39298 40107 80001 333 10279 59013=
43237 31596 29901 10268 20153 39690 40078 70500 81530 333 10301 59013 81620=
43245 32597 63605 10266 20257 30090 40116 83832 333 10293 59013=
43279 31596 70502 10266 20188 30097 40114 70522 81506 333 10300 59009 81620 86270=
43284 31996 23208 10300 20193 39963 40076 70500 80001 333 10324 59014 81075=
43295 32497 30000 10248 20116 39092 48506 82501 333 10272 59013 82612=
43310 22496 63603 10272 20240 40085 83321 333 10276 58000 6006/=
43314 32996 10000 10326 20221 40082 80001 333 10344 59011=
43321 31496 40705 10276 20151 39646 40087 70520 81501 333 10294 59020 81612 84070=
43329 32597 43602 10274 20257 30084 40097 82531 333 10290 59015=
43333 21495 80505 10274 20236 40100 70562 8542/ 333 10278 56199 58002 6001/ 83618 85820 88458=
43344 31495 60205 10270 20213 39995 40094 70522 83531 333 10287 59016 83616 85360=
43353 32496 42304 10286 20221 40082 81530 333 10316 56390 59006 81620 83360=
43369 32597 30000 10296 20251 40084 83500 333 10328 59007 83620=
43371 32496 70000 10290 20235 30014 40086 82571 333 10332 59003 82618 87456=
43404 21470 80103 10253 20240 30083 40086 54000 76062 88000 333 10271 3/024 553// 20000 59013 60008 91005 555 69948==
43410 21470 80307 10262 20245 30085 40088 57001 78082 88000 333 10272 20243 3/025 59011 60038==
43413 22470 80206 10263 20252 30089 40094 5/000 88270 333 10275 20239 3/024 553// 20023 59010 60008 91009==
43415 21470 83402 10254 20239 39989 40097 56005 70282 84000 333 10265 3/024 59011 69918 555 60058==
43418 21465 83203 10255 20247 30049 40090 52001 78082 88170 333 10256 20236 3/023 59009 60118 555 60488==
43421 21470 80101 10247 39987 40093 54004 76066 88000 333 10269 20240 3/023 553// 20000 59008 60008 91002==
43422 21468 83201 10248 20242 39959 40093 52005 76062 88110 333 10260 20239 3/024 59005 60038 555 60088==
43424 21470 80302 10266 20239 30087 40089 55000 70252 88110 333 10284 3/025 59003 60008 555 69928==
43436 21469 83205 10270 20250 30076 40079 57008 78082 88/// 333 10282 20256 3/025 59011 69908 81920 555 60048==
43441 21470 80501 10250 20235 39956 40089 52008 70386 88120 333 10266 20234 3/023 58003 60018 555 60078==
43444 21465 83602 10233 20223 39556 40089 53004 78086 88000 333 10242 20220 3/022 59002 69928 555 60028==
43450 21457 70102 10268 20242 30084 40096 53003 70582 87710 333 10283 20250 3/022 58001 69908 555 69908==
43466 21465 80402 10269 20221 30081 40089 51005 75082 88000 333 10298 20244 553// 20011 58003 60008 91005==
43467 21456 80202 10275 20240 30081 40087 52003 70582 88100 333 10298 3/023 58002 69908 555 69908==
43473 21140 82001 10160 20160 38113 48477 52007 76086 86000 333 10196 20143 3/014 553// 20006 59004 60018 91003 555 60138==
43475 21566 82902 10260 20252 30079 40084 52005 78088 88000 333 10280 20243 553// 20008 59004 60008 91003 555 60278==
43476 21/08 82701 10192 20189 38761 48505 51009 78086 88/// 333 10213 20192 59007 60078 85812 81914 555 60118==
43479 21/60 80502 10210 20207 39243 52006 78088 333 10223 20205 59008 60108 88/08 555 60178==
43486 21450 83301 10244 20244 39989 40089 56008 76088 88000 333 10303 20228 553// 20000 58005 60008 91003==
43495 21468 80402 10275 20246 30068 40081 5/110 70328 88000 333 10319 20270 58000 69968 555 69968==
43497 21/68 83503 10262 30066 40083 5/006 78088 87/7/ 333 10326 20249 553// 20015 59002 60008 85/18 91005==
44212 42/// 80000 11192 21231 39278 40528 52019 88010 333 11187==
44213 42/// 50000 11256 21289 38920 40571 52024 85010 333 11202==
44214 41/// 82903 11089 21121 38338 40402 52020 71522 8802/ 333 11081==
44215 42/// 70102 11202 21238 38489 40520 52022 87070 333 11192==
44217 325// 82506 11096 21163 37893 40422 52017 8802/ 333 11069 91206=
44218 42/// 83602 11197 21232 38698 40510 52019 8802/ 333 11190==
44219 32999 22101 11253 21280 38708 40546 51029 80004 333 11205 91205=
44265 429// 62002 11160 21189 38975 40507 51026 80008 333 11088==
44266 329// 73602 11122 21198 37798 40419 52011 80009 333 11093 91202=
44404 22958 01804 10113 20049 38148 48486 80000 333 10182 59020 60008 70000=
44416 22960 02803 10158 20129 39368 40150 80000 333 10228 59025 60008 70000=
44424 22960 01802 10128 21047 37667 47075 80000 333 10221 59007 60008 70000=
44434 22960 03602 10166 20120 39241 48517 80000 333 10212 59017 60008 70000=
44438 22956 02702 10214 20140 30013 40141 80000 333 10269 59019 60008 70000=
44449 21930 03403 10195 20188 39984 40142 70444 80000 333 10268 59013 60008 70000=
44454 22458 22403 10134 20118 38676 48510 82100 333 10202 59015 60008 70000=
44462 22960 00901 10128 20068 38269 48489 80000 333 10212 59016 60008 70000=
44474 21910 01802 10114 20056 38271 48516 70544 80000 333 10199 59019 60008 70000=
44477 22956 02602 10156 20106 38819 48526 80000 333 10246 59014 60008 70000=
44478 22956 00000 10212 20176 30047 40129 80000 333 10280 59016 60008 70000=
48020 42910 00000 10195 20150 333 10260==
48025 12440 20401 10272 20155 30001 40141 59010 60002 82800==
48048 42950 00000 10267 20240 30068 40124 333 10312 59014==
48052 32457 20000 10320 20140 82400 333 10330 56900=
48062 42540 83205 10270 20226 30072 40079 86530 333 10320 59010==
48064 42950 10000 10270 20191 30035 40092 80001 333 10294 59013==
48094 42956 00000 10290 20230 30107 40117 333 10325 59012==
48109 42440 50406 10285 20259 30113 40116 85900 333 10316 58011==
51076 14/60 /1003 11118 21138 39532 40492 52020 60011 333 11113 21143 3/104 4/008 58152 70013 90761 91104==
51087 14/27 /1103 11149 21179 39387 40512 52020 60001 70500 333 11123 21169 3/107 4/006 58153 70000 90761 91107==
51156 14/65 /2505 11108 21152 38841 40483 52026 60001 77000 333 11001 21115 3/109 4/001 58148 90761 91121==
51243 14/46 /0702 11139 21166 39909 40518 52019 60001 70500 333 11123 21177 3/112 4/001 58168 70000 90761 91109==
51334 14/77 /0504 11052 21096 30067 40501 52015 60011 72200 333 11034 21183 3/109 4/008 58166 70019 90761 91113==
51379 14/32 /2702 11080 21104 39490 40529 52014 60001 71000 333 11064 21196 3/106 4/014 58196 70000 90761 91107==
51463 14009 00204 11096 21109 39224 40508 52013 60061 77277 333 11044 21176 3/101 4/032 58186 70065 90761 91112==
51573 14/50 /1401 11056 21134 30322 40376 52016 60001 70500 333 11027 21114 3/117 58006 70000 90761 91104==
51644 14/39 /0301 11085 21115 39047 40399 52021 60001 70500 333 11066 21163 3/104 4/006 58030 70000 90761 91104==
51656 14/56 /1602 11088 21123 39262 40399 52022 69901 70570 333 11043 21102 3/106 4/003 58029 90761 91106==
51709 14/57 /1201 11042 21100 38672 40340 52023 60001 70500 333 11028 21115 3/110 59004 70000 90761 91106==
51711 14/56 /0802 11101 21134 38041 40293 52024 60001 70600 333 10052 21123 3/114 58015 70000 90761 91109==
51716 14036 00501 11032 21110 38980 40341 52024 60001 333 11001 21078 3/111 58002 70000 90761 91105==
51765 14/64 /1001 11096 21134 39326 40410 52013 60001 333 11060 21169 3/115 58026 90761 91104==
51811 14060 00702 11011 21121 38834 40317 52020 60001 333 10020 21099 3/115 59014 70000 90761 91106==
51818 14/61 /1002 11016 21112 38675 40320 52012 60001 333 10016 21123 3/118 59014 70000 90761 91106==
51886 14/74 /0401 11094 21267 37125 40394 52008 60001 333 11057 21187 3/125 59036 70000 90761 91103==
52203 14058 03302 11085 21145 39446 40408 52031 60001 333 11051 21165 3/121 58029 70000 90761 91105==
52602 14/80 /3401 11092 21286 37286 40403 52008 60001 333 11024 21198 3/124 59039 70000 90761 91103==
52818 14/67 /2902 11062 21217 37254 40346 52016 60001 333 11008 21141 3/120 59032 70000 90761 91104==
52908 14/39 /2704 11041 21256 35778 40260 52018 60001 70500 333 10015 21183 3/119 59029 70000 90761 91124==
55228 14/80 /2407 10009 21328 36050 40226 52002 60001 333 10049 21116 3/117 59026 70000 90761 91118==
55299 14/75 /3102 11001 21271 35884 40290 52002 60001 333 10073 21176 3/122 59028 70000 90761 91118==
55578 14/50 /2501 11002 21205 36405 40307 57008 60001 70600 333 10105 21138 3/115 59035 70000 90761 91103==
55591 14/63 /0601 10013 21211 36544 40213 57005 60001 333 10117 21057 3/114 59038 70000 90761 91105==
55664 14/80 /2704 10049 21254 36051 40263 52007 60001 333 10116 21139 3/116 59019 70000 90761 91112==
55773 14/80 /1006 10014 21170 36057 40263 52006 60001 333 10114 21133 3/118 59013 70000 90761 91111==
56004 14/68 /2904 11036 21265 35840 40303 52015 60001 333 10050 21201 3/126 59029 70000 90761 91126==
56018 14/69 /2503 10060 21273 36179 40203 52007 60001 333 10089 21184 3/121 59054 70000 90761 91115==
56312 14/67 /3501 10036 21097 37108 40235 52009 60001 333 10122 21051 3/107 59022 70000 90761 91105==
62306 42960 03010 10208 20095 40243 57018==
62309 42960 01703 10212 20083 40240 57012==
62332 42560 23507 10199 20109 40232 57017 82100==
62337 42960 03103 10202 20111 40230 57013==
62366 45960 00306 10201 20057 40223 57009==
62387 42960 23509 10200 20050 40216 57024 80001==
62393 42960 03611 10202 20031 40228 57024==
62405 42960 00204 10246 20061 40186 57030==
62414 42960 00307 10266 20091 40170 57032==
62419 42960 00308 10250 20111 40155 57027==
62420 42960 03605 10216 20042 40218 57022==
62435 42960 40206 10237 20030 40186 57028 80004==
62440 42960 00108 10220 20086 40229 57017==
62455 42960 03604 10213 20070 40221 57017==
62458 42960 03005 10212 20052 40211 57020==
62459 42960 42915 10217 20107 40194 57025 80004==
62465 42960 03414 10230 20127 40171 57025==
63210 32980 00425 10275 20210 40147 333 10282 58009=
41256 31650 20106 10235 20123 30181 40198 70600 82600 91145 333 58023 55407 55408 55507 55508 82740=
41316 32980 00121 10288 20071 30143 40172 91146 333 58010 55407 55408 55507 55508=
41253 06/// /3502 10223 20131 39821 40183 60032 333 0E017 55300 25022 58020 70034 =
