SIPK OPKC 080900=
41504 22697 40904 10260 20070 37810 48409 84800 333 56900 58011 60007 82640 82845 RH30%=
41505 22697 40000 10290 20081 38/// 48/// 82430 333 56990 58/// 60007 82840 83360 RH 27%=
41506 22697 31808 10330 20084 38447 48442 83100 333 56900 58014 60007 83830 22%=
41507 22997 00000 10320 20205 39203 49688 333 58002 60007 51%=
41508 22697 22304 10311 20184 38619 48499 82200 333 56900 58005 60007 82835 47%=
41509 22697 12306 10355 20136 38675 48429 81200 333 56900 58012 60007 81840 RH27%=
41510 02997 01304 10250 20119 37886 48455 333 58007 60007 47%=
41515 22997 02304 10316 20131 38456 484120 333 58002 60007 33%=
41516 22696 52302 10300 20171 38482 48440 83470 333 56990 58013 60007 83840 82460 RH46%=
41517 22697 40000 10240 20088 37777 48451 83430 333 56990 58001 60007 83835 81360 38%=
41518 22697 61802 10333 20120 38/// 48/// 83230 333 56990 5//// 60007 83840 83362 28%=
41519 22697 30000 10340 20124 38703 48460 83200 333 56900 58014 60007 83840 RH42%=
41520 22697 51802 10245 20095 37616 48187 83430 333 56990 59006 60007 83840 82362 39%=
41523 22997 02304 10320 20205 39028 48484 333 58004 60007 51%=
41524 22997 00000 10345 20210 39238 40037 333 58000 60007 RH 45%=
41525 22697 22304 10220 20133 37686 48358 82200 333 56900 58009 60007 82840 58%=
41528 22997 00000 10335 20197 39152 48490 333 58008 60007 44%=
41529 22996 30502 10360 20232 39681 40036 83030 333 56090 58000 60007 83360 RH 48%=
41530 21696 31306 10350 20220 39638 40023 70500 82430 333 56990 59004 60007 82840 47%=
41534 22997 32302 10350 20245 39641 40028 83020 333 56090 59015 60007 82460 RH55%=
41535 22697 22702 10285 20205 38668 48449 82500 333 56900 58002 60007 82640 RH62%=
41536 22997 00000 102315 20199 38976 48481 333 58001 60007 50% =
41560 22997 00000 10280 20161 38266 48478 333 58015 60007 Rh48%=
41562 22697 51306 10355 20243 39606 40039 82530 333 56990 58009 60007 82640 83360 RH 52%=
41565 22696 42302 10283 20258 38646 48522 82520 333 56990 58012 60007 82635 82460 RH85%=
41567 21996 00000 10330 20230 39636 40029 70400 333 58013 60007 56%=
41571 22697 33112 10330 20200 39481 40033 82530 333 56990 59003 60007 RH46%=
41572 21696 33108 10340 20229 39428 40012 70400 81510 333 56990 58001 60007 81640 83460 RH52%=
41573 22697 61302 10215 20193 37973 48476 84520 333 56990 58005 60007 84640 82460 87%=
41574 22697 32302 10270 20183 38318 48485 83400 333 56900 58002 60007 83640 59%=
41576 22697 30000 10340 20241 40053 83200 333 56900 59006 60007 83840 56%=
41577 21696 10000 10330 20241 39453 40031 70400 81200 333 56900 59014 60007 81835 RH 60%=
41593 21996 20000 10355 20259 39828 40027 70411 82030 333 56090 59008 60007 82360 58%=
41597 22997 50000 10345 20277 40042 85070 333 56090 59012 60007 85461 68%=
41598 22997 23106 10350 20261 39767 40022 82030 333 56090 59008 60007 82360 60%=
41599 21696 21304 10340 20241 39756 40028 70411 82400 333 56900 59015 60007 82640 56%=
41600 21996 00000 10330 20253 40033 70400 333 58003 60007 64%=
41620 32696 21803 10330 20120 38526 48432 82500 333 56900 58001 60007 82640 28%=
41624 22997 02304 10360 20279 40030 333 58002 60007 63%=
41625 22997 01302 10355 20251 40029 333 58005 60007 55%=
41630 21696 43602 10350 20237 40039 70400 84400 333 56900 59005 60007 84640 52%=
41633 22997 00000 10370 20244 4//// 333 5//// 60007 49%=
41634 22697 43102 10320 20252 3//// 4//// 84600 333 56900 5//// 60007 84640 67%=
41635 22697 02702 10355 20266 3//// 4//// 81100 333 56900 5//// 60007 81840 60%=
41636 21696 20000 10370 20252 39869 40041 70400 82500 333 56900 58001 60007 82640 51%=
41638 21696 40502 10360 20256 4//// 70400 84400 333 56900 5//// 60007 84840 55%=
41639 22997 31304 10345 20263 4//// 83030 333 56090 5//// 60007 83360 62%=
41640 21996 32702 10345 20231 39796 40029 70400 82030 333 56090 59004 60007 83360 52%=
41641 21696 33412 10350 20220 39774 40031 70500 83500 333 56900 60007 83640 47%=
41642 22697 30502 10340 20272 4//// 83800 333 56900 5//// 60007 83640 68%=
41643 21996 30000 10340 20257 39776 40037 70400 83030 333 56090 59001 60007 83360 62%=
41643 21996 30000 10340 20257 39776 40037 70400 83030 333 56090 59001 60007 83360 62%=
41644 22697 30000 10335 20259 4//// 83200 333 56900 5//// 60007 83840 65%=
41646 21696 23604 10360 20249 39848 40046 70400 82500 333 56900 58000 60007 82640 53%=
41652 21696 21304 10365 20270 39869 40037 70400 82500 333 56900 58001 60007 82640 58%=
41660 22997 02312 10320 20030 38359 48443 333 58009 60007 RH 08%=
41661 22996 03102 10335 21021 38356 48471 70500 333 58010 60007 10%=
41669 22697 62304 10375 20274 3//// 4//// 83530 333 56990 5//// 60007 83640 83360 56%=
41670 21996 00000 10355 20274 3//// 4//// 70400 333 5//// 60007 63%=
41674 21696 51804 10360 20264 3//// 4//// 70410 85400 333 56900 5//// 60007 85840 58% =
41675 21696 50000 10365 20238 39897 40031 70510 85400 333 56900 58008 60007 85840 48%=
41676 21996 22302 10365 20285 39930 40077 70400 82030 333 56090 58009 60007 82361 64%=
41677 21696 30000 10360 20256 39865 40021 70400 83500 333 56900 58004 60007 83640 55%=
41678 21996 00000 10370 20219 40044 70500 333 58010 60007 42%=
41679 21696 70502 10345 20249 4//// 70422 83570 333 56990 5//// 60007 83640 84460 59%=
41680 21696 20000 10355 20281 40025 70410 82400 333 56900 59007 60007 82640 66%=
41685 22697 12302 10330 20217 38863 48472 81200 333 56900 58009 60007 81840 RH52%=
41696 22997 00000 10290 20068 37996 48479 333 58007 60007 Rh25%=
41697 22997 01304 10405 20290 40021 333 58003 60007 RH41%=
41700 21696 31304 10380 20231 40026 70500 83500 333 56900 58013 60007 83640 43%=
41701 21696 10000 10380 20256 40036 70400 81400 333 56900 58010 60007 81840 50%=
41710 21996 03102 10400 21101 49981 70600 333 58009 60007 RH04%=
41712 22997 02302 10405 21015 39121 48493 333 58014 60007 RH07%=
41715 21996 00000 10375 20258 40020 70500 333 59008 60007 RH52%=
41716 21996 00000 10375 20258 39939 40035 70400 333 58008 60007 52%=
41718 21996 00000 10380 20272 40030 70400 333 58014 60007 54%=
41724 22996 00000 10380 20256 40045 333 58004 60007 RH49%=
41725 22996 01304 10390 20235 40022 333 58001 60007 RH41%=
41726 22996 02702 10380 20272 39972 40038 333 58006 60007 RH54%=
41738 22996 02708 10370 20219 40037 333 58008 60007 RH42%=
41739 22996 03608 10365 20005 38978 48474 333 58013 60007 RH10%=
41742 22997 01302 10365 20255 40025 333 58008 60007 RH 53%=
41743 21996 02302 10385 20254 70500 333 60007 RH 48%=
41744 22996 00000 10335 20077 38714 48454 333 58022 60007 RH 20%=
41745 21996 01304 10370 20268 70500 333 60007 RH56%=
41746 02996 01802 10370 20276 40030 333 58008 60007 RH59%=
41747 22996 01306 10390 20268 40021 333 58011 60007 RH50%=
41748 22996 01304 10375 20266 40037 333 58012 60007 RH54%=
41749 22996 01308 10375 20266 40036 333 58009 60007 RH54%=
41756 21496 32308 10325 20240 40057 70504 83600 333 56900 58007 60007 83715 RH61%=
41757 22996 02310 10330 20246 30050 40062 333 58007 60007 RH61%=
41759 21996 02310 10330 20246 40053 70500 333 58010 60007 RH61%=
41760 21596 21810 10330 20253 40050 70500 82600 333 56900 58007 60007 82720 RH 64%=
41764 22996 01810 10350 20253 39991 40038 333 58011 60007 RH57%=
41764 22996 01810 10350 20253 39991 40038 333 58011 60007 RH57%=
41765 22996 02304 10355 20266 30016 40049 333 58020 60007 RH60%=
41766 22696 02306 10350 20276 40023 333 58008 60007 RH 65%=
41767 22996 0//// 10345 20263 333 60007 RH62%=
41768 22996 02304 10350 20276 30027 40034 333 58000 60007 RH65%=
41780 22596 42310 10320 20258 30017 40043 84600 333 56900 58001 60007 84720 RH70%=
41783 22696 42304 10330 20253 30010 40039 82530 333 56990 58015 60007 82635 82360 RH 64%=
41785 22597 42302 10320 20258 30038 40051 84600 333 56500 58010 60007 84730 RH 70%=
41786 22696 32304 10330 20246 40038 83500 333 56900 58009 60007 83630 RH 61%=
41BAG 22697 30502 10260 20070 83500 333 56900 60007 83640 30%=
41BKI 22696 31306 10350 20229 39633 40024 82530 333 56990 59006 60007 82640 83360 49%=
41SKP 21696 32702 10335 20251 4//// 70400 83500 333 56900 5//// 60007 83640 62%=
43532 22997 00000 10340 20204 39251 49998 333 58019 60007 45%=
43533 22997 02704 10335 20189 39144 48460 333 59006 60007 42%=
43563 22997 00502 10333 20239 40029 333 59005 60007 57%=
====




Data Generated from File : D:\all data handling\Rmc_lhr\2024090809.FSU.txt
08/09/24 10:07:49
______________________________________________________________
15020 24970 00901 10234 20025 30028 40217 57002 333 55310 22282 60007 91003 90730 91104==
15090 24970 02801 10222 20076 30129 40218 50001 333 55310 01230 22383 30278 60007 91003 90730 91103==
15108 22970 01003 10111 21006 38162 48558 52006 333 55310 22605 60007 91007 90730 91108==
15150 24970 00102 10217 20089 30009 40214 58004 333 55310 22218 60007 91004 90730 91104==
15170 24970 00000 10202 20048 39446 42843 58010 333 55310 22301 60007 91002 90730 91102==
15280 22170 11302 10070 20007 37574 47150 52006 81100 333 55310 22746 60007 91004 90730 91105==
15310 24/70 20203 10248 20066 30110 40192 50001 82030 333 55310 01360 22394 32339 60007 91009 90730 91109==
15335 24570 70403 10213 20094 30183 40190 54001 87500 333 55302 21258 60007 91006 90730 91106==
15350 24970 00306 10255 20038 30086 40200 54001 333 55310 21722 60007 91010 90730 91110==
15360 24570 50111 10212 20162 30159 40176 52004 82230 333 55309 22273 60007 91013 90730 91114==
15420 24970 00402 10267 20027 30089 40194 50000 333 55310 22358 60007 91006 90730 91106==
15460 24/70 10204 10255 20089 30166 40189 50001 81040 333 55310 22481 60007 91007 90730 91108==
15470 24970 00902 10265 20068 30073 40193 58003 333 55310 22303 60007 91005 90730 91106==
15480 21561 80701 10202 20147 30161 40178 51012 78122 889// 333 55300 00310 20689 30612 69907 91005 90730 91106==
15549 42970 00203 10236 20048 39780 40174 58001 333 10236 20167 555 530//=
15552 42470 53603 10244 20145 30120 40166 52002 85500 333 10257 20208 555 554// 92035 92438=
15640 42974 03407 10248 20151 39880 40175 53008 333 10253 20207 555 555//=
15655 42570 23408 10264 20098 30136 40167 52001 82530 333 10265 20195 555 535// 92035 92438=
15730 42970 00505 10247 20030 39797 40172 54000 333 10252 20200 555 524//=
16627 42565 10513 10280 20089 30159 40165 54000 81100 333 90730 91121==
16650 42560 10514 10260 20148 30155 40163 51005 81100 333 90730 91127==
16667 42560 23412 10290 20170 30135 40146 51004 82100 333 90730 91117==
16706 42560 10210 10262 20198 30126 40133 52006 81100 333 90730 91116==
16723 42560 23513 10276 20168 30103 40116 58003 82100 333 90730 91121==
16732 46/// /3622 10263 20201 30124 40135 52001 333 90730 91128==
16742 42560 13518 10274 20177 39959 40107 52004 81105 333 90730 91128==
16749 42/60 12913 10292 20187 30073 40086 52003 81040 333 90730 91124==
16754 42560 23212 10290 20226 30097 40143 52004 82101 333 90730 91117==
16760 42560 33613 10270 20175 40136 57001 82101 333 90730 91122==
16765 42960 13024 10290 20190 40106 50009 80006 333 90730 91136==
17022 42570 62807 10243 20192 39971 40129 51004 84230 333 84833 86360 90730 91113==
17024 41670 50401 10253 20240 30046 40120 52002 70192 82130 333 82835 85360 90730 91104==
17026 42570 60105 10272 20211 30091 40128 52004 84250 333 84830 86358 90730 91109==
17031 42670 23407 10270 20215 30112 40118 56003 82100 333 82836 90730 91112==
17034 42670 43403 10264 20208 30083 40127 50002 82130 333 82835 84360 90730 91106==
17038 41670 50105 10265 20201 30075 40120 52002 72581 85200 333 85835 90730 91108==
17042 42670 53103 10268 20213 30091 40129 53001 83250 333 83835 85360 90730 91106==
17050 42970 00105 10272 20089 30120 40179 58004 333 90730 91115==
17056 42970 00108 10279 20141 30149 40153 58002 333 90730 91119==
17060 41460 60110 10218 20194 30115 40155 52011 79599 863/0 333 86822 82917 90730 91128==
17070 41560 62604 10213 20143 39282 40110 58006 78022 83250 333 83830 86360 90730 91109==
17074 42570 50000 10218 20202 39221 40113 58004 85200 333 85830 90730 91102==
17084 42670 41201 10232 20173 39249 40114 58004 84200 333 84835 90730 91105==
17085 42670 53403 10276 20147 39639 40099 57012 83230 333 83840 85360 90730 91108==
17092 41660 72605 10182 20153 38860 48509 53002 79522 84950 333 83845 87358 81940 90730 91109==
17096 42660 51015 10203 20112 38251 48504 57008 83250 333 83835 85357 90730 91124==
17098 42660 3//// 56000 81240 333 81840 83358 90730 91107==
17100 42970 03401 10259 20121 39185 40123 57015 333 90730 91107==
17112 42670 30607 10262 20140 30154 40156 50001 83200 333 83835 90730 91114==
17115 42660 40116 10256 20170 30107 40155 50004 84200 333 84835 90730 91124==
17116 41665 62801 10259 20181 30029 40144 50001 70381 84250 333 84840 86360 90730 91105==
17124 42660 43106 10234 20117 39250 40121 58004 84100 333 84835 90730 91115==
17128 42670 43404 10233 20119 39059 40097 58006 84100 333 84840 90730 91108==
17135 42670 32002 10256 20134 39268 40093 58005 83100 333 83840 90730 91106==
17140 42665 42302 10236 20116 38694 48492 50000 84200 333 84835 90730 91106==
17150 41660 60608 10244 20193 30027 40145 50005 70282 83230 333 83835 85360 90730 91113==
17160 42670 22403 10253 20114 38995 48497 58002 82200 333 82840 90730 91107==
17170 42660 23008 10246 20115 38346 48507 57006 82100 333 82840 90730 91117==
17175 42665 30105 10277 20173 30135 40139 51005 83100 333 83840 90730 91109==
17184 42670 40108 10282 20151 30024 40129 50000 83230 333 83840 84360 90730 91115==
17190 42670 23104 10216 20113 38978 48504 50000 82100 333 82835 90730 91112==
17190 42670 23104 10216 20113 38978 48504 50000 82100 333 82835 90730 91112==
17195 42670 62002 10246 20094 38947 48497 56004 82150 333 82840 86362 90730 91106==
17200 42660 40206 10281 20118 39155 40075 58003 82230 333 82835 84360 90730 91110==
17202 42670 43310 10298 20130 39098 40065 58006 84100 333 84835 90730 91114==
17203 42670 20803 10298 20106 38855 48535 57009 82100 333 82840 90730 91109==
17210 42670 22205 10335 20094 39108 40057 51001 82100 333 82840 90730 91113==
17219 42565 33619 10288 20155 39989 40125 50002 83100 333 83830 90730 91131==
17234 42670 11502 10310 20153 30047 40111 50002 81100 333 81840 90730 91105==
17237 42970 03002 10275 20145 39634 40106 58002 333 90730 91108==
17240 42570 21003 10264 20120 39006 40078 58005 82100 333 82830 90730 91111==
17244 42670 20509 10246 20106 38978 48505 58002 82100 333 82840 90730 91116==
17248 42670 42202 10262 20097 38958 48497 58006 84200 333 84840 90730 91110==
17250 42670 42406 10239 20082 38791 48500 58003 84200 333 84840 90730 91112==
17260 42660 22307 10298 20163 39280 40040 51002 82100 333 82840 90730 91109==
17270 42970 00904 10313 20186 39469 40068 58001 333 90730 91110==
17275 42670 31904 10317 20119 38967 48523 50003 81130 333 81840 83360 90730 91113==
17280 42660 31408 10334 20134 39330 40058 57007 81130 333 81840 83360 90730 91112==
17290 42970 03409 10302 20142 30067 40097 58001 333 90730 91122==
17292 42970 02903 10289 20122 39362 40067 58005 333 90730 91110==
17300 42560 21212 10315 20177 30018 40085 52006 82100 333 82830 90730 91115==
17310 42970 01803 10326 20255 30067 40074 50005 333 90730 91107==
17330 42670 31303 10324 20235 30069 40086 51001 82130 333 82840 83360 90730 91109==
17350 42660 32005 10331 20204 30002 40075 54000 83200 333 83835==
17370 42670 32903 10309 20241 30086 40090 51001 83200 333 83835 90730 91105==
17375 42670 12205 10308 20220 30062 40064 50001 81200 333 81836 90730 91109==
33088 42960 01404 10247 20060 30050 40231 58004==
33135 42970 10902 10241 20078 30110 40250 58005 80001==
33177 42970 01105 10247 20069 39986 40210 58001==
33317 42970 01504 10241 20040 39904 40222 58004==
33393 42960 01507 10239 20032 39827 40197 58001==
33415 42970 01105 10246 20008 39835 40210 58003==
33429 42960 01205 10235 20040 39815 40214 58003==
33466 42970 01104 10237 20004 30052 40230 58007 333 30///==
33506 42960 30705 10238 21014 30045 40231 57013 80001==
33562 42960 01105 10245 20036 39939 40227 58005==
33587 42970 01303 10236 20019 39970 40219 58007==
33658 42984 00803 10230 20035 39928 40212 57003==
33663 42970 00801 10257 20025 30124 40214 58013==
33664 42998 01003 10239 21011 39909 40209 58004=
33678 42998 02802 10234 20011 30025 40230 57007=
33679 42997 01001 10246 20056 30031 40211 58016=
33711 42/60 20807 10264 20020 30010 40207 58009 82030==
33745 42997 00403 10245 20026 30037 40220 58005=
33748 42997 00802 10234 20042 39936 40206 58001=
33754 42998 00503 10249 20084 30073 40211 58003=
33761 42970 00606 10237 20036 39995 40206 58008==
33791 42/86 20808 10252 20023 30087 40207 58005 82030==
33815 42998 00604 10231 20014 30001 40198 58003=
33837 42/82 60402 10225 20075 30137 40186 58002 82034==
33881 42998 00304 10255 20027 30013 40198 58002=
33883 42998 20204 10248 20023 30039 40193 57004 80002=
33885 42998 20507 10242 20009 30074 40202 52003 82040 333 91112=
33892 42998 00504 10237 20040 39988 40188 57002=
33902 42/70 20505 10261 20019 30124 40180 58008 80050==
33924 42570 30406 10225 20166 30148 40160 57001 81201 333 91011 90730 91111==
33946 42578 80710 10212 20151 39933 40142 58001 885// 333 88626 91012 90730 91114==
33983 42560 60709 10232 20140 30083 40140 53002 84550 333 91013 90730 91114==
34300 42960 61103 10230 20035 30080 40248 58011 80004==
34336 42970 60804 10250 20030 30157 40254 57012 80001==
34344 42970 21203 10253 20052 30169 40251 57011 80001==
34356 42960 00903 10261 20034 30117 40255 58010==
34357 42970 00805 10245 20036 30104 40249 58013 333 91010 90730 91111==
34398 42970 01202 10257 20071 30249 40258 58009==
34415 42970 21103 10245 20015 30141 40232 58014 80001==
34438 42960 71007 10246 20021 30058 40238 58011 80002 333 91010 90730 91112==
34445 41970 21005 10247 20025 30140 40248 57013 70731 80001 333 90730 91111==
34461 42960 00904 10261 20029 30202 40254 57015==
34473 42997 00903 10254 20058 30222 40258 58011=
34476 42970 00903 10256 20031 30253 40260 58010==
34504 42/80 50907 10237 20019 30047 40212 58013 85030==
34535 42970 51006 10249 20001 30163 40230 58013 80001 333 91013 90730 91115==
34545 42970 20805 10250 21003 30133 40238 57011 80001 333 90730 91112==
34555 42970 20804 10239 20066 30166 40252 58010 80001==
34560 42960 01106 10247 20031 30071 40250 57011 333 90730 91111==
34578 42960 01404 10252 20013 30246 40252 58010==
34579 42970 00803 10259 20016 30214 40255 57010==
34644 42960 20905 10240 21001 30152 40225 57011 80001 333 91011 90730 91112==
34646 42970 21005 10240 20059 30152 40229 57011 80001 333 90730 91111==
34655 42960 00808 10248 21007 30179 40236 58010 333 91012 90730 91113==
34662 41970 00905 10256 20007 30235 40246 57014 70700 333 91011==
34691 42970 00902 10250 20029 30274 40262 58008==
34720 42970 20805 10231 20044 30164 40201 58011 80009 333 91010 90730 91111==
34727 42560 50907 10241 20069 30155 40183 57008 82401 333 91013 90730 91115==
34743 42960 21005 10248 21012 30141 40225 57011 80001 333 91011 90730 91111==
34759 42960 10807 10250 20023 30097 40220 58013 80001 333 91012 90730 91113==
34772 42/70 20805 10254 21027 30244 40247 58009 82030 333 90730 91110==
34785 42970 21005 10255 21006 30269 40248 57010 80001 333 90730 91110==
34798 42970 21104 10253 20027 30278 40250 58010 80001==
34824 42560 61006 10235 20116 30160 40164 57004 86500 333 91012 90730 91113==
34838 42960 01005 10249 20071 30081 40171 57010 333 91010 90730 91115==
34845 42970 31105 10251 20053 30090 40191 58015 80001 333 91013 90730 91114==
34858 42960 01005 10255 20024 30100 40201 57014 333 91010 90730 91113==
34861 42/70 21110 10245 21019 39985 40213 57013 81031 333 91014 90730 91114==
34866 42/70 31007 10257 21006 30232 40224 58010 80034 333 91012 90730 91113==
34880 42660 20904 10243 20078 30268 40243 57006 81101 333 90730 91110==
34887 41970 50806 10244 20033 30256 40238 57003 70711 80002 333 91010 90730 91111==
34949 42970 20912 10235 20077 39656 40168 57009 82001 333 91016 90730 91119==
34954 42970 00704 10257 20061 30021 40183 58007 333 91011 90730 91113==
34958 42570 21106 10254 20068 30000 40186 57014 82500 333 91012 90730 91113==
34975 41960 61206 10263 20003 30215 40211 57007 70721 80003 333 91015 90730 91115==
34984 42970 50707 10243 20062 30258 40230 58001 80002 333 91011 90730 91112==
35217 42660 43604 10264 20116 30217 40254 58008 84200==
35302 42570 20702 10258 20056 30240 40259 58008 82100==
35315 42598 63604 10261 20086 30197 40251 58008 86500=
35344 42699 60507 10200 20054 39981 40251 54000 86100=
35358 42660 50202 10174 20067 30070 40230 52003 85200==
35368 42599 70502 10148 20086 39974 40228 52007 87500=
35386 42598 30000 10180 20054 39722 40209 58004 83200=
35394 42670 31803 10185 21002 39575 40209 58005 83200==
35404 42998 01002 10254 20094 30255 40263 58009=
35406 42960 01002 10252 20078 30257 40259 58008==
35416 42670 41302 10248 20118 30132 40244 57007 84200==
35426 42984 00402 10227 20063 39975 40246 58003==
35437 42998 60301 10208 20075 39952 40245 58003 86050=
35449 42698 70206 10174 20102 30138 40236 52002 87200=
35497 42670 51401 10184 21005 39456 40202 58007 81202==
35498 42598 62201 10190 20050 39382 40199 57008 86900=
35514 42998 00201 10265 20074 30257 40253 58009=
35522 42698 60604 10233 20118 30006 40239 58003 86100=
35542 42699 70506 10197 20081 30098 40236 58002 87200=
35563 42598 71602 10138 20053 39483 40214 52002 87200=
35576 42970 42105 10203 20031 39784 40201 58003 80001==
35582 42698 52203 10192 20100 39695 40256 52015 83203=
35594 42599 62003 10187 20011 39416 40197 57007 82802=
35605 42998 00804 10248 20065 30274 40254 58011=
35633 42598 60309 10210 20046 30037 40236 58002 86300=
35671 42570 60302 10161 20002 39807 40212 58005 85940==
35699 42/60 70000 10171 20016 39504 40213 58011 83084==
35700 42970 00703 10247 20029 30284 40262 52003==
35715 42999 00000 10260 20065 30259 40245 58012=
35739 42699 20506 10221 20063 30095 40224 53004 82100=
35746 42570 50407 10211 20084 30152 40215 58001 85300==
35777 42497 73203 10184 20050 39874 40197 57015 87300=
35796 42960 21803 10188 20068 39805 40212 57012 80001==
35849 42570 62204 10226 20095 30121 40200 58003 86300==
35895 42598 30905 10175 20046 39796 40213 57011 82102=
35907 42998 01108 10226 20055 30271 40243 58002=
35925 42670 50505 10255 20088 30127 40229 58012 85100==
35927 42698 20204 10254 20055 30232 58012 82100=
35953 42584 71603 10198 20036 30081 40202 58005 87300==
35969 42584 83604 10161 20003 30056 40221 52002 889//==
35997 42998 21402 10250 20056 39778 40174 57013 82030=
36259 42584 62908 10119 21076 38258 48518 57009 83902 333 91014 90730 91112==
36335 42699 52301 10173 21009 39254 40210 58006 82201=
36358 42999 60000 10154 20022 39258 40213 58007 86030=
36394 42597 72701 10186 20043 39829 40223 57009 87300=
36397 42684 60000 10188 20038 39696 40223 57007 86200==
36403 42698 81602 10177 20046 39889 40226 57009 889//=
36418 42799 70701 10161 20044 39653 40230 57013 86503=
36421 42699 73102 10141 20068 39714 40248 58012 83531=
36428 42684 71703 10173 20057 39770 40239 57011 85981==
36439 42698 62301 10132 20021 39025 48572 58009 83931=
36498 42698 52202 10177 20023 39475 40213 57013 81501=
36501 42699 70000 10159 20012 39511 40218 58006 87500=
36535 42/84 41901 10183 20031 39636 40225 57014 84030==
36546 42699 53502 10190 20035 39727 40228 57012 85500=
36619 42999 00901 10227 20038=
36622 42998 20000 10184 20015 39462 40210 57012 80001=
36639 42584 30000 10209 20014 39642 40201 57018 82101==
36643 42699 50503 10182 20058 39603 40219 57011 82181=
36665 42799 31001 10189 20041 39534 40208 57013 82104=
36666 42599 70204 10182 20062 39764 40223 57014 81104=
36729 42998 20704 10224 20033 39750 40192 57016 80005=
36736 42599 60301 10207 20023 39701 40213 57019 83241=
36744 42998 00802 10232 20006 39773 40186 57014=
36770 42999 00303 10226 21039 39508 40175 57017=
36786 42999 03202 10204 20006 39328 40177 57015=
36796 42998 02901 10192 20053 39056 48555 57016=
36803 42999 10306 10204 20085 39788 40204 58018 80002=
36806 42999 31609 10224 20051 39769 40200 57016 80002=
36819 42998 41108 10228 20008 39608 40171 58012 80001 333 91116=
36821 42984 00602 10240 20020 39730 40178 57015==
36839 42999 00303 10216 20049 39113 40152 57013=
36843 42998 00000 10216 20038 39079 40162 57009=
36846 42999 02803 10184 21041 38643 48537 57009=
36859 42984 01702 10235 20021 39454 40172 57021==
36870 42960 00901 10222 20083 39213 40145 57010==
36874 42999 00905 10239 20015 39442 40154 57013=
36877 42999 03602 10235 20037 39261 40157 57011=
36885 42999 00504 10213 20055 39113 40156 57010=
36889 42999 01801 10072 21040 37120 47154 52004=
36894 42999 00706 10239 20029 39485 40164 57016=
36905 42699 10602 10174 20061 38772 48536 57010 81100=
36911 42999 02301 10244 20136 39243 40136 57002=
36927 42699 11404 10193 20027 38386 48546 58014 81100=
36934 42599 21701 10161 20085 38295 48415 57013 82300=
36953 42999 00201 10151 21009 38243 48508 57018=
36963 42999 01403 10115 21036 37096 48/// 58008=
36974 42798 10902 10197 20038 38007 48529 58018 81100=
36982 42999 02302 10067 21177 36597 47145 57006=
37018 42670 51001 10302 20148 30055 40124 57003 83801==
37031 42/60 51005 10254 20128 39974 40156 57009 85030 333 91010 90730 91115==
37054 42670 80904 10209 20119 39815 40178 57009 885// 333 90730 91111==
37061 41560 50906 10261 20098 30028 40185 58017 70722 82131 333 91012 90730 91113==
37085 42970 60811 10253 20104 30228 40202 57004 80002 333 91015 90730 91116==
37171 42/70 22105 10287 20159 30104 40121 54000 82030==
37228 41420 83001 10163 20152 39371 40169 57004 76162 8872/==
37235 42670 63002 10229 20144 39870 40168 57011 8254/==
37472 42/70 61305 10245 20178 30204 40183 57012 83081 333 91010 90730 91111==
38149 42970 01101 10241 20029 30163 40235 58006==
38178 42/70 72404 10206 20021 39927 40199 57003 87070==
38262 42970 00602 10236 20080 30142 40219 58010==
38264 42970 03104 10228 20013 30135 40223 57010==
38345 42999 02705 10228 21002 38811 48527 57004=
38353 42998 03502 10238 20040 39317 40153 53001=
38392 42997 00105 10232 20030 30120 40218 58010=
38396 42960 00303 10231 20023 30098 40216 58010==
38403 42960 03203 10241 20050 30088 40201 58010==
38413 42970 00802 10234 21005 39908 40182 53006==
38457 42960 02202 10265 20011 39610 40155 57008==
38462 42984 02307 10243 21047 38757 48514 57021==
38462 42984 02307 10243 21047 38757 48514 57021==
38507 42998 01005 10284 21036 30093 40189 54000=
38545 42998 03304 10243 20045 30033 40198 58006=
38565 12970 00303 10252 20068 39591 40165 58013 60002==
38579 12984 03204 10258 20015 39768 40157 57005 60002==
38583 12960 02702 10271 20034 39862 40161 58012 60002==
38599 42998 02405 10268 20020 39669 40145 57012=
38611 42960 02203 10272 20062 39610 40138 57018==
38613 42999 01803 10261 20006 40126 57019=
38616 42598 12701 10251 20027 39196 40140 56009 81500=
38618 42960 22301 10285 20058 39490 40125 57013 80001==
38647 42998 00908 10293 21009 30139 40178 57008=
38656 42998 00702 10278 21022 30100 40202 58015=
38683 42960 03405 10264 20009 39911 40169 58010==
38687 42997 03605 10261 21009 39965 40185 52006=
38696 12984 02702 10262 20062 39340 40135 57001 60002==
38713 42698 13601 10238 20023 39053 48550 58005 81100=
38750 42997 52705 10290 20222 30218 40191 54000 85030=
38763 42998 01005 10283 21022 30099 40197 58006=
38774 42998 01202 10286 20006 30009 40191 58010=
38799 42997 03405 10274 21009 39972 40189 58012=
38806 42997 02702 10274 20030 39912 40155 58005=
38812 42960 02605 10268 21012 39726 40148 58013==
38836 41698 51101 10298 20095 39227 40085 58006 70500 84500=
38880 42997 00903 10290 21013 39946 40183 57008=
38886 42997 00402 10293 20011 39986 40199 58011=
38895 42996 02801 10278 20013 39920 40191 58012=
38911 42998 00604 10276 20041 39886 40160 58012=
38915 42997 02503 10282 20053 39866 40167 58022=
38927 12960 02303 10294 21002 39801 40150 57017 60002==
38933 41996 00000 10296 20167 39675 40148 58009 70500=
38944 41996 01802 10301 20073 39585 40077 58018 70500=
38954 42899 10000 10271 20064 37923 48450 57032 81200=
38974 42998 00502 10289 21025 39867 40178 58014=
38987 42996 00504 10270 21044 39463 40157 57014=
40030 42570 20000 10346 20151 40100 58008 82500 333 82630=
40080 32965 02802 10313 20131 39410 4//// 54000=
40100 43/60 02310 10305 20243 30094 40109 51003 333 58///=
40180 02660 32704 10323 20218 30047 40093 57003 83100 333 70000==
40199 02/// ///// 10362 20173 30060 40083 57012 333 70000==
40255 46/// /0000 10295 29050 3//// 4//// 5////=
40265 41950 03008 10286 20168 39347 40100 57004 70510=
40270 41956 02305 10304 20114 39239 40086 57003 70500=
40272 41950 02806 10310 20109 39304 40083 52006 70500=
40296 46/// /3304 10363 29043 4//// 5////=
40310 42960 00000 10290 20222 48501 54000=
40340 42960 03208 10348 20168 30030 40091 57010=
40356 42960 00304 10345 20060 39145 48501 333 59007 555 04410 50052=
40357 42960 01810 10400 20020 39444 40028 333 59010=
40360 42960 03108 10333 20080 39517 40072 333 59007=
40362 42960 31214 10420 20040 39560 40031 83030 333 59001 83359=
40373 42960 01510 10427 20040 39662 40046 333 58006=
40375 42960 01005 10323 20100 39241 40063 333 59001=
40394 42960 02402 10384 20070 38984 48500 333 59003 555 04410 50021=
40394 42960 02402 10384 20070 38984 48500 333 59003 555 04410 50021=
40400 42960 02310 10336 20210 30053 40080 333 59011=
40405 42660 41910 10415 20040 39340 40015 84500 333 59002 84640=
40417 42960 00507 10436 20090 30028 40042 333 58015=
40420 42960 00810 10420 20080 39848 40039 333 58016=
40430 42960 02306 10380 20020 39364 40057 333 59006=
40437 42960 01106 10409 20000 39392 40043 333 58005=
40439 42960 02003 10390 20130 30046 40064 333 59008=
40582 32960 03205 10442 20114 40047 51003 333 55310 00736 10000 22649 31020 41413 51964 63669 55407 41629 90401 91011 91113 91207 91305=
40703 42960 00000 10262 20091 38912 40102 57018 333 70000 555 10164 29034 66666 00328 10310 20270 30280 50280 90260=
40706 42560 11102 10271 20075 38660 40101 57013 81100 333 70000 81830 555 10160 29029 66666 00356 10290 20290 30299 50301 90289=
40712 42960 01003 10258 20101 38681 40103 57013 333 70000 555 10165 29037 66666 00290 10232 20233 30235 50236 90227=
40713 42965 01803 10283 20105 38662 40077 57010 333 70000 555 10176 29033 66666 00272 10269 20277 30280 50279 90260=
40718 41460 33302 10267 20205 30211 40184 57012 70152 81230 222// 0//// 20201 333 70008 81815 83359 555 10226 29069 66666 00292 10268 20264 30270 50280 90266=
40723 42970 00603 10266 20067 38980 40152 50013 333 70000 555 10156 29028 66666 00178 10196 20242 30250 50254 90242=
40726 42960 00000 10270 20107 38660 40093 57013 333 70000 555 10172 29036 66666 00294 10290 20274 30266 50266 90256=
40727 42665 10202 10284 20086 38490 40087 57012 81100 333 70000 81840 555 10168 29029 66666 00347 10256 20243 30251 50249 90232=
40732 41557 60104 10270 20193 30200 40176 58005 70522 86300 333 70000 82920 84626 555 10220 29063 66666 00294 10292 20288 30286 50280 90266=
40736 41558 72902 10265 20219 30205 40181 57008 70152 85670 333 70026 85720 87459 555 10234 29076 66666 00280 10280 20288 30292 50294 90288=
40737 42560 83202 10267 20208 30158 40175 57010 8352/ 333 70000 83627 88459 555 10228 29070 66666 00278 10266 20264 30266 50261 90254 77777 00013 10005 20013 30020 50023 70/// 99026=
40738 41557 42504 10308 20204 30184 40186 57012 70521 84200 333 70000 82830 83635 555 10238 29054 66666 00312 10312 20292 30292 50288 90278=
40739 42665 10505 10262 20121 38715 40125 57008 81100 333 70000 81840 555 10176 29042 66666 00310 10314 20266 30272 50278 90277=
40741 42960 00503 10295 21014 39863 40182 57015 333 70000 555 10150 29013 66666 00366 10315 20293 30302 50313 90314=
40743 42965 01204 10296 20002 39069 40121 57021 333 70000 555 10149 29015 66666 00369 10320 20300 30313 50319 90316=
40745 42962 00904 10265 20080 39067 40161 56015 333 70000 555 10161 29031 66666 00346 10288 20250 30260 50265 90270=
40747 42960 01702 10318 20020 38630 40054 57014 333 70000 555 10159 29015 66666 00396 10305 20292 30300 50297 90291=
40754 42660 12003 10290 20076 38839 40099 58010 81100 333 70000 81840 555 10167 29026=
40762 42962 00802 10283 20007 38571 40102 57013 333 70000 555 10141 29017 66666 00380 10304 20262 30268 50276 90270=
40766 42970 00603 10346 21098 38674 40049 57013 333 70000 555 10147 29005 66666 00337 10313 20286 30293 50293 90280=
40768 41659 10803 10302 20007 38270 40049 57013 70500 81100 333 70000 81840 555 10147 29015 66666 00338 10294 20270 30281 50284 90279=
40769 41958 00903 10289 20037 38318 40064 57011 70600 333 70000 555 10151 29020 66666 00376 10313 20392 30294 50302 90292=
40780 42960 01802 10357 20030 38670 40061 50001 333 70000 555 10176 29013 66666 00380 10320 20310 30314 50316 90306=
40782 42965 02602 10367 20001 38835 40045 57012 333 70000 555 10174 29010 66666 00350 10300 20292 30296 50306 90290=
40785 42960 02903 10330 20029 39070 40086 57019 333 70000 555 10169 29015 66666 00410 10361 20342 30354 50366 90378 77777 00/// 10000 20/// 30/// 50/// 70/// 99///=
40791 42960 02901 10376 21052 39307 40067 57013 333 70000 555 10170 29006 66666 00398 10374 20340 30344 50354 90353=
40792 42965 02603 10328 21027 38713 40069 57014 333 70000 555 10152 29010 66666 00380 10344 20304 30310 50330 90308=
40798 42960 01502 10303 21092 37984 40051 57013 555 10125 29007 66666 00410 10309 20255 30263 50264 90255=
40800 42960 01602 10338 21021 38468 40064 57013 333 70000 555 10155 29010 66666 00450 10320 20282 30286 50302 90292=
40809 42962 03304 10351 21165 38488 40045 57014 333 70000 555 10140 29003 66666 00384 10332 20294 30302 50304 90298=
40811 42960 02702 10428 20126 30012 40036 58004 333 70000 555 10239 29017 66666 00426 10368 20362 30372 50382 90380=
40812 42960 01703 10429 20030 39688 40034 58003 333 70000 555 10208 29009 66666 00464 10420 20390 30394 50396 90388=
40818 42965 21402 10315 21068 37985 40018 57023 82030 333 70000 82360 555 10133 29008 66666 00308 10269 20271 30281 50310 90296=
40821 41958 23003 10331 21003 38780 40063 57016 70600 80002 333 70000 82069 555 10159 29012 66666 00388 10349 20328 30335 50338 90344=
40829 41958 03414 10355 21015 39530 40064 57021 70700 333 70000 555 10171 29010 66666 00380 10340 20320 30318 50321 90298=
40831 42960 03008 10440 20095 30040 40047 58005 333 70000 555 10232 29013 66666 00468 10404 20372 30376 50376 90368=
40833 42960 01904 10440 20065 30021 40051 58003 333 70000 555 10223 29011 66666 00419 10380 20372 30376 50384 90368=
40835 42960 02102 10401 20053 39276 40045 57006 333 70000 555 10202 29012 66666 00416 10386 20354 30360 50360 90350=
40841 42970 00203 10340 21063 38245 40032 57019 333 70000 555 10146 29006 66666 00292 10284 20276 30290 50292 90290=
40845 42962 03105 10367 20262 30046 40051 58001 333 70000 555 10291 29055 66666 00404 10380 20362 30368 50370 90362=
40848 42960 22205 10366 20001 38504 40011 57015 82030 333 70000 82360 555 10170 29010 66666 00372 10324 20302 30302 50302 90290 77777 00/// 10/// 20/// 30/// 50/// 70/// 99///=
40851 42660 40000 10344 20030 38264 40011 57014 84400 333 70000 84640 555 10168 29014 66666 00450 10356 20318 30324 50326 90318=
40854 42960 00304 10397 21078 38907 40009 57016 333 70000 555 10171 29005 66666 00488 10376 20356 30364 50368 90366=
40856 41958 00404 10355 21029 38619 40038 57017 70500 333 70000 555 10161 29008 66666 00442 10348 20296 30302 50314 90312=
40859 41657 22203 10366 20072 38677 40023 58017 70500 82200 333 70000 82835 555 10192 29017=
40875 41556 31204 10349 20265 30044 40055 57014 70511 83500 333 70000 83630 555 10288 29062 66666 00424 10376 20368 30368 50374 90372=
40879 42662 12102 10419 20042 39397 40023 57024 81100 333 70000 81845 555 10206 29010 66666 00448 10430 20394 30396 50402 90398=
40882 41957 01404 10370 20252 30012 40045 56009 70500 333 70000 555 10285 29051 66666 00440 10382 20376 30382 50372 90366=
40883 41940 01005 10361 20259 30023 40045 58014 70500 333 70000 555 10287 29056 66666 00443 10403 20372 30380 50383 90375=
40893 41957 01706 10312 20256 30043 40049 57018 70500 333 70000 555 10272 29072 66666 00364 10363 20359 30360 50369 90365=
40898 41558 21405 10319 20255 30026 40035 57022 70500 82600 222// 00306 20901 333 70000 82720 555 10273 29069 66666 00446 10412 20368 30374 50378 90368=
41024 42960 03314 10390 20170 30039 40064 333 59012=
41036 42560 20104 10335 21010 38556 48508 82100 333 59006 82830 555 04410 50057=
41055 42560 31003 10320 20000 38363 48504 82400 333 59003 82630 555 04410 50050=
41061 42960 01302 10404 21020 39370 40029 333 58003=
41084 42960 02204 10365 20000 38823 48495 333 59002 555 04410 50018=
41112 42560 10412 10298 21040 37950 48502 81100 333 59001 81820 555 04410 50037=
41114 42560 10712 10290 21040 37982 48500 81200 333 59003 81822 555 04410 50035=
41128 42960 00000 10364 21060 38783 48503 333 58006 555 04410 50040=
41136 42960 00306 10401 21050 39259 40021 333 58001=
41140 42560 32207 10350 20270 30056 40062 83100 333 59001 83830=
41150 42964 01005 10387 20214 40051 333 58022=
41170 41957 01111 10369 20274 30034 40047 70500 333 58017=
41176 44/59 /0304 10358 20263 30036 40042 333 58017=
41184 42960 09904 10405 20245 40039 333 58016=
41194 42960 09903 10428 20171 30029 40034 333 58015=
41196 42960 09903 10436 20150 30001 40039 333 58015=
41216 42960 09904 10417 20176 30031 40035 333 58011=
41217 42960 09905 10427 20163 30003 40031 333 58012=
41246 32560 30611 10341 20274 30047 41045 83400 333 5//// 83630=
41255 32960 02005 10385 20153 39535 41017 333 58010=
41257 36/// /0408 10395 20166 39567 40029 333 0E031 55300 22022 58012=
41267 36/// /0004 10310 20261 30041 40054 333 0E028 58020=
41275 36/// /1506 10370 20192 39895 40055 333 0E025 55300 23527 58014=
41288 32560 32606 10301 20245 30042 40063 83500 333 58015 83620=
41315 26/70 /1609 10260 20235 39259 47471 333 0E025 55300 27865 58012 70000=
41316 32470 71710 10289 20256 30038 40067 87600 333 58013 55407 55408 55507 55508 83715 87625=
41480 41457 12415 10341 20266 30056 40064 70544 81100 333 58012 81818=
41506 22697 31808 10330 20084 38447 48442 83100 333 56900 58014 60007 83830=
41508 22697 22304 10311 20184 38619 48499 82200 333 56900 58005 60007 82835=
41515 22997 02304 10316 20131 38456 48412 333 58002 60007=
41523 22997 02304 10320 20205 39028 48484 333 58004 60007=
41535 22697 22702 10285 20205 38668 48449 82500 333 56900 58002 60007 82640=
41536 22997 00000 10235 20199 38976 48481 333 58001 60007=
41560 22997 00000 10280 20161 38266 48478 333 58015 60007=
41571 22697 33112 10330 20200 39481 40033 82530 333 56990 59003 60007=
41598 22997 23106 10350 20261 39767 40022 82030 333 56090 59008 60007 82360=
41600 21996 00000 10330 20253 40033 70400 333 58003 60007=
41620 32696 21803 10330 20120 38526 48432 82500 333 56900 58001 60007 82640=
41624 22997 02304 10360 20279 41003 333 58002 60007=
41630 21696 43602 10350 20237 40039 70400 84400 333 56900 59005 60007 84640=
41640 21996 32702 10345 20231 39796 40029 70400 82030 333 56090 59004 60007 83360=
41660 22997 02312 10320 20030 38359 48443 333 58009 60007=
41678 21996 00000 10370 20219 40044 70500 333 58010 60007=
41696 22997 00000 10290 20068 37996 48479 333 58007 60007=
41697 22997 01304 10405 20290 40021 333 58003 60007=
41700 21696 31304 10380 20231 40026 70500 83500 333 56900 58013 60007 83640=
41710 21996 03102 10400 21101 49981 70600 333 58009 60007=
41712 22997 02302 10405 21015 39121 48493 333 58014 60007=
41715 21996 00000 10375 20258 40020 70500 333 59008 60007=
41718 21996 00000 10380 20272 40030 70400 333 58014 60007=
41725 22996 01304 10390 20235 40022 333 58001 60007=
41739 22996 03608 10365 20005 38978 48474 333 58013 60007=
41744 22996 00000 10335 20077 38714 48454 333 58022 60007=
41749 22996 01308 10375 20266 40036 333 58009 60007=
41756 21496 32308 10325 20240 40057 70504 83600 333 56900 58007 60007 83715=
41759 21996 02310 10330 20246 40053 70500 333 58010 60007=
41764 22996 01810 10350 20253 39991 40038 333 58011 60007=
41768 22996 02304 10350 20276 30027 40034 333 58000 60007=
41780 22596 42310 10320 20258 30017 40043 84600 333 56900 58001 60007 84720=
41785 22597 42302 10320 20258 30038 40051 84600 333 56500 58010 60007 84730=
41859 42450 61802 10356 20270 39972 40008 82520 333 58003 82618 86458==
41883 02450 61302 10350 20280 39989 40009 82520 333 58002 70000 82618 86458==
41891 01450 53304 10342 20260 39970 40007 70522 82530 333 58002 70005 82616 85365==
41907 02456 31302 10345 20270 39990 40004 83800 333 58000 70018 81615 83825==
41923 02450 71802 10352 20240 30002 40012 85330 333 58005 70008 83615 83824 85360 81930==
41936 01450 61108 10340 20270 39995 40002 70521 83630 333 58003 70000 81710 83615 84362==
41943 02440 51802 10344 20260 30003 40010 83530 333 58003 70020 83616 84362==
41950 02450 50903 10328 20260 30010 40013 84430 333 58008 70018 83617==
41978 02459 62312 10324 20260 30008 40014 83530 333 58007 70031 83618 86362==
41992 01435 30000 10310 20270 30014 40016 70562 83500 333 58006 70010 83616==
42027 32596 22502 10284 20180 38375 48453 82100 333 59009=
42044 32596 32301 10286 20156 38247 48468 83200 333 59006=
42045 32596 21402 10292 20160 38280 48395 82400 333 59006=
42056 32696 32303 10332 20256 39610 83100 333 59004=
42071 32596 32904 10342 20295 40030 83400 333 59002 83625=
42101 31595 70000 10322 20290 40038 71022 83530 333 59004 83630 86360=
42111 31595 60000 10324 20259 39341 40002 70521 84830 333 59004 83620 83830 86360=
42123 32596 50702 10354 20244 40030 83130 333 58005 83830 85360=
42131 32696 60000 10322 20258 40037 86500 333 58009=
42165 32696 52702 10360 20247 40017 85500 333 58004 85635=
42182 21594 82504 10280 20269 40033 75052 8632/ 333 56699 58008 6990/ 82720 85630 81935 88459=
42189 31695 50000 10318 20280 40009 71022 83831 333 59007 83635 83840 84360 85070=
42309 31596 42002 10360 20287 49996 70510 83201 333 59004=
42314 32596 69902 10342 20285 49997 83430 333 59002 83620 86360=
42328 32596 42905 10360 20247 40009 84500 333 58006 84630=
42339 31595 62702 10340 20262 40025 70522 83510 333 58004 83630 85458=
42348 21595 70504 10276 20256 40035 72165 84430 333 58005 6002/ 82825 84630 85360=
42361 31996 30000 10344 20276 40009 70500 83030 333 58004 83360=
42369 21595 72305 10320 20258 40012 76122 85330 333 59004 6990/ 84620 81925 85360=
42379 31595 50901 10356 20271 40001 70522 82530 333 59005 82620 85360=
42410 31496 62305 10366 20276 40010 70510 83330 333 58009 83618 81925 85360=
42415 32596 20000 10364 20289 40013 82400 333 58000 81620=
42452 21596 63202 10290 20262 40020 71022 84520 333 58003 6005/=
42492 21494 81806 10318 20277 40008 79596 8532/ 333 5649/ 57911 59001 6005/ 82710 84618 81930 88459=
42559 22596 42702 10314 20252 49999 84400 333 59002 6001/ 84825=
42571 32596 50000 10332 20261 40000 82530 333 59004 82625 84360=
42591 31596 60206 10344 20276 40006 70521 81340 333 59001 84620 81930 85360=
42623 31496 51401 10326 20237 39175 40000 70521 83530 333 58001 83618 85360=
42634 32596 70000 10326 20234 40056 87800 333 58006 83620 85825=
42647 31496 70000 10320 20255 40052 70522 85630 333 56890 58012 82715 85620=
42667 21596 72309 10290 20233 39455 40025 70522 83930 333 59003 6990/ 82620 83825 81930 86360=
42675 32596 53201 10334 20246 49999 85800 333 59001 82625 84830=
42701 31496 50904 10308 20253 39288 49983 70522 84830 333 59011 82618 83825=
42724 32496 63202 10344 20264 40008 85430 333 59003 83618 84825=
42737 32596 32904 10344 20245 40050 83500 333 59001 83620=
42754 32596 32910 10300 20232 39411 40025 82830 333 58006 82825=
42779 21495 80000 10278 20244 39328 40003 79596 8492/ 333 59007 6002/ 82710 84620 81930 88458=
42798 31496 41110 10344 20245 49982 70522 84400 333 59014 82618 83860=
42809 21595 70000 10296 20274 40002 70596 85230 333 57950 59003 6002/ 83620 84825 81930 85360=
42840 32596 32702 10324 20254 40056 83800 333 59001 82620=
42867 31496 62906 10324 20247 40014 70522 85920 333 58003 83618 83825 81930=
42874 31596 70000 10334 20246 39666 49989 70522 85830 333 59018 82620 84825 86360=
42886 32596 40909 10346 20260 49982 84400 333 59016 83620 84825=
42895 21496 60503 10316 20278 49992 72162 84430 333 59016 6013/ 83618 86360=
42909 32596 12506 10314 20276 40057 81200 222// 20000 333 59004 81825=
42971 21496 73605 10310 20274 49973 76062 85630 333 56890 59035 6005/ 82712 85616 87360=
43003 31595 63204 10318 20262 40062 70422 84830 333 59002 82620 83825 84358=
43014 32596 62502 10294 20235 39410 40037 86800 333 58005 83620 84825=
43041 21495 83602 10256 20245 39400 40003 76196 8672/ 333 59018 6010/ 83712 86620 88458=
43063 21596 72704 10260 20226 39448 40062 76022 87700 333 56600 58000 6993/ 83720 85626=
43086 32597 80000 10296 20271 39847 40021 8457/ 333 58000=
43110 22497 72708 10294 20257 40072 86730 333 56790 59006 6995/ 81712 83618 85822=
43117 32597 62302 10320 20248 40048 85430 333 58012=
43128 31496 82702 10278 20226 39449 40042 70522 8472/ 333 56699 58007 82710 83615 88458=
43150 21495 82304 10256 20253 39948 40009 76066 8452/ 333 59008 6045/ 84618 88458=
43185 21596 82701 10270 20258 30028 40031 75065 8487/ 333 58011 6003/ 83620 86360=
43189 21596 82302 10260 20245 30014 40023 79596 8392/ 333 57932 58007 6007/=
43198 21396 82712 10256 20224 39251 40063 72162 8562/ 333 56699 58001 6994/ 84707 84612 86458=
43201 21497 62304 10284 20215 39328 40035 70252 84830 333 58000 6990/ 83612 84818 85358=
43213 32597 82704 10290 20238 39732 40043 84877 333 58006=
43233 32497 72512 10280 20232 39263 40062 84611 333 56699 59001=
43237 32497 82910 10330 20218 39645 40024 83877 333 56699 58006 82615 86360=
43245 32597 72705 10334 20230 30021 40047 82478 333 58011=
43279 32597 82703 10320 20243 30041 40058 8357/ 333 58009 83620 84458 87360=
43284 21296 82506 10274 20254 39972 40086 70262 8597/ 333 56699 57962 58002 6011/ 82704 83612 81925 87458=
43295 32497 72306 10268 20169 39067 48485 84631 333 56599 58005 82710 83615 85358=
43314 21497 80000 10266 20255 30090 40096 72162 8387/ 333 58005 6016/=
43321 31496 72316 10286 20224 39630 40073 70522 82547 333 58005 83612 84358 85270=
43329 32597 20000 10354 20240 30035 40048 81501 333 58001=
43333 31496 72706 10290 20256 40062 70522 84410 333 56590 58014 82618 83820 85458=
43344 31496 72715 10348 20213 39961 40058 70522 83431 333 58013 82216 83820 85360=
43353 21496 72704 10286 20248 40095 71061 81520 333 56790 58004 6002/ 81714 85459=
43369 32597 53203 10310 20268 40101 83530 333 58006 83620 84358=
43371 32497 62705 10306 20257 30035 40107 83831 333 58019 82615 83820 85358=
43404 22470 62103 10324 20270 30057 40060 56029 86000 333 553// 20403 58004 60008 91007 555 60008==
43410 22470 7//// 10334 20227 30062 40065 56027 811// 333 58009 60008 555 60008==
43413 22470 82207 10298 20247 30072 40076 56025 88150 333 553// 20276 58005 60008 91013==
43415 22470 82503 10322 20232 39977 40085 53019 88000 333 58010 60008 555 60008==
43418 22470 82301 10340 20222 30025 40066 57022 84000 333 58005 60008 555 60008==
43421 22470 82704 10325 20227 39973 40076 57021 88000 333 553// 20280 58005 60008 91010 555 60008==
43422 21/70 72703 10300 20249 39945 40076 58023 72522 333 58003 60008 86/18 81/20 555 69928==
43424 22470 82305 10303 20252 30084 40086 57022 88000 333 58005 60008 555 60008==
43436 22070 80703 10341 20239 30058 40061 57032 83000 333 58002 60008 555 60008==
43441 21470 72304 10303 20243 39947 40077 57030 70398 82000 333 58001 60048 81920 555 60188==
43444 21470 72304 10279 20228 39554 40079 57024 75022 86101 333 59002 69908 555 69908==
43450 21470 52306 10310 20259 30087 40099 57023 70382 85100 333 58001 69908 555 69908==
43466 21470 62303 10307 20241 30086 40094 55023 70382 84108 333 553// 20371 58003 60008 91007==
43467 22470 42505 10321 20250 30089 40095 57025 84200 333 58003 60008 555 60008==
43473 21060 82803 10167 20167 38116 48488 54017 75065 88000 333 553// 20121 58002 60008 91007 555 69948==
43475 22/70 82502 10379 20206 30051 40055 57034 333 553// 20380 58001 60008 91006 555 60008==
43476 22466 53204 10276 20175 38761 48513 57018 83000 333 58001 60008 555 60008==
43479 22/70 73402 10309 20177 39235 58021 333 59006 60008 82/16 555 60008==
43486 22465 62803 10311 20241 39990 40088 5/023 86000 333 553// 20360 59002 60008 91007==
43495 22470 62505 10296 20251 30080 40093 57/// 83/// 333 58003 60008 81920==
43497 22/70 52207 10305 20000 30061 40078 54026 333 553// 20485 58000 60008 83076 83/18 91011==
44212 42584 33302 10171 21042 39108 40174 57009 83200==
44213 42684 33103 10116 21015 38801 40201 52003 83100==
44214 42/70 32905 10126 21079 38296 40180 57009 82041==
44215 42670 22908 10128 21090 38423 40183 57006 82100==
44217 32998 42002 10079 21044 37904 40256 51003 82240 333 91202=
44218 42684 13304 10160 21095 38617 40172 57009 81100==
44219 41699 62908 10136 21057 38635 40189 52009 70732 82204 333 91209=
44265 42684 12705 10171 21047 38856 40183 57016 81100==
44266 32699 23106 10113 21164 37807 40184 52002 82200 333 91113 91208=
48010 42560 42201 10350 20266 39861 40007 82430 333 58000==
48020 41360 51802 10340 20264 71799 84930==
48025 42458 53201 10360 20278 39884 40018 83441 333 59007==
48031 42257 71801 10265 20215 87800==
48048 42558 61801 10360 20278 39967 40020 84951 333 59003==
48052 32460 40000 10355 20264 82230 333 56990=
48062 42558 61807 10310 20267 30019 40025 85930 333 58007==
48064 42459 61401 10325 20258 39971 40027 84831 333 58003==
48071 41358 72302 10318 20281 30021 40030 72162 85970 333 59005==
48094 41457 80000 10270 20260 30040 40050 76066 8697/ 333 58017==
48109 42460 62306 10310 20267 30057 40060 86900 333 58018==
50557 14/80 /1103 10253 20115 39822 40107 57005 60001 333 10265 20084 3/008 58029 70000 90761 91105==
51076 14/80 /2404 10165 20010 39384 40242 57014 60001 333 10169 20054 3/004 58085 70000 90761 91106==
51087 14/80 /3005 10162 21009 39238 40234 57017 60001 333 10162 20081 3/008 58072 70012 90761 91110==
51156 14/80 /1303 10139 21013 38742 40241 57012 60001 333 10144 20027 3/001 58063 70000 90761 91107==
51243 14/80 /1903 10205 20049 39702 40232 57013 60001 333 10207 20104 3/009 58039 70002 90761 91106==
51334 14/80 /3602 10211 20084 39830 40222 57019 60001 333 10211 20078 3/006 58016 70000 90761 91106==
51379 14/80 /3502 10189 20031 39314 40230 57020 60001 333 10190 20086 3/010 58065 70051 90761 91106==
51463 14/80 /0306 10154 20056 39075 40236 57015 60001 333 10160 20085 3/006 58042 70157 90761 91110==
51573 14/61 /1702 10302 20033 30104 40150 57016 60001 333 10357 20210 3/022 58162 70000 90761 91109==
51644 14/80 /1003 10250 21075 38941 40130 57014 60001 333 10268 20089 3/010 58103 70000 90761 91107==
51656 14/67 /1802 10264 20048 39140 40139 57011 60001 333 10290 20146 3/011 58118 90761 91107==
51709 14/77 /1403 10264 21064 38615 40097 57016 60001 333 10284 20129 3/012 58069 70000 90761 91106==
51711 14/80 /0702 10214 21054 38029 40089 57014 60001 333 10228 20053 3/001 58068 70000 90761 91107==
51716 14/71 /0802 10276 21023 38892 40111 57017 60001 333 10315 20117 3/011 58097 70000 90761 91107==
51765 14/75 /0503 10281 20037 39196 40127 57009 60001 333 10319 20181 3/016 58122 70000 90761 91110==
51811 14/68 /0602 10283 20025 38762 40080 57017 60001 333 10298 20189 3/016 58077 70000 90761 91106==
51818 14/68 /0102 10287 20004 38618 40072 57019 60001 333 10304 20181 3/017 58077 70000 90761 91107==
51828 14/58 /1003 10267 20045 38619 40079 57022 60001 333 10302 20195 3/017 58086 90761 91107==
51886 14/80 /3502 10177 21015 37158 40059 57011 60001 333 10236 20121 3/012 58069 70000 90761 91111==
52203 14/74 /0602 10242 20029 39309 40143 57010 60001 333 10339 20182 3/019 58139 70000 90761 91112==
52602 14/80 /3502 10175 20002 37299 40045 52007 60001 333 10245 20139 3/013 58056 70000 90761 91118==
52681 14/70 /3304 10227 20140 38622 40104 52004 60001 333 10239 20140 3/014 58043 70000 90761 91111==
52818 14/80 /2804 10195 20015 37267 40030 57005 60001 333 10274 20144 3/013 58071 70008 90761 91111==
52908 14/80 /1403 10130 20047 35826 49972 57018 60011 333 10148 20039 3/001 58010 70021 90761 91111==
53463 14/08 /0801 10182 20182 38828 40102 57006 60091 76050 333 10202 20153 3/016 59034 70358 90761 91104==
54857 14/80 /1503 10270 20206 30046 40135 57007 60001 333 10291 20235 3/022 59011 70000 90761 91107==
55228 04980 /2204 10198 21052 36058 49891 57024 60002 70000 333 10201 20086 3/005 5005/ 54405 58005 60001 70000 90720 91109=
55299 14/80 /1704 10126 20048 35908 49975 57010 60001 333 10158 20061 3/004 58007 70000 90761 91109==
55578 04980 /1702 10230 20019 36390 49903 57033 60002 70000 333 10231 20108 3/009 5003/ 58003 60001 79999 90720 91106=
55591 14/80 /1003 10234 20058 36535 49874 57028 60001 333 10242 20154 3/013 58000 70000 90761 91107==
55664 04980 /2802 10187 21002 36039 49915 57029 60002 70000 333 10203 20077 3/007 5003/ 54415 58004 60001 70000 90720 91106=
55773 04980 /2005 10138 20064 36061 49994 57016 69952 70000 333 10144 20044 3/003 5002/ 59002 60001 70008 90720 91114=
56004 14/50 /3106 10076 20054 35893 40037 52002 60031 76000 333 10145 20047 3/002 58018 70027 90761 91117==
56018 14/80 /2501 10172 20042 36222 49951 57016 60001 333 10213 20081 3/008 58008 70083 90761 91105==
56116 04980 /2003 10180 20062 36374 49951 57023 69922 70000 333 10195 20097 3/009 5003/ 54405 59004 60001 70002 90720 91110=
56312 04980 /1403 10257 20058 37078 49938 57026 60002 70000 333 10265 20130 3/012 5003/ 54405 59009 60001 70000 90720 91106=
57494 14968 /0502 10369 20226 30036 40064 57023 60001 333 10375 20265 3/027 59021 70000 90761 91105==
58847 14/68 /0803 10302 20236 39991 40088 57008 60001 333 10335 20271 3/026 59011 70000 90761 91107==
62306 42560 43011 10306 20237 40131 52004 84200==
62309 42960 03010 10316 20215 40115 52010==
62325 42960 03004 10318 20239 40106 57003==
62332 42560 32808 10312 20242 40106 52005 83200==
62337 42960 02905 10333 20218 40100 57002==
62366 45560 33006 10311 20204 40103 54000 83200==
62387 41950 03206 10318 20222 40110 54000 70500==
62393 42960 03212 10325 20163 40139 52002==
62405 42960 02405 10359 20150 40098 57002==
62414 42960 03206 10368 20121 40105 52001==
62419 42960 00607 10359 20122 40093 52001==
62420 42960 00207 10319 20172 40121 52002==
62435 42960 03207 10360 20130 40099 54000==
62440 42960 02807 10338 20208 40105 54000==
62455 42960 02909 10319 20205 40102 57004==
62458 42960 03009 10308 20216 40092 54000==
62459 41956 02916 10309 20225 40081 57003 70700==
62465 42960 03313 10328 20216 40084 57001==
63210 32980 03408 10346 20260 40041 333 58000=
63227 32580 42518 10338 20150 40132 84200 333 58008 84830=
