SIPK OPKC 072100=
41504 22995 00902 10200 20053 37807 48419 333 58010 60007 RH38%=
41506 22995 00000 10180 20123 38463 48461 333 58006 60007 69%=
41506 22995 00000 10180 20123 38463 48461 333 58006 60007 69%=
41507 22996 00000 10250 20206 39185 49681 333 58007 60007 77%=
41508 22995 00000 10200 20151 38619 48495 333 58011 60007 74%=
41509 22996 00000 10265 20165 38690 48443 333 58024 60007 RH54%=
41510 22996 00000 10140 20123 37902 48490 333 59003 60007 90%=
41515 22995 00000 10244 20140 38471 48435 333 58004 60007 52%=
41516 22996 30000 10190 20140 38500 48459 83030 333 56090 58021 60007 83360 RH73%=
41517 21696 70000 10160 20127 37791 48487 70422 83570 333 56990 58022 60007 83635 87760 81%=
41518 22696 81804 10228 20110 38/// 48/// 8352/ 333 5699/ 5//// 60007 83640 88461 47%=
41519 22696 73604 10255 20122 38723 48475 83520 333 56990 58026 60007 83640 87462 RH44%=
41520 21595 80000 10130 20113 37642 48256 76162 8562/ 333 5699/ 58020 60027 82720 83640 88462 89%=
41523 22996 00000 10240 20203 39030 48472 333 58004 60007 80%=
41524 22996 00000 10255 20196 39267 40093 333 59001 60007 RH 70%=
41525 22996 00000 10140 20106 37665 48359 333 58002 60007 80%=
41528 22996 00000 10220 20190 39164 48476 333 59018 60007 83%=
41529 22696 53102 10270 20241 39683 40049 82530 333 56990 59018 60007 82640 83460 RH 84%=
41530 219// 33104 10270 20226 39647 40044 70500 83030 333 56990 58003 60007 83360 77%=
41534 22996 00000 10255 20233 39638 40038 333 59007 60007 RH 88%=
41535 22996 00000 10190 20158 38668 48444 333 58045 60007 RH82%=
41536 22996 00000 10210 20179 38971 48459 333 58011 60007 83% =
41560 22996 20000 10210 20156 38240 48456 82030 333 56090 59001 60007 82360 Rh71%=
41562 22996 03602 10280 20237 39588 40032 333 58012 60007 RH 77%=
41565 22996 00000 10189 20174 38598 48470 333 58006 60007 91%=
41567 21996 00000 10265 20236 39619 40019 70400 333 58003 60007 84%=
41571 216// 40504 10250 20221 39502 40064 70500 82830 333 56990 59003 60007 RH84%=
41572 21696 01306 10240 20233 39437 40024 70400 333 58009 60007 RH96%=
41573 22996 03602 10160 20127 37963 48474 333 58006 60007 81%=
41574 22997 00000 10160 20152 38311 48486 333 58001 60007 95%=
41576 21996 20000 10270 20241 40061 70400 82030 333 56090 58011 60007 82360 84%=
41577 21996 00000 10230 20215 39465 40063 70400 333 59004 60007 RH 92%=
41593 21996 00000 10260 20231 39837 40044 70400 333 58012 60007 84%=
41597 21996 00000 10280 20259 40052 70400 333 58008 60007 88%=
41598 21996 00000 10265 20244 39774 40035 70400 333 58010 60007 88%=
41599 21996 00000 10275 20239 39772 40050 70400 333 58014 60007 81%=
41600 21696 40000 10260 20238 40036 70401 81570 333 56990 58005 60007 81645 83462 88%=
41624 21696 41302 10280 20244 40028 70421 81520 333 56990 58016 60007 81637 83460 81%=
41625 21696 30000 10290 20262 40008 70400 83500 333 56900 59001 60007 83640 85%=
41630 21996 00000 10285 20250 40049 70400 333 58010 60007 81%=
41633 22997 00000 10285 20257 4//// 333 5//// 60007 85%=
41634 22997 00000 10240 20218 3//// 4//// 333 5//// 60007 88%=
41635 21996 00000 10285 20264 3//// 4//// 70400 333 5//// 60007 89%=
41636 21996 00000 10285 20250 39863 40041 70400 333 58023 60007 81%=
41639 21996 00000 10270 20241 4//// 70400 333 5//// 60007 84%=
41640 21996 00000 10280 20244 39807 40047 70400 333 58006 60007 81%=
41641 21996 00000 10270 20226 39784 40048 70400 333 58007 60007 77%=
41642 21996 20000 10255 20233 4//// 71000 82030 333 56090 5//// 60007 82361 88%=
41643 21995 00000 10270 20234 39779 40046 70400 333 58013 60007 81%=
41644 21996 00000 10265 20244 4//// 70400 333 5//// 60007 88%=
41646 21996 00000 10290 20255 39848 40052 70400 333 58014 60007 81%=
41652 21996 01304 10290 20248 39858 40029 70400 333 58013 60007 78%=
41660 229// 00512 10220 20114 38401 48487 333 58010 60007 51%=
41661 22996 00000 10210 20111 38356 48479 70540 333 58009 60007 53%=
41669 22996 00000 10300 20273 3//// 4//// 333 5//// 60007 85%=
41670 21996 00000 10285 20264 3//// 4//// 70400 333 5//// 60007 89%=
41674 21996 00000 10290 20255 3//// 4//// 70400 333 5//// 60007 81%=
41675 21996 01806 10310 20246 39895 40032 70400 333 58011 60007 69%=
41676 21996 00000 10310 20276 39910 40060 70400 333 58038 60007 82%=
41677 21996 00000 10280 20259 39858 40018 70400 333 58012 60007 88%=
41678 21996 00000 10290 20214 40040 70500 333 58012 60007 62%=
41679 21996 00000 10280 20266 70400 333 5//// 60007 92%=
41680 21996 00000 10295 20267 40029 70400 333 58013 60007 85%=
41685 22997 20000 10245 20209 38865 48463 82020 333 56090 58014 60007 82460 RH80%=
41696 22996 00000 10150 20078 37985 48493 333 58005 60007 RH62%=
41697 22996 00000 10335 20251 40034 333 58033 60007 RH62%=
41700 21996 00000 10305 20249 40019 70400 333 58011 60007 72%=
41701 21996 00000 10290 20248 40036 70400 333 58021 60007 78%=
41710 21996 03104 10295 21032 40002 70600 333 58018 60007 RH12%=
41712 22996 00000 10300 20055 39118 48469 333 58017 60007 RH21%=
41715 21996 00000 10300 20258 40020 70500 333 58010 60007 RH78%=
41716 21996 00000 10300 20280 39932 40030 70400 333 58012 60007 89%=
41718 21996 00000 10300 20258 40011 70400 333 58006 60007 78%=
41724 21996 00000 10310 20269 40049 70500 333 58018 60007 RH79%=
41725 22996 00000 10325 20270 40027 333 58010 60007 RH73%=
41726 22996 00000 10310 20276 39955 40025 333 58003 60007 RH82%=
41738 22996 02306 10285 20235 40053 333 58004 60007 RH74%=
41739 22996 02306 10280 20125 38974 48456 333 58014 60007 RH38%=
41742 22996 51302 10295 20253 40041 85010 333 56090 58011 60007 85460 RH 78%=
41743 21996 00000 10295 20238 70500 333 60007 RH71%=
41744 22996 00000 10240 20086 38697 48431 333 58007 60007 RH 36%=
41745 21996 01306 10295 20245 70500 333 60007 RH75%=
41746 21996 00000 10280 20244 40022 70500 333 58008 60007 RH81%=
41747 22996 00000 10310 20269 40012 333 58017 60007 RH 79%=
41748 22996 01804 10320 20250 40036 333 58013 60007 RH67%=
41749 22996 01304 10285 20264 40040 333 58023 60007 RH89%=
41756 21995 02302 10265 20236 40037 70500 333 58014 60007 RH84%=
41757 21995 00000 10270 20249 30042 40054 71000 333 58005 60007 RH88%=
41759 21995 00000 10270 20249 40050 71011 333 58007 60007 RH88%=
41764 22996 02110 10280 20244 39988 40036 333 58009 60007 RH81%=
41765 22996 02308 10280 20244 30003 40038 333 58005 60007 RH81%=
41766 21996 02306 10270 20241 40028 70400 333 58012 60007 RH84%=
41767 22996 0//// 10275 20247 333 60007 RH85%=
41780 22596 42704 10280 20244 30032 40059 84600 333 56900 58019 60007 84720 RH81%=
41783 22696 42302 10260 20238 30005 40034 82530 333 56990 58003 60007 82635 82360 RH 88%=
41785 22996 02302 10275 20254 30035 40048 333 58002 60007 RH 88%=
41786 22596 30000 10285 20250 40031 83600 333 56900 58008 60007 83720 RH81%=
41BKI 22696 53604 10275 20239 39648 40049 82520 333 56990 58040 60007 82640 83460 RH81%=
41SKP 21996 30000 10275 20254 4//// 70400 83030 333 56090 5//// 60007 83360 85%=
43532 21996 00000 10220 20190 39252 40030 70400 333 58017 60007 83%=
43533 22996 00000 10230 20200 39145 48456 333 59023 60007 83%=
43563 22997 00000 10261 20232 40055 333 58021 60007 84%=

41620 Not Received
41768 Not Received



Data Generated from File : D:\all data handling\Rmc_lhr\2024090721.FSU.txt
07/09/24 22:01:20
______________________________________________________________
15020 24/70 /3301 10141 20032 30028 40224 50001 333 55300 20000 60007==
15090 24970 02901 10132 20096 30131 40223 50001 333 55300 10220 20000 30000 60007 91001 90730 91101==
15108 22984 01008 10071 21014 38167 48569 58010 333 55300 20000 60007 91010 90730 91110==
15150 24970 03301 10124 20092 30012 40225 50001 333 55300 20000 60007 91002 90730 91102==
15170 24970 02701 10077 20064 39457 42845 50003 333 55300 20000 60007 91001 90730 91103==
15280 22984 03204 10041 20011 37585 47155 58006 333 55300 20000 60007 91006 90730 91107==
15310 24970 03601 10196 20097 30119 40203 58004 333 55300 10220 20000 30000 60007 91003 90730 91105==
15335 24970 03002 10169 20125 30188 40195 57006 333 55300 20000 60007 91003 90730 91103==
15350 24970 03502 10191 20085 30094 40211 50000 333 55300 20000 60007 91003 90730 91103==
15360 24970 00408 10229 20158 30168 40184 58005 333 55300 20000 60007 91011 90730 91111==
15420 24970 00601 10185 20110 30092 40201 50004 333 55300 20000 60007 91002 90730 91103==
15460 24970 00101 10161 20121 30171 40195 58004 333 55300 20000 60007 91001 90730 91102==
15470 24970 00802 10210 20094 30072 40194 50003 333 55300 20000 60007 91002 90730 91104==
15480 24970 01501 10216 20126 30165 40182 58009 333 55300 10220 20000 30000 60007 91003 90730 91105==
15549 42970 00502 10176 20119 39786 40188 52001 333 10211 20175 555 569//=
15552 42570 33403 10204 20138 30128 40175 58005 83500 333 10219 20204 555 566// 92035 92438=
15640 42674 10902 10214 20158 39884 40182 58002 81200 333 10227 20214 555 570//=
15655 42968 03202 10209 20159 30143 40175 58001 333 10235 20209 555 573// 92036 92437=
15730 42670 40000 10203 20157 39797 40176 52008 82231 333 10244 20202 555 575//=
16627 42565 30310 10236 20153 30153 40158 51003 82101 333 90730 91118==
16650 42960 03604 10242 20209 30142 40150 52004 333 90730 91110==
16667 42960 03204 10254 20196 30127 40138 51007 333 90730 91112==
16706 42960 00112 10280 20169 30114 40120 52001 333 90730 91120==
16723 42960 03607 10270 20148 30098 40111 55001 333 90730 91119==
16732 46/// /0005 10262 20205 30123 40133 57005 333 90730 91112==
16742 42960 03110 10256 20194 39960 40109 57007 333 90730 91118==
16749 42960 02307 10282 20197 30080 40094 51001 333 90730 91117==
16754 42960 02006 10242 20212 30091 40138 50000 333 90730 91108==
16760 47/// /0303 10232 20180 39745 40143 54000 7214/ 333 90730 91106==
17031 42970 01803 10209 20196 30121 40127 57013 333 90730 91107==
17034 42670 62101 10234 20192 30091 40135 58003 83250 333 83835 86360 90730 91105==
17038 42670 62008 10237 20183 30083 40128 58005 86200 333 86835 90730 91116==
17060 41660 33504 10224 20195 30110 40149 57007 70381 81130 333 81835 83360 90730 91109==
17070 42665 41601 10177 20147 39296 40121 57005 84200 333 84835 90730 91105==
17084 41558 70506 10148 20143 39270 40134 50015 79522 85950 333 83830 87360 82925 90730 91122==
17092 41660 72202 10181 20141 38854 48507 58007 70198 83250 333 83845 87358 90730 91119==
17096 41560 60608 10128 20108 38270 48524 57013 70292 86900 333 85835 81925 90730 91127==
17098 41560 60111 10123 20117 38226 48521 58020 79599 85950 333 83835 85358 81925 90730 91115==
17100 41670 53201 10209 20136 39189 40128 52011 70282 82130 333 82840 85360 90730 91111==
17115 42660 60211 10237 20191 30100 40148 58006 83230 333 83835 85360 90730 91116==
17116 42665 40302 10229 20178 30026 40141 57006 81130 333 81840 84360 90730 91105==
17124 42960 02607 10179 20143 39257 40126 58003 333 90730 91114==
17128 42960 30407 10194 20126 39069 40105 50004 80001 333 83068 90730 91116==
17150 42660 43407 10229 20183 30020 40136 58004 82130 333 82835 83360 90730 91112==
17170 42660 30000 10178 20087 38341 48502 50001 83100 333 83840 90730 91104==
17184 42670 13304 10239 20146 30019 40124 58003 81100 333 81835 90730 91112==
17190 42670 33103 10190 20123 38983 48510 50000 83200 333 83835 90730 91108==
17190 42670 33103 10190 20123 38983 48510 50000 83200 333 83835 90730 91108==
17195 42970 00306 10200 20074 38946 48497 52002 333 90730 91109==
17200 42660 52006 10211 20131 39147 40063 58003 82130 333 82840 85360 90730 91112==
17202 42670 52304 10222 20124 39098 40064 55004 83150 333 83835 84360 90730 91110==
17203 42970 02401 10220 20113 38861 48541 52007 333 90730 91108==
17219 42965 03511 10264 20134 39981 40116 58003 333 90730 91122==
17237 42970 03002 10264 20127 39635 40105 50004 333 90730 91109==
17240 42970 02405 10220 20073 39015 40086 51001 333 90730 91108==
17244 42/70 33213 10213 20089 38978 48507 58004 83030 333 83362 90730 91119==
17260 42960 02606 10232 20192 39268 40023 58001 333 90730 91108==
17280 42960 03202 10245 20123 39320 40047 51001 333 90730 91110==
17292 42970 03202 10246 20108 39375 40076 58007 333 90730 91107==
17300 42960 03205 10271 20211 30018 40084 58003 333 90730 91110==
17310 42970 00601 10288 20192 30060 40067 58008 333 90730 91103==
17350 42560 21502 10269 20224 30000 40073 50000 82100 333 82830==
17370 42670 40000 10287 20245 30079 40083 58006 84100 333 84835 90730 91110==
33088 42960 00000 10123 20059 30054 40243 58003==
33135 429// 00000 10118 20079 30116 40262 58004==
33177 42960 01402 10191 20093 39992 40220 52002==
33317 429// 01303 10155 20030 39909 40237 58005==
33393 42960 01203 10196 20064 39830 40205 58003==
33415 42960 01103 10192 20095 39840 40222 58003==
33429 42960 20902 10146 20031 39822 40234 58004 80001==
33466 42979 00000 10126 20053 30059 40244 58005 333 30///==
33506 42960 00901 10161 20032 30055 40246 57003==
33562 42960 03302 10118 20077 39948 40249 58004==
33587 429// 00000 10127 20032 39979 40238 58006==
33658 42980 01101 10157 20041 39931 40222 57002==
33663 42960 01501 10140 20062 30138 40232 52003==
33664 42997 00703 10167 21010 39914 40221 58004=
33678 42998 02801 10166 21006 30037 40241 57001=
33679 42997 00202 10177 20032 30045 40230 54000=
33711 42960 00603 10156 20030 30022 40226 58006==
33745 42997 00601 10141 20016 30048 40236 57006=
33748 42997 01102 10156 20113 39940 40216 58002=
33754 42997 00000 10152 20053 30079 40221 51001=
33761 42970 00402 10158 20029 30007 40224 57005==
33791 42986 00605 10191 20013 30096 40219 57007==
33815 42998 00202 10195 20028 30007 40207 58007=
33837 42982 00404 10203 20107 30146 40196 58006==
33881 42998 00102 10178 20073 30019 40209 58007=
33883 42997 03402 10168 20083 30047 40205 57008=
33885 42997 00502 10173 20062 30085 40214 54000=
33892 42998 00202 10154 20059 39997 40204 57008=
33902 42/60 20502 10180 20070 30141 40198 58008 82040==
33924 42570 20507 10199 20142 30164 40176 58009 82500 333 91011 90730 91113==
33946 42982 50706 10189 20163 39945 40156 58011 80002 333 90730 91110==
33983 42/60 30608 10222 20157 30097 40154 58008 83030 333 91012 90730 91112==
34300 42960 00801 10166 20026 30086 40258 58003==
34336 42960 00000 10109 20025 30168 40270 57002==
34344 42970 00000 10094 20092 30179 40266 57003==
34356 42970 00000 10099 20036 30127 40273 58003==
34357 42970 01001 10153 20027 30111 40262 52004==
34398 429// 02702 10144 20079 30251 40261 58004==
34415 42960 00000 10114 20055 30153 40248 58001==
34438 42960 00604 10137 20020 30070 40257 58004==
34445 42970 00000 10071 21011 30152 40267 57004==
34461 42960 00201 10111 20030 30214 40268 57002==
34473 429// 02301 10134 20062 30230 40268 58002=
34476 42970 00000 10140 20019 30259 40266 58003==
34504 42982 00603 10184 20008 30059 40227 58007==
34535 42970 01201 10145 20007 30177 40247 57004==
34545 42970 00702 10137 20015 30145 40254 57004==
34555 42970 00802 10168 20070 30176 40264 57003==
34560 42960 01104 10136 20016 30079 40265 57004==
34578 42960 00401 10144 20035 30254 40261 57003==
34579 42970 00501 10151 20017 30221 40264 57003==
34644 42960 00604 10170 20032 30160 40235 57005==
34646 42970 01105 10198 20064 30162 40240 57003==
34655 42960 00504 10135 21026 30192 40251 57004==
34662 42970 00603 10136 20001 30246 40257 57004==
34691 42970 00000 10136 20025 30278 40266 52001==
34720 42970 00403 10190 20055 30173 40211 57008==
34727 42960 00706 10206 21006 30165 40194 58011 333 91011 90730 91111==
34743 42960 00803 10141 21032 30154 40241 57002==
34759 42960 21301 10111 20001 30114 40243 58003 80001==
34772 42960 00702 10123 21015 30255 40258 52001==
34785 42960 00401 10103 20032 30278 40256 57005==
34798 42960 00203 10106 20049 30284 40256 58005==
34824 42960 20603 10210 20044 30171 40175 57011 80001==
34838 42960 00805 10215 20046 30092 40184 57008 333 91011 90730 91112==
34845 42970 01103 10182 20061 30113 40216 52001==
34858 42960 01203 10167 20040 30124 40228 57002==
34861 42960 01204 10144 21001 30002 40238 57007==
34866 42960 01002 10129 20015 30250 40241 58006==
34880 42960 00601 10126 20073 30275 40249 57005==
34887 42970 00201 10120 20077 30266 40247 57009==
34949 42/70 20910 10155 20068 39674 40201 57003 82030 333 91013 90730 91115==
34954 42960 00803 10177 20085 30046 40213 50001 333 90730 91110==
34958 42970 00803 10160 20082 30028 40220 50001 333 90730 91110==
34975 42970 01003 10145 20073 30237 40233 57009==
34984 42960 00403 10135 20104 30269 40239 58011==
35217 429// 03401 10102 20029 30222 40261 58003==
35302 429// 00000 10119 20051 30245 40265 58003==
35315 429// 00302 10103 20059 30207 40262 52002=
35344 429// 20204 10123 20096 39959 40236 53005 82030=
35358 42/// 63201 10121 20046 30041 40205 52007 86040==
35368 415// 82105 10103 20064 39942 40200 58010 78082 889//=
35386 429// 03502 10086 20060 39705 40208 53004=
35394 42670 71702 10100 20064 39560 40212 53001 87500==
35404 429// 03001 10150 20085 30256 40264 58003=
35406 429// 03301 10113 20020 30260 40262 58003==
35416 429// 00802 10159 20048 30136 40252 58005==
35426 429// 22802 10142 20087 39959 40237 58007 80001==
35437 429// 73602 10147 20079 39932 40231 58004 83054=
35449 415// 83503 10144 20095 30112 40210 52001 70282 889//=
35497 429// 00000 10047 20007 39455 40239 58002==
35498 429// 02001 10070 20023 39383 40237 52002=
35514 42998 00202 10113 20029 30263 40259 58004=
35522 429// 03402 10141 20083 30005 40246 58006=
35542 415// 80203 10150 20123 30076 40216 52004 70281 889//=
35563 41598 80000 10096 20067 39465 40205 57008 70282 889//=
35576 42/// 21902 10092 20038 39780 40214 57006 82040==
35582 426// 62302 10085 20045 39650 40231 57013 86500=
35594 429// 01601 10053 21012 39418 40238 57004=
35605 42998 00601 10130 20061 30278 40257 58003=
35633 429// 03303 10160 20086 30010 40212 57007=
35671 42570 72201 10107 20035 39797 40210 57009 87500==
35699 429// 00000 10048 20016 39510 40252 57003==
35700 42970 03401 10142 20084 30280 40257 58004==
35715 42997 03502 10137 20032 30265 40251 58003=
35739 429// 00000 10106 20015 30090 40225 58011=
35746 42/// 62302 10124 20053 30142 40206 57015 86050==
35777 429// 00000 10096 20019 39915 40250 52003=
35796 42960 00801 10078 20012 39817 40240 57006==
35849 429// 00000 10083 20045 30138 40221 57011==
35895 42997 00000 10112 20066 39806 40233 57009=
35907 42998 00908 10174 20131 30271 40242 58007=
35925 429// 02902 10126 21017 30137 40245 58007==
35927 429// 00000 10123 21015 30242 58004=
35953 429// 00000 10090 20012 30093 40219 57011==
35969 429// 00000 10104 20013 30054 40222 57011==
35997 429// 00000 10107 20045 39808 40226 57007=
36259 42584 83103 10030 21025 38251 48519 52011 85902 333 90730 91113==
36335 429// 60000 10078 20016 39247 40236 52002 86030=
36358 429// 00000 10062 20014 39250 40237 58001=
36394 426// 70000 10069 20058 39832 40243 54000 87500=
36397 42/// 23202 10084 20061 39696 40242 58002 82040==
36403 426// 70902 10083 20070 39891 40240 52001 87900=
36418 426// 80000 10083 20055 39655 40249 52003 8395/=
36421 425// 80000 10073 20065 39709 40256 52006 889//=
36428 415// 80302 10083 20073 39771 40255 51002 70282 8695/==
36439 425// 70000 10043 20036 39024 48548 52006 87900=
36498 429// 00000 10044 20014 39485 40261 53003=
36501 426// 72502 10100 20025 39506 40227 57001 87500=
36535 425// 52701 10052 20007 39649 40268 52006 82330==
36546 426// 50000 10084 20048 39725 40245 58004 82343=
36619 429// 00000 10073 20012=
36622 429// 00000 10033 20010 39472 40263 58001=
36639 42/// 30000 10039 20027 39664 40260 54000 83030==
36643 426// 21902 10076 20052 39611 40252 58004 82500=
36665 426// 51901 10106 20060 39550 40245 52002 83901=
36666 425// 72002 10098 20066 39777 40250 52001 84931=
36729 42998 01501 10064 20043 39780 40249 58006=
36736 425// 73101 10057 20043 39729 40271 54000 83561=
36744 429// 00000 10096 20012 39801 40235 54000=
36770 429// 00000 10056 20040 39537 40248 57009=
36786 42999 00901 10073 20019 39353 40246 57013=
36796 429// 00000 10004 21024 39089 48546 58010=
36803 42999 02103 10108 20036 39820 40252 58007=
36806 429// 00000 10084 20031 39801 40256 52009=
36819 429// 00901 10101 20056 39620 40209 57016=
36821 429// 30402 10080 20020 39758 40234 57010 80002==
36839 42998 00000 10058 20015 39147 40253 57010=
36843 429// 02504 10089 21018 39103 40241 57012=
36846 429// 20501 10020 21005 38671 48557 57011 80002=
36859 429// 01401 10114 20055 39502 40254 58006==
36870 429// 00000 10104 20046 39236 40212 57015==
36874 429// 01804 10057 20021 39472 40234 57012=
36877 429// 02402 10051 20030 39288 40249 57011=
36885 429// 01104 10098 20049 39134 40225 57015=
36889 429// 01802 10010 21134 37117 47149 57009=
36894 429// 00506 10123 20051 39516 40224 57013=
36905 429// 01102 10069 20031 38802 48556 57012=
36911 429// 00000 10086 20071 39268 40218 57015=
36927 42997 03602 10085 20017 38403 48560 58004=
36934 42997 00301 10095 20016 38348 48472 58006=
36953 429// 00000 10030 20021 38279 48508 57008=
36963 429// 01601 11034 21038 37106 48/// 58007=
36974 429// 00501 10046 20018 38029 48474 58003=
36982 429// 00301 11065 21108 36604 47180 57005=
37018 42660 30304 10236 20136 30051 40122 57007 83500==
37031 42960 00905 10199 20096 39987 40173 57008 333 90730 91112==
37054 42660 80601 10175 20100 39835 40204 50000 885//==
37061 42960 00705 10157 20092 30057 40220 58004==
37085 42940 00605 10176 20113 30247 40220 58011==
37171 42/40 60804 10232 20174 30104 40121 58009 86030==
37228 42560 70000 10159 20145 39384 40185 57009 87500==
37235 42560 71001 10165 20140 39884 40188 57011 8750/==
37472 42560 61503 10212 20154 30224 40203 58009 83481 333 90730 91111==
38149 42970 00101 10109 20004 30164 40240 58003==
38178 429// 00000 10137 20009 39943 40221 54000==
38262 429// 00501 10120 20038 30154 40233 58003==
38264 42970 03501 10122 20032 30141 40233 57005==
38345 42998 00901 10066 20014 38838 48538 58016=
38353 429// 21701 10108 20061 39338 40215 57016 80001=
38388 42998 00502 10164 20030 30140 40207 54000=
38392 42997 00303 10134 20045 30123 40224 58005=
38396 42960 0//01 10121 20025 30103 40226 58004==
38403 429// 00204 10166 20019 30100 40217 58004==
38413 429// 00403 10159 21036 39931 40213 52006==
38457 42960 00101 10133 20023 39610 40182 57010==
38462 429// 00000 10117 20050 38794 48533 58006==
38462 429// 00000 10117 20050 38794 48533 58006==
38507 42996 20805 10225 21067 30090 40188 54000 82030=
38545 42998 03302 10133 20055 30038 40210 58003=
38565 129// 00000 10118 20029 39594 40167 57012 60002==
38579 129// 00000 10116 20056 39773 40183 57010 60002==
38583 12960 02901 10119 20032 39864 40179 57013 60002==
38599 42997 22002 10133 20037 39655 40187 57008 82030=
38611 42/60 20000 10152 20068 39637 40189 57006 82040==
38613 429// 00101 10124 20032 40200 58013=
38616 429// 00901 10093 20043 39213 40213 58016=
38618 429// 01101 10144 20073 39513 40179 57007==
38647 42997 01006 10229 21057 30132 40172 52002=
38656 42998 00702 10204 21022 30102 40207 52004=
38683 42960 03404 10139 20004 39908 40177 58007==
38687 42997 00504 10174 20038 39961 40188 58013=
38696 129// 01103 10151 20029 39343 40171 58008 60002==
38713 429// 01802 10115 20006 39065 48540 58005=
38750 42997 02201 10266 20243 30200 40173 58008=
38763 42997 00905 10214 21036 30082 40183 5////=
38774 42995 01103 10207 20015 30013 40200 53006=
38799 42997 03602 10176 20029 39973 40197 54000=
38806 42997 02701 10132 20065 39906 40161 57003=
38812 42960 03502 10110 20036 39715 40008 57002==
38836 416// 40902 10200 20081 39226 40114 52005 70500 84500=
38880 42997 01002 10212 20000 39942 40185 58004=
38886 42997 00901 10154 20036 39976 40191 58001=
38895 42996 00202 00198 20019 39918 40196 58001=
38911 42997 03302 10175 20017 39881 40166 54000=
38915 42997 00000 10192 20045 39843 40154 53005=
38927 12960 01302 10182 20025 39792 40153 51001 60002==
38933 429// 00501 10180 20114 39669 40161 52004=
38944 419// 03601 10199 20038 39582 40091 52002 70500=
38954 429// 00000 10153 20006 37966 48520 52006=
38974 42998 00901 10188 20025 39869 40191 52004=
38987 42996 00103 10188 21014 39472 40187 52003=
40030 42970 00000 10258 20191 40099 54000=
40080 42965 0210 7 10234 20182 39400 4//// 54000=
40100 43/60 01303 10279 20227 30092 40107 58006 333 58///=
40180 02560 31901 10275 20225 30046 40093 57009 83500 333 70000==
40199 02/// /0205 10323 20193 30061 40084 52003 333 70000==
40265 42960 03304 10222 20201 39347 40101 57007=
40270 41958 02807 10235 20159 39240 40089 57005 70500=
40272 41950 02805 10232 20173 39302 40091 54000 70500=
40340 42960 00109 10318 20171 30030 40091 52004=
40356 42960 03110 10276 20070 39141 48496 333 59004 555 04410 50050=
40357 42960 00000 10317 20030 39441 40026 333 59002=
40360 42960 03210 10265 20170 39516 40069 333 59004=
40361 42960 03005 10306 20070 39325 40073 333 58000=
40362 42960 00813 10341 20060 39554 40027 333 58007=
40373 42960 00908 10336 20020 39650 40035 333 58012=
40375 42960 02506 10290 20120 39231 40051 333 59003=
40394 42960 03304 10330 20060 38987 48501 333 58002 555 04410 50029=
40394 42960 03304 10330 20060 38987 48501 333 58002 555 04410 50029=
40400 42960 03603 10282 20230 30048 40075 333 59004=
40405 42660 41702 10355 20040 39331 40011 84500 333 58000 84640=
40417 42960 00000 10293 20160 30019 40033 333 58016=
40420 42960 02903 10313 20090 39840 40038 333 58013=
40430 42960 02404 10345 20100 39362 40061 333 58000=
40437 42960 01203 10333 20030 39385 40035 333 58002=
40439 42960 02407 10306 20190 30043 40061 333 59005=
40582 32960 00000 10331 20104 40037 58002 333 00299 10463 20326 5//// 55090 00649 10214 22132 43348 54052=
40703 42960 00000 10188 20087 38911 40099 52007 333 70000 555 10133 29052 30307=
40706 42962 00509 10190 20083 38663 40108 50001 333 70000 555 10131 29050 30811 40812=
40712 42960 01901 10132 20086 38679 40108 52003 333 70000 555 10107 29073 30305=
40713 42964 00908 10199 20090 38655 40074 51004 333 70000 555 10138 29050 31008 40914=
40718 42960 02302 10218 20182 30213 40186 57005 333 70000 555 10195 29080 33211=
40723 42660 22602 10161 20021 38987 40162 52003 81150 333 70000 82360 555 10095 29039 32908=
40726 42960 00000 10173 20059 38654 40096 51005 333 70000 555 10113 29047 30605=
40727 42960 01702 10155 20045 38489 40095 50005 333 70000 555 10099 29048 33008=
40732 41540 82801 10240 20183 30198 40174 58004 70522 8632/ 333 70000 82920 85625 88458 555 10204 29071 33410=
40736 41560 82302 10240 20215 30198 40174 57005 72052 8561/ 333 79999 85720 88459 555 10224 29086 32210=
40737 42560 82002 10229 20202 30157 40174 57005 8452/ 333 70014 84630 88459 555 10212 29085 33007=
40738 42560 62502 10247 20208 30182 40184 58003 82570 333 70000 82630 86459 555 10221 29079 32509=
40739 42965 00502 10184 20111 38709 40116 57002 333 70000 555 10142 29063 30814=
40741 42960 00000 10185 21004 39861 40179 58004 333 70000 555 10102 29028 30308=
40743 42960 00910 10207 21024 39071 40123 50002 333 70000 555 10104 29021 31017=
40745 42962 02103 10170 20043 39069 40166 58007 333 70000 555 10107 29043 31513=
40747 42960 03504 10249 20051 38622 40049 52005 333 70000 555 10142 29028 33405=
40754 42960 00000 10244 20084 38826 40084 53003 333 70000 555 10153 29036 33005=
40762 42962 01003 10170 21030 38571 40105 58001 333 70000 555 10082 29025 30611=
40766 42981 01002 10214 21070 38669 40050 53003 333 70000 555 10095 29014 32807=
40768 42965 01203 10202 20021 38266 40048 50001 333 70000 555 10110 29030 30413=
40769 41956 03201 10215 20032 38311 40056 58001 70600 333 70000 555 10120 29030 30710=
40780 42960 00802 10206 21012 38660 40053 58002 333 70000 555 10104 29023 32209=
40782 42965 01302 10217 21010 38828 40041 51005 333 70000 555 10111 29022 33005=
40785 42960 00000 10264 21023 39055 40073 58001 333 70000 555 10129 29015 30706=
40791 42965 01001 10284 21058 39278 40034 58004 333 70000 555 10132 29010 33007=
40798 42960 02704 10163 21067 37981 40043 50002 333 70000 555 10067 29020 32612 4////=
40800 42960 02201 10212 21002 38462 40054 52009 333 70000 555 10109 29024 31608=
40809 42960 01303 10179 21075 38494 40050 53002 333 70000 555 10076 29017 33608 43611=
40811 42960 02803 10340 20093 39994 40018 58002 333 70000 555 10198 29022 33209 42912=
40812 42960 00801 10293 20007 39670 40017 52001 333 70000 555 10152 29016 32005=
40818 42965 03402 10188 21084 37996 40033 51009 333 70000 555 10076 29015 33409=
40821 42965 02703 10264 21054 38759 40040 50001 333 70000 555 10121 29012 33108 4////=
40829 41950 03518 10261 21018 39517 40048 50000 70700 333 70000 555 10132 29016 33518 43628=
40831 42960 03205 10361 20098 30027 40034 53001 333 70000 555 10207 29020 32910=
40833 42960 03102 10315 20070 30004 40034 54000 333 70000 555 10181 29022 32711=
40835 42960 00000 10283 20046 39263 40032 56003 333 70000 555 10157 29022 32811=
40841 42970 01402 10186 21109 38245 40033 50000 333 70000 555 10072 29012 30509=
40848 42960 03303 10266 20047 38497 40004 58001 333 70000 555 10146 29024 32306=
40851 42960 00000 10246 21008 38249 49994 54000 333 70000 555 10120 29019 32304=
40854 42960 02904 10300 21115 38898 40000 57003 333 70000 555 10128 29006 30205=
40856 42960 01902 10212 21031 38626 40052 58001 333 70000 555 10102 29019 30309 4////=
40859 42960 00000 10250 20061 38665 40009 55000 333 70000 555 10146 29030 32105=
40875 41557 30603 10309 20271 30026 40037 58001 71010 83500 333 83630 70000 555 10281 29080 32007=
40879 42960 10404 10315 20170 39393 40017 50002 80002 333 70000 81070 555 10220 29042 31507 4////=
40882 41950 03203 10320 20285 39990 40023 58004 71000 333 70000 555 10294 29082 31405=
40883 41940 00000 10307 20268 30003 40025 58001 71000 333 70000 555 10279 29080 30905=
40893 41957 01107 10296 20257 30033 40038 53002 71000 333 70000 555 10268 29080 31408=
40898 41556 31603 10287 20250 30037 40046 56002 71000 83600 333 70000 83720 555 10261 29081 31506 4////=
41024 42960 03506 10319 20210 30045 40070 333 59002=
41036 42960 03110 10262 20070 38559 48511 333 59003 555 04410 50061=
41055 42560 23213 10284 20050 38362 48503 82400 333 58002 82630 555 04410 50045=
41061 42960 01704 10314 21050 39366 40023 333 58007=
41084 42960 02903 10325 21030 38822 48495 333 58003 555 04410 50010=
41112 42960 00000 10196 20150 37956 48503 333 58005 555 04410 50040=
41114 42960 00000 10205 20120 37988 48502 333 58006 555 04410 50036=
41128 42960 00304 10300 21020 38786 48507 333 58013 555 04410 50037=
41136 42960 00000 10328 21040 39261 40020 333 58007=
41140 42960 03103 10329 20270 30047 40052 333 59010=
41150 42962 01202 10329 20271 40032 333 58015=
41176 44/70 /0103 10321 20256 30027 40033 333 58015=
41184 42960 03101 10287 20209 40035 333 58014=
41194 42960 00405 10340 20248 30023 40028 333 58012=
41196 42960 00202 10309 20223 39995 40034 333 58010=
41216 41957 00204 10322 20292 30024 40028 70500 333 58011=
41217 41957 00405 10321 20285 39996 40024 70500 333 58012=
41244 36/// /3300 10327 20169 39620 40015 333 0E037 55300 25022 58013=
41246 36/// /1207 10303 20287 30025 40028 333 0E032 55300 25022 58010=
41255 36/// /2102 10298 20206 39542 40031 333 0E032 58015=
41265 36/// /0904 10281 20220 39483 40030 333 0E034 55300 20000 58016=
41267 36/// /0802 10302 20231 30019 40031 333 0E030 58015=
41275 36/// /1214 10262 20229 39901 40066 333 0E027 55300 20000 58026=
41316 32560 20000 10264 20254 30031 40060 82500 333 58008 55000 55407 55408 55507 55508 82625=
41480 41554 63305 10323 20256 30032 40041 70644 81560 333 58000 81625 86660=
41506 12920 00000 10180 20123 38463 48610 60001 333 58006==
41508 12920 00000 10200 20151 38619 48950 60001 333 58011==
41515 12920 00000 10244 20140 38471 48350 60001 333 58004==
41523 12940 00000 10240 20203 39030 48720 60001 333 58004==
41535 12940 00000 10190 20158 38668 48440 60001 333 58045==
41536 12940 00000 10210 20179 38971 48590 60001 333 58011==
41560 12940 20000 10210 20156 38240 48560 60001 82030 333 56080 59001==
41571 11600 40502 10250 20221 39502 40064 60001 70500 82830 333 56880 59003==
41598 11940 00000 10265 20244 39774 40035 60001 70400 333 58010==
41600 11440 40000 10260 20238 30000 40036 60001 70401 83570 333 56880 58005==
41624 11440 41301 10280 20244 30000 40028 60001 70421 83520 333 56880 58016==
41630 11940 00000 10285 20250 30000 40049 60001 70400 333 58010==
41640 11940 00000 10280 20244 39807 40047 60001 70400 333 58006==
41660 12900 00506 10220 20114 38401 48870 60001 333 58010==
41678 11940 00000 10290 20214 30000 40040 60001 70500 333 58012==
41696 12940 00000 10150 20078 37985 48930 60001 333 58005==
41697 12940 00000 10335 20251 30000 40034 60001 333 58033==
41700 11940 00000 10305 20249 30000 40019 60001 70400 333 58011==
41710 11940 03102 10295 21032 30000 40002 60001 70600 333 58018==
41712 12940 00000 10300 20055 39118 48690 60001 333 58017==
41715 11940 00000 10300 20258 30000 40020 60001 70500 333 58010==
41718 11940 00000 10300 20258 30000 40011 60001 70400 333 58006==
41725 12940 00000 10325 20270 30000 40027 60001 333 58010==
41739 12940 02303 10280 20125 38974 48560 60001 333 58014==
41744 12940 00000 10240 20086 38697 48310 60001 333 58007==
41749 12940 01302 10285 20264 30000 40040 60001 333 58023==
41756 11920 02301 10265 20236 30000 40037 60001 70500 333 58014==
41759 21995 00000 10270 20249 40050 71011 333 58007 60007=
41764 12940 02105 10280 20244 39988 40036 60001 333 58009==
41780 12340 42702 10280 20244 30032 40059 60001 84600 333 56800 58019==
41785 12940 02301 10275 20254 30035 40048 60001 333 58002==
42027 22996 00000 10164 20145 38394 48478 333 58010 6990/=
42071 31996 09901 10272 20261 40046 71000 333 58005=
42101 21695 60000 10262 20262 40056 71010 82530 333 58004 6001/ 82634 84359=
42111 21595 60000 10252 20243 39357 40035 71052 84830 333 58000 6996/ 83620 84830 86360=
42123 32996 20000 10290 20265 40035 82030 333 58004 82360=
42131 22696 40000 10266 20255 40046 82530 333 58006 6995/=
42165 32996 20000 10312 20253 40011 82030 333 59004 82360=
42182 21595 60000 10270 20264 40038 71022 84530 333 58001 6002/ 84630 85360=
42189 21595 60000 10272 20261 40037 70521 82531 333 59001 6990/ 82620 84360 86070=
42328 31595 52308 10282 20251 40016 70511 83530 333 58012 83630 84360=
42339 21695 60000 10258 20249 40041 70522 83510 333 58011 6009/ 83635 83456=
42348 21595 79902 10254 20239 40044 71022 85430 333 58009 6005/ 85625 86360=
42361 21996 30000 10266 20257 40033 70500 83030 333 58005 6001/ 83360=
42369 21595 50000 10278 20264 40033 71022 82530 333 59001 6017/ 82620 83360=
42379 31595 10000 10292 20278 40026 71000 81500 333 59005 81622=
42410 31495 60000 10270 20253 40042 71022 83530 333 58001 83618 85360=
42415 31596 40000 10282 20239 40044 71300 83320 333 58003 82620 81925=
42452 21595 70000 10256 20250 40038 71096 8682/ 333 58006 6033/=
42492 31595 40000 10300 20284 40031 71011 82530 333 59004 82620 83360=
42559 22596 60000 10252 20243 40029 83130 333 58010 6004/ 83825 86358=
42571 32596 70000 10278 20261 40026 84530 333 59003 84625 86360=
42623 31495 30000 10242 20233 39218 40068 71300 82330 333 58019 82618 81925 83360=
42634 32996 00000 10264 20250 40062 333 58006=
42647 31496 40000 10280 20257 40058 70522 84700 333 56500 58008 82715 83620=
42667 21596 52005 10248 20240 39475 40054 70522 82530 333 58014 6005/ 82620 84360=
42675 31595 53402 10264 20229 40031 70521 82530 333 58007 82620 84360=
42701 31495 60000 10256 20245 39325 40038 71022 83530 333 58004 83618 85360=
42724 31495 50000 10296 20280 40048 71322 83330 333 58016 82618 81930 84360=
42737 32596 42306 10270 20253 40067 84500 333 58011 84620=
42754 31495 62707 10242 20222 39419 40044 70522 83530 333 58006 83618 86360=
42779 22596 80000 10244 20235 39351 40036 8352/ 333 58001 6025/ 83620 87458=
42798 31495 60000 10284 20250 40022 71022 83530 333 59003 83615 86360=
42809 21495 50000 10284 20274 40030 70522 83530 333 58002 6009/ 83618 85360=
42840 32596 52302 10276 20259 40068 84830 333 58011 83620 84360=
42867 21495 82502 10260 20251 40039 71022 8352/ 333 58004 6007/ 83618 88458=
42874 21595 80000 10272 20266 40027 71022 8452/ 333 58000 6009/ 84618 87458=
42886 21495 80000 10262 20245 40035 70522 8652/ 333 58004 6990/ 86618 88458=
42895 32596 40502 10288 20271 40019 82530 333 59001 82620=
42971 21495 73602 10280 20272 40014 76022 85330 333 57912 59013 6022/ 83618 81930 85360=
43003 21595 40000 10286 20261 40070 70565 83830 333 58006 6004/ 82618 83825=
43014 21596 72505 10230 20224 39421 40063 70542 83530 333 58009 83620 85360=
43041 21596 80000 10244 20235 39428 40035 70522 8451/ 333 59004 6996/ 84620 88458=
43063 22596 60000 10230 20215 39458 40070 84730 333 58008 6994/ 82722 83626=
43110 21496 80000 10264 20247 40085 70262 8673/ 333 58006 6012/ 82712 84618 86358=
43117 22596 70000 10246 20232 40073 85630 333 58006 6004/=
43150 21495 82705 10258 20252 39952 40012 76596 8462/ 333 56699 59009 6037/ 83712 84618 88458=
43189 21596 80000 10260 20245 30025 40034 76065 8382/ 333 58003 6003/=
43192 22596 42302 10264 20250 40085 82730 333 58007 6996/=
43201 22496 42302 10226 20214 39341 40064 84600 333 56600 58006 6990/ 82710 83612=
43213 22596 83202 10252 20234 39743 40058 8487/ 333 58009 6993/=
43237 21596 62503 10256 20220 39657 40046 70152 83530 333 58009 6002/ 83620 86360=
43279 32596 60000 10272 20231 30042 40059 84430 333 59003 83620 83360=
43284 21296 59902 10260 20251 39974 40089 70262 83631 333 58007 6008/ 82706 83612=
43295 32496 62302 10220 20190 39078 48487 84530 333 58003 84612 84358=
43314 22596 70000 10268 20254 40096 83532 333 58005 6006/=
43321 31496 62310 10242 20224 39641 40087 71022 82501 333 58005 82612 85070=
43333 21495 82308 10250 20244 40075 76062 8542/ 333 58023 6004/ 82617 84819 88456=
43369 32596 23202 10274 20257 40094 82500 333 58012 82620=
43371 21496 40000 10266 20249 30016 40089 72052 82501 333 59001 6990/ 82617 84071=
43413 22470 62106 10282 20250 30082 40087 56009 86100 333 553// 20006 58018 60008 91009==
43418 22970 02302 10277 20236 30043 40084 57007 333 58016 60008 555 60008==
43421 22470 22402 10263 20000 39990 40095 57008 82000 333 553// 20000 58017 60008 91005 555 60008==
43424 22470 52104 10284 20251 30093 40095 57009 85000 333 58021 60008 555 60008==
43436 22/70 30000 10275 20233 30081 40084 56007 333 58018 60008 555 60008==
43441 22470 72102 10262 20247 39963 40095 57012 87000 333 58014 60008 555 69928==
43444 21470 70000 10240 20223 39569 40095 58012 78022 87000 333 58011 69948 555 60028==
43450 22470 62704 10282 20257 30097 40109 56008 86000 333 58013 60008 555 60008==
43466 21470 62402 10279 20236 30096 40104 51015 70282 83008 333 553// 20000 58013 60008 91005==
43467 22460 82504 10282 20255 30100 40106 57013 86270 333 58016 60008 555 60018==
43473 21268 72907 10151 20151 38119 48486 57015 70286 86000 333 553// 20000 58006 60008 91011 555 60028==
43486 21460 81101 10246 20246 30006 40107 56015 72588 87000 333 553// 20000 58013 60008 91001==
43495 22470 22506 10285 20257 30091 40104 57015 82000 333 58016 60008 555 60008==
43497 22/70 72803 10269 20000 30083 40100 52014 333 58017 60008 87460 83/18 91005==
44212 425// 50000 10087 20051 39092 40189 52011 85500==
44213 415// 82809 10073 20064 38752 40167 52009 76162 8872/==
44214 41/// 83606 10039 21010 38292 40244 52017 76062 8802/==
44215 42/// 42805 10076 21033 38396 40186 52005 84070==
44217 32698 50000 10016 21068 37854 40252 51004 85800 333 91204=
44218 42/// 33202 10097 21021 38595 40184 52011 83040==
44219 415// 82503 10099 20080 38599 40169 52008 76162 885// 333 91112 91208=
44265 42/// 72705 10098 20033 38870 40235 53011 87010==
44266 326// 72806 10076 20018 37782 40188 52006 84520 333 91207=
50557 14/66 /1501 10085 20085 39826 40113 52011 60001 333 10230 20055 3/008 58015 70000 90761 91103==
51076 14/80 /3101 10084 20040 39381 40242 52007 60001 333 10152 20084 3/008 58132 70017 90761 91111==
51087 14/80 /3501 10086 20074 39246 40252 52008 69921 333 10181 20086 3/008 58142 70034 90761 91109==
51156 14/80 /0903 10046 21014 38743 40252 52001 60001 333 10112 20045 3/002 58111 70003 90761 91119==
51243 14/80 /3001 10118 20045 39719 40255 57003 69921 333 10180 20104 3/010 58156 70064 90761 91106==
51334 14/80 /1401 10088 20074 39856 40252 57005 60001 333 10184 20080 3/008 58134 70087 90761 91104==
51379 14/80 /2101 10099 20080 39344 40268 57003 60041 333 10226 20098 3/011 58167 70051 90761 91115==
51463 14/80 /3402 10091 20058 39097 40272 57010 60021 333 10171 20085 3/009 58142 70171 90761 91115==
51573 14/19 /1302 10229 20100 30079 40125 52035 60001 760// 333 10368 20229 3/024 58112 70000 90761 91113==
51644 14/80 /3403 10160 21069 38916 40098 52004 60001 333 10287 20120 3/013 58062 70000 90761 91119==
51656 14/69 /1404 10167 20092 39096 40086 52009 60001 333 10290 20131 3/012 58053 70000 90761 91107==
51709 14/80 /3301 10172 21060 38611 40088 52003 60001 333 10296 20167 3/014 58060 70000 90761 91116==
51711 14/80 /3301 10054 20000 38040 40096 52011 60001 333 10233 20054 3/002 58052 70000 90761 91113==
51716 14/79 /0000 10157 20041 38875 40084 52014 60001 333 10315 20141 3/016 58057 70000 90761 91115==
51765 14/50 /0904 10217 20060 39157 40080 52028 60001 706// 333 10319 20126 3/019 58052 70000 90761 91111==
51811 14/68 /2502 10207 20030 38769 40085 52004 60001 333 10298 20158 3/018 58069 70000 90761 91108==
51818 14/59 /2302 10205 20065 38635 40088 52004 60001 333 10304 20156 3/019 58074 70000 90761 91109==
51828 14/37 /2303 10211 20073 38636 40091 52021 60001 760// 333 10305 20195 3/019 58081 70000 90761 91115==
51886 14/80 /2503 10128 21015 37140 40002 52010 60001 333 10236 20089 3/011 58009 70000 90761 91110==
52203 14/15 /1005 10199 20040 39262 40079 52034 60001 707// 333 10340 20136 3/021 58048 70000 90761 91115==
52602 14/80 /0303 10158 21053 37273 49977 52008 60001 333 10245 20037 3/014 59018 70000 90761 91110==
52681 14/38 /0201 10141 20135 38574 40045 52001 60001 710// 333 10239 20115 3/014 59057 70000 90761 91106==
52818 14/80 /2802 10154 20095 37233 49942 52006 69971 333 10274 20058 3/014 59024 70008 90761 91109==
52908 14/80 /2602 10044 20026 35836 49973 57005 69961 333 10157 21008 3/002 59007 70009 90761 91116==
53463 14/32 /3301 10154 20154 38851 40125 57009 60201 762// 333 10213 20131 3/016 59023 70195 90761 91104==
54857 14/75 /1101 10239 20206 30067 40156 57001 60001 333 10286 20208 3/022 58010 70000 90761 91104==
55299 14/80 /0401 10070 20050 35916 49973 57005 60001 333 10162 20070 3/005 58002 70001 90761 91112==
55591 14/80 /1301 10166 20075 36559 49916 52001 60001 333 10240 20126 3/015 58001 70002 90761 91105==
56004 14/80 /2701 10055 20035 35892 49991 57009 60001 333 10164 20022 3/004 59004 70000 90761 91112==
56018 14/80 /1201 10085 20058 36248 49962 57007 60081 333 10213 20063 3/009 59001 70083 90761 91113==
57494 14/50 /0000 10268 20256 30072 40100 57004 60001 710// 333 10366 20254 3/027 59003 70000 90761 91106==
58847 14/64 /3101 10274 20245 30010 40107 57008 60001 333 10339 20272 3/027 58009 70000 90761 91108==
62306 42960 02609 10273 20234 40128 57006==
62309 42960 03207 10278 20222 40108 57006==
62332 42960 03206 10286 20244 40104 57002==
62337 42960 01702 10260 20212 40102 57004==
62366 44556 33506 10289 20219 40100 54000 70500 83200==
62387 42960 03507 10298 20161 40104 52004==
62393 42960 03604 10296 20128 40131 54000==
62405 42960 02304 10302 20154 40092 52001==
62414 42960 00000 10328 20100 40102 52004==
62419 42960 00000 10307 20106 40096 52005==
62420 42960 00104 10285 20144 40114 52005==
62435 42960 03404 10307 20107 40094 52004==
62458 42960 03404 10305 20156 40088 57004==
62459 42960 03017 10288 20250 40066 57011==
62465 42960 02404 10304 20170 40077 57004==
