SIPK OPKC 110300=
41504 22997 00000 10155 20073 37810 48433 333 20130 58002 60007 70000 58%=
41505 22696 60000 10175 20054 38/// 48/// 83470 333 20160 58/// 56990 60007 70000 83840 86760 45%=
41506 22997 00000 10175 20135 38469 48467 333 20169 60007 70000 77%=
41507 22997 03102 10235 20182 39171 49670 333 20190 59003 60007 70002 72%=
41508 22997 00000 10189 20131 38616 48491 333 20155 58005 60007 70000 69%=
41509 22697 20000 10220 20182 38693 48444 82500 333 20200 56900 58012 60007 70010 82640 79%=
41510 22997 03602 10150 20107 37896 48488 333 20127 58005 60007 70003 76%=
41515 22997 00000 10220 20118 38493 48457 333 20198 58011 60007 70000 52%=
41516 22696 60000 10230 20131 38490 48449 82510 333 20197 56990 58014 60007 70000 82640 84460 54%=
41517 21696 60000 10180 20072 37777 48466 70610 82531 333 20154 56999 58007 60007 70000 82635 83360 49%=
41518 22596 73602 10244 20102 38/// 48/// 84720 333 20228 56990 5//// 60007 70000 81730 83640 86462 42%=
41519 22697 32702 10285 20110 38693 48447 83500 333 20255 56900 58002 60007 70000 83640 34%=
41520 22697 50000 10160 20069 37607 48207 82570 333 20133 56990 58002 60007 70000 82640 53762 55%=
41523 22997 00000 10210 20195 39025 48462 333 20200 58016 60007 70030 91%=
41524 22697 20000 10235 20182 39263 40095 82500 333 20205 56900 58001 60007 70020 82640 72%=
41525 22997 00000 10145 20120 37649 48338 333 20125 59013 60007 70020 85%=
41528 22697 60000 10215 20185 39131 48445 83520 333 20193 56990 59023 60007 70000 83640 83460 83%=
41529 22696 50502 10270 20193 39683 40049 82530 333 20245 56990 58020 60007 70000 82640 83360 63%=
41530 21696 41308 10270 20193 39643 40043 70511 81031 333 20255 56099 58013 60007 81360 83075 63%=
41534 22697 20000 10230 20207 39642 40045 82500 333 20205 56990 58020 60007 70110 82640 87%=
41535 22997 01302 10185 20135 38655 48431 333 20144 58020 60097 70090 73%=
41536 22997 03604 10250 20173 38971 48465 333 20195 58000 60007 70000 62%=
41560 22997 00000 10200 20136 38246 48463 333 20170 58012 60007 70000 67%=
41562 22997 00000 10285 20227 39565 40008 333 20265 59004 60007 70000 71%=
41565 22997 21302 10194 20163 38589 48461 82030 333 20168 56090 59015 60007 70000 82360 82%=
41567 21996 00000 10240 20218 39621 40025 70400 333 20230 58015 69907 79999 87%=
41571 22697 43106 10275 20194 39472 40028 82830 333 20248 56990 59002 69907 79999 61%=
41572 21696 32308 10250 20182 39417 40018 70491 82510 333 20240 56990 58007 60007 70000 82640 83460 66%=
41573 22697 71308 10200 20145 37948 48450 84420 333 20147 56990 58002 60007 70000 84640 83460 71%=
41574 22997 01302 10155 20139 38320 48495 333 20118 58010 60007 70000 90%=
41576 21996 32302 10265 20236 40046 70400 83070 333 20244 56090 58013 60007 70000 83360 84%=
41577 21696 30000 10240 20218 39441 40036 70462 82530 333 20220 56990 58002 69907 70022 82640 82360 88%=
41593 21996 00902 10290 20255 39821 40025 70400 333 20270 58011 60007 70000 81%=
41598 21996 00000 10260 20246 39769 40031 70400 333 20252 58012 60007 70000 92%=
41599 21996 00000 10280 20237 39755 40033 70411 333 20250 58011 60007 70000 77%=
41600 21996 00000 10290 20262 39742 40024 70400 333 20262 58012 60007 70000 85%=
41620 32996 00000 10245 20162 38523 48429 333 20225 58012 60007 70000 62%=
41624 22997 00000 10275 20224 39832 40025 333 20260 58018 60007 70000 74%=
41625 21996 00000 10280 20237 39827 40018 70400 333 20240 58017 60007 70000 77%=
41630 21995 20000 10290 20262 40035 71000 82030 333 20265 56090 58009 60007 70000 82360 85%=
41633 22997 00000 10285 20257 4//// 333 20260 5//// 60007 70000 85%=
41634 22697 42302 10260 20232 3//// 4//// 84600 333 20240 56900 5//// 60007 70000 84640 84%=
41635 21996 00902 10290 20262 3//// 4//// 70400 333 20260 5//// 60007 70000 85%=
41636 21996 01304 10290 20248 39856 40034 70402 333 20265 58013 60007 79999 78%=
41638 21996 00000 10285 20250 4//// 70400 333 20272 5//// 60007 70000 81%=
41639 21996 02702 10285 20250 3//// 4//// 70400 333 20255 5//// 60007 70000 81%=
41640 21996 00000 10285 20250 39791 40030 70400 333 20255 58010 60007 70020 81%=
41641 21996 00803 10295 20230 39774 40035 70400 333 20263 58014 60007 79999 68%=
41642 21696 00000 10280 20252 3//// 4//// 70400 333 20240 5//// 60007 70000 85%=
41643 21996 30000 10280 20252 39754 40019 70422 83030 333 20245 56090 58009 60007 70058 83360 85%=
41644 22997 00000 10270 20249 4//// 333 20245 5//// 60007 70080 88%=
41646 21996 00000 10300 20258 39834 40036 70400 333 20250 58010 60007 70000 78%=
41652 21996 00506 10300 20220 39854 40025 70400 333 20265 58019 60007 70000 62%=
41660 21995 00000 10200 21023 38399 48486 70600 333 20155 58010 60007 70000 22%=
41661 21995 00000 10170 20047 38350 48475 70540 333 20135 58005 60007 70000 44%=
41669 21996 00000 10285 20235 3//// 4//// 70400 333 20267 5//// 60007 70000 74%=
41670 21996 00000 10275 20231 3//// 4//// 70400 333 20265 5//// 60007 70000 77%=
41674 21995 01804 10300 20258 3//// 4//// 70400 333 20282 5//// 60007 70000 78%=
41675 21995 00000 10315 20260 39883 40019 70400 333 20290 58014 60007 70000 72%=
41676 21996 03102 10290 20248 39897 40048 70400 333 20275 58015 60007 70000 78%=
41677 21996 00902 10290 20262 39839 49999 70400 333 20267 58003 60007 70000 85%=
41678 21996 00000 10310 20223 40018 70500 333 20280 58013 60007 70000 60%=
41679 21996 00000 10280 20259 4//// 70400 333 20260 5//// 60007 70000 88%=
41680 21995 00000 10285 20255 39835 40025 71000 333 20265 58007 60007 70000 85%=
41685 22997 00000 10245 20193 38846 48445 333 20230 58009 60007 70090 73%=
41697 22997 00000 10310 20254 39867 40015 333 20275 58014 60007 70000 72%=
41700 21996 00904 10305 20256 39882 40001 70400 333 20287 58008 60007 70000 75%=
41701 21996 00000 10300 20251 39882 40019 70400 333 20268 58005 60007 70000 75%=
41710 21996 00000 10220 21069 39285 40038 70600 333 20195 58008 60007 70000 14%=
41712 21996 00000 10225 20008 39129 48464 70500 333 20210 58012 60007 70000 24%=
41715 21996 00000 10305 20278 39954 40017 70500 333 20280 58014 60007 70000 85%=
41716 21996 00000 10300 20265 39925 40023 70400 333 20274 58007 60007 70000 82%=
41718 21996 00000 10310 20254 39899 49997 70400 333 20283 58002 60007 70000 72%=
41724 21996 00000 10300 20253 39953 40029 70500 333 20280 58009 60007 70000 78%=
41725 22996 02302 10305 20256 39937 40013 333 20280 58005 60007 70000 75%=
41726 22996 00000 10295 20260 39943 40011 333 20280 59003 60007 70000 82%=
41738 22996 00506 10275 20182 39864 40038 333 20265 58001 60007 70000 57%=
41739 21996 03106 10245 21006 38998 48473 70500 333 20225 58006 60007 70000 19%=
41742 22997 00000 10280 20244 39927 40028 333 20210 58000 60007 70000 81%=
41743 21996 00000 10295 20245 70500 333 20265 60007 70000 75%=
41744 21996 03102 10255 20062 38702 48436 70600 333 20225 59008 60007 70000 29%=
41745 21996 01802 10285 20250 70500 333 20250 60007 70000 81%=
41746 22996 00000 10280 20252 39963 40015 333 20265 58008 60007 70000 85%=
41747 22996 00902 10310 20261 39944 40001 333 20270 58010 60007 70000 75%=
41748 22996 01804 10300 20258 39960 40021 333 20285 58018 60007 70000 78%=
41749 22996 01304 10285 20264 39977 40010 333 20265 58007 60007 70000 89%=
41756 21496 62302 10280 20252 39961 40024 70500 86600 333 20225 56900 59015 60007 70000 86715 85%=
41757 21994 00000 10260 20246 30026 40038 71040 333 20250 58005 60007 70000 92%=
41759 21695 70000 10265 20251 30009 40015 7441/ 83510 333 20240 56990 59018 60007 70000 83640 86460 92%=
41760 21595 41802 10280 20252 30017 40030 70400 84600 333 20230 56900 59002 60007 70000 84720 85%=
41764 21996 02112 10280 20244 39972 40020 70500 333 20260 58010 60007 70000 81%=
41765 21996 02306 10275 20239 39980 40015 71040 333 20260 58003 60007 70000 81%=
41766 21996 02304 10270 20249 39970 40000 70400 333 20230 59008 60007 70000 88%=
41767 22996 0//// 10270 20241 333 20245 60007 70000 84%=
41768 22596 22304 10280 20259 30015 40022 82600 333 20260 56500 58004 60007 70000 82720 88%=
41780 21696 62906 10285 20250 30006 40033 70400 86500 333 20275 56900 58010 60007 70000 86630 81%=
41783 22996 32304 10275 20247 39985 40014 83030 333 20260 56990 59008 60007 70000 83360 85%=
41785 22997 02302 10275 20254 30013 40026 333 20255 59008 60007 70000 88%=
41786 22596 32304 10280 20237 39976 40012 83600 333 20250 56500 58001 60007 70000 83720 77%=
41BAG 22697 30502 10180 20072 83500 333 20130 56900 60007 70000 83640 49%=
41BKI 22996 50000 10290 20199 39636 40035 85010 333 20265 56090 58013 60007 70000 85460 58%=
41SKP 21996 00000 10280 20259 3//// 4//// 70400 333 20257 5//// 60007 70000 88%=
43532 22697 60000 10225 20179 39235 40011 83520 333 20200 56990 59005 60007 70000 83640 83460 75%=
43533 22697 40000 10235 20182 39147 48448 84520 333 20225 56900 58008 60007 70000 84640 72%=
43563 22997 00502 10239 20218 39369 40036 333 20210 58004 60007 70020 88%=





Data Generated from File : D:\all data handling\Rmc_lhr\2024091103.FSU.txt
11/09/24 04:02:15
______________________________________________________________
15007 25/70 /3003 10159 20134 39632 40087 54001 7000/ 333 55300 0//// 20000 3//// 60007=
15020 24/70 /3003 10179 20131 39888 40079 54001 333 55300 20000 60007==
15023 25/70 /3205 10167 20130 39656 40066 54000 7000/ 333 55300 0//// 20000 3//// 60007=
15056 25/70 /3205 10181 20125 39736 40073 55000 7000/ 333 55300 0//// 20000 3//// 60007=
15069 27/11 /0101 10118 20118 39040 42731 57004 720// 333 55300 0//// 20000 3//// 60007=
15073 25/70 /3302 10171 20123 39633 40083 54000 7000/ 333 55300 0//// 20000 3//// 60007=
15090 21559 82801 10179 20176 39986 40075 52002 71062 8552/ 333 55300 10070 20000 30000 60037 91002 90730 91103==
15107 27/06 /1301 10123 20120 39301 42735 57003 7313/ 333 55300 0//// 20000 3//// 60007=
15108 21/00 91305 10085 20085 38050 48445 57002 74542 89/// 333 55300 20000 60007 91007 90730 91108==
15109 25/70 /2902 10159 20137 39658 40079 57002 7000/ 333 55300 0//// 20000 3//// 60007=
15111 25/70 /3402 10168 20122 39815 40069 54001 7000/ 333 55300 0//// 20000 3//// 60007=
15113 25/70 /2801 10167 20156 39912 40071 54001 7000/ 333 55300 0//// 20000 3//// 60007=
15127 27/03 /2201 10116 20114 39228 42732 57003 7333/ 333 55300 0//// 20000 3//// 60007=
15148 25/70 /0602 10110 20100 38650 48430 57002 7000/ 333 55300 0//// 20000 3//// 60007=
15150 24570 53201 10168 20151 39869 40075 54001 83530 333 55300 20000 60007 91002 90730 91102==
15154 25/68 /3301 10170 20158 39929 40067 54001 7000/ 333 55300 0//// 20000 3//// 60007=
15168 27/27 /2201 10137 20133 39470 42723 57007 7101/ 333 55300 0//// 20000 3//// 60007=
15170 21/50 93201 10122 20118 39319 42725 57005 71022 8807/ 333 55300 20000 60007 91001 90730 91101==
15194 25/70 /2701 10168 20152 39790 40075 54000 7000/ 333 55300 0//// 20000 3//// 60007=
15197 25/70 /0102 10190 20167 39867 40069 57004 7000/ 333 55300 0//// 20000 3//// 60007=
15215 27/41 /3401 10132 20129 39487 42722 57008 7101/ 333 55300 0//// 20000 3//// 60007=
15217 25/70 /0202 10141 20126 39420 42723 57008 7000/ 333 55300 0//// 20000 3//// 60007=
15219 25/70 /2902 10181 20157 39945 40065 54001 7000/ 333 55300 0//// 20000 3//// 60007=
15238 25/70 /3301 10137 20129 39469 42722 57008 7000/ 333 55300 0//// 20000 3//// 60007=
15261 27/48 /0101 10124 20124 39282 42737 57008 723// 333 55300 0//// 20000 3//// 69917=
15262 22197 80905 10097 20094 38159 48436 57007 885// 333 55300 0//// 20000 3//// 60007 91008 91108=
15265 25/70 /3302 10187 20168 39991 40063 57003 7000/ 333 55300 0//// 20000 3//// 60007=
15280 21/00 91004 10048 20048 37469 47033 57007 74584 89/// 333 55300 20000 60017 91005 90730 91107==
15300 21596 83001 10136 20134 39456 42721 57006 71022 885// 333 55300 0//// 20000 3//// 60007 91001 91101=
15301 21570 80903 10115 20098 38562 48446 57008 70282 883// 333 55300 0//// 20000 3//// 60017 91004 91105=
15302 27/58 /3600 10115 20113 38853 48431 57007 7101/ 333 55300 0//// 20000 3//// 69927=
15307 25/70 /0302 10199 20167 39881 40059 58002 7000/ 333 55300 0//// 20000 3//// 60007=
15310 24/66 /0301 10194 20179 39979 40062 57005 333 55300 10110 20000 30000 60007==
15324 27/70 /3201 10133 20127 39284 42714 57008 723// 333 55300 0//// 20000 3//// 69937=
15325 21564 83401 10109 20091 38420 48432 57008 70282 883// 333 55300 0//// 20000 3//// 60027 91002 91103=
15328 25/70 /3602 10181 20139 39724 40061 55007 7000/ 333 55300 0//// 20000 3//// 69927=
15335 27403 51401 10177 20174 30055 40062 56007 7333/ 85600 333 55300 20000 60007 91001 90730 91102==
15336 25/61 /3500 10187 20183 30056 40058 56005 7000/ 333 55300 0//// 20000 3//// 60007=
15349 27/59 /1301 10155 20152 39525 40060 55008 723// 333 55300 0//// 20000 3//// 69947=
15350 24/70 /0403 10205 20177 39946 40061 57005 333 55300 20000 69917==
15360 24970 00104 10214 20195 30045 40061 57005 333 55300 20000 60007 91005 90730 91105==
15375 21445 80701 10171 20164 39711 40057 55005 76162 8672/ 333 55300 0//// 20000 3//// 60017 91002 91104=
15377 27/14 /1801 10176 20174 39846 40054 56005 7838/ 333 55300 0//// 20000 3//// 60047=
15387 25/69 /0102 10196 20188 30058 40062 57005 7000/ 333 55300 0//// 20000 3//// 60007=
15402 27/33 /0100 10194 20187 39985 40056 55001 7828/ 333 55300 0//// 20000 3//// 60017=
15405 27/66 /0502 10194 20184 30000 40060 55004 7818/ 333 55300 0//// 20000 3//// 69937=
15406 25/70 /0402 10191 20177 30009 40054 55004 7000/ 333 55300 0//// 20000 3//// 60007=
15408 25/70 /0703 10183 20173 39803 40059 55005 7000/ 333 55300 0//// 20000 3//// 60007=
15409 25/62 /0104 10191 20185 30014 40059 55004 7000/ 333 55300 0//// 20000 3//// 60007=
15419 27/67 /0601 10181 20176 39871 40058 57004 7516/ 333 55300 0//// 20000 3//// 60037=
15420 21569 80402 10194 20184 39943 40049 55001 72582 8437/ 333 55300 20000 69947 91004 90730 91104==
15421 21560 80602 10188 20173 39953 40060 57003 78082 883// 333 55300 10098 20000 30000 69967 91004 91106=
15422 21597 70401 10200 20194 39949 40047 57003 72582 83370 333 55300 0//// 20000 3//// 69947 91002 91102=
15425 27462 80703 10196 20181 39991 40052 56006 7616/ 8802/ 333 55300 0//// 20000 3//// 69917 91004 91104=
15434 21547 80402 10173 20169 39849 40052 57002 78088 8597/ 333 55300 0//// 20000 3//// 60027 91003 91103=
15444 25/70 /0701 10204 20187 39985 40055 55002 7000/ 333 55300 0//// 20000 3//// 60007=
15455 27/62 /0802 10180 20173 39924 40050 55003 7238/ 333 55300 0//// 20000 3//// 69957=
15460 27/50 /1001 10200 20194 30027 40051 55002 7828/ 333 55300 20000 60027==
15462 25570 61002 10200 20187 39973 40056 55001 7000/ 86500 333 55300 0//// 20000 3//// 60007 91002 91103=
15470 21559 82902 10178 20175 39924 40046 50001 78082 8437/ 333 55300 20000 60037 91003 90730 91103==
15475 26/// /2201 10181 20181 30029 40048 50001 333 55300 0//// 20000 3//// 60047=
15479 25/70 /0902 10201 20186 39870 40055 55001 7000/ 333 55300 0//// 20000 3//// 60007=
15480 24570 62101 10232 20201 30035 40052 55004 86500 333 55300 10100 20000 30000 60007 91002 90730 91102==
15489 21564 80101 10179 20173 39958 40048 55002 72582 8537/ 333 55300 0//// 20000 3//// 60027 91001 91101=
15491 21569 82501 10183 20170 30018 40047 57006 78082 8337/ 333 55300 0//// 20000 3//// 69947 91001 91102=
15499 25/70 /0904 10239 20216 30041 40049 55003 7000/ 333 55300 0//// 20000 3//// 60007=
15549 41568 70202 10173 20163 39645 40041 58007 70282 87400 333 10202 20171 555 59400 69099=
15552 41460 83201 10188 20183 39995 40041 57003 79598 889// 333 10238 20188 555 59727 65499 92035 92437 93027=
15640 42670 70000 10201 20179 39744 40039 58005 87500 333 10231 20199 555 587//=
15655 41568 60000 10198 20195 30007 40038 57005 70298 86500 333 10245 20195 555 59806 69299 92025 92427=
15730 41670 80000 10176 20171 39657 40034 57004 70262 8652/ 333 10177 20168 555 59700 69972=
16627 41560 80203 10196 20190 30023 40029 56006 79599 8597/ 333 85625 88358 82920 90730 91110==
16650 42560 40000 10210 20201 30027 40035 52005 82150 333 82820 83358 90730 91106==
16667 41560 61408 10218 20173 30042 40053 53010 70262 86800 333 82820 86630 90730 91124==
16706 41460 20000 10210 20204 30030 40036 57003 70196 82600 333 90730 91114==
16723 41460 71516 10250 20236 30023 40036 57011 72161 85860 333 81818 84625 87358 90730 91123==
16732 46/// /1911 10256 20222 30034 40044 52003 333 90730 91116==
16742 42560 41909 10248 20221 39906 40054 53001 82141 333 82825 84357 90730 91119==
16749 41460 60002 10256 20227 30045 40058 56004 72052 84870 333 82816 83620 86358 90730 91108==
16754 42560 10003 10234 20210 30015 40062 52006 81100 333 90730 91106==
16760 42560 21905 10218 20200 40070 52004 82100 333 90730 91107==
16765 42960 02108 10258 20234 40063 57016 333 90730 91113==
17022 42670 51103 10203 20163 39892 40049 56001 85200 333 85834 90730 91106==
17031 41348 21003 10171 20162 30049 40055 55000 71000 82600 333 82708 90730 91105==
17034 42970 00000 10224 20178 30022 40066 55002 333 90730 91105==
17038 42970 00701 10238 20208 30012 40057 57005 333 90730 91111==
17050 41670 70000 10204 20185 39984 40043 56002 70382 85270 333 85835 87360 90730 91104==
17056 42670 53002 10214 20172 30031 40035 55000 83230 333 83835 85360 90730 91107==
17060 42960 00505 10224 20196 30005 40043 57003 333 90730 91108==
17070 42665 50000 10153 20118 39232 40052 53003 85200 333 85835 90730 91103==
17084 42962 02301 10156 20147 39208 40055 53004 333 90730 91104==
17085 42970 03202 10187 20126 39599 40056 53006 333 90730 91107==
17092 42970 02101 10124 20104 38825 48479 53003 333 90730 91112==
17096 42960 01801 10097 20090 38248 48502 52003 333 90730 91106==
17098 41912 01001 10076 20076 38220 48518 53003 74144 333 90730 91104==
17100 42970 00000 10160 20147 39165 40113 52005==
17115 42660 62402 10201 20166 39999 40047 53002 84250 333 84835 86360 90730 91107==
17116 42665 52801 10194 20173 39934 40048 53003 83250 333 83840 85360 90730 91102==
17124 42660 50401 10152 20131 39191 40048 57003 83130 333 83840 85360 90730 91105==
17128 42970 41102 10151 20044 39020 40049 50003 80001 333 84068 90730 91105==
17150 41660 72309 10191 20177 39946 40062 52020 78022 83250 333 83835 86360 90730 91113==
17170 42660 11102 10128 20115 38338 48501 52005 81100 333 81840 90730 91104==
17184 41559 73402 10195 20161 39961 40066 52023 79598 87900 333 84830 83925 90730 91104==
17190 42670 10000 10164 20138 38929 48459 57005 81100 333 81840 90730 91103==
17190 42670 10000 10164 20138 38929 48459 57005 81100 333 81840 90730 91103==
17195 42970 00605 10112 20074 38929 48478 52005 333 90730 91106==
17200 42970 02105 10131 20067 39139 40064 52007 333 90730 91106==
17202 42970 02704 10161 20055 39084 40054 52005 333 90730 91108==
17203 42970 00000 10182 20099 38850 48528 53004 333 90730 91103==
17219 41550 70411 10192 20192 39924 40061 53010 79598 87900 333 85830 83920 90730 91117==
17237 42670 10201 10215 20115 39586 40061 52005 81100 333 81840 90730 91103==
17240 42570 21305 10199 20156 38986 40064 55000 82100 333 82830 90730 91113==
17244 42970 00206 10139 20075 38950 48476 52005 333 90730 91109==
17248 42670 21001 10167 20029 38937 48477 52003 82100 333 82840 90730 91108==
17250 42970 00302 10127 20060 38772 48481 52005 333 90730 91106==
17260 42960 03101 10166 20122 39270 40036 53007 333 90730 91105==
17280 42960 00000 10204 20098 39320 40050 52006 333 90730 91104==
17292 42570 70000 10196 20149 39348 40063 52002 83250 333 83830 86358 90730 91107==
17300 42560 43507 10245 20214 30020 40087 56001 84200 333 84830 90730 91109==
17310 42970 00601 10258 20195 30067 40074 53001 333 90730 91105==
17350 42660 30304 10230 20196 30002 40076 53003 83100 333 83835==
33088 42/60 53301 10148 20108 39895 40079 54000 85070==
33135 42960 80000 10128 20111 39961 40104 53004 80005 333 55100==
33177 41540 83501 10162 20154 39861 40088 57001 78082 889//==
33317 42/// 62701 10128 20100 39758 40084 53004 85035 333 55051==
33393 41150 80000 10154 20154 39714 40089 54000 71022 886// 333 88703==
33415 42660 83202 10145 20110 39701 40083 54000 8555/==
33429 41560 70101 10147 20115 39674 40079 53001 72582 86330 333 86930==
33466 41526 80801 10152 20147 39911 40091 53001 71022 86531 333 30/// 86627==
33506 42/60 50601 10156 20138 39913 40101 52003 85030 333 55062==
33562 42/60 60000 10152 20136 39796 40088 51001 86030==
33587 42/60 60000 10151 20114 39837 40090 53002 86050==
33658 41664 83003 10166 20146 39796 40082 52002 78082 8437/ 333 84940==
33663 42560 70000 10179 20146 39984 40075 53001 85350==
33664 42997 83501 10166 20124 39769 40071 53001 8805/ 333 55061 555 20161 7000/=
33678 42898 70000 10166 20115 39886 40089 52001 87070 555 20166 7000/=
33679 42497 60401 10174 20143 39911 40093 52008 86500 555 20172 7000/=
33711 42/60 61002 10168 20151 39887 40087 53001 86030==
33745 42597 60901 10171 20119 39899 40082 54000 86900 333 55087 555 20171 7000/=
33748 42997 71103 10184 20152 39796 40065 57001 87030 555 20179 7000/=
33754 42997 70000 10160 20129 39931 40071 58002 87030 333 55015 555 20159 7000=
33761 42570 50000 10157 20128 39868 40082 52001 83350==
33791 42/62 61001 10168 20160 39971 40093 53004 86030==
33815 42598 70000 10182 20151 39871 40068 58001 87500 333 55038 555 20179 7000/=
33837 41257 70703 10205 20195 30024 40073 58001 72841 87600 333 55070 87704==
33881 42598 50202 10181 20164 39882 40068 57001 85500 555 20178 7000/=
33883 42897 70201 10173 20173 39912 40066 57001 87030 555 20172 7000/=
33885 41596 71002 10184 20183 39943 40074 57014 71022 82340 333 55061 555 20179 7000/=
33892 42996 70801 10166 20166 39868 40069 57001 87030 333 55068 555 20161 7000/=
33902 41540 70000 10184 20176 30025 40081 53002 71011 83380 333 55079==
33924 21540 81001 10202 20191 30064 40076 57002 71011 889// 333 20198 60002==
33946 22782 61103 10194 20166 39868 40077 53001 82530 333 20187 55109 60002==
33983 21920 00000 10181 20176 30024 40082 53003 71000 333 20168 55084 60002==
34300 42660 60000 10174 20131 39946 40115 53004 84530==
34336 22/70 20602 10160 20075 30051 40151 52006 82030 333 20160 30/// 60002==
34344 22970 01101 10132 20102 30066 40151 53006 333 20132 30/// 60002==
34356 22560 60904 10168 20087 30030 40171 53007 86500 333 20157 30/// 55007 60002==
34357 22570 51103 10147 20088 30008 40157 53005 82530 333 20137 30/// 60002==
34398 22970 61403 10141 20050 30192 40202 53007 80006 333 55064 60002==
34415 42660 50000 10145 20138 30015 40108 53004 85500==
34438 22560 30905 10161 20099 39948 40131 52004 82480 333 20160 39/// 60002==
34445 22/70 22801 10119 20068 30042 40150 52005 82070 333 20113 30/// 60002==
34461 22460 80903 10187 20080 30114 40166 52003 8655/ 333 20147 30/// 60002==
34473 32597 70904 10191 20069 30150 40187 52006 85530 333 55025 555 20179 30016 7990/=
34476 22570 80705 10204 20059 30174 40181 53005 8493/ 333 20183 30/// 55041 60002==
34504 42/60 20000 10177 20167 39931 40096 52005 82030==
34535 22570 61102 10171 20107 30057 40125 52008 84980 333 20171 30/// 60002==
34545 22970 00702 10153 20094 30030 40137 52004 333 20150 30/// 60002==
34555 22570 70803 10177 20104 30070 40157 52007 86540 333 20173 30/// 69932==
34560 41/60 60805 10163 20119 39984 40166 52009 70298 85030 333 20154==
34578 22/60 81302 10179 20078 30158 40165 52008 8808/ 333 20164 30/// 69952==
34579 22570 50502 10184 20069 30130 40172 52007 85500 333 20171 30/// 55056 69922==
34644 22560 60703 10174 20116 30043 40116 52005 85830 333 20174 30/// 60002==
34646 22/70 51004 10186 20118 30052 40130 52007 82031 333 20186 31/// 55074 60002==
34655 22560 50604 10168 20078 30083 40140 52008 85400 333 20167 31/// 60002==
34662 22/70 60702 10169 20085 30145 40156 52008 80050 333 20156 60002==
34691 42570 70902 10193 20104 30196 40184 53010 87330 333 55061==
34720 22670 70403 10196 20163 30056 40093 52005 86530 333 20196 31/// 55090 69932==
34727 22560 60702 10202 20150 30058 40086 52002 86400 333 20198 30/// 60002==
34743 22960 70703 10161 20093 30040 40125 52006 80009 333 20161 30/// 60002==
34759 22560 70803 10170 20114 30004 40129 53007 83531 333 20170 30/// 55095 60002==
34772 25/70 20803 10173 20076 30153 40156 53011 8203/ 333 20171 36/// 60002==
34785 22/70 60803 10187 20112 30181 40160 52006 85082 333 20183 30/// 69912==
34798 22/60 60802 10198 20131 30192 40164 53010 86030 333 60002==
34824 21/40 80101 10205 20184 30076 40081 52001 71022 82031 333 20205 30/// 55079 60002==
34838 22/60 50000 10204 20145 39997 40087 53008 85071 333 20200 31/// 60002==
34845 22/70 61003 10200 20160 30002 40103 52005 80030 333 20200 30/// 60002==
34858 22/60 81202 10190 20135 30015 40117 52004 86035 333 20190 30/// 60002==
34861 22/70 10167 20089 39898 40130 52004 86050 333 20160 30/// 55077 60002==
34866 22570 60905 10179 20117 30140 40132 53004 83931 333 20167 30/// 60002==
34880 22560 50702 10184 20121 30175 40150 52003 82931 333 20183 31/// 55070 69972==
34887 22570 20402 10174 20119 30160 40141 53004 81501 333 20165 30/// 69912==
34949 22360 61004 10172 20164 39589 40106 52004 85631 333 20167 30/// 55109 60002==
34954 22570 81102 10199 20166 39946 40109 52007 86509 333 20199 30/// 55094 60002==
34958 22570 80802 10188 20156 39925 40113 52002 885// 333 20183 30/// 60002==
34975 22570 50902 10181 20121 30128 40124 52004 85551 333 20181 30/// 60002==
34984 22/70 60603 10187 20138 30162 40133 53005 80031 333 20177 30/// 60002==
35217 12960 50904 10148 20055 30197 40236 52008 60002 80003==
35302 12970 21303 10150 20086 30209 40229 52013 60002 80001==
35315 32598 30903 10159 20051 30180 40235 52007 81530 555 20130 30011 7000/=
35344 32699 30302 10125 20087 30001 40279 53010 82280 333 55109 555 20099 30010 7000/=
35358 12960 00205 10137 20055 30092 40255 52008 60002==
35368 32999 53603 10132 20065 39994 40251 52006 85030 333 55097 555 20102 30009 7000/=
35386 32598 60901 10140 20085 39749 40245 52011 86500 555 20124 30011 7000/=
35394 12670 70702 10136 20081 39600 40245 52011 60002 87500 333 55099==
35404 32698 71303 10145 20070 30202 40210 53009 82531 555 20140 30012 7000/=
35406 12/60 61101 10152 20077 30218 40220 52008 60002 85030 333 55103==
35416 12/70 62202 10151 20064 30129 40244 52009 60002 83031 333 55108==
35426 12984 60000 10137 20076 39985 40265 53011 60002 80001==
35437 32698 70201 10128 20082 39961 40263 52006 83554 333 55106 555 20122 30011 7000/=
35449 32998 00206 10142 20108 30153 40252 53008 555 20133 30011 7000/=
35497 12/70 20903 10150 20051 39473 40229 52010 60002 82030==
35498 32698 60000 10100 20051 39403 40249 52013 86500 555 20034 30002 7000/=
35514 32998 70903 10162 20059 30227 40223 52009 80007 555 20156 30013 7000/=
35522 32998 70000 10163 20057 30008 40248 52008 80004 555 20160 30012 7000/=
35542 32999 00501 10133 20080 30115 40256 53010 333 55109 555 20123 30010 7000/=
35563 32598 70000 10142 20088 39507 40237 53007 87500 333 55081 555 20126 30008 7000/=
35576 12/70 60502 10146 20083 39806 40232 53013 60002 86070==
35582 32998 20504 10119 20056 39660 40235 52009 80003 555 20080 30006 7000/=
35594 32699 21402 10127 20016 39433 40232 52008 81201 555 20030 30002 7000/=
35605 32998 80704 10175 20053 30219 40199 53007 86073 555 20161 30014 7000/=
35633 32998 00204 10128 20055 30045 40251 53007 333 55106 555 20122 30010 7000/=
35671 12570 53601 10154 20088 39820 40226 52005 60002 85500==
35699 12960 00502 10149 20067 39515 40230 52007 60002==
35700 12570 71104 10188 20056 30217 40195 53008 60002 83970 333 55098==
35715 32999 61105 10194 20070 30220 40206 53004 86040 555 20164 30014 7000/=
35739 32999 30702 10135 20066 30095 40228 51004 80001 555 20130 38011 7000/=
35746 12970 20205 10144 20064 30157 40220 53005 60002 80001 333 55111==
35777 32997 00000 10122 20045 39893 40224 58016 555 20105 30007 7000/=
35796 12960 20504 10168 20058 39811 40220 52005 60002 80001 333 55007==
35849 12970 00202 10150 20071 30130 40212 53005 60002 333 55114==
35895 32998 00203 10143 20060 39808 40230 52006 555 20104 30009 7000/=
35907 32998 61006 10185 20122 30175 40147 52003 80009 555 20182 7000/=
35925 12670 60905 10165 20046 30096 40202 53006 60002 86400==
35927 32698 50904 10181 20036 30185 53001 83540 555 20177 7000/=
35953 12/84 20302 10173 20069 30086 40208 53008 60002 82030==
35969 12984 00000 10148 20019 30043 40208 53005 60002==
35997 32998 00000 10152 20073 39806 40218 52009 555 20117 30009 7000/=
36259 42584 61301 10067 21011 38276 48540 57001 83902==
36335 32999 10000 10141 20067 39279 40247 52007 81040 555 20053 30004 7000/=
36358 32999 70000 10115 20080 39278 40248 52005 87030 555 20047 30003 7000/=
36394 32997 73205 10141 20105 39825 40225 52002 82043 555 20066 30004 7000/=
36397 12684 63202 10126 20103 39688 40224 53003 60002 86570==
36403 32998 70501 10116 20088 39873 40217 52006 81082 333 55112 555 20052 30004 7000/=
36418 32999 72101 10154 20075 39620 40196 52004 83033 555 20086 30007 7000/=
36421 32999 70000 10067 20051 39678 40224 52004 80005 555 20013 30002 7000/=
36428 12784 70501 10140 20090 39735 40207 51005 60002 83544==
36439 32798 60000 10105 20060 38998 48541 53004 82532 555 20042 30005 7000/=
36498 32598 73503 10135 20084 39481 40230 52006 87300 555 20110 30010 7000/=
36501 32999 70000 10131 20101 39520 40233 52004 87030 555 20097 30007 7000/=
36535 12584 70000 10134 20062 39616 40214 52007 60002 87300 333 55093==
36546 32999 60000 10141 20084 39694 40202 53008 83043 555 20066 30005 7000/=
36619 /2599 63602 10160 20095 84950 555 20144 30011 69902 7990/=
36622 32998 73602 10135 20082 39461 40220 53006 87040 555 20113 30008 7000/=
36639 42584 80000 10149 20106 39626 40195 53008 889//==
36643 32599 72505 10170 20082 39584 40201 51002 85970 555 20127 30012 7000/=
36665 32699 60902 10167 20056 39514 40191 52007 83902 333 55095 555 20138 30012 7000/=
36666 32999 22706 10188 20063 39739 40196 52005 81031 333 55098 555 20133 30011 7000/=
36729 32998 32504 10183 20079 39748 40196 52003 82031 555 20153 30014 7000/=
36736 32599 71201 10169 20104 39687 40204 52005 85580 333 55083 555 20128 30010 7000/=
36744 32998 20000 10121 20047 39791 40221 53010 80001 555 20114 30008 7000/=
36770 /2599 70000 10126 20074 39529 40220 53004 86901 555 20077 30008 69932 7001/=
36786 32999 70000 10112 20072 39341 40219 52001 80002 555 20082 30007 7000/=
36796 32998 60000 10046 21002 39070 48539 58001 86070 555 20024 31002 7990/=
36803 32699 50901 10188 20116 39783 40200 53005 81532 555 20131 7000/=
36806 32599 82902 10192 20029 39760 40196 52005 889// 555 20114 7000/=
36819 32998 21101 10152 20047 39633 40213 53007 80001 333 55014 555 20090 30007 7000/=
36821 12/84 10000 10149 20085 39756 40220 52007 60002 81030==
36839 32999 80201 10095 20041 39137 40226 53004 80004 555 20063 31004 7994/=
36843 32998 50000 10107 20060 39094 40222 52001 80002 555 20055 30004 7994/=
36846 32999 72001 10101 20043 38652 48543 53001 80002 555 20020 30100 7000/=
36859 12584 70000 10154 20106 39472 40210 54000 60002 86905==
36870 12960 20501 10151 20078 39238 40197 53006 60002 80001==
36874 32999 00501 10123 20056 39473 40217 53008 555 20052 30003 7000/=
36877 32999 03501 10137 20065 39281 40210 54000 555 20039 30003 7000/=
36885 32999 00000 10140 20055 39135 40208 53003 555 20065 31004 7000/=
36889 32999 20000 11016 21080 37106 47138 53002 80001 333 42008 555 21028 7001/=
36894 32999 20000 10157 20067 39510 40210 53001 80002 555 20098 30006 7000/=
36905 32699 61201 10119 20070 38782 48546 57002 82230 333 55019 555 20084 31007 7991/=
36911 12999 00902 10160 20088 39267 40192 57001 6//// 333 20088 30009 555 50160 530// 7000/=
36927 12699 23202 10114 20046 38383 48540 58003 6//// 82900 333 20076 555 50121 530// 7000/=
36934 12598 61903 10129 20057 38300 48422 53003 6//// 85932 333 2//// 555 10113 5//// 530// 7003/=
36953 32598 80000 10078 20062 38251 48508 57004 889// 333 55007 555 20048 31003 7996/=
36963 12799 30902 10008 21031 37088 48/// 53009 6//// 82501 333 2//// 555 10006 5//// 530// 7000/=
36974 12998 00902 10088 20038 38007 48547 56001 6//// 333 2//// 555 10093 5//// 530// 7000/=
36982 12999 02801 11017 21058 36582 47134 53002 6//// 333 21059 555 5//// 530// 7////=
37018 22970 70302 10221 20163 39997 40068 57004 80001 333 20216 30/// 55110 60002==
37031 22/60 21601 10199 20173 39905 40088 52006 82040 333 20184 30/// 55105 60002==
37054 21540 80000 10190 20176 39747 40110 52004 71011 885// 333 20175 30/// 60002==
37061 22560 80902 10198 20162 39957 40116 52004 885// 333 20190 30/// 55072 60002==
37085 22570 60904 10209 20160 30143 40117 52004 86500 333 20201 30/// 60002==
37171 22970 20704 10234 20151 30043 40060 57004 80001 333 20215 60002==
37228 22/84 11601 10158 20111 39317 40113 52004 81030 333 20155 31/// 55073 60002==
37235 21/05 90000 10180 20178 39809 40109 52006 74544 89/// 333 20176 30/// 60002==
37472 21940 00000 10192 20187 30133 40112 52013 71000 333 20191 30/// 55011 60002==
38149 12/70 70704 10159 20059 30112 40186 53006 60002 84032==
38178 12970 00000 10167 20013 39916 40190 53006 60002 333 55092==
38262 12/70 70601 10140 20056 30108 40187 53005 60002 87032 333 55105==
38264 12970 6//01 10156 21014 30091 40181 52009 60002 80003==
38345 12999 00901 10125 20000 38830 48536 58006 6//// 333 20060 30004 555 5//// 530// 7000/=
38353 12998 20000 10176 20051 39331 40186 54000 6//// 80001 333 20106 30007 4//// 55/// 555 5//// 530// 7000/=
38388 32998 30000 10174 20040 30087 40156 57007 83030 333 20160 38014 55118 555 7000/=
38392 32997 60905 10170 20034 30074 40173 53012 84032 333 20142 30014 55116 555 7000/=
38396 12960 3//01 10155 20058 30058 40179 53010 60002 80001 333 20105==
38403 12960 00202 10195 20061 30062 40177 53005 60002==
38413 12970 01102 10200 21017 39903 40179 57013 60002 333 55101==
38457 12960 00502 10185 20067 39604 40164 52008 60002 333 55111==
38462 12984 00000 10118 20011 38784 48524 53002 60002 333 20069==
38462 12984 00000 10118 20011 38784 48524 53002 60002 333 20069==
38507 32998 20000 10175 21027 30019 40118 53004 82030 333 20174 30017 55112 555 7000/=
38545 12998 30101 10138 20082 30006 40176 53008 6//// 80003 333 20112 30010 55113 555 5//// 52/// 530// 7////=
38565 12970 00703 10174 20034 39580 40152 56003 60002 333 20095==
38579 12984 00000 10162 20068 39758 40161 52006 60002 333 55113==
38583 12960 00501 10154 20085 39858 40168 52010 60002==
38599 32998 00503 10178 20094 39682 40175 52007 333 20106=
38611 12960 00501 10195 20071 39635 40179 52006 60002 333 55117==
38613 12999 00102 10158 20053 40182 53004 6//// 333 20116 30009 555 10166 5//// 530// 7000/=
38616 12999 01801 10180 20076 39200 40166 53004 6//// 333 2//// 555 10148 5//// 530// 7000/=
38618 12960 00000 10174 20073 39506 40167 52004 60002 333 55104==
38647 32998 00804 10176 21002 30063 40103 52004 333 20174 30015 555 7000/=
38656 32998 00902 10192 21017 30042 40147 57018 333 20174 30014 55110 555 7000/=
38683 12960 03602 10157 20055 39884 40150 53006 60002==
38687 32997 03603 10160 20056 39923 40150 53003 333 20140 30014 55115 555 7000/=
38696 12984 00901 10148 20058 39335 40163 53007 60002 333 55106==
38713 32998 01802 10156 20027 39044 48520 54000 333 20089 30005 55109=
38750 32997 01301 10211 20192 30138 40110 54000 333 20208 30020 55113 555 7000/=
38763 32998 01004 10182 20015 30022 40123 53005 333 20182 30017 55118 555 7000/=
38774 32998 01801 10169 20023 39949 40137 53007 333 20166 30013 555 7000/=
38799 32997 03401 10145 20011 39931 40167 53003 333 20121 30010 555 7000/=
38806 32997 00000 10116 20065 39872 40127 53003 333 20114 30011 555 7000/=
38812 12960 00802 10176 20046 39707 40142 53011 60002==
38836 32999 00000 10192 20074 39215 40105 53006 333 20130 30010=
38880 12997 00301 10178 20035 39889 40134 52006 60002 333 20152 30015 555 7000/=
38886 32997 01401 10161 20082 39947 40168 57011 333 20130 30007 555 7000/=
38895 32996 00601 10165 20029 39877 40157 53007 333 20130 30009 555 7000/=
38911 32998 01303 10162 20045 39859 40145 58007 333 20130 30011 55121 555 7000/=
38915 32997 00000 10173 20048 39838 40151 53006 333 20144 30011 555 7000/=
38927 12960 00203 10166 20070 39785 40148 52011 60002 333 55117==
38933 32999 03601 10173 20122 39672 40166 52010 333 20108 30009 55099=
38944 32997 00202 10180 20019 39582 40094 52010 333 20144=
38954 32999 00000 10077 21019 37947 48520 52024 333 20074=
38974 32998 03202 10166 20051 39851 40154 58020 333 20135 30014 55114 555 7000/=
38987 32996 02302 10106 21025 39437 40171 53006 333 20101 30005 55115 555 7000/=
40080 90710 91119=
40100 43/70 01005 10256 20166 30090 40105 54001 333 58///=
40180 02960 01001 10234 20184 30046 40093 52002 333 70000==
40199 02/// /3403 10297 20148 30073 40097 52011 333 70000==
40265 42960 00000 10178 20100 39345 40100 52001=
40270 41957 02203 10230 20075 39238 40085 54000 70500=
40272 41950 00703 10184 20105 39302 40095 54000 70500=
40340 42960 03507 10286 20165 30044 40105 52011=
40356 42960 03510 10234 20090 39152 48506 333 58016 555 04410 50063=
40357 42960 03212 10282 20090 39446 40032 333 58007=
40360 42960 03004 10225 20090 39524 40081 333 58013=
40361 42960 03204 10260 20070 39336 40097 333 58009=
40362 42960 00000 10280 20000 39566 40042 333 58005=
40373 42960 03606 10311 20020 39642 40026 333 59009=
40375 42960 02605 10258 20090 39240 40060 333 58005=
40394 42960 01802 10244 20030 38997 48505 333 58006 555 04410 50054=
40394 42960 01802 10244 20030 38997 48505 333 58006 555 04410 50054=
40400 42960 03307 10300 20160 30037 40064 333 59010=
40405 42660 22903 10282 20040 39347 40054 82500 333 59005 82640=
40417 42960 02803 10285 20060 39996 40010 333 59016=
40420 42960 02907 10328 20050 39818 40014 333 59022=
40430 42960 03402 10304 20040 39358 40069 333 59005=
40437 42660 32705 10286 21010 39376 40032 83100 333 59015 83840=
40439 42960 02705 10300 20150 30019 40037 333 59014=
40582 32960 02903 10329 20066 40019 51014 333 55300 00000 10107 20034 30015 41365 51489 60049 55407 40020 90400 91005 91109 91207 91303=
40703 42960 00000 10158 20110 38894 40084 52006 333 10274 20150 70000 555 10131 29073 66666 00224 10230 20272 30280 50276 90262=
40706 42975 23101 10159 20060 38639 40077 53008 80002 333 10300 20157 70000 82068 555 10108 29052 66666 00239 10281 20307 30306 50298 90286=
40712 42965 02703 10165 20093 38655 40061 51003 333 10271 20158 70000 555 10125 29062 66666 00209 10235 20240 30241 50232 90225=
40713 42962 01402 10174 20077 38639 40049 52009 333 10314 20173 70000 555 10121 29053 66666 00273 10287 20287 30282 50276 90258=
40718 42960 02301 10217 20196 30127 40100 53013 222// 0//// 20301 333 10271 20214 70000 555 10204 29088 66666 00252 10276 20280 30280 50276 90264=
40723 42970 00000 10133 21044 38956 40137 53004 333 10254 20098 70000 555 10062 29029 66666 00136 10166 20232 30242 50250 90242=
40726 42960 00000 10164 20084 38643 40068 53005 333 10304 20162 70000 555 10120 29059 66666 00230 10248 20276 30268 50264 90254=
40727 42960 01702 10119 20000 38476 40075 52007 333 10314 20111 70000 555 10066 29044 66666 00184 10227 20257 30256 50247 90231=
40732 42960 02502 10222 20184 30109 40086 53009 333 10272 20220 70000 555 10198 29079 66666 00260 10268 20282 30282 50276 90264=
40736 42960 00000 10229 20217 30126 40102 52010 333 10279 20228 70000 555 10221 29093 66666 00266 10276 20290 30291 50290 90287=
40737 42660 80000 10205 20195 30082 40099 52010 8352/ 333 10259 20197 70000 83635 88460 555 10199 29094 66666 00259 10264 20268 30262 50253 90250=
40738 42960 00000 10211 20194 30114 40116 53006 333 10287 20184 70000 555 10200 29090 66666 00254 10274 20290 30294 50292 90276=
40739 42965 00202 10186 20005 38689 40097 53004 333 10272 20168 70000 555 10100 29030 66666 00212 10210 20262 30278 50278 90274=
40741 42960 00000 10160 20027 39819 40139 52006 333 10267 20137 70000 555 10099 29041 66666 00212 10245 20280 30294 50305 90309=
40743 42970 00804 10184 21043 39057 40115 53008 333 10284 20165 70000 555 10089 29021 66666 00224 10256 20296 30311 50313 90314=
40745 42960 00000 10150 20035 39038 40133 53002 333 10268 20110 70000 555 10095 29046 66666 00140 10188 20222 30254 50259 90265=
40747 42960 00000 10136 20025 38628 40077 52010 333 10332 20129 70000 555 10083 29047 66666 00199 10262 20296 30301 50294 90289=
40754 42960 03302 10248 20035 38823 40073 53007 333 10326 20233 70000 555 10137 29025=
40762 42965 00000 10144 21106 38552 40109 53007 333 10213 20089 70000 555 10053 29017 66666 00156 10202 20234 30262 50272 90268=
40766 42960 00000 10174 21033 38667 40052 52008 333 20171 70000 555 10084 29024 66666 00208 10258 20290 30292 50288 90280=
40768 42960 01201 10127 21028 38269 40075 52006 333 10295 20114 70000 555 10061 29034 66666 00209 10244 20279 30288 50280 90278=
40769 42960 02001 10166 21002 38312 40073 52010 333 10294 20154 70000 555 10087 29032 66666 00224 10258 20294 30298 50298 90288=
40780 42960 01002 10219 20010 38665 40058 53004 333 10333 20207 70000 555 10116 29025 66666 00280 10310 20322 30324 50320 90302=
40782 42965 01304 10185 21014 38837 40062 52009 333 10331 20183 70000 555 10095 29026 66666 00240 10268 20302 30304 50304 90290=
40785 42960 02402 10244 20007 39057 40072 52014 333 10347 20203 70000 555 10128 29021 66666 00306 10333 20315 30357 50366 90376=
40791 42968 03301 10228 21095 39309 40084 52016 333 10323 20202 70000 555 10101 29011 66666 00254 10273 20316 30336 50352 90351=
40792 42962 00702 10151 21129 38704 40093 52008 333 10255 20128 70000 555 10054 29013 66666 00208 10238 20276 30304 50326 90306=
40798 42960 00501 10088 21043 38001 40124 52018 333 10242 20075 70000 555 10035 29039 66666 00166 10210 20261 30270 50262 90254=
40800 42960 00000 10186 20011 38482 40098 52015 333 10299 20166 70000 555 10101 29031 66666 00180 10202 20263 30297 50300 90292=
40809 42960 00000 10167 21163 38479 40073 53004 333 10227 20095 70000 555 10057 29009 66666 00178 10224 20270 30294 50300 90296=
40811 42960 02901 10296 20116 39980 40004 52015 333 10426 20296 70000 555 10191 29033 66666 00326 10354 20368 30378 50380 90380=
40812 42960 03501 10300 20035 39655 40000 53012 333 10427 20299 70000 555 10162 29018 66666 00488 10474 20444 30420 50394 90386=
40818 42962 03203 10138 21054 38015 40093 52013 333 10262 20125 70000 555 10058 29026 66666 00227 10261 20279 30285 50290 90292=
40821 42970 00000 10216 21016 38781 40079 52010 333 10315 20196 70000 555 10108 29021 66666 00257 10288 20331 30339 50338 90340=
40829 41956 03516 10232 21010 39523 40065 52017 70700 333 10293 20224 70000 555 10121 29020 66666 00252 10280 20314 30314 50310 90298=
40831 42960 03003 10310 20142 30007 40015 52012 333 10434 20310 70000 555 10207 29036 66666 00322 10356 20380 30384 50376 90368=
40833 42960 01402 10280 20069 39980 40010 53015 333 10426 20276 70000 555 10167 29026 66666 00336 10350 20364 30372 50384 90368=
40835 42960 00000 10243 20067 39254 40025 53016 333 10410 20242 70000 555 10148 29032 66666 00228 10318 20344 30352 50360 90348=
40841 42960 01202 10122 21059 38255 40095 52011 333 10316 20106 70000 555 10050 29028 66666 00230 10242 20258 30288 50292 90286=
40845 41940 00000 10310 20292 30001 40006 52016 71000 333 10382 20309 70000 555 10297 29090 66666 00320 10334 20360 30366 50368 90362=
40848 42960 00000 10218 20020 38512 40042 52011 333 10326 20170 70000 555 10118 29027 66666 00230 10260 20292 30302 50300 90290=
40851 42960 00000 10181 21051 38263 40056 51010 333 10274 20140 70000 555 10081 29020 66666 00196 10254 20304 30320 50326 90318=
40854 42960 02703 10253 21061 38908 40034 52006 333 10358 20238 70000 555 10116 29012 66666 00250 10308 20350 30368 50368 90364=
40856 41956 02002 10153 21091 38614 40077 53009 70600 333 10246 20113 70000 555 10061 29018 66666 00160 10214 20276 30296 50308 90308=
40859 42960 03203 10214 20003 38678 40043 53011 333 10334 20204 70000 555 10112 29024 66666 00214 10260 20284 30292 50296 90292=
40875 41925 00302 10299 20270 30008 40019 52009 71000 333 10349 20290 70000 555 10278 29085 66666 00334 10356 20368 30368 50375 90372=
40879 42960 00000 10263 21064 39403 40042 52014 333 10362 20234 70000 555 10123 29011 66666 00306 10324 20388 30402 50400 90398=
40882 41530 11102 10314 20295 39980 40013 52023 71000 81100 333 10340 20296 70000 81825 555 10300 29090 66666 00324 10338 20374 30382 50372 90364=
40883 41925 01004 10324 20285 39992 40014 53016 70500 333 10347 20307 70000 555 10295 29080 66666 00343 10358 20371 30380 50382 90374=
40893 41956 01502 10304 20283 30003 40009 52011 71000 333 10320 20298 70000 555 10289 29089 66666 00359 10361 20367 30367 50367 90370=
40898 41956 00602 10290 20264 30010 40019 52016 71000 222// 00300 20900 333 10299 20284 70000 555 10271 29086 66666 00300 10320 20366 30378 50380 90370=
41024 42960 02903 10317 20240 30021 40046 333 59015=
41036 42960 30000 10237 20110 38546 48497 83040 333 59005 83358 555 04410 50061=
41055 42960 03406 10256 20040 38352 48493 333 59005 555 04410 50044=
41061 42560 33507 10250 21010 39361 40028 83200 333 59003 83830=
41084 42960 00000 10288 20010 38812 48482 333 59006 555 04410 50010=
41112 42560 20504 10193 20100 37939 48493 82400 333 59007 82620 555 04410 50047=
41114 42560 20000 10188 20100 37973 48492 82400 333 59006 82622 555 04410 50044=
41128 42560 33603 10280 20020 38774 48493 81430 333 58002 81630 83359 555 04410 50035=
41136 42960 00905 10301 20020 39251 40017 333 59007=
41140 41558 21003 10316 20270 30038 40042 70500 82400 333 59013 82630=
41150 42962 02904 10329 20266 40010 333 59018=
41176 44/58 /2905 10288 20185 30002 40008 333 59022=
41184 41925 00304 10300 20282 40023 71000 333 59010=
41194 41957 00604 10319 20270 30009 40015 70500 333 59010=
41196 41915 00603 10285 20272 39981 40020 71002 333 59010=
41216 41956 01204 10302 20280 30009 40013 70500 333 59017=
41217 41009 61107 10287 20273 39983 40011 74610 866// 333 59016 86701=
41255 36/// /2000 10296 20202 39520 40009 333 0E030 59015=
41256 31558 22607 10303 20263 30003 40020 70500 82500 90245 333 59001 55318 55407 55408 55507 55508 82625=
41263 26/// /2804 10283 20200 39464 40006 333 0E026 55300 20000 59014 70000=
41267 36/// /1202 10306 20239 30005 40017 333 0E028 59004=
41268 36/// /2309 10308 20215 39966 40011 333 0E030 55300 25022 59009=
41275 36/// /1204 10279 20129 39872 40037 333 0E027 55300 20000 59021=
41288 31356 72210 10257 20238 30019 40040 70522 87600 333 59007 87708=
41316 32470 89902 10269 20246 30036 40065 886// 333 59006 55052 55407 55408 55507 55508 83712 88625=
41396 42965 40504 10276 20163 39342 40039 82031 333 59004 82362 84070=
41398 70807 10210 20195 40150 54000 70310 8777/ 22200 06200 2//// 80200=
41480 41956 50604 10310 20267 30038 40046 70544 85030 333 58002 85360=
41497 23521 10240 20211 40170 54000 70299 82147 22233 06220 20204 80220=
41498 61712 10130 20091 40180 54000 70322 8571/ 22273 00130 2//// 80110=
41506 12960 00000 10175 20135 38469 48670 60001 333 20168 58000 70000==
41508 12960 00000 10189 20131 38616 48910 60001 333 20154 58005 70000==
41515 12960 00000 10220 20118 38493 48570 60001 333 20198 58011 70000==
41523 12960 00000 10210 20195 39025 48620 60001 333 20200 58016 70300==
41535 12960 01301 10185 20135 38655 48310 60091 333 20144 58020 70900==
41536 12960 03602 10250 20173 38971 48650 60001 333 20194 58000 70000==
41560 12960 00000 10200 20136 38246 48630 60001 333 20170 58012 70000==
41571 12660 43103 10275 20194 39472 40028 69901 82830 333 20248 56880 59002==
41598 11940 00000 10260 20246 39769 40031 60001 70400 333 20252 58012 70000==
41600 11940 00000 10290 20262 39742 40024 60001 70400 333 20262 58012 70000==
41620 12940 00000 10245 20162 38523 48290 60001 333 20224 58012 70000==
41624 12960 00000 10275 20224 39832 40025 60001 333 20260 58018 70000==
41630 11920 20000 10290 20262 30000 40035 60001 71000 82030 333 20264 56080 58009 70000==
41640 11940 00000 10285 20250 39791 40030 60001 70400 333 20254 58010 70200==
41660 11920 00000 10200 21023 38399 48860 60001 70600 333 20154 58010 70000==
41678 11940 00000 10310 20223 30000 40018 60001 70500 333 20280 58013 70000==
41697 12960 00000 10310 20254 39867 40015 60001 333 20274 58014 70000==
41700 11940 00902 10305 20256 39882 40001 60001 70400 333 20286 58008 70000==
41710 11940 00000 10220 21069 39285 40038 60001 70600 333 20194 58008 70000==
41712 11940 00000 10225 20008 39129 48640 60001 70500 333 20210 58012 70000==
41715 11940 00000 10305 20278 39954 40017 60001 70500 333 20280 58014 70000==
41718 11940 00000 10310 20254 39899 49997 60001 70400 333 20282 58002 70000==
41725 12940 02301 10305 20256 39937 40013 60001 333 20280 58005 70000==
41739 11940 03103 10245 21006 38998 48730 60001 70500 333 20224 58006 70000==
41744 11940 03101 10255 20062 38702 48360 60001 70600 333 20224 59008 70000==
41749 12940 01302 10285 20264 39977 40010 60001 333 20264 58007 70000==
41756 11240 62301 10280 20252 39961 40024 60001 70500 86600 333 20224 56800 59015 70000==
41759 11420 70000 10265 20251 30009 40015 60001 7441/ 86510 333 20240 56880 59018 70000==
41764 11940 02106 10280 20244 39972 40020 60001 70500 333 20260 58010 70000==
41768 12340 22302 10280 20259 30015 40022 60001 82600 333 20260 56800 58004 70000==
41780 11440 62903 10285 20250 30006 40033 60001 70400 86500 333 20274 56800 58010 70000==
41785 12960 02301 10275 20254 30013 40026 60001 333 20254 59008 70000==
41859 02/50 31302 10330 20260 30008 40045 83030 333 20280 58003 70000 83362==
41883 02456 31302 10314 20260 30022 40042 83400 333 20280 58003 70000 81616 83828==
41891 01450 60903 10315 20270 30011 40049 70522 84370 333 20274 59003 70040 83616 84365 81930==
41907 41450 71802 10312 20280 30019 40034 70360 85800 333 20275 58002 83615 85362==
41923 02450 51802 10325 20260 30027 40037 84430 333 20285 59007 70002 83615 83365==
41936 41420 61503 10300 20280 30023 40030 70596 84630 333 20276 58005 83710 83615 86362==
41943 02440 51802 10312 20250 30034 40041 83530 333 20266 59001 70020 83616 83362==
41950 01350 60000 10303 20270 30034 40036 70196 84670 333 20275 59003 70004 81708 84616 86459==
41978 02458 61705 10298 20270 30040 40046 84371 333 20268 59005 70014 83615 85362 81928==
41992 01425 70000 10295 20260 30049 40051 70565 83330 333 20258 59004 70290 83616 87362 81925==
42001 11021 99259 70897 46/// /1607 10285 20276 30086 40089 90230 22200 00300 333 91210 555 11081 22086 8//08 90227=
42027 21595 52301 10178 20127 38388 48472 70500 82130 333 10311 20148 58010 6990/ 555 10164=
42044 22596 30000 10176 20123 38259 48490 82501 333 20110 58012 6994/ 555 00004 10117=
42045 22996 00000 10168 20125 38293 48419 333 20130 58013 6990/ 555 10209=
42056 32996 20000 10270 20203 39607 80001 333 10330 20222 58010 82070 555 11041=
42071 32996 09902 10302 20274 40030 333 10341 20261 58011 555 10480=
42097 11031 99257 70837 46/// ///// 1//// 90256 22200 00305 10501 20501 70006=
42101 32596 50000 10282 20242 40041 82530 333 10327 20255 58005 82630 85360 555 10557=
42111 21595 80000 10252 20243 39344 40021 71062 8682/ 333 10331 20234 58003 6034/ 84618 85830 88458 555 00338 11963=
42123 32996 10501 10278 20258 40025 80001 333 10375 20264 58008 81070 555 10406=
42131 21696 30000 10262 20256 40033 71010 81530 333 10330 20238 58012 6018/ 555 00176 10523=
42165 32996 00000 10290 20253 40011 333 10382 20275 58006 555 10296=
42182 21595 81402 10270 20256 40037 76162 8492/ 333 10354 20230 58012 6006/ 84630 81935 88459 555 00060 10917=
42189 21595 80000 10280 20269 40018 76096 8552/ 333 10344 20261 59008 6001/ 85620 88458 555 00014 10912=
42309 21395 83204 10252 20249 40086 79596 8692/ 333 20208 58036 6031/ 555 00306 11788=
42314 21496 80000 10256 20250 40082 79596 8432/ 333 20242 57960 58032 6007/ 84616 81925 88459 555 00066 11506=
42328 31995 02303 10282 20251 40002 70500 333 10378 20266 58009 555 10449=
42339 31495 51401 10278 20260 40021 70511 85600 333 10346 20267 58000 85715 555 10520=
42348 21595 39902 10270 20256 40025 71011 81530 333 10334 20240 59001 6065/ 81625 83360 555 00652 11393=
42361 21595 80000 10252 20252 49996 76162 8552/ 333 20249 59023 6032/ 85620 88458 555 00320 10825=
42369 21496 70905 10290 20268 49992 71062 84520 333 10346 20246 59025 6044/ 84618 87458 555 00439 10688=
42379 31495 70906 10302 20274 40006 71022 85430 333 10348 20278 59014 85615 83360 555 10697=
42398 32596 60503 10328 20268 40046 83530 333 20279 58002 555 11862=
42410 21596 52303 10318 20277 40055 71021 83530 333 20267 58008 6990/ 83620 84360 555 10946=
42415 21495 80902 10264 20250 40079 79596 8632/ 333 20246 58024 6003/ 82710 85618 81925 88459 555 00030 10889=
42452 31595 80000 10268 20257 40005 71022 8652/ 333 10325 20263 59007 555 11047=
42492 21495 60908 10300 20272 40017 71022 84630 333 20285 56290 58000 6990/ 82710 83618 85360 555 00000 10555=
42559 21495 83202 10248 20245 49991 76166 8572/ 333 20234 59018 6040/ 82715 83620 88458 555 00403 11061=
42571 21496 80902 10266 20260 49957 8672/ 333 20254 59043 6006/ 83715 85625 87458 555 00062 11035=
42623 21496 70902 10286 20250 39203 40039 71062 85530 333 10318 20233 58001 6994/ 85618 87360 555 10745=
42634 32596 10000 10270 20244 40043 81500 333 20252 58003 81620 555 10727=
42647 21495 60000 10272 20249 40042 70522 84730 333 20262 56590 58011 6027/ 84715 84618 86358 555 00266 11063=
42667 21394 82313 10246 20238 39430 40006 76096 8692/ 333 20230 59016 6062/ 84706 85615 81930 88480 555 00616 11472=
42675 21495 82308 10244 20238 49964 76096 8672/ 333 20228 59030 6190/ 83708 86618 88458 555 01904 11332=
42701 21495 72303 10250 20243 39304 40017 71022 84630 333 10290 20230 58008 6047/ 82710 83618 86360 555 00470 11132=
42724 21496 51402 10312 20265 40041 71022 83531 333 20274 59006 6005/ 83618 83360 555 00045 11547=
42737 32496 32705 10268 20245 40047 83700 333 20244 58002 83715 555 11294=
42754 21495 72710 10244 20232 39398 40022 72022 85730 333 20226 59004 6003/ 82710 83620 85360 555 00032 10793=
42779 21495 80000 10240 20237 39313 49997 75055 8572/ 333 20214 58016 6019/ 82710 84620 88458 555 00194 11233=
42798 21496 70000 10284 20256 40023 71022 84530 333 20250 58023 6007/ 84615 86360 555 00070 10758=
42809 21495 71602 10319 20284 40030 70562 85430 333 20275 57930 58006 6002/ 83618 84825 81930 85360 555 00022 10907=
42840 22596 80000 10270 20253 40051 8582/ 333 20260 58003 6002/ 83620 83825 88458 555 00023 11461=
42867 21495 82304 10254 20242 40019 71022 8672/ 333 20242 58003 6013/ 83710 83618 88458 555 00126 10987=
42874 21496 71802 10274 20251 40016 71022 8472/ 333 20253 58043 6008/ 82712 84618 87459 555 00078 11004=
42886 21496 51808 10284 20253 40022 70511 84530 333 20250 56490 58034 6001/ 84618 85360 555 00014 10818=
42895 32596 72302 10326 20280 40027 83531 333 20273 58020 83620 85360 555 10613=
42909 21596 20000 10278 20261 40049 70151 81139 222// 20000 333 20273 58001 6003/ 81825 555 00027 10829=
42971 21496 61803 10314 20278 40038 70522 85430 333 20272 58032 6990/ 84618 85360 555 10928=
43003 21595 50000 10276 20253 40054 70552 83831 333 20254 58003 6009/ 82620 83825 555 00093 12534=
43014 21596 42506 10244 20209 39403 40040 70541 82530 333 20224 58004 6003/ 82620 84360 555 00027 10558=
43041 21495 82303 10254 20240 39434 40040 71022 8672/ 333 20231 58031 6009/ 82715 86620 88458 555 00085 11292=
43063 21597 72701 10238 20221 39442 40061 72162 86730 333 20213 56690 58008 6002/ 83722 85626 555 00021 10946=
43110 22496 80000 10274 20251 40073 8572/ 333 20250 58005 6019/ 82712 85618 88456 555 00185 13777=
43117 22997 62302 10244 20227 40062 82031 333 20219 58005 6007/ 555 00074 10659=
43128 21496 42304 10256 20209 39455 40053 70521 83730 333 10296 20228 56690 58010 6990/ 81710 83615 555 10724=
43150 31496 52306 10302 20260 39988 40048 70522 84801 222// 20000 333 10325 20280 58026 83618 83075 555 10765=
43185 32597 42505 10300 20242 30053 40056 82431 333 10339 20271 58026 81620 83360 555 10950=
43192 21596 72302 10268 20251 40075 70252 83732 333 20254 58006 6006/ 555 00064 13810=
43198 22396 72506 10220 20205 39251 40074 85631 333 10275 20194 56599 58002 6003/ 85707 83612 85358 555 00026 10886=
43201 32397 62303 10236 20203 39338 40058 85601 333 10301 20200 56509 58010 82708 83612 85075 555 10367=
43213 22997 12706 10260 20221 39746 40061 80002 333 10315 20232 58015 6996/ 555 00006 10600=
43279 32596 63204 10296 20226 30061 40078 83531 333 10368 20284 58013 83620 84360 555 10611=
43284 22296 71103 10266 20249 39978 40093 85631 333 10296 20244 56299 58002 6002/ 82704 83612 85358 555 00021 13471=
43310 22496 52301 10284 20270 40082 82211 333 20266 59003 6006/ 555 00061=
43314 21497 70000 10254 20248 40103 72166 83831 222// 21001 333 10335 20248 58003 6041/ 555 00414 11940=
43321 31496 42311 10266 20228 39647 40090 71021 82401 333 10343 20234 58004 82612 555 10100=
43329 32597 40000 10284 20238 30065 40078 82531 333 10370 20260 58008 555 10364=
43333 21495 82705 10284 20262 40096 70562 8543/ 333 20260 58008 6007/ 83618 85820 88360 555 00069 11568=
43344 31496 42706 10304 20231 39990 40088 70521 82501 333 10383 20270 58009 82616 83075 555 10268=
43353 21496 79902 10272 20252 40108 71065 81520 333 10300 20242 56790 58001 6025/ 81710 83614 85458=
43369 21496 82703 10252 20252 40108 76062 8372/ 333 10291 20243 58003 6011/ 83716 88456 555 00112 11283=
43371 21497 40000 10266 20249 30041 40108 70362 83401 333 10317 20243 56709 59014 6005/ 83617 555 00055 10939=
43404 22470 42204 10307 20272 30087 40090 52024 83/// 333 10333 20280 553// 20312 58008 60008 70000 82920 91007==
43410 22/70 1//// 10299 20243 30093 40096 52023 333 10330 20267 3/026 58010 60008 70000 81/18==
43413 22470 52206 10297 20251 30095 40100 52023 83105 333 10313 20279 553// 20313 58007 60008 70000 91012==
43415 22470 52402 10286 20249 39997 40105 52018 85000 333 10310 20257 3/024 58011 60008 70000==
43418 22470 42302 10306 20240 30054 40095 52019 81101 333 10327 20265 58007 60008 70000==
43421 22470 22602 10303 20240 30001 40105 52022 82000 333 10351 20257 3/025 553// 20272 58010 60008 70000 91008==
43422 22470 52303 10274 20236 39973 40106 52021 81102 333 10296 20253 3/024 55001 58008 60008 70000==
43424 22470 52304 10290 20247 30105 40107 51022 85000 333 20272 58010 60008 70000==
43436 22/70 20000 10300 20237 30093 40096 52027 81000 333 10314 20260 58008 60008 70000==
43441 21470 82302 10268 20242 39976 40112 52017 70382 88000 333 20247 3/024 58009 69968 70025==
43444 21470 82502 10240 20220 39582 40113 52020 72582 87150 333 10268 20226 58007 60028 70015==
43450 21/70 82304 10271 20253 30111 40123 51019 70282 333 10294 20241 3/023 58008 69968 70180 88/60==
43466 21468 63601 10274 20261 30112 40120 52022 76082 83000 333 10303 20253 553// 20269 58005 60008 70182 91002==
43467 21/64 52501 10283 20257 30115 40121 52022 70382 333 20266 58005 60048 70041 83/16 83/18==
43473 21/68 82905 10169 20169 38136 48501 52018 75055 333 10186 20152 3/014 553// 20193 58007 60008 70001 85708 88810 91010==
43475 22/70 72402 10310 20229 30098 40102 52015 333 10361 20262 553// 20255 58011 60008 70000 91007==
43476 22470 30000 10230 20178 38783 48530 5/018 81000 333 10233 20189 58020 60008 79999==
43479 22470 51101 10262 20201 39266 52017 81000 333 10279 20198 58009 60008 70000==
43486 21420 83601 10275 20275 30021 40121 5/022 78042 87000 333 10314 20242 553// 20133 58004 60008 70005 91002==
43495 21460 72307 10266 20253 30104 40117 52021 78022 85000 333 10289 20254 58003 60028 70170==
43497 22470 42402 10294 20000 30097 40114 5/021 84000 333 10303 20250 553// 20285 58006 60008 70015 91006==
44212 42684 53402 10150 20047 39115 40190 57002 81158==
44213 42/84 62701 10151 21002 38793 40173 57003 85038==
44214 42/70 62701 10138 21029 38298 40176 58003 82048==
44215 42/70 50501 10124 21008 38424 40187 57005 85070==
44217 32698 50000 10086 21027 37892 40234 56007 85500 333 91202=
44218 42/84 63502 10165 21029 38609 40160 57005 83081==
44219 32999 31007 10145 21053 38625 40173 57006 80009 333 91207=
44265 42984 71901 10172 21012 38854 40180 54000 80008==
44266 32699 72105 10138 21104 37817 40175 58003 82578 333 91205=
44404 22358 70903 10194 20177 38099 48423 84270 333 20180 59004 69904=
44416 22558 51504 10280 20247 39273 40008 82192 333 20238 59022 60044=
44424 22560 61401 10174 20146 37657 47075 81135 333 20145 58000 60054=
44434 21350 51903 10256 20237 39165 48478 71044 82459 333 20231 59011 60014=
44438 22560 50913 10318 20254 39899 40020 83830 333 20285 59014 60004=
44449 22560 21108 10314 20275 39876 40025 82100 333 20275 59006 60004=
44454 22456 21304 10260 20219 38617 48459 82100 333 20205 59008 60004=
44462 22/60 60903 10232 20199 38227 48439 86800 333 20186 58011 60004=
44474 21030 20301 10240 20204 38236 48473 71044 82200 333 20192 58001 60004=
44477 22556 11602 10280 20229 38775 48491 81100 333 20204 58000 60004=
44478 22556 20908 10322 20275 39951 40033 82100 333 20279 59003 60004=
48010 41556 52201 10300 20274 39878 40026 70155 83830 333 59016==
48020 42357 40401 10300 20266 83801==
48025 42340 70000 10297 20266 39901 40038 84870 333 59012==
48031 22257 63201 10220 20205 86800 333 56800=
48048 41556 81801 10262 20260 39966 40022 72196 8692/ 333 59015==
48052 21450 81802 10246 20219 76066 83336 333 56999=
48062 41456 80405 10262 20246 30043 40050 76365 86920 333 58003==
48064 41450 83601 10250 20250 39962 40019 75065 8572/ 333 59022==
48071 41340 82303 10260 20260 30055 40063 76366 8692/ 333 58002==
48094 41457 80000 10260 20250 30060 40070 76066 8597/ 333 58007==
48109 42460 52303 10304 20266 30088 40092 85900 333 58009==
50557 14/80 /2705 10234 20049 39865 40150 57008 60001 333 10235 20094 3/006 58089 70000 90761 91109==
51076 14/80 /1502 10173 20056 39345 40193 52007 60001 333 10231 20080 3/008 59021 70000 90761 91103==
51087 14/78 /2602 10162 20052 39210 40190 52010 60001 333 10237 20116 3/010 59023 70000 90761 91106==
51156 14/80 /1402 10149 20028 38721 40191 52004 60001 333 10185 20083 3/008 59021 70000 90761 91106==
51243 14/80 /0702 10211 20077 39660 40179 52002 60001 333 10238 20159 3/015 59029 70000 90761 91105==
51334 14/80 /1202 10206 20086 39805 40189 52004 60001 333 10211 20108 3/010 59014 70000 90761 91105==
51379 14/80 /2802 10183 20041 39285 40189 52003 60001 333 10250 20128 3/011 59018 70000 90761 91106==
51463 14/80 /0401 10158 20039 39051 40193 52001 60001 333 10202 20130 3/010 59013 70000 90761 91104==
51573 14/77 /0600 10238 20042 30080 40127 52013 60001 333 10338 20233 3/020 59030 70000 90761 91108==
51644 14/60 /3601 10190 20078 38933 40129 52012 60001 333 10240 20117 3/012 59025 70000 90761 91104==
51656 14/58 /1202 10182 20122 39122 40133 52011 60001 333 10275 20121 3/010 59015 70000 90761 91104==
51709 14/76 /2702 10163 20064 38641 40152 52002 60001 333 10226 20132 3/014 59004 70000 90761 91111==
51711 14/80 /2504 10100 20048 38048 40137 57002 69961 333 10165 20064 3/006 59016 70038 90761 91108==
51716 14/62 /2000 10210 20065 38906 40133 52003 60001 333 10239 20163 3/016 59004 70001 90761 91108==
51765 14/63 /0702 10185 20050 39191 40141 52022 60001 333 10295 20161 3/013 58005 70000 90761 91105==
51811 14063 03101 10168 20106 38798 40152 52007 60001 333 10228 20140 3/016 59001 70000 90761 91105==
51818 14/59 /3002 10172 20078 38649 40143 52008 60001 333 10231 20159 3/016 59003 70000 90761 91105==
51828 14/50 /2803 10181 20060 38639 40129 52006 69901 70600 333 10225 20170 3/015 59008 90761 91106==
51886 14/70 /2703 10110 20033 37143 40056 52012 69981 72000 333 10220 20100 3/011 59013 70008 90761 91110==
52203 14/73 /2801 10262 21016 39277 40109 57003 60001 333 10312 20147 3/012 59033 70000 90761 91107==
52602 14/78 /0401 10199 20023 37274 49997 57003 60001 333 10242 20117 3/008 59024 70000 90761 91105==
52681 14/80 /0903 10138 20127 38650 40164 57008 60001 333 10176 20128 3/013 59026 70058 90761 91108==
52818 14/80 /2101 10192 20094 37238 49985 57003 60001 333 10231 20098 3/009 59035 70000 90761 91104==
52908 14/80 /2104 10086 20046 35840 40024 52003 69921 333 10124 20045 3/004 59009 70033 90761 91106==
53463 14/80 /1601 10156 20116 38938 40234 52001 60021 333 10215 20118 3/012 58010 70015 90761 91104==
54857 14/62 /1803 10285 20234 30075 40164 57003 60001 333 10299 20245 3/024 58029 70000 90761 91108==
55228 14/80 /3401 10112 21049 36074 49959 52009 60001 333 10184 20051 3/002 58002 70000 90761 91107==
55299 14/80 /1402 10118 20036 35923 49999 52005 69921 333 10151 20052 3/004 58000 70042 90761 91104==
55578 14/80 /1602 10164 20054 36426 49998 52007 60001 333 10196 20083 3/009 58001 70000 90761 91103==
55591 14/78 /1103 10129 20074 36585 40027 52009 69951 333 10207 20102 3/011 58007 70068 90761 91106==
55664 14/80 /0801 10132 20015 36071 49991 52004 60001 333 10192 20049 3/005 58001 70000 90761 91105==
55773 14/80 /2102 10094 20036 36079 40047 52007 60001 333 10145 20014 3/101 58003 70000 90761 91109==
56004 14/80 /1503 10103 20042 35895 40001 52003 69911 333 10141 20052 3/003 59006 70003 90761 91108==
56018 14/80 /1301 10129 20056 36253 40022 52002 69931 333 10174 20070 3/007 58004 70098 90761 91106==
56116 14/80 /0601 10143 20062 36409 40019 52009 60001 333 10208 20071 3/005 58010 70000 90761 91103==
56299 58002 6002/ 82704 83612 85358=
56312 14/80 /1802 10165 20114 37134 40063 52016 60001 333 10238 20137 3/014 58010 70001 90761 91104==
57494 14963 /0105 10286 20224 30112 40140 52005 60001 333 10378 20253 3/026 58044 70000 90761 91110==
58847 14/61 /3102 10332 20235 39983 40079 57004 60001 333 10363 20264 3/026 58006 70000 90761 91105==
62332 42960 01208 10270 20201 40090 52001==
62366 45960 00103 10288 20127 40078 52003==
62387 32960 02502 10234 20134 40085 52006=
62393 42960 00000 10260 20090 40114 52003==
62405 42960 00000 10259 20091 40084 52005==
62414 42960 00103 10290 20088 40090 52002==
62420 32960 03302 10259 20105 40084 52008=
62435 42960 00302 10352 20105 40076 52007==
62458 32960 00103 10286 20141 40088 52002=
