SIPK OPKC 100300=
41504 22997 33104 10170 20081 37808 48423 83030 333 20135 56090 59030 60007 70000 83360 RH56%TEN DAYS RAINFALL 8.0 mm=
41505 22697 50000 10190 20086 38/// 48/// 82430 333 20150 58/// 56990 60007 70000 82840 83360 51%=
41516 22996 20000 10200 20143 38476 48435 82030 333 20160 56090 59020 60007 70000 82360 RH 69%=
41517 21696 70000 10170 20092 37770 48462 70411 84430 333 20125 56990 59011 60007 70000 84835 60%= 
41518 22697 31802 10244 20078 38/// 48/// 82230 333 20194 56990 5//// 60007 70000 82840 81362 35%= 
41519 22997 00000 10270 20099 38691 48444 333 20250 59013 60007 70000 RH34%=
41520 22697 10000 10140 20066 37605 48212 81400 333 20122 56900 59008 60007 70000 81840 61%= 
41530 21696 13104 10280 20229 39630 40025 70500 81400 333 20265 56900 59010 60007 70000 81840 74%=
41620 32996 00000 10240 20179 38511 48416 333 20220 59007 60007 70000 69%=
41660 21996 02304 10200 21043 38391 48478 70500 333 20160 59010 60007 70000 RH 19%=
41661 21995 00000 10165 20040 38345 48470 70544 333 20140 58000 60007 70000 43%=
41685 22997 00000 10255 20211 38837 48438 333 20235 59010 60007 70000 RH77%=
41696 22997 00000 10180 21009 38003 48506 333 20130 58005 60007 70000 RH28%= 
41697 22997 00000 10335 20274 39853 40000 333 20285 59016 60007 70000 RH70%=
41710 21996 03116 10250 21036 39277 40022 70700 333 20230 59003 60007 70000 RH15%=
41712 22997 00000 10235 21053 39117 48455 333 20225 59006 60007 70000 RH14%=
41715 21996 00000 10310 20276 39940 40003 70500 333 20280 59016 60007 70000 RH82%=
41724 01996 00000 10300 20258 39944 40020 70500 333 20290 59021 60007 70000 RH78%=
41725 22996 01302 10300 20258 39932 40007 333 20280 59015 60007 70000 RH78%=
41726 22996 00000 10305 20264 39946 40014 333 20285 59018 60007 70000 RH79%=
41738 21696 32704 10275 20254 39863 40037 70500 83600 333 20270 56900 59021 60007 70000 83630 RH88%=
41739 21996 00000 10260 21011 38992 48469 70500 333 20230 59006 60007 70000 RH17%=
41742 22997 00000 10290 20248 39927 40027 333 20208 59019 60007 70000 RH 78%=
41743 21996 00000 10310 20246 70500 333 20280 60007 70000 RH 69%= 
41744 22996 00000 10260 20071 38710 48445 333 20225 59022 60007 70000 RH 30%=
41745 21996 01804 10290 20255 70500 333 20255 60007 70000 RH81%=
41746 21996 01804 10285 20250 39955 40007 70500 333 20260 59011 60007 70000 RH81%=
41747 22996 00000 10300 20258 39934 49991 333 20275 59019 60007 70000 RH78%=
41748 22996 01804 10300 20235 39942 40003 333 20280 59027 60007 7000 RH68%=
41749 22996 01306 10285 20242 39970 40003 333 20265 59024 60007 70000 RH78%=
41756 21496 71802 10285 20250 39976 40039 70504 87600 333 20225 56900 59014 60007 70000 87715 RH81%= 
41757 21695 62702 10285 20250 30021 40033 70400 86500 333 20270 56900 59026 60007 70000 86630 RH81%= 
41759 21695 50000 10265 20229 30027 40033 71011 83530 333 20245 56990 59021 60007 70000 83640 82360 RH80%=
41760 21595 71804 10285 20257 30020 40033 70400 87600 333 20250 56900 59020 60007 70000 87720 RH 85%=
41764 22996 02112 10280 20252 39962 40011 333 20267 59019 60007 70000 RH85%=
41765 22996 02304 10280 20252 39977 40012 333 20260 59019 60007 70000 RH85%=
41766 21996 02308 10265 20251 39978 40008 70400 333 20240 59012 60007 70000 RH92%=
41767 22996 0//// 10275 20247 60002 333 20250 60007 70000 RH85%=
41768 22996 02306 10280 20252 30011 40018 333 20255 59014 60007 70000 RH85%=
41780 22696 72506 10285 20250 39996 40022 87500 333 20274 56900 59023 60007 70000 83720 85630 RH81%= 
41783 22696 42304 10280 20252 39993 40022 82530 333 20260 56990 59012 60007 70000 82635 82360 RH 85%=
41785 22997 02302 10275 20254 30021 40034 333 20255 59012 60007 70000 RH 88%= 
41786 22596 32304 10275 20247 39975 40011 83600 333 20245 56500 59014 60007 70000 83720 RH85%=
41BAG 22697 20502 10200 20118 82500 333 20130 56900 60007 70000 84640 59%=

41506 22697 40000 10170 20138 38462 48461 82120 333 20150 56990 59001 60007 70000 82830 82460 81%=
41507 22997 00000 10240 20195 39174 49670 333 20210 59019 60007 70000 76%=
41508 22997 00000 10194 20137 38611 48486 333 20155 59014 60007 70000 RH 69%=
41509 22697 60000 10230 20141 38681 48433 82520 333 20210 56990 59031 60007 70000 82640 84460 RH 57%=
41510 22997 00000 10145 20092 37891 48480 333 20110 59002 60007 70010 71%=
41515 22697 70000 10232 20110 38482 48445 83520 333 20202 56990 59015 60007 70000 83650 84458 47%=
41523 22997 00000 10220 20174 39009 48448 333 20200 59016 60007 70000 75%=
41524 22997 00000 10240 20179 39262 40091 333 20210 59001 60007 70000 RH 69%=
41525 22997 00000 10145 20120 37662 48353 333 20130 59011 60007 70000 85%=
41528 22997 00000 10225 20179 39154 48468 333 20194 59002 60007 70000 75%=
41529 22996 00000 10280 20244 39663 40027 333 20250 59025 60007 70000 RH 81%=
41534 22697 20000 10270 20249 39622 40018 82500 333 20255 56900 59010 60007 70000 82640 RH 88%=
41535 22997 00000 10210 20158 38635 48412 333 20170 59034 60007 70000 RH82%=
41536 22997 00000 10200 20151 38971 48457 333 20185 59005 60007 70000 74%=
41560 22997 00000 10200 20136 38234 48451 333 20175 59015 60007 70000 Rh67%=
41562 22997 00000 10300 20243 39569 40009 333 20265 59014 60007 70000 RH 72%=
41565 22997 00000 10200 20169 38604 48476 333 20170 59001 60007 70000 82%=
41567 21996 00000 10270 20241 39606 40005 70400 333 20240 59023 60007 70000 84%=
41571 21996 21306 10280 20231 39474 40029 70500 82030 333 20253 56090 59009 60007 70000 RH75%=
41572 21996 00000 10280 20245 39410 40004 70400 333 20246 59010 60007 70000 R/H 82%=
41573 22997 00000 10205 20159 37946 48449 333 20155 59011 60007 70000 75%=
41574 22997 02302 10150 20135 38310 48485 333 20120 59015 60007 70000 90%=
41576 21995 00000 10285 20264 40029 71000 333 20264 59013 60007 70000 89%=
41577 21996 00000 10270 20235 39439 40027 70400 333 20235 56000 59010 60007 70000 RH 81%=
41593 21996 00000 10300 20273 39810 40013 70400 333 20268 59010 60007 70000 85%=
41597 21996 30000 10295 20275 39746 40026 70400 83030 333 20280 56090 59014 60007 70000 83362 89% COR=
41598 21996 00000 10290 20269 39757 40016 70400 333 20279 59022 60007 70000 89%=
41599 21695 20000 10295 20267 39744 40020 71000 82400 333 20280 56900 59005 60007 70000 82640 85%=
41599 TEN DAYS RAINFALL IS 91.0MM=
41600 21996 40000 10295 20267 39730 40010 70400 84020 333 20272 56090 59018 60007 70000 84460 85%=
41624 22997 01802 10300 20258 39814 40004 333 20280 59013 60007 70000 78%=
41625 21996 40000 10300 20265 39810 40000 70400 84030 333 20270 56090 59008 60007 70000 84360 82%=
41630 21995 00000 10300 20265 40024 71000 333 20283 59008 60007 70000 82% TEN DAYS RAINFALL IS NIL=
41633 22997 00000 10295 20267 4//// 333 20275 5//// 60007 70000 85%=
41634 22997 00000 10275 20247 3//// 4//// 333 20245 5//// 60007 70000 85%=
41635 21996 00000 10305 20271 3//// 4//// 70400 333 20282 5//// 60007 70000 82%=
41636 21996 00000 10305 20264 39843 40020 70400 333 20280 59009 60007 70000 79%=
41638 21996 00000 10295 20253 4//// 70400 333 20272 5//// 60007 70000 78%=
41639 21996 00902 10305 20264 3//// 4//// 70400 333 20265 5//// 60007 70000 79%=
41640 21696 40000 10300 20258 39781 40019 70400 83530 333 20275 56990 59009 60007 70000 83640 81360 78%=
41641 21995 32704 10295 20253 39760 40021 70411 83030 333 20267 56090 59006 60007 70000 83360 78% TEN DAYS RAINFALL IS 33.0MM=
41642 21696 20000 10290 20262 3//// 4//// 70400 82030 333 20265 56090 5//// 60007 70000 82460 RH85%=
41643 21696 60000 10295 20267 39745 40008 70410 83470 333 20275 56990 59015 60007 70000 83640 84460 85%=
41644 22997 00000 10285 20264 4//// 333 20260 5//// 60007 70000 89%=
41646 21996 00000 10305 20264 39824 40026 70400 333 20280 59015 60007 70000 79%=
41652 21996 00000 10310 20261 39844 40014 70400 333 20270 59010 60007 70000 75%=
41669 22997 20000 10295 20260 3//// 4//// 82030 333 20280 56090 5//// 60007 70000 82360 82%=
41670 21996 40000 10295 20260 3//// 4//// 70400 84040 333 20280 56090 5//// 60007 70000 84460 82%=
41674 21996 00000 10305 20271 3//// 4//// 70400 333 20277 5//// 60007 70000 82%=
41675 21996 01310 10315 20244 39869 40005 70400 333 20302 59013 60007 70000 66%=
41676 21996 00000 10315 20274 39882 40031 70400 333 20295 59025 60007 70000 79%=
41677 21996 31302 10300 20251 39836 49995 70400 83030 333 20267 56090 59013 60007 70000 83360 75%=
41678 21996 00000 10310 20231 40004 70500 333 20285 59025 60007 70000 63%=
41679 21996 30000 10295 20267 4//// 70411 83030 333 20275 56090 5//// 60007 70000 83360 85% =
41680 21996 00000 10305 20256 39828 40016 70400 333 20280 59015 60007 70000 75%=
41700 21996 01302 10310 20252 39874 49995 70400 333 20287 59013 60007 70000 72%=
41701 21996 00000 10300 20258 39877 40014 70400 333 20268 59012 60007 70000 78%=
41716 21996 02304 10300 20273 39918 40016 70400 333 20277 59009 60007 70000 85%=
41718 21996 00000 10310 20254 39897 49995 70400 333 20289 59022 60007 70000 72%=
41BKI 22996 00000 10290 20232 39623 40021 333 20275 59008 60007 70000 RH 71%=
41SKP 21696 20000 10290 20269 3//// 4//// 70400 82500 333 20273 56900 5//// 60007 70000 82640 89%=
43532 22997 00000 10220 20190 39240 40017 333 20205 59012 60007 70000 83%=
43533 22997 00000 10240 20187 39139 48439 333 20225 59007 60007 70000 72%=
43563 22997 00000 10267 20222 39365 40025 333 20245 59001 60007 70000 77%=

Data Generated from File : D:\all data handling\Rmc_lhr\2024091003.FSU.txt
10/09/24 04:07:37
______________________________________________________________
15007 25/70 /2801 10099 20059 39619 40083 55005 7000/ 333 55300 0//// 20000 3//// 60007=
15020 24/70 /0000 10110 20052 39882 40077 57007 333 55300 20000 60007==
15023 25/70 /2002 10115 20052 39646 40064 57006 7000/ 333 55300 0//// 20000 3//// 60007=
15056 25/70 /1803 10163 20074 39736 40075 56007 7000/ 333 55300 0//// 20000 3//// 60007=
15069 25/70 /0901 10084 20057 39034 42729 56005 7000/ 333 55300 0//// 20000 3//// 60007=
15073 25/70 /2202 10128 20057 39627 40084 56007 7000/ 333 55300 0//// 20000 3//// 60007=
15090 24970 80801 10148 20111 39991 40082 57006 80007 333 55300 10120 20000 30000 60007 91002 90730 91102==
15107 25/70 /1601 10084 20064 39301 42733 57004 7000/ 333 55300 0//// 20000 3//// 60007=
15108 22/84 22103 10100 20017 38052 48446 56008 82040 333 55300 20000 60007 91004 90730 91107==
15109 25/70 /2704 10133 20059 39657 40082 56008 7000/ 333 55300 0//// 20000 3//// 60007=
15111 25/70 /2302 10139 20073 39816 40073 56006 7000/ 333 55300 0//// 20000 3//// 60007=
15113 25/70 /2600 10116 20097 39921 40082 58004 7000/ 333 55300 0//// 20000 3//// 60007=
15127 25/70 /0401 10083 20060 39227 42731 57005 7000/ 333 55300 0//// 20000 3//// 60007=
15148 25/70 /1100 10107 20035 38650 48430 5//// 7000/ 333 55300 0//// 20000 3//// 6///7=
15150 24/70 20000 10107 20090 39874 40084 57007 82030 333 55300 20000 60007 91001 90730 91102==
15154 25/70 /0401 10121 20107 39939 40079 57005 7000/ 333 55300 0//// 20000 3//// 60007=
15168 25/70 /0603 10144 20066 39466 42719 57007 7000/ 333 55300 0//// 20000 3//// 60007=
15170 24/70 80601 10072 20057 39323 42727 57005 8807/ 333 55300 20000 60007 91002 90730 91102==
15194 25/70 /2805 10121 20078 39795 40085 56006 7000/ 333 55300 0//// 20000 3//// 60007=
15197 25/70 /3602 10154 20123 39879 40084 57005 7000/ 333 55300 0//// 20000 3//// 60007=
15215 25/70 /0604 10150 20058 39486 42722 56008 7000/ 333 55300 0//// 20000 3//// 60007=
15217 25/70 /3502 10100 20056 39427 42726 57006 7000/ 333 55300 0//// 20000 3//// 60007=
15219 25/70 /2802 10130 20085 39954 40076 57006 7000/ 333 55300 0//// 20000 3//// 60007=
15238 25/70 /0300 10122 20073 39473 42724 56007 7000/ 333 55300 0//// 20000 3//// 60007=
15261 25/66 /1402 10128 20077 39287 42742 56009 7000/ 333 55300 0//// 20000 3//// 60007=
15262 22999 01705 1//// 2//// 38169 48/// 57008 333 55300 0//// 20000 3//// 60007 91006 91107=
15265 25/70 /3401 10138 20111 30004 40077 57006 7000/ 333 55300 0//// 20000 3//// 60007=
15280 22/70 82302 10081 20053 37486 47058 57003 8801/ 333 55300 20000 60007 91003 90730 91105==
15300 25997 61601 10133 20069 39456 42721 57002 7000/ 86070 333 55300 0//// 20000 3//// 60007 91001 91102=
15301 25970 82503 10126 20039 38576 48460 58003 7000/ 84077 333 55300 0//// 20000 3//// 60007 91005 91105=
15302 25/70 /1501 10137 20066 38864 48444 57004 7000/ 333 55300 0//// 20000 3//// 60007=
15307 25/70 /3102 10150 20105 39896 40077 57004 7000/ 333 55300 0//// 20000 3//// 60007=
15310 27/58 /0301 10169 20165 39996 40080 57003 7101/ 333 55300 10160 20000 30000 60007==
15324 25/70 /1500 10144 20069 39302 42729 58004 7000/ 333 55300 0//// 20000 3//// 60007=
15325 25970 72003 10113 20048 38432 48444 57006 7000/ 80006 333 55300 0//// 20000 3//// 60007 91006 91106=
15328 25/70 /0102 10145 20082 39744 40086 56008 7000/ 333 55300 0//// 20000 3//// 60007=
15335 27400 81901 10151 20149 30077 40083 55000 7333/ 886// 333 55300 20000 60007 91001 90730 91101==
15336 25/64 /3001 10140 20137 30077 40078 55001 7000/ 333 55300 0//// 20000 3//// 60007=
15349 25/70 /3401 10149 20082 39544 40081 57004 7000/ 333 55300 0//// 20000 3//// 60007=
15350 24/70 /3502 10175 20100 39965 40081 56006 333 55300 20000 60007==
15360 24/70 33503 10199 20187 30063 40079 57002 83030 333 55300 20000 60007 91004 90730 91104==
15375 21570 80202 10183 20097 39725 40070 57008 72162 8557/ 333 55300 0//// 20000 3//// 69917 91003 91104=
15377 25/70 /0302 10179 20083 39863 40072 57005 7000/ 333 55300 0//// 20000 3//// 60007=
15387 25/70 /3102 10162 20157 30077 40080 57002 7000/ 333 55300 0//// 20000 3//// 60007=
15402 25/70 /0602 10175 20144 30000 40072 58005 7000/ 333 55300 0//// 20000 3//// 60007=
15405 25/67 /3601 10139 20133 30021 40082 55003 7000/ 333 55300 0//// 20000 3//// 60007=
15406 25/61 /0801 10165 20162 30028 40074 57002 7000/ 333 55300 0//// 20000 3//// 60007=
15408 25/65 /0902 10174 20171 39822 40079 54001 7000/ 333 55300 0//// 20000 3//// 60007=
15409 25/67 /0104 10176 20171 30031 40077 55002 7000/ 333 55300 0//// 20000 3//// 60007=
15419 25/70 /0404 10189 20110 39880 40068 58011 7000/ 333 55300 0//// 20000 3//// 60007=
15420 24570 70502 10178 20131 39956 40063 57006 85360 333 55300 20000 69917 91004 90730 91104==
15421 25970 70402 10178 20132 39968 40076 57005 7000/ 87070 333 55300 10105 20000 30000 60007 91004 91104=
15422 25570 80401 10188 20125 39963 40060 58005 7000/ 8337/ 333 55300 0//// 20000 3//// 60007 91004 91105=
15425 25962 30602 10148 20140 30012 40075 57003 7000/ 83070 333 55300 0//// 20000 3//// 60007 91002 91103=
15434 22570 80706 10204 20092 39846 40047 58006 8537/ 333 55300 0//// 20000 3//// 60007 91011 91111=
15444 27/56 /1002 10158 20154 30005 40075 57004 7101/ 333 55300 0//// 20000 3//// 60007=
15455 25/70 /0503 10191 20107 39928 40054 57010 7000/ 333 55300 0//// 20000 3//// 60007=
15460 24/70 /0901 10145 20133 30045 40069 57004 333 55300 20000 60007==
15462 27957 00901 10161 20153 39994 40078 55001 7101/ 333 55300 0//// 20000 3//// 60007 91002 91102=
15470 24/70 80404 10201 20088 39927 40047 50001 8807/ 333 55300 20000 60007 91006 90730 91107==
15475 26/// /0602 10192 20130 30039 40059 57006 333 55300 0//// 20000 3//// 60007=
15479 25/65 /1203 10149 20143 39889 40077 57003 7000/ 333 55300 0//// 20000 3//// 60007=
15480 24968 02701 10182 20168 30059 40075 55001 333 55300 10160 20000 30000 60007 91002 90730 91102==
15489 25970 70605 10197 20083 39956 40046 57006 7000/ 87070 333 55300 0//// 20000 3//// 60007 91006 91107=
15491 25970 00301 10187 20108 30019 40048 58006 7000/ 333 55300 0//// 20000 3//// 60007 91003 91103=
15499 25/70 /2702 10178 20162 30064 40073 56003 7000/ 333 55300 0//// 20000 3//// 60007=
15549 42970 61403 10182 20133 39655 40051 57010 86030 333 10215 20171 555 573//=
15552 42565 53402 10185 20158 30026 40073 57006 85500 333 10219 20177 555 584// 92022 92427=
15640 42970 80000 10185 20158 39765 40063 57010 80007 333 10230 20181 555 585//=
15655 42568 60000 10201 20182 30035 40066 57006 83231 333 10233 20195 555 589// 92022 92427=
15730 42970 80000 10186 20114 39680 40058 57004 84057 333 10233 20182 555 563//=
16627 42560 60000 10220 20175 30043 40049 56008 81156 333 81820 86070 90730 91105==
16650 42560 80000 10218 20183 30040 40049 57009 82158 333 82825 85358 88268 90730 91101==
16667 42560 40003 10240 20176 30055 40066 82151 333 82825 83358 90730 91105==
16706 42660 50001 10210 20160 30050 40056 57001 82152 333 82835 84360 90730 91104==
16723 42960 00002 10210 20168 30056 40070 54000 333 90730 91104==
16732 46/// /0004 10236 20189 30053 40064 57005 333 90730 91108==
16742 42960 30000 10210 20178 39922 40071 54000 80001 333 90730 91105==
16749 42460 10003 10244 20174 30062 40075 57001 81100 333 90730 91108==
16754 42560 61710 10236 20182 30015 40060 57012 81151 333 81820 84358 86070 90730 91116==
16760 42960 01706 10234 20115 40070 56006 333 90730 91109==
17022 42670 40301 10196 20173 39916 40074 55005 84100 333 84834 90730 91105==
17031 41958 01303 10190 20185 30080 40086 56002 71000 333 90730 91105==
17034 42/70 20000 10219 20195 30053 40097 55002 82030 333 82360 90730 91103==
17038 42670 32104 10228 20188 30040 40085 57009 83100 333 83840 90730 91108==
17050 42970 00000 10204 20156 30010 40068 57009 333 91103=
17060 42/60 43602 10202 20168 30027 40066 57006 84050 333 84360 90730 91106==
17070 42965 01401 10135 20113 39248 40074 56002 333 90730 91102==
17084 42970 01501 10152 20147 39231 40086 53003 333 90730 91102==
17092 42960 00000 10129 20118 38845 48497 52008 333 90730 91105==
17096 42560 52203 10111 20099 38263 48516 52009 85900 333 84835 81925 90730 91114==
17098 41560 63607 10129 20118 38248 48541 52018 70292 84930 333 84840 86358 81925 90730 91115==
17100 41670 63101 10200 20148 39209 40152 52036 72592 83230 333 83837 86357 90730 91109==
17115 42960 01802 10161 20150 30018 40067 57006 333 90730 91103==
17116 42/65 30000 10183 20172 39951 40066 57005 83030 333 83360 90730 91103==
17124 42960 00000 10140 20115 39210 40078 52005 333 90730 91105==
17128 42970 03101 10128 20076 39039 40080 53002 333 90730 91106==
17150 42960 40000 10169 20151 39947 40064 57004 80001 333 84070 90730 91105==
17170 41660 50704 10153 20125 38365 48528 50002 72998 82250 333 82840 85357 90730 91115==
17184 42970 20000 10198 20133 39959 40063 55000 80001 333 82070 90730 91102==
17190 42/70 10000 10161 20098 38943 48473 53003 81030 333 81360 90730 91102==
17190 42/70 10000 10161 20098 38943 48473 53003 81030 333 81360 90730 91102==
17195 42970 00505 10120 20057 38938 48486 53003 333 90730 91107==
17200 42960 02105 10136 20093 39151 40080 52007 333 90730 91108==
17202 42/70 42803 10206 20102 39096 40062 53004 84030 333 84360 90730 91106==
17203 42670 60000 10203 20103 38871 48549 52009 84250 333 84840 86360 90730 91105==
17219 42565 41602 10192 20161 39935 40071 50001 82101 333 82830 84068 90730 91105==
17237 42970 02502 10224 20153 39591 40061 58003 333 90730 91103==
17240 42970 03001 10159 20124 38992 40073 50000 333 90730 91105==
17244 42970 01105 10138 20092 38956 48480 53003 333 90730 91107==
17248 42970 01001 10156 20094 38944 48482 52004 333 90730 91105==
17260 42960 00000 10197 20121 39271 40031 53002 333 90730 91107==
17280 42570 50000 10213 20125 39331 40062 52005 82130 333 82830 85360 90730 91105==
17292 42670 60000 10189 20177 39349 40060 56002 83250 333 83835 86360 90730 91102==
17300 42560 43505 10244 20216 30015 40082 54000 84100 333 84830 90730 91106==
17310 42670 51002 10269 20208 30062 40069 52006 82250 333 82835 85360 90730 91104==
17350 42660 30205 10230 20208 30002 40075 52007 83100 333 83835==
33088 42997 01203 10124 20058 39903 40089 57009 555 1/010=
33135 42960 02701 10071 20048 39987 40134 57007 333 55067==
33177 42597 80401 10125 20039 39839 40069 57002 885// 555 1/011=
33317 429// 21202 10119 20056 39761 40088 57009 80001 333 55114==
33393 42/60 50000 10138 20062 39685 40062 53002 85030==
33415 42997 60000 10149 20043 39689 40071 56006 80006 555 1/008=
33429 42960 70902 10118 20065 39674 40084 57008 80001==
33466 42966 10000 10089 20054 39929 40114 57009 80001 555 10010=
33506 41460 80903 10141 20128 39931 40120 55001 78082 889// 333 55003==
33562 42960 20202 10122 20077 39807 40103 57004 82030 555 1/011=
33587 42960 00000 10129 20081 39849 40104 57007==
33658 42/84 61102 10120 20042 39782 40073 57003 86030==
33663 42960 51101 10113 20076 39993 40087 57008 80001==
33664 42997 51002 10139 20045 39770 40075 57006 80002 333 55151 555 20122 7000/=
33678 42898 32802 10130 20065 39903 40103 52007 80001 555 20130 7000/=
33679 42497 60901 10152 20097 39910 40093 57001 82501 555 20149 7000/=
33711 42/60 32901 10131 20094 39895 40098 57010 83030==
33745 42997 61001 10139 20049 39908 40094 57002 83031 333 55120 555 20124 7000/=
33748 42997 51204 10150 20103 39807 40080 57005 85030 222// 20139 7000/=
33754 42997 50000 10126 20094 39947 40089 58007 85030 333 55112 555 20125 7000/=
33761 42998 10601 10136 20100 39881 40097 57003 81040 555 1/013=
33791 41/56 20201 10135 20130 39978 40102 55007 71011 82030==
33815 42598 41101 10160 20103 39880 40079 57002 83540 333 55120 555 20158 7000/=
33837 42971 30201 10184 20162 30034 40083 56002 80600 333 55117==
33881 42598 60502 10146 20112 39894 40083 57004 84530 555 20145 7000/=
33883 42997 60301 10150 20119 39924 40081 57004 80002 555 20142 7000/=
33885 41996 31302 10158 20157 39961 40092 57004 71000 82041 333 55119 555 20158 7000/=
33892 42998 20000 10148 20104 39879 40082 57001 333 55106 555 20136 7000/=
33902 42997 00501 10154 20111 30031 40088 57009 333 55033 555 1/014=
33924 21540 21501 10181 20168 30073 40085 57003 71000 81901 333 20180 60002==
33946 22680 21304 10175 20165 39879 40090 57003 82300 333 20173 55044 60002==
33983 21940 02701 10170 20162 30034 40092 54000 71000 333 20160 55060 60002==
34300 42560 70702 10177 20043 39961 40130 57007 86930==
34336 22570 80503 10187 20062 30065 40164 57002 8334/ 333 20176 30/// 69902==
34344 22670 80000 10161 20161 30078 40162 57003 885// 333 20154 30/// 69952==
34356 21/60 80903 10175 20127 30044 40185 57003 72582 8807/ 333 20174 31/// 55102 69982==
34357 22/70 80804 10176 20121 30022 40170 55004 8805/ 333 20176 30/// 60002==
34398 22/70 61403 10158 20051 30219 40229 52004 86083 333 55084 60002==
34415 42597 80000 10156 20087 30029 40122 57006 8638/ 555 1/016=
34438 22560 70804 10189 20067 39960 40141 57004 86541 333 20188 39/// 60002==
34445 22670 80903 10199 20090 30052 40160 57003 8297/ 333 20198 30/// 69902==
34461 21560 80903 10196 20111 30126 40178 57007 70182 885// 333 20180 31/// 60012==
34473 32597 71003 10182 20099 30168 40205 57001 83250 333 55079 555 20180 30017 7000/=
34476 22570 70803 10186 20068 30194 40201 58002 85930 333 20185 30/// 55075 60002==
34504 41456 80804 10112 20104 39943 40113 57003 79198 889//==
34535 22/70 61103 10182 20059 30064 40132 57005 83031 333 20182 30/// 60002==
34545 22/70 30803 10187 20086 30041 40147 55001 80032 333 20181 30/// 60002==
34555 21560 80903 10190 20115 30079 40166 50000 72522 8646/ 333 20190 31/// 69932==
34560 42/60 60905 10187 20117 39992 40173 57008 86030 333 20185==
34578 22/60 81802 10187 20086 30173 40179 56004 8807/ 333 20183 30/// 60002==
34579 22570 50602 10183 20072 30145 40187 57004 83501 333 20183 30/// 55081 69902==
34625 11598 60702 10170 20086 30062 40113 56007 60022 71792 86930 333 20152 31015 555 53008 7002/ 91212=
34644 22960 00703 10180 20073 30057 40130 55001 333 20180 30/// 60002==
34646 22/70 61104 10193 20114 30063 40140 57001 86030 333 20193 30/// 55022 60002==
34655 22560 50705 10184 20080 30092 40150 55002 85400 333 20184 30/// 60002 90730 91110==
34662 22/70 81101 10178 20083 30160 40170 53003 80031 333 20178 60002==
34691 22/70 60000 10169 20045 30220 40208 53001 85032 333 55079 60002==
34720 21570 70502 10182 20123 30072 40109 50003 79598 87900 333 20173 31/// 55074 60042==
34727 21560 61204 10184 20140 30072 40100 57004 70298 86400 333 20183 30/// 60002==
34737 11696 50702 10159 20140 30080 40106 57002 60082 71011 85500 333 20156 31016 555 53009 7008/=
34743 22960 40903 10170 20087 30052 40138 57003 80009 333 20170 30/// 60002==
34759 22560 71002 10166 20108 30020 40145 53002 86961 333 20164 30/// 55088 60002==
34772 22570 70905 10195 20098 30164 40167 57006 84531 333 20195 36/// 60002 90730 91110==
34785 22/70 71004 10181 20112 30206 40185 52001 85081 333 20181 30/// 60002==
34798 22960 00904 10165 20107 30223 40195 53002 333 60002==
34824 21540 61201 10179 20157 30093 40098 57003 71022 80400 333 20179 31/// 55054 60022==
34838 22660 61101 10175 20142 30013 40104 52004 86500 333 20171 31/// 60012==
34845 22/70 21003 10171 20134 30009 40112 57010 80030 333 20171 30/// 60002==
34858 22560 70801 10190 20123 30025 40127 58004 84370 333 20178 30/// 60002==
34861 22570 41304 10162 20090 39912 40144 52001 82331 333 20157 30/// 55038 60002==
34866 22670 61105 10194 20086 30155 40147 56001 82931 333 20192 30/// 60002==
34880 22560 70802 10177 20127 30201 40176 52004 83931 333 20171 30/// 55112 60002==
34887 22570 80603 10187 20129 30181 40162 54000 86537 333 20179 30/// 60002==
34949 21/70 31303 10148 20136 39594 40117 57008 70181 82031 333 20142 31/// 55044 69952==
34954 22570 81001 10189 20159 39954 40118 55005 885// 333 20187 30/// 55049 60002==
34958 22570 71202 10186 20150 39928 40117 58009 87500 333 20176 30/// 60002==
34975 22570 61104 10195 20126 30136 40133 57005 82531 333 20183 30/// 60002==
34984 22/70 50706 10210 20139 30180 40152 57003 80032 333 20187 30/// 60002 90730 91110==
35217 12/60 61103 10158 20046 30216 40254 52003 60002 83041==
35302 12970 61203 10136 20088 30228 40248 52005 60002 80001==
35315 32998 20602 10111 20050 30200 40526 52006 80002 555 20110 30010 7000/=
35344 32599 50501 10133 20096 30001 40278 53007 84201 333 55122 555 20097 30009 7000/=
35358 12960 03402 10167 20073 30099 40261 52008 60002==
35368 32999 00000 10137 20094 30002 40258 52005 333 55112 555 20110 31013 7000/=
35386 32598 60000 10116 20071 39757 40257 52008 86500 555 20064 30005 7000/=
35394 12970 00000 10130 20083 39606 40253 52006 60002 333 55114==
35404 32998 71402 10156 20076 30225 40233 52001 80004 555 20145 30013 7000/=
35406 12/60 61001 10131 20061 30241 40243 52002 60002 86030 333 55101==
35416 12970 40901 10132 20049 30143 40260 52004 60002 80005 333 55113==
35426 12984 60501 10130 20070 39990 40270 52007 60002 80001==
35437 32998 31101 10116 20065 39971 40274 52006 80004 333 55120 555 20109 30010 7000/=
35449 32998 00104 10154 20117 30164 40262 52009 555 20147 30012 7000/=
35497 12970 00501 10150 20046 39484 40240 52009 60002==
35498 32998 00000 10093 20030 39409 40258 52006 555 20036 30002 7000/=
35514 32998 41102 10146 20040 30250 40246 52004 80001 555 20130 30011 7000/=
35522 32998 20301 10121 20078 30013 40256 53002 80001 555 20117 30008 7000/=
35542 32999 03603 10148 20080 30126 40266 52008 333 55117 555 20131 30010 7000/=
35563 32998 00000 10168 20077 39518 40243 52005 333 55123 555 20097 30005 7000/=
35576 12970 00204 10120 20030 39819 40250 52005 60002==
35582 32998 00502 10115 20068 39672 40248 52005 555 20053 30003 7000/=
35594 32999 01102 10110 20027 39443 40248 52006 555 20049 30003 7000/=
35605 32998 61004 10148 20043 30249 40228 52003 80009 555 20135 30011 7000/=
35633 32998 20000 10126 20060 30061 40267 52004 80003 333 55123 555 20114 30010 7000/=
35671 12970 03602 10132 20059 39841 40252 52005 60002==
35699 12960 60502 10143 20038 39500 40216 58010 60002 80003==
35700 12970 61404 10172 20073 30250 40227 53004 60002 80001 333 55116==
35715 32999 21003 10156 20043 30256 40242 52005 80001 555 20146 30012 7000/=
35739 32999 10901 10102 20058 30120 40255 51004 80001 555 20100 38007 7000/=
35746 12970 20303 10174 20076 30191 40254 52007 60002 80001 333 55125==
35777 32997 00000 10126 20045 39902 40232 52011 555 20114 30009 7000/=
35796 12/60 80503 10148 20043 39815 40228 52008 60002 8801/ 333 55122==
35849 12970 00402 10146 20076 30159 40241 52006 60002 333 55118==
35895 32598 73601 10129 20025 39805 40229 52008 84341 555 20115 30011 7000/=
35907 32998 20907 10179 20123 30206 40178 57005 80001 555 20176 7000/=
35925 12970 20903 10130 20043 30138 40245 53007 60002 80004==
35927 32998 01402 10144 20050 30231 53004 555 20131 7000/=
35953 12984 00305 10154 20040 30112 40235 52009 60002==
35969 12984 00000 10152 20025 30066 40231 52004 60002==
35997 32698 73201 10162 20053 39798 40207 53008 86570 555 20140 30013 7000/=
36259 42984 02001 10076 21022 38304 48567 52005==
36335 32999 00000 10129 20060 39283 40256 52007 555 20045 30004 7000/=
36358 32999 00000 10114 20058 39284 40255 52006 555 20025 30002 7000/=
36394 32997 00000 10108 20084 39848 40253 52003 555 20035 30003 7000/=
36397 12984 22202 10126 20074 39707 40245 52003 60002 82940==
36403 32998 00602 10116 20075 39901 40246 52005 333 55047 555 20036 30003 7000/=
36418 32999 22802 10157 20046 39643 40221 52003 80003 555 20077 30009 7000/=
36421 32999 00000 10095 20054 39706 40248 52006 555 21006 30100 7000/=
36428 12984 00000 10125 20065 39761 40238 51005 60002 333 55128==
36439 32998 00904 10106 20040 39023 48560 52008 555 20027 31001 7000/=
36498 32998 60105 10141 20059 39485 40233 52005 80001 555 20092 30007 7000/=
36501 32999 00000 10127 20066 39531 40246 52005 555 20075 30003 7000/=
36535 12984 00000 10148 20057 39636 40232 58001 60002 333 55123==
36546 32999 21301 10150 20060 39714 40222 58002 80001 555 20036 30003 7000/=
36619 32999 73602 10155 20066 80001 555 20106 30008 7000/=
36622 32998 53102 10141 20036 39467 40226 52005 85041 555 20088 30007 7000/=
36639 12984 10000 10191 20060 39632 40194 52010 60002 80001==
36643 32899 52601 10152 20048 39604 40227 51004 85080 555 20070 30002 7000/=
36665 32999 00000 10154 20066 39538 40220 52006 333 55120 555 20100 30006 7000/=
36666 32999 72706 10172 20030 39762 40223 52004 80001 333 55124 555 20077 30006 7000/=
36729 32998 82301 10143 20068 39747 40201 52010 82037 555 20100 30007 7000/=
36736 32999 70101 10165 20062 39691 40210 52002 80005 333 55117 555 20070 30004 7000/=
36744 32998 80502 10148 20017 39785 40211 52004 8807/ 555 20105 30008 7000/=
36770 32598 80000 10145 20085 39528 40215 52011 889// 555 20103 30011 7000/=
36786 32699 80000 10141 20098 39331 40198 52004 889// 555 20117 30009 7000/=
36796 32998 80000 10082 20033 39064 48535 52003 8807/ 555 20044 30005 7000/=
36803 32999 83601 10172 20081 39781 40201 53011 82047 555 20127 7000/=
36806 32999 81505 10177 20006 39760 40198 52004 80002 555 20108 7000/=
36819 32598 82902 10154 20063 39627 40206 52008 8495/ 333 55008 555 20123 30009 7000/=
36821 12570 80000 10166 20094 39748 40208 52009 60002 889//==
36839 /1497 82403 10105 20090 39145 40230 52009 78082 8594/ 555 20105 32010 60012 7001/=
36843 32698 82501 10130 20071 39097 40215 52009 85932 555 20105 30010 7000/=
36846 /1599 80000 10081 20056 38664 48552 52009 70282 889// 555 20070 31009 69942 7994/=
36859 41570 81501 10140 20092 39468 40210 52019 72522 8597/==
36870 41560 81401 10124 20096 39256 40225 52009 78088 8697/==
36874 32599 61404 10166 20044 39479 40212 52010 86900 333 91120 555 20113 30010 7990/=
36877 /1699 80000 10149 20093 39295 40221 52004 70282 8693/ 555 20117 31012 69902 7006/=
36885 /1599 81804 10111 20069 39151 40237 52008 72582 8695/ 555 20104 31009 60012 7002/=
36889 /1498 80000 11018 21023 37104 47127 53002 333 47016 77077 8872/ 555 21031 60122 7018/=
36894 /1598 82302 10137 20084 39524 40229 52010 70282 8697/ 555 20129 31011 69972 7997/=
36905 32699 73003 10120 20062 38790 48556 52014 82372 333 55059 555 20115 31008 7000/=
36911 12699 80902 10130 20117 39324 40263 52003 6//// 85344 333 20105 31009 555 50150 530// 7003/=
36927 12699 72712 10097 20025 38383 48540 58004 6//// 86950 333 20088 555 50124 530// 7002/=
36934 11599 80902 10098 20052 38316 48442 51006 6//// 702// 8693/ 333 2//// 555 10144 5//// 530// 7021/=
36953 32699 80801 10092 20002 38246 48508 52011 8494/ 333 55094 555 20087 30005 7000/=
36963 11593 91401 11009 21009 37088 48/// 53004 6//// 743// 333 2//// 4/005 96047 555 11024 5//// 530// 7009/=
36974 12697 70901 10072 20045 38021 48560 53009 6//// 87900 333 2//// 555 10143 5//// 530// 7013/=
36982 11596 82104 11020 21023 36577 47134 54000 60072 771// 8802/ 333 21026 47011 555 5//// 530// 7////=
37018 22670 20402 10202 20180 30026 40098 57001 82500 333 20202 30/// 55111 60002==
37031 22560 30401 10155 20148 39917 40104 57004 83500 333 20153 31/// 55063 69952==
37054 22560 80000 10170 20152 39754 40120 58008 885// 333 20157 30/// 60002==
37061 22540 60502 10185 20160 39959 40119 57010 83501 333 20183 30/// 55046 60002==
37085 22570 80906 10214 20168 30151 40125 57011 8657/ 333 20201 30/// 60002==
37171 22/70 20803 10219 20172 30078 40095 53003 82030 333 20205 60002==
37228 22670 80000 10163 20138 39317 40111 57004 8257/ 333 20152 31/// 55069 60002==
37235 22670 50000 10170 20164 39815 40116 52006 8254/ 333 20169 30/// 60002==
37472 22560 61503 10221 20198 30136 40115 54000 82571 333 20220 30/// 55090 60002==
38149 12970 03301 10090 20027 30153 40229 58001 60002==
38178 12970 00402 10152 20004 39928 40204 52007 60002 333 55089==
38262 12970 00301 10111 20055 30137 40218 53004 60002 333 55106==
38264 12970 00503 10140 20056 30130 40221 52008 60002==
38345 12999 01001 10126 20025 38842 48545 53002 6//// 333 20060 30005 555 5//// 530// 7000/=
38353 12598 80903 10159 20080 39346 40208 53005 6//// 82934 333 20143 30013 4//// 55/// 555 5//// 530// 7000/=
38388 32998 00000 10142 20029 30125 40194 58007 333 20140 38013 55120 555 7000/=
38392 32997 00303 10146 20071 30108 40208 53006 333 20130 30012 55115 555 7000/=
38396 12960 00402 10160 20074 30091 40212 53008 60002 333 20121==
38403 12960 00203 10189 20043 30084 40200 53002 60002==
38413 12970 01402 10145 21041 39905 40188 52011 60002 333 55113==
38457 12960 00000 10165 20062 39625 40191 52006 60002 333 55092==
38462 12984 00000 10102 20013 38792 48533 53002 60002 333 20083==
38462 12984 00000 10102 20013 38792 48533 53002 60002 333 20083==
38507 32998 00704 10202 20034 30069 40167 53001 333 20199 30017 55109 555 7000/=
38545 32998 03401 10137 20085 30026 40198 53005 333 20100 30009 55113 555 7000/=
38565 12970 00000 10140 20025 39614 40188 53008 60002 333 20056==
38579 12984 00000 10156 20076 39782 40186 52007 60002 333 55096==
38583 12960 02901 10156 20092 39885 40196 52008 60002==
38599 32998 00805 10179 20094 39702 40197 50005 333 20130=
38611 12960 00302 10171 20094 39653 40202 52003 60002==
38613 12999 00101 10140 20082 40200 53002 6//// 333 20110 30009 555 10163 5//// 530// 7////=
38616 12999 00000 10135 20074 39211 40195 56008 6//// 333 2//// 555 10164 5//// 530// 7002/=
38618 42960 32301 10136 20089 39531 40201 52003 80001 333 55029==
38647 32998 00706 10180 20029 30115 40156 52005 333 20176 30015 555 7000/=
38656 32998 00904 10172 20011 30088 40194 53009 333 20168 30015 55112 555 7000/=
38683 12960 00203 10144 20061 39914 40183 53008 60002==
38687 32997 00204 10151 20032 39958 40187 53009 333 20134 30014 55112 555 7000/=
38696 12984 00702 10147 20043 39350 40179 53009 60002 333 55106==
38713 32998 01801 10148 20043 39058 48540 54000 333 20085 30004 55055=
38750 32997 00201 10195 20084 30173 40146 53004 333 20194 30018 55096 555 7000/=
38763 32999 01002 10161 20000 30068 40170 52004 333 20160 30013 55121 555 7000/=
38774 32998 01201 10147 20000 39991 40181 53007 333 20144 30011 555 7000/=
38799 32997 03601 10140 20006 39960 40187 53009 333 20119 30010 555 7000/=
38806 32997 03601 10136 20061 39907 40161 53008 333 20112 30011 555 7000/=
38812 12960 01002 10138 20021 39717 40158 53008 60002==
38836 32999 00000 10174 20062 39222 40118 53004 333 20137 30011=
38880 12997 02101 10168 20022 39933 40180 52006 60002 333 20142 30015 555 7000/=
38886 32997 00000 10158 20078 39972 40194 52003 333 20110 30008 555 7000/=
38895 32996 00401 10170 20034 39910 40190 53004 333 20138 30009 555 7000/=
38911 32998 03402 10154 20064 39882 40168 53005 333 20126 30011 55115 555 7000/=
38915 32997 00000 10144 20076 39858 40173 53005 333 20130 30013 555 7000/=
38927 12960 01402 10158 20048 39804 40169 52012 60002 333 55119==
38933 32998 00000 10135 20092 39684 40186 53013 333 20110 30008 55098=
38944 32997 00201 10172 20019 39594 40109 52008 333 20131=
38954 32999 00000 10091 20019 37941 48510 57002 333 20088=
38974 32998 02501 10138 20029 39858 40185 52004 333 20137 30015 55107 555 7000/=
38987 32996 02302 10104 20004 39460 40196 53009 333 20100 30004 55113 555 7000/=
40100 43960 41203 10268 20217 30087 40102 53007 333 58///=
40180 01558 11302 10255 20218 30046 40093 52009 705// 81500 333 70000==
40199 02/// /0302 10288 20171 30064 40088 52011 333 70000==
40265 42960 03203 10193 20139 39340 40093 52004=
40270 41956 02201 10222 20102 39234 40082 52005 70500=
40272 41940 00000 10186 20112 39294 40096 52004 70500=
40340 42960 00110 10288 20162 30020 40078 54002=
40356 42960 03614 10247 20120 39136 48494 333 59001 555 04410 50042=
40357 42960 03509 10275 20040 39439 40027 333 58002=
40360 42960 03008 10232 20090 39511 40066 333 59004=
40361 42960 02203 10250 20010 39327 40091 333 58002=
40362 42960 00000 10292 20000 39561 40035 333 58002=
40373 42960 02704 10300 20040 39651 40038 333 59013=
40375 42960 02104 10245 20080 39235 40058 333 58001=
40394 42960 00902 10304 20070 38993 48507 333 58001 555 04410 50037=
40394 42960 00902 10304 20070 38993 48507 333 58001 555 04410 50037=
40400 42960 03604 10280 20230 30047 40074 333 59002=
40405 42960 02403 10262 20010 39352 40065 333 58001=
40417 42960 00000 10259 20130 30012 40026 333 59018=
40420 41957 01603 10278 20160 39840 40039 70500 333 59009=
40430 42660 62407 10335 20050 39363 40066 86500 333 58006 86640=
40437 42960 03502 10262 21050 39391 40055 333 59007=
40439 42660 21704 10270 20200 30033 40051 82500 333 59006 82640=
40582 31957 02105 10304 20081 40032 53013 70500 333 55300 00000 10111 20041 30018 41254 51383 60060 55407 40023 90401 91003 91105 91205 91303=
40703 42660 30000 10198 20096 38928 40111 53014 83500 333 10290 20182 70000 83640 555 10141 29052 66666 00238 10242 20278 30282 50278 90260=
40706 42962 00803 10200 20063 38665 40097 52015 333 10300 20179 70000 555 10127 29041 66666 00236 10276 20305 30305 50299 90287=
40712 42960 02803 10166 20080 38680 40098 51002 333 10250 20147 70000 555 10120 29057 66666 00205 10232 20239 30240 50233 90225=
40713 42960 00000 10181 20059 38662 40077 53010 333 10313 20174 70000 555 10117 29045 66666 00266 10283 20286 30281 50276 90259=
40718 42960 02101 10222 20195 30172 40145 52005 222// 0//// 20301 333 10265 20222 70000 555 10205 29085 66666 00242 10266 20264 30272 50276 90266=
40723 42970 00000 10133 21025 38979 40167 53008 333 10229 20098 70000 555 10067 29033 66666 00146 10178 20238 30246 50252 90242=
40726 42960 00000 10152 20050 38666 40100 53008 333 10302 20150 70000 555 10100 29050 66666 00228 10242 20276 30270 50266 90254=
40727 42960 01802 10102 20003 38498 40109 52007 333 10301 20102 70000 555 10058 29050 66666 00178 10221 20255 30255 50247 90231=
40732 42560 72401 10240 20197 30156 40133 53003 87300 333 10260 20240 70000 82922 86626 555 10212 29077 66666 00268 10272 20282 30282 50275 90264=
40736 42960 00000 10234 20220 30169 40145 52006 333 10270 20232 70000 555 10225 29092 66666 00271 10288 20280 30292 50290 90288=
40737 42960 41801 10229 20210 30125 40142 52008 84030 333 10258 20212 70000 84359 555 10216 29089 66666 00259 10261 20265 30260 50253 90250=
40738 42960 00000 10220 20192 30155 40157 53009 333 10280 20205 70000 555 10202 29084 66666 00280 10272 20288 30292 50288 90278=
40739 42965 00701 10184 20054 38709 40129 52009 333 10232 20152 70000 555 10116 29042 66666 00206 10204 20258 30274 50278 90274=
40741 42960 00000 10154 20021 39859 40181 53006 333 10250 20119 70000 555 10094 29041 66666 00211 10246 20282 30296 50308 90311=
40743 42970 00903 10180 21053 39079 40140 53011 333 10290 20170 70000 555 10085 29020 66666 00230 10262 20301 30315 50316 90312=
40745 42965 00202 10135 20009 39068 40184 53006 333 10199 20110 70000 555 10078 29042 66666 00148 10192 20236 30260 50262 90265=
40747 42960 00000 10142 20021 38644 40098 52010 333 10316 20130 70000 555 10085 29044 66666 00200 10264 20296 30302 50295 90290=
40754 42962 03302 10238 20061 38838 40094 52008 333 10314 20231 70000 555 10143 29032=
40762 42965 00000 10151 21063 38565 40123 53004 333 10209 20117 70000 555 10065 29022 66666 00158 10210 20248 30268 50274 90270=
40766 42960 00000 10157 21045 38691 40084 52011 333 10314 20144 70000 555 10073 29025 66666 00180 10240 20280 30292 50292 90282=
40768 42960 00000 10115 20009 38283 40098 52005 333 10283 20114 70000 555 10066 29048 66666 00211 10250 20279 30289 50282 90278=
40769 41960 00000 10160 20037 38326 40094 53009 70500 333 10281 20158 70000 555 10098 29044 66666 00222 10258 20290 30298 50300 90290=
40780 42960 01103 10228 20018 38671 40064 53005 333 10289 20216 70000 555 10123 29025 66666 00280 10300 20320 30320 50310 90300=
40782 42965 00000 10163 21004 38847 40080 52010 333 10319 20162 70000 555 10087 29032 66666 00232 10264 20298 30300 50304 90290=
40785 42960 00000 10216 20042 39073 40095 52014 333 10333 20205 70000 555 10127 29032 66666 00306 10331 20345 30357 50366 90376=
40791 42962 00103 10270 21024 39318 40086 52013 333 10335 20245 70000 555 10133 29014 66666 00280 10294 20332 30344 50354 90352=
40792 42965 03202 10196 21035 38716 40092 51006 333 10270 20178 70000 555 10094 29021 66666 00240 10264 20292 30312 50332 90308=
40798 42960 03202 10102 21017 38012 40132 52013 333 20080 555 10050 29043 66666 00175 10216 20262 30271 50262 90254=
40800 42960 03001 10183 20017 38493 40109 52013 333 10306 20167 70000 555 10102 29033 66666 00180 10204 20264 30298 50298 90292=
40809 42962 00000 10168 21163 38490 40082 53005 333 10241 20113 70000 555 10058 29009 66666 00194 10240 20282 30302 50304 90297=
40811 42960 03302 10277 20125 39992 40016 52009 333 10414 20273 70000 555 10188 29039 66666 00312 10346 20366 30376 50380 90380=
40812 42960 03401 10296 20083 39669 40015 52012 333 10415 20288 70000 555 10176 29026 66666 00340 10356 20386 30398 50396 90386=
40818 42965 03103 10161 21020 38025 40094 52014 333 10249 20147 70000 555 10078 29029 66666 00234 10265 20281 30286 50291 90296=
40821 42962 02502 10223 21020 38797 40095 52012 333 10319 20191 70000 555 10111 29020 66666 00262 10294 20336 30343 50334 90342=
40829 41/04 93417 10226 21038 39511 40052 53007 73200 333 10303 20217 70000 89/// 555 10112 29017 66666 00246 10278 20312 30312 50310 90298=
40831 41957 00000 10280 20099 30018 40025 52008 70500 333 10441 70000 20280 555 10178 29032 66666 00322 10356 20378 30378 50376 90368=
40833 41957 01202 10275 20197 39997 40027 53010 70500 333 10428 20270 70000 555 10224 29063 66666 00322 10348 20362 30370 50384 90368=
40835 42960 00000 10235 20153 39263 40040 52011 333 10362 20234 70000 555 10184 29060 66666 00280 10310 20340 30354 50360 90350=
40841 42970 00000 10190 21004 38264 40068 53013 333 10338 20154 70000 555 10097 29027 66666 00246 10338 20288 30288 50294 90288=
40845 41930 00000 10294 20279 30017 40022 52008 71000 333 10346 20285 70000 555 10283 29092 66666 00306 10330 20356 30366 50370 90362=
40848 42960 00000 10188 20056 38519 40059 52016 333 10322 20176 70000 555 10118 29042 66666 00232 10262 20294 30304 50302 90290=
40851 42960 00000 10170 20015 38270 40054 53017 333 10312 20166 70000 555 10094 29035 66666 00222 10274 20318 30330 50332 90316=
40854 42965 03202 10269 20006 38922 40040 52015 333 10346 20264 70000 555 10138 29018 66666 00276 10326 20360 30372 50370 90364=
40856 41958 02102 10189 21032 38612 40056 52008 70500 333 10273 20145 70000 555 10091 29022 66666 00182 10232 20284 30302 50312 90310=
40859 42960 00000 10230 21009 38682 40039 52015 333 10354 20202 70000 555 10116 29020 66666 00224 10266 20290 30296 50298 90293=
40875 41940 03302 10306 20253 30008 40019 51007 70510 333 20295 70000 555 10268 29073 66666 00334 10354 20364 30368 50374 90372=
40879 42960 00000 10292 21020 39399 40030 53017 333 10403 20265 70000 555 10144 29013 66666 00336 10360 20394 30404 50406 90398=
40882 41530 82802 10310 20284 39983 40016 52014 71020 86570 333 10334 20306 70000 86630 83359 555 10291 29086 66666 00330 10348 20366 30382 50372 90364=
40883 41925 30602 10306 20295 39995 40017 53016 71000 83030 333 10342 20293 70000 83360 555 10298 29094 66666 00335 10352 20371 30380 50382 90374=
40893 41957 01102 10316 20253 39999 40005 51011 70500 333 10329 20299 70000 555 10271 29069 66666 00346 10357 20368 30367 50367 90369=
40898 41956 01103 10293 20257 30008 40017 52015 71000 222// 00298 20900 333 10297 20287 70000 555 10267 29081 66666 00300 10322 20364 30376 50380 90370=
41024 42660 33306 10319 20270 30036 40061 83500 333 59001 83640=
41036 42960 02905 10250 20090 38551 48502 333 59001 555 04410 50065=
41055 42960 03109 10241 20080 38357 48499 333 59003 555 04410 50060=
41061 42660 21406 10290 20060 39364 40028 82100 333 59007 82840=
41084 42960 20000 10289 21020 38818 48489 82030 333 59002 83360 555 04410 50015=
41112 42560 10000 10156 20080 37946 48506 81100 333 59005 81820 555 04410 50074=
41114 42960 00000 10159 20100 37979 48502 333 59006 555 04410 50065=
41128 42960 02502 10226 21050 38772 48488 333 59010 555 04410 50045=
41136 42960 00000 10266 21010 39258 40030 333 59004=
41140 42960 00703 10302 20240 30051 40062 333 59003=
41150 42966 02407 10334 20228 40028 333 59021=
41170 42960 02303 10316 20228 30018 40031 333 59017=
41176 44/60 /3104 10261 20213 30024 40030 333 59020=
41184 42960 42602 10268 20218 40033 84030 333 59019 82360=
41194 41930 41906 10310 20268 30019 40026 70500 84030 333 59025 84368=
41196 41930 31705 10291 20259 39991 40030 70500 83030 333 59023 83368=
41216 41920 02003 10317 20291 30026 40030 70500 333 59018=
41217 41420 11905 10304 20284 39999 40027 71010 81600 333 59018 81711=
41242 36/// /2000 10283 20281 30010 40035 333 0E029 55300 25022 59026=
41244 36/// /1003 10308 20096 39620 40019 333 0E035 55300 25022 59022=
41255 36/// /1301 10282 20190 39536 40027 333 0E029 59006=
41256 32010 02003 10304 20184 30005 40023 333 59027 55426 55407 55408 55507 55508=
41258 36/// /2503 10332 20206 30011 40014 333 0E/// 55300 20002 59029=
41263 26/// /1103 10282 20181 39478 40021 333 0E025 55300 20000 59011 70000=
41265 26/// /3105 10280 20193 39472 40019 333 0E028 55300 20002 59014 70010=
41267 36/// /1303 10318 20191 30008 40020 333 0E028 59029=
41275 36/// /1203 10275 20199 39893 40058 333 0E027 55300 20000 59012=
41288 31357 72408 10262 20246 30026 40047 70522 87600 333 59023 87708=
41315 26/58 /0000 10216 20212 39263 47509 333 0E025 55300 27865 59003 70000=
41316 32560 79902 10277 20248 30042 40071 87500 90245 333 59002 55047 55407 55408 55507 55508 87625=
41398 42304 10290 20248 40063 50/// 70300 82532 22213 00300 20200 321// 40401 80260=
41480 41950 20203 10300 20267 30040 40048 70644 82030 333 59012 82360=
41497 31019 10240 20211 40110 54000 70299 83147 22253 06220 20202 80220=
41498 51902 10326 20248 40070 58011 70211 81331 22272 04305 20301 328// 40802 80268=
41506 12460 40000 10170 20138 38462 48610 60001 82120 333 20150 56880 59001 70000==
41508 12960 00000 10194 20137 38611 48860 60001 333 20154 59014 70000==
41515 12460 70000 10232 20110 38482 48450 60001 84520 333 20202 56880 59015 70000==
41523 12960 00000 10220 20174 39009 48480 60001 333 20200 59016 70000==
41535 12960 00000 10210 20158 38635 48120 60001 333 20170 59034 70000==
41536 12960 00000 10200 20151 38971 48570 60001 333 20184 59005 70000==
41560 12960 00000 10200 20136 38234 48510 60001 333 20174 59015 70000==
41571 11940 21303 10280 20231 39474 40029 60001 70500 82030 333 20252 56080 59009 70000==
41598 11940 00000 10290 20269 39757 40016 60001 70400 333 20278 59022 70000==
41600 11940 40000 10295 20267 39730 40010 60001 70400 84020 333 20272 56080 59018 70000==
41620 12940 00000 10240 20179 38511 48160 60001 333 20220 59007 70000==
41624 12960 01801 10300 20258 39814 40004 60001 333 20280 59013 70000==
41630 11920 00000 10300 20265 30000 40024 60001 71000 333 20282 59008 70000==
41640 11440 40000 10300 20258 39781 40019 60001 70400 81530 333 20274 56880 59009 70000==
41660 11940 02302 10200 21043 38391 48780 60001 70500 333 20160 59010 70000==
41678 11940 00000 10310 20231 30000 40004 60001 70500 333 20284 59025 70000==
41696 12960 00000 10180 21009 38003 48060 60001 333 20130 58005 70000==
41697 12960 00000 10335 20274 39853 40000 60001 333 20284 59016 70000==
41700 11940 01301 10310 20252 39874 49995 60001 70400 333 20286 59013 70000==
41710 11940 03108 10250 21036 39277 40022 60001 70700 333 20230 59003 70000==
41712 12960 00000 10235 21053 39117 48550 60001 333 20224 59006 70000==
41715 11940 00000 10310 20276 39940 40003 60001 70500 333 20280 59016 70000==
41718 11940 00000 10310 20254 39897 49995 60001 70400 333 20288 59022 70000==
41725 12940 01301 10300 20258 39932 40007 60001 333 20280 59015 70000==
41739 11940 00000 10260 21011 38992 48690 60001 70500 333 20230 59006 70000==
41744 12940 00000 10260 20071 38710 48450 60001 333 20224 59022 70000==
41749 12940 01303 10285 20242 39970 40003 60001 333 20264 59024 70000==
41756 11240 71801 10285 20250 39976 40039 60001 70504 87600 333 20224 56800 59014 70000==
41759 11420 50000 10265 20229 30027 40033 60001 71011 82530 333 20244 56880 59021 70000==
41764 12940 02106 10280 20252 39962 40011 60001 333 20266 59019 70000==
41768 12940 02303 10280 20252 30011 40018 60001 333 20254 59014 70000==
41780 12440 72503 10285 20250 39996 40022 60001 85500 333 20274 56800 59023 70000==
41785 12960 02301 10275 20254 30021 40034 60001 333 20254 59012 70000==
41859 02/50 21302 10323 20250 30005 40041 82030 333 20283 58005 70000 82362==
41883 02/56 41302 10310 20260 30019 40039 84030 333 20280 58003 70000 84362==
41891 01450 81804 10325 20270 30014 40051 70522 83340 333 20274 58004 70016 83615 85365 81930==
41907 02456 51304 10315 20270 30017 40031 85800 333 20278 58001 70012 83615 83825==
41923 02450 61802 10306 20270 30034 40044 83530 333 20260 58006 70214 83615 86365==
41936 41425 51406 10310 20270 30018 40025 70522 83630 333 20270 58003 83615 84362==
41943 02440 61302 10288 20260 30035 40042 83530 333 20262 58001 70000 83616 84362==
41950 02350 61802 10315 20270 30037 40039 86631 333 20276 58006 70000 81708 84616==
41978 02457 61605 10310 20260 30045 40051 83530 333 20271 58007 70010 83617 85360==
41992 01425 60000 10295 20280 30053 40055 72165 83330 333 20267 58010 70030 83616 86362 81925==
42001 10031 99259 70897 46/// /0707 10295 20289 30107 40110 90240 22200 00302 333 91209 555 11081 22086 8//08 90236=
42027 32596 31401 10210 20146 38378 48442 83400 333 20165 59010 555 10164=
42044 32596 20000 10214 20152 38247 48474 82100 333 20140 59008=
42045 32696 12301 10214 20165 38280 48401 81100 333 20166 59005 555 10209=
42056 32696 20000 10294 20257 39597 82500 333 10345 20258 59007 82635=
42071 31594 50000 10310 20294 40018 71022 82430 333 10351 20281 59010 82630 83359=
42097 10031 99257 70837 46/// ///// 1//// 90256 22200 00307 10601 20601 70005=
42101 21596 83202 10282 20248 40036 70262 8552/ 333 10357 20276 59004 6990/ 85630 88458=
42111 21595 70000 10282 20240 39341 40011 71021 85830 333 10334 20246 59003 6990/ 83620 84830 87360 555 00000 11929=
42123 32996 00000 10290 20250 40015 333 10366 20274 59012=
42165 32996 00000 10306 20258 40004 333 10372 20293 59018=
42182 21695 40000 10290 20262 40022 71021 82530 333 10346 20252 59007 6990/ 82635 83360 555 10911=
42189 21595 10000 10294 20275 40022 70500 81500 333 10357 20254 58002 6028/ 81625 555 00280 10911=
42260 21596 50503 10314 20293 40016 71022 81531 333 20276 59006 6004/=
42309 21496 60203 10306 20279 40048 71022 83830 333 20242 58001 6009/ 555 00086 11757=
42314 31596 50503 10298 20270 40048 71022 83530 333 20266 59002 83620 85360=
42328 31995 02006 10282 20248 49993 70500 333 10380 20260 59018 555 10449=
42339 21695 42301 10288 20260 40021 70511 82501 333 10357 20264 59015 6990/ 82635 555 10520=
42348 31595 60000 10278 20258 40024 71022 83530 333 10338 20272 59014 83630 85359 555 11327=
42361 31996 20000 10284 20244 40018 70500 80001 333 20261 59006 82070 555 10793=
42369 21595 20902 10316 20282 40016 71021 82500 333 10349 20250 59003 6002/ 82620 555 00018 10644=
42379 21595 50904 10320 20270 40019 70510 84440 333 10361 20271 56290 58001 6990/ 84620 555 10698=
42398 22596 61103 10327 20275 40036 83530 333 20279 58009 6025/ 555 00254 11861=
42410 31495 60000 10306 20273 40048 71022 83330 333 20269 58007 83618 81925 85360 555 10946=
42415 21596 70000 10300 20269 40055 70196 85420 333 20248 58006 6012/ 85620 86459 555 00116 10886=
42452 21896 00000 10278 20255 40011 71000 333 10308 20255 59014 6002/ 555 00022 11047=
42492 31496 60904 10304 20262 40017 71022 86600 333 20286 59006 82710 84618 555 10555=
42559 22996 43602 10268 20248 40006 80002 333 10325 20244 59006 6012/ 84075 555 00119 11021=
42571 22596 70000 10280 20266 49999 84530 333 20264 59020 6990/ 84625 85360 555 00000 11028=
42623 21496 62301 10266 20235 39202 40044 71022 84630 333 10332 20217 58005 6990/ 82710 84618 86360 555 10745=
42634 32596 32302 10276 20244 40040 83400 333 20253 59017 83620 555 10727=
42647 31596 53204 10286 20258 40030 71021 85800 333 20266 56700 59017 82715 83620 555 11037=
42667 21394 82704 10240 20234 39446 40024 79596 84920 333 20232 59012 6012/ 82706 83618 81930 88490 555 00120 11410=
42675 21494 70000 10270 20259 49992 70562 85630 333 20252 59028 6011/ 82710 84620 86360 555 00106 11142=
42701 21495 80504 10244 20241 39296 40012 76066 8472/ 333 20231 59003 6030/ 83710 83618 88459 555 00303 11085=
42724 21496 61402 10318 20256 40047 70522 83531 333 20270 58009 6990/ 83618 84360 555 11542=
42737 32496 22508 10272 20246 40044 83600 333 20242 59013 83712 555 11294=
42754 21496 72903 10246 20238 39402 40026 70522 85630 333 10296 20228 59010 6992/ 83710 83618 86360 555 00002 10790=
42779 21495 80000 10248 20245 39297 49977 76366 8572/ 333 20230 59036 6007/ 82710 84620 88458 555 00072 11214=
42798 21496 61106 10294 20260 49999 71062 84530 333 20250 59002 6014/ 84615 85360 555 00139 10751=
42809 21495 71102 10293 20275 40024 70562 85430 333 20266 58007 6013/ 83618 84825 86360 555 00135 10905=
42840 32496 80000 10274 20254 40048 8472/ 333 20270 59007 82712 83618 88458 555 11459=
42867 21495 82906 10254 20248 40016 79596 8792/ 333 20248 59013 6018/ 83710 83618 81930 88458 555 00184 10975=
42874 21395 82302 10254 20254 49974 79596 8492/ 333 20246 59033 6118/ 82708 85618 81930 88458 555 01184 10996=
42886 21495 81408 10268 20260 49988 70562 8552/ 333 20247 59009 6023/ 85618 88458 555 00229 10817=
42895 21496 70000 10294 20280 40007 70262 86420 333 20253 58014 6015/ 86618 86459 555 00152 10613=
42909 21596 69902 10280 20263 40048 75121 81170 222// 20000 333 20274 59011 6994/ 81825 85458 555 00004 10826=
42971 21496 61802 10296 20274 40006 70522 85330 333 20265 57972 58045 6007/ 84618 81930 85360 555 00066 10928=
43003 21495 80000 10262 20248 40051 75065 8572/ 333 20254 59008 6010/ 82712 83616 88458 555 00097 12524=
43014 31496 72708 10240 20214 39399 40038 70542 84730 333 10317 20226 59010 82712 83620 85360 555 10555=
43041 21495 82304 10240 20237 39403 40010 72166 8672/ 333 20231 58000 6079/ 83715 86620 88458 555 00785 11283=
43063 22597 62701 10250 20221 39434 40050 84730 333 20220 56690 59010 6994/ 81722 83626 555 00004 10944=
43110 21496 52703 10274 20251 40068 70162 84730 333 20250 59009 6010/ 82712 83618 85358 555 00101 13758=
43117 32997 52302 10252 20235 40054 83031 333 20224 59002 555 10651=
43192 21496 72303 10264 20250 40069 72562 83772 333 20246 59007 6018/ 555 00184 13804=
43310 22496 62301 10276 20265 40085 83321 333 20256 58014 6007/ 555 00074=
43333 21495 72306 10288 20254 40088 70562 85410 333 20262 56590 58002 6002/ 82618 84820 87458 555 00024 11561=
43404 22470 32304 10311 20275 30079 40082 51020 83000 333 10332 20279 553// 20302 58003 60008 70000 91007==
43410 22/70 3//// 10299 20242 30083 40086 52019 333 10332 20271 3/026 58000 60008 70000 83/18==
43413 22470 62206 10296 20250 30088 40093 51021 86200 333 10314 20280 553// 20252 59001 60008 70000 91011==
43415 22470 42202 10290 20250 39986 40094 52015 84000 333 10308 20257 3/024 59003 60008 70000==
43418 22470 32301 10303 20233 30047 40088 52014 81101 333 10319 20260 59003 60008 70000==
43421 22470 32503 10303 20253 39991 40095 52017 83000 333 10342 20252 553// 20262 59001 60008 70000 91008==
43422 22470 62303 10280 20245 39965 40098 54018 86100 333 10300 20249 3/023 55001 58000 60008 70000==
43424 22470 62304 10300 20255 30095 40097 53016 86000 333 20272 59003 60008 70009==
43436 22470 30000 10307 20235 30085 40088 52011 81000 333 10311 20266 3/024 59003 60008 79999==
43441 21470 32302 10279 20251 39967 40099 52013 73000 83000 333 20243 3/024 59002 60008 70041==
43444 22470 52301 10259 20217 39575 40101 52016 84100 333 10259 20226 58000 60008 70017==
43450 21/70 41802 10286 20259 30103 40115 51018 70282 333 10295 20243 3/027 58005 69938 70230 83/80==
43466 21470 62102 10281 20236 30107 40115 5/016 70282 85000 333 10300 20240 3/024 553// 20186 58001 60008 70289 91006==
43467 21/70 72303 10281 20257 30110 40116 52022 70382 86/6/ 333 20250 58005 60018 70410 83/16 82/18==
43473 21/61 82805 10160 20160 38129 48494 52015 75055 333 10195 20149 3/014 553// 20140 58004 60008 70024 84706 88810 91008==
43475 22/70 32302 10328 20225 30087 40091 52010 83060 333 10375 20274 553// 20324 59007 60008 70000 91006==
43476 22470 62701 10232 20183 38763 48511 5/007 83000 333 10232 20188 58000 60008 79999==
43479 22570 71001 10233 20199 39257 52022 85000 333 10279 20208 58008 60008 70000==
43486 21420 80001 10251 20251 30017 40117 5/019 78082 87000 333 10311 20236 553// 20048 58003 60008 70000 91002==
43495 22470 72505 10284 20255 30101 40115 52022 85000 333 10291 20262 58003 60008 70002==
43497 22470 52403 10283 20000 30091 40108 5/019 85000 333 10310 20259 553// 20369 58001 60008 70005 91006==
44212 42984 03501 10169 21003 39151 40222 52004==
44213 42/84 22801 10142 20004 38833 40224 52006 82030==
44214 42970 00000 10110 21037 38335 40241 52007==
44215 42670 11102 10115 21020 38463 40240 52005 81100==
44217 32998 00000 10068 21021 37915 40281 53004 333 91202=
44218 42984 00601 10154 21031 38655 40220 52009==
44219 32999 01005 10140 21047 38667 40226 52005 333 91205=
44265 42984 01801 10160 20001 38884 40220 52010==
44266 32999 01702 10099 21079 37843 40245 52008 333 91205=
44404 22356 61804 10218 20196 38103 48432 85250 333 20185 58000 60004=
44416 21357 71204 10249 20237 39295 40030 70340 85410 333 20228 58011 69954=
44424 22560 20802 10207 20160 37657 47086 81201 333 20150 59004 60024=
44434 21459 30803 10260 20224 39176 48486 70040 81131 333 20222 58014 60014=
44438 22558 50910 10318 20268 39913 40035 83801 333 20279 58011 60004=
44449 22558 51107 10308 20277 39882 40031 83130 333 20268 58006 60004=
44454 22456 40503 10251 20210 38625 48467 84800 333 20210 58004 69904=
44462 21/08 70000 10216 20199 38238 48450 7404/ 87800 333 20188 58006 69904=
44474 21020 40101 10228 20200 38235 48474 71044 84200 333 20194 58005 60004=
44477 21450 21802 10282 20226 38775 48491 7104/ 82100 333 20205 58007 60004=
44478 22556 20908 10312 20270 39954 40036 82100 333 20275 58007 60004=
48010 42556 82201 10265 20251 39891 40042 8587/ 333 58006==
48020 42356 73601 10275 20250 85930==
48025 42456 73201 10279 20240 31003 40050 59002 84870==
48031 41257 81801 10205 20185 70144 888//==
48048 41556 81801 10283 20268 39982 40037 75055 8692/ 333 59007==
48052 32456 50000 10290 20248 83430 333 56990=
48062 42456 82304 10288 20274 30040 40047 86970 333 58005==
48064 41450 80000 10271 20270 39985 40042 75065 86870 333 58006==
48071 41356 82305 10288 20274 30052 40061 76166 8692/ 333 58010==
48094 42457 82201 10275 20265 30053 40063 85970 333 59002==
48109 42460 62303 10300 20266 30080 40083 86900 333 58010==
50557 14/80 /2707 10205 20028 39776 40059 52006 60001 333 10246 20117 3/009 58029 70000 90761 91116==
51076 14/80 /1302 10165 20045 39366 40220 52006 60001 333 10206 20053 3/005 59008 70000 90761 91104==
51087 14/72 /1301 10162 20046 39233 40218 52011 60001 333 10200 20076 3/006 59004 70000 90761 91104==
51156 14/80 /1502 10145 20021 38742 40224 52008 60001 333 10177 20056 3/005 58008 70000 90761 91106==
51243 14/80 /0502 10195 20059 39689 40215 52007 60001 333 10224 20129 3/012 59006 70000 90761 91104==
51334 14/62 /2201 10175 20102 39819 40209 52007 60001 333 10241 20105 3/011 59006 70000 90761 91103==
51379 14/80 /3002 10189 20019 39303 40217 52009 60001 333 10227 20067 3/006 59001 70000 90761 91104==
51463 14/80 /3001 10158 20026 39064 40211 52007 60001 333 10193 20104 3/006 58003 70000 90761 91104==
51573 14/80 /1002 10258 20005 30110 40157 52013 60001 333 10302 20209 3/017 59028 70000 90761 91107==
51644 14/39 /3601 10184 20112 38958 40162 52024 60001 70600 333 10247 20137 3/016 59008 70000 90761 91104==
51656 14/69 /0906 10228 20034 39137 40141 52011 60001 333 10256 20146 3/010 59022 70000 90761 91110==
51709 14/73 /2902 10158 20078 38645 40169 52006 60001 333 10209 20099 3/010 58004 70001 90761 91104==
51711 14/80 /2303 10075 20051 38064 40172 52008 60031 76050 333 10172 20062 3/007 59001 70214 90761 91107==
51716 14/60 /0802 10185 20088 38910 40141 52016 60001 333 10244 20178 3/017 59001 70000 90761 91106==
51765 14/39 /0704 10241 21009 39186 40129 52006 60001 70700 333 10281 20129 3/008 59029 70000 90761 91108==
51811 14/72 /3002 10140 20098 38799 40164 52005 60001 333 10206 20128 3/013 58018 90761 91110==
51818 14/64 /3102 10164 20076 38652 40149 52006 60001 333 10253 20135 3/013 58023 70000 90761 91110==
51828 14/60 /2903 10172 20081 38647 40132 52008 60001 333 10280 20150 3/015 58026 70000 90761 91114==
51886 14/73 /2702 10134 21003 37156 40073 52005 60001 333 10189 20065 3/004 59020 70000 90761 91105==
52203 14/71 /2401 10237 21006 39310 40153 52002 60001 333 10271 20084 3/006 59031 70000 90761 91103==
52602 14/80 /1801 10187 21028 37298 40054 52005 60001 333 10208 20075 3/003 59025 70000 90761 91107==
52681 14/67 /1003 10158 20127 38676 40183 52002 60001 333 10202 20118 3/010 59012 70000 90761 91105==
52818 14/77 /0000 10145 20066 37273 40067 52010 69981 72100 333 10223 20107 3/012 59026 70012 90761 91110==
52908 14/80 /3301 10055 20022 35849 40097 52008 60001 333 10100 20009 3/001 59009 70095 90761 91108==
53463 14/80 /0603 10186 20007 38928 40218 54000 60001 333 10213 20106 3/007 58066 70006 90761 91108==
54857 14/75 /1702 10290 20237 30046 40135 57004 60001 333 10293 20251 3/024 58000 70000 90761 91105==
55228 04980 /3002 10132 21023 36072 49925 52010 60002 70000 333 10201 20068 3/004 5001/ 59008 60001 70000 90720 91108=
55299 14/80 /1102 10100 20050 35923 40022 52008 69911 72150 333 10150 20060 3/005 59004 70019 90761 91106==
55578 04980 /0802 10162 20063 36425 49986 52010 60022 70000 333 10204 20101 3/012 5003/ 54405 59002 60001 70017 90720 91109=
55591 14/80 /1302 10156 20074 36578 49986 52013 60011 333 10245 20116 3/012 58010 70018 90761 91107==
55664 04980 /1601 10125 20021 36070 40014 52007 60002 70000 333 10190 20082 3/008 5001/ 59002 60001 70000 90720 91105=
55773 04980 /0905 10118 20020 36076 40019 52008 69922 70000 333 10144 20032 3/001 5001/ 54405 59002 60001 70002 90720 91109=
56004 14/80 /3201 10075 20030 35901 40053 52008 60001 333 10122 20035 3/002 59006 70035 90761 91109==
56018 14/80 /2201 10137 20066 36249 49993 52007 60001 333 10180 20084 3/007 58001 70013 90761 91106==
56116 04980 /2002 10166 20056 36399 49991 52004 60002 70000 333 10211 20082 3/006 5000/ 54405 59002 60001 70000 90720 91104=
56312 04980 /1402 10195 20082 37124 40016 52003 60002 70000 333 10281 20127 3/012 5003/ 54405 58000 60001 70000 90720 91104=
57494 14/64 /1701 10360 20243 30068 40096 52004 60001 333 10373 20265 3/027 58007 70000 90761 91104==
58847 14/62 /3003 10325 20223 39977 40073 57011 60001 333 10339 20255 3/025 59018 70000 90761 91106==
62306 42960 01611 10247 20196 40089 57001==
62332 42960 02104 10261 20228 40096 52001==
62366 45960 00802 10256 20206 40090 57001==
62387 32960 03103 10238 20183 40094 52005=
62393 42960 00000 10246 20118 40121 52008==
62405 42960 02103 10270 20105 40083 52005==
62414 42960 03603 10285 20090 40090 52008==
62420 32960 00302 10254 20171 40095 57001=
62435 42960 02601 10242 20120 40085 52007==
62458 32960 03206 10283 20185 40083 52006=
