SMPK OPKC 081200=
41504 02697 30000 10260 20057 37798 48394 60002 83200 333 10270 56900 58019 60007 86845 RH27%=
41505 12697 20000 10255 20098 38/// 48/// 60002 82400 333 10300 56990 58/// 60007 82840 RH 37%=
41506 02697 51808 10325 20076 38425 48419 60002 83210 333 10340 56990 58012 60007 83830 82460 21%=
41507 02997 00000 10325 20202 39200 49683 60002 333 10330 58010 60007 48%=
41508 02697 30000 10292 20186 38609 48488 60002 83200 333 10325 56900 58005 60007 83835 53%=
41509 02697 22304 10335 20128 38665 48422 60002 82200 333 10358 56900 58012 60007 82840 RH29%=
41510 02997 21303 10225 20120 37875 48438 60002 82200 333 20255 56900 58002 60007 82840 51%=
41515 02697 22306 10320 20104 38439 48399 60002 82500 333 10340 56900 59001 60007 82650 27%=
41516 02696 50000 10315 20199 38451 48407 60002 82470 333 10335 56990 59019 60007 82840 83460 RH50%=
41517 02697 30000 10240 20109 37757 48428 60002 83500 333 10264 56900 59024 60007 83635 44%=
41518 02697 61802 10322 20078 38/// 48/// 60002 83230 333 10339 56990 5//// 60007 83840 83362 22%=
41519 02697 30000 10350 20128 38670 48427 60002 83200 333 10360 56900 59006 60007 83840 RH26%=
41519 02697 30000 10350 20128 38670 48427 60002 83200 333 20360 56900 59006 60007 83840 RH26%=
41519 02697 30000 10350 20128 38670 48427 60002 83200 333 10360 56900 59006 60007 83840 RH26% COR=
41520 02697 33602 10235 20068 37600 48173 60002 83400 333 10260 56900 59017 60007 83840 34%=
41523 02997 02304 10320 20205 39011 48467 60002 333 10340 59002 60007 51%=
41524 02697 30000 10335 20197 39230 40032 60002 83100 333 10363 56900 59001 60007 83845 RH 44%=
41524 02697 30000 10335 20197 39230 40032 60002 83100 333 10363 56900 59001 60007 83845 RH 44%=
41525 22697 31304 10210 20130 37688 48363 60002 83200 333 10235 56990 58009 83840 60%=
41528 02997 00000 10340 20195 39135 48474 60002 333 10348 58003 60007 43%=
41529 02996 23102 10350 20237 39657 40012 60002 82030 333 10365 56090 59010 60007 82360 RH 52%=
41530 01696 30508 10350 20220 39618 40003 60002 70500 82430 333 10365 56990 59007 60007 82840 47%=
41534 02997 00000 10340 20241 39621 40008 60002 333 10355 59010 60007 RH66%=
41535 02697 20000 10260 20209 38662 48442 60002 82500 333 10293 56900 59002 60007 82640 RH74%=
41536 02597 20000 10230 20206 38964 48466 60002 82200 333 10325 59007 60007 82830 57% =
41560 02997 00000 10270 20157 38258 48469 60002 333 10285 58005 60007 Rh50%=
41562 02997 31806 10350 20237 39584 40018 60002 83030 333 10364 58004 60007 83360 52%=
41565 02997 20000 10272 20242 38621 48496 60002 82030 333 10290 56090 58006 60007 82360 85%=
41567 01996 00000 10330 20230 39630 40022 60002 70400 333 10345 58026 60007 56%=
41571 12697 23110 10325 20194 39490 40017 60002 81830 333 10338 56990 59005 60007 RH46%=
41572 01996 03108 10320 20221 39408 49994 70400 333 10345 59004 60007 RH56%=
41573 02091 80000 10210 20195 37955 48456 60002 886// 333 10240 569// 59002 60007 88700 91%=
41574 02697 30000 10260 20188 38308 48475 60002 83400 333 10280 56900 58003 60007 83640 64%=
41576 02697 20000 10345 20247 40029 60002 82400 333 10355 56900 59010 60007 82840 57%=
41577 01696 12302 10330 20233 39438 40016 60002 70400 81200 333 10340 56900 59005 60007 81835 RH 57%=
41593 01996 20000 10355 20266 39810 40008 60002 70411 82030 333 10370 56090 59006 60007 82360 60%=
41597 02997 00000 10345 20285 39744 40021 60002 333 10355 59012 60007 71%=
41598 02997 23102 10350 20261 39751 40006 60002 82030 333 10360 56090 59006 60007 82360 60%=
41599 01696 22706 10350 20237 39746 40017 60002 70411 82400 333 10354 56900 59010 60007 82640 52%=
41600 02997 02302 10340 20257 39731 40007 60002 333 10345 59004 60007 62%=
41620 32696 22302 10350 20104 38508 48413 60002 82500 333 10355 56900 58003 60007 82640 22%=
41624 02997 00502 10360 20279 39821 40008 60002 333 10375 58000 60007 63%=
41625 02997 01302 10355 20251 39815 40004 60002 333 10365 58002 60007 55%=
41630 01696 20000 10355 20251 40019 60002 70400 82400 333 10358 56900 59002 60007 82640 55%=
41633 02997 00000 10365 20255 4//// 60002 333 10375 5//// 60007 53%=
41634 02697 23102 10330 20248 3//// 4//// 60002 82600 333 10335 56900 5//// 60007 82640 62%=
41635 02997 02704 10360 20264 3//// 4//// 60002 333 10370 5//// 60007 58%=
41636 01996 00000 10355 20266 39852 40024 60002 70400 333 10380 58000 60007 60%=
41638 01996 00000 10350 20261 4//// 60002 70400 333 10366 5//// 60007 60%=
41639 02997 21302 10360 20256 3//// 4//// 60002 82030 333 10365 56090 5//// 60007 82360 55%=
41640 01696 53202 10340 20233 39780 40014 60002 70400 82530 333 10350 56990 59007 60007 82640 83360 54%=
41641 01696 33006 10350 20211 39758 40015 60002 70500 83500 333 10365 56900 59004 60007 83640 45%=
41642 02997 30502 10335 20281 3/// 4//// 60002 83800 333 10345 56900 5//// 60007 83640 74%=
41643 01996 30000 10330 20261 39754 40015 60002 70410 83030 333 10345 56090 59004 60007 83360 67%=
41644 02997 10000 10340 20286 3//// 4//// 60002 81030 333 10350 56090 5//// 60007 81362 74%=
41646 01696 30000 10355 20259 39832 40030 60002 70400 83500 333 10370 56900 59003 60007 83640 58%=
41652 01996 01804 10360 20264 39853 40020 60002 70400 333 10373 58003 60007 58%=
41660 02797 12318 10330 21062 38391 48481 60002 81400 333 10350 56900 58011 60007 81850 RH08%=
41661 02997 03104 10335 21021 38343 48458 60002 333 10350 58011 60007 10%=
41669 02997 31302 10375 20274 3//// 4//// 60002 83030 333 10390 56090 5//// 60007 83360 56%=
41670 01996 30000 10350 20283 3//// 4//// 60002 70400 83030 333 10375 5//// 56090 60007 83360 68%=
41674 01996 00000 10355 20259 3//// 4//// 60002 70411 333 10365 5//// 60007 58% =
41675 01696 30000 10360 20240 39877 40012 60002 70411 83500 333 10372 56900 59002 60007 83640 50%=
41676 01996 01302 10360 20294 39904 40052 60002 70400 333 10370 59001 60007 69%=
41677 01996 00000 10350 20261 39851 40008 60002 70400 333 10367 58004 60007 60%=
41678 01996 00000 10370 20219 40022 60002 70500 333 10380 58005 60007 42%=
41679 01696 60502 10340 20249 4//// 60002 70422 83570 333 10355 56990 5//// 60007 83640 83460 59%=
41680 01696 30000 10350 20283 39827 40017 60002 70410 83400 333 10363 56900 59007 60007 83640 68%=
41685 02997 02302 10325 20185 38843 48451 60002 333 10340 59001 60007 RH43%=
41696 02997 03102 10280 20077 37989 48473 60002 333 10300 58007 60007 RH28%=
41697 02997 01304 10390 20235 39857 40003 60002 333 10410 58000 60007 RH41%=
41700 01696 30000 10380 20240 39888 40007 60002 70500 83500 333 10382 56900 58001 60007 83640 45%=
41701 01696 10000 10370 20260 39886 40019 60002 70400 81400 333 10387 56900 58008 60007 81840 54%=
41710 11996 03110 10400 21153 39265 49970 60002 70600 333 10420 58014 03%=
41712 12997 00504 10410 21024 39105 48478 60002 333 10420 58009 RH07%=
41715 01996 01302 10370 20268 39950 40011 60002 70500 333 10385 58002 60007 RH56%=
41716 01996 02706 10375 20258 39922 40018 60002 70400 333 10384 58005 60007 52%=
41718 01696 20000 10380 20287 39928 40024 60002 70400 82100 333 10392 56900 58016 60007 82830 59%=
41724 02996 01308 10390 20235 39952 40026 60002 333 10395 58001 60007 RH41=
41725 02996 03104 10400 20239 39933 40005 60002 333 10405 58003 60007 RH40%=
41726 02996 00000 10370 20268 39966 40032 60002 333 10400 58003 60007 RH56%=
41738 02996 02318 10400 20203 39851 40018 60002 333 10405 58011 60007 RH32%=
41739 02996 03610 10370 21028 38966 48462 60002 333 10375 58015 60007 RH08%=
41742 12997 01806 10380 20256 39910 40007 60002 333 10384 58002 RH 50%=
41743 21996 02302 10400 20264 60002 70500 333 10410 60007 RH 47%=
41744 12996 00000 10330 20073 38707 48445 60002 333 10340 58022 RH21%=
41745 01996 01304 10365 20278 60002 70500 333 10375 60007 RH61%=
41746 22996 01802 10365 20262 39960 40011 60002 333 10380 58004 60007 RH56%=
41747 02996 01304 10390 20276 39953 40007 60002 333 10400 58004 60007 RH53%=
41748 02996 01804 10375 20266 39964 40024 60002 333 10385 59012 60007 RH54%=
41749 02996 01306 10365 20270 39985 40018 60002 333 10380 58000 60007 RH58%=
41756 01496 42310 10315 20244 39974 40037 60002 70500 84600 333 10330 56900 58002 60007 84715 RH66%=
41757 12996 02314 10315 20244 30042 40054 60002 333 10335 58006 RH66%=
41759 01995 02316 10310 20254 30029 40034 60002 70731 333 10335 58004 60007 RH72%=
41760 01596 22012 10305 20241 30027 40040 60002 70500 82600 333 10330 56900 58009 60007 82720 RH 69%=
41764 02996 01818 10345 20255 39981 40028 60002 333 10355 58006 60007 RH60%=
41765 02996 02304 10350 20268 39992 40025 60002 333 10360 58003 60007 RH63%=
41766 02996 01806 10335 20274 39989 40018 60002 333 10355 58014 60007 RH70%=
41767 02996 0//// 10350 20268 60002 333 10355 60007 RH63%=
41768 02996 02304 10340 20272 30016 40023 60002 333 10355 58005 60007 RH68%=
41780 02596 42308 10351 20252 30006 40032 60002 84600 333 10329 56900 59008 60007 84720 RH69%=
41783 02996 32304 10315 20255 30004 40033 60002 83030 333 10335 56090 58003 60007 83360 RH 69%=
41785 02597 22304 10330 20261 30029 40042 82600 333 10335 56500 58007 60007 82730 RH 67%=
41786 02696 32306 10350 20245 39982 40022 60002 83500 333 10355 56900 58008 60007 83630 RH 55%=
41BAG 02696 30502 10230 20073 60002 83500 333 10265 56900 60007 83640 36%=
41BKI 02996 03606 10350 20220 39611 40001 60002 333 10360 59004 60007 47%=
41SKP 01996 03602 10330 20253 3//// 4//// 60002 70400 333 10337 5//// 60007 64%=
43532 02997 00000 10340 20204 39235 49981 60002 333 10355 58017 60007 45%=
43533 02997 00000 10335 20231 39131 48451 60002 333 10350 59003 60007 55%=
43563 02997 00000 10322 20245 39368 40017 60002 333 10339 59004 60007 64%=



UPPK OPKC 081200=
PPAA 58111 41715 55285 30003 22003 77999=
PPAA 58111 41718 55285 32006 30504 77999=
PPAA 58111 41780 MISDA NO ASCENT DUE TO SHORTAGE OF RED BALOON=
PPAA 5812/ 41516 MISDA due to Air movement=
PPAA 5812/ 41517 MISDA DUE TO AIR MOVEMENT=
PPAA 5812/ 41646 MISDA DUE TO TECHNICAL FAULT=
PPAA 58121 41678 55285 06506 12502 77999=
PPAA 5812/ 41739 no acent due to security risk=
PPAA 5812/ 41764 NO ASCENT DUE PAF FLYING=
PPAA 58121 41600 55285 27506 35007 77999=
PPAA 58121 41624 55285 08508 36009 77999=
PPAA 58121 41640 55185 30505 77999=
PPAA 58121 41675 55185 15008 77999=
PPBB 58111 41715 90/12 13002 03003 02003 9037/ 33003 29003=
PPBB 58111 41718 90/12 00000 31005 31006 9037/ 31506 29505 9125/ 30504 30503=
PPBB 58121 41600 90/12 31002 31004 33003 9037/ 29504 24005=
PPBB 58121 41640 90/12 31002 29002 30002 90370 30003 32506=
PPBB 58121 41675 90/12 00000 13501 17501 9037/ 14502 18502=
PPBB 58121 41678 90/12 00000 09503 08503 9037/ 08504 04505 9125/ 20505 09009=






Data Generated from File : D:\all data handling\Rmc_lhr\2024090812.FSU.txt
08/09/24 13:03:13
______________________________________________________________
15020 04970 01002 10266 20004 30012 40199 57016 60001 333 55310 22682 60007 91004 90760 91106==
15090 04970 01701 10261 20031 30115 40203 57014 60001 333 55310 01670 22837 30301 60007 91004 90760 91106==
15108 02984 01002 10119 21010 38160 48555 57002 60001 333 55310 22897 60007 91004 90760 91105==
15150 04970 03501 10261 20063 39994 40197 57014 60001 333 55310 22581 60007 91007 90760 91107==
15170 04970 01503 10239 20014 39431 42831 57015 60001 333 55310 22770 60007 91007 90760 91107==
15280 02284 21603 10081 20003 37577 47155 52003 60001 82400 333 55310 23226 60007 91005 90760 91107==
15310 04/70 40402 10273 20074 30101 40182 57009 60001 84030 333 55308 01240 22332 32122 60007 91007 90760 91107==
15335 04570 50603 10253 20132 30174 40181 57009 60001 83540 333 55307 22257 60007 91005 90760 91106==
15350 04970 00404 10267 20026 30077 40191 58009 60001 333 55310 21997 60007 91008 90760 91110==
15360 04/70 20309 10216 20157 30159 40175 54001 60001 82030 333 60007 91012 90760 91113==
15420 04970 00603 10285 20022 30075 40180 57013 60001 333 55310 22804 60007 91006 90760 91108==
15460 04570 50304 10274 20093 30154 40178 57011 60001 83570 333 55309 22477 60007 91009 90760 91109==
15470 04970 00302 10289 20046 30059 40177 57014 60001 333 55310 22752 60007 91007 90760 91108==
15480 04570 30504 10226 20161 30155 40171 57006 69931 82230 333 55310 01710 22822 32660 69937 91009 90760 91109==
15549 12970 00504 10252 20030 39772 40164 57008 60001 333 10262 20167 555 524//=
15552 12470 53602 10250 20140 30120 40166 54000 60001 85800 222// 00263 309// 40402 333 10259 20208 555 550// 92034 92438=
15640 12974 03410 10270 20155 39868 40160 58012 60001 333 10275 20207 555 549//=
15655 12570 63610 10265 20134 30123 40154 58013 60001 86200 222// 00251 10402 333 10278 20195 555 545// 92035 92438=
15730 12670 10206 10274 20006 39785 40157 58012 60001 81200 333 10276 20200 555 517//=
16627 12965 00106 10300 20073 30143 40149 57016 60001 333 90730 91122==
16650 12960 00315 10280 20099 30147 40155 57008 60001 333 90730 91125==
16667 12560 23313 10300 20159 30126 40136 57009 60001 82100 333 90730 91120==
16706 12660 10210 10282 20186 30118 40125 56008 60001 81101 333 90730 91118==
16723 12560 23613 10304 20157 30095 40109 57008 60001 81130 333 90730 91123==
16732 26/// /3620 10268 20195 30121 40132 57003 333 60005 90730 91131==
16742 12960 13315 10302 20170 39949 40095 57010 60001 80005 333 90730 91133==
16749 12560 12417 10306 20197 30063 40076 57010 60001 81101 333 90730 91120==
16754 12560 23213 10294 20224 30093 40140 58004 60001 81101 333 90730 91120==
16757 12560 23121 10278 20241 39994 40121 57003 60001 82101 333 90730 91130==
16760 12560 30113 10274 20175 40134 57002 60001 82101 333 90730 91123==
16765 12560 12926 10286 20188 40103 56003 60001 81106 333 90730 91129==
17022 11570 72805 10242 20205 39973 40131 50002 69901 72522 85250 333 85830 87360 90760 91115==
17024 11570 62104 10224 20208 30046 40120 50000 60081 71792 84950 333 84832 86360 81928 90760 91112==
17026 11560 71702 10221 20201 30092 40129 50001 60031 79522 85970 333 85830 87458 82922 90760 91111==
17031 12670 40110 10275 20212 30108 40114 58004 60001 84200 333 84836 90760 91115==
17034 11670 70101 10254 20210 30088 40132 53005 69921 72582 83250 333 83835 87360 90760 91106==
17038 11535 72903 10248 20211 30080 40125 53005 69941 79581 87900 333 85828 83920 90760 91108==
17042 12670 60000 10266 20212 30083 40120 57008 60001 83250 333 83835 86360 90760 91107==
17050 12970 03404 10305 20063 30103 40162 57017 60001 333 90760 91115==
17056 12670 10309 10282 20158 30140 40144 57009 60001 81100 333 81835 90760 91119==
17060 11560 63518 10267 20176 30107 40146 57008 60031 70299 86200 333 86825 90760 91128==
17070 11665 33102 10238 20114 39283 40110 50001 69981 70182 83200 333 83834 90760 91113==
17074 11570 63603 10244 20177 39209 40096 57012 60001 71722 83950 333 83833 86360 81925 90760 91108==
17084 12670 42803 10269 20159 39235 40092 57014 60001 84200 333 84835 90760 91105==
17085 12670 33303 10316 20119 39618 40075 57021 60001 83200 333 83840 90760 91110==
17092 11660 71304 10191 20160 38850 48499 57010 60001 70292 84950 333 83845 87358 81940 90760 91116==
17096 12560 61310 10253 20061 38240 48491 57011 60001 86900 333 85835 81925 90760 91124==
17098 12660 3//// 10258 20028 38225 48517 60001 81240 333 81840 83358 90760 91107==
17100 12670 13301 10289 20125 39167 40101 57018 60001 81200 333 81837 90760 91107==
17112 12670 30706 10297 20069 30138 40140 57016 60001 83200 333 83835 90760 91116==
17115 12660 30216 10268 20152 30101 40149 57006 60001 83100 333 83835 90760 91124==
17116 11665 60000 10250 20194 30024 40140 57005 69941 72582 84250 333 84840 86360 90760 91111==
17124 12660 43110 10260 20125 39240 40109 57010 60001 84100 333 84835 90760 91124==
17128 12670 62609 10270 20101 39047 40081 57012 60001 84230 333 84840 84360 90760 91117==
17135 12670 32104 10278 20125 39252 40076 57016 60001 83100 333 83840 90760 91109==
17140 12565 60403 10241 20120 38688 48485 58006 60001 86200 333 86830 90760 91109==
17150 11660 40417 10272 20175 30013 40130 57014 60021 70282 84200 333 84835 90760 91122==
17160 12670 43607 10284 20095 38982 48486 57013 60001 84200 333 84840 90760 91111==
17170 12660 32910 10267 20095 38343 48505 56003 60001 83100 333 83840 90760 91117==
17175 12665 33605 10296 20157 30119 40123 57016 60001 83100 333 83840 90760 91109==
17184 12670 33505 10303 20139 30007 40112 57017 60001 82230 333 82840 83360 90760 91115==
17190 12670 33104 10251 20101 38963 48490 57015 60001 83100 333 83835 90760 91112==
17190 12670 33104 10251 20101 38963 48490 57015 60001 83100 333 83835 90760 91112==
17195 12670 33110 10280 20066 38936 48485 58011 60001 83100 333 83840 90760 91116==
17200 11560 73307 10270 20131 39143 40071 57012 69901 71792 85950 333 84833 86359 81927 90760 91113==
17202 12670 43603 10334 20106 39082 40048 57016 60001 84100 333 84835 90760 91115==
17203 12670 31904 10301 20087 38849 48528 57006 60001 83100 333 83840 90760 91114==
17210 12670 32705 10345 20091 39100 40046 57008 60001 83100 333 83840 91015 90760 91119==
17219 12565 20315 10308 20139 39974 40110 57015 60001 82100 333 82830 90760 91131==
17234 12670 21503 10344 20147 30026 40089 57021 60001 82100 333 82840 90760 91108==
17237 12670 13003 10310 20123 39615 40086 57019 60001 81100 333 81840 90760 91108==
17240 12570 33406 10295 20105 38993 40065 57013 60001 83200 333 83830 90760 91113==
17244 12570 53216 10255 20102 38967 48494 58011 60001 85900 333 84840 81930 90760 91125==
17248 12670 41102 10288 20076 38943 48484 57015 60001 84200 333 84840 90760 91110==
17250 12970 02107 10278 20067 38776 48486 57015 60001 333 90760 91112==
17260 12660 32208 10322 20138 39270 40029 57010 60001 83200 333 83840 90760 91116==
17270 12670 21205 10347 20180 39457 40054 57012 60001 82200 333 82840 90760 91113==
17275 12670 32207 10328 20107 38958 48514 58009 60001 83100 333 83840 90760 91118==
17280 11660 42212 10359 20075 39323 40050 57007 60001 70291 84100 333 84840 90760 91125==
17290 12970 03211 10325 20131 30058 40088 57009 60001 333 91021 90760 91122==
17292 12670 10303 10319 20099 39353 40056 57009 60001 81100 333 81840 90760 91110==
17300 12560 41610 10308 20238 30016 40083 58002 60001 84200 333 84830 90760 91120==
17310 12970 02205 10332 20259 30064 40071 58003 60001 333 90760 91109==
17330 12670 21302 10334 20224 30063 40080 57006 60001 82100 333 82840 90760 91111==
17350 12660 42214 10339 20208 39992 40065 58010 60001 84200 333 84835==
17370 12670 32506 10316 20253 30078 40082 58008 60001 83200 333 83835 90760 91111==
17375 12670 32107 10303 20218 30059 40061 58003 60001 83200 333 83836 90760 91114==
33088 32997 11405 10259 20060 30033 40213 57017 80001 555 1/043=
33135 32798 10702 10258 20051 30095 40234 57015 81100 555 1/040=
33177 32998 01304 10270 20035 39971 40193 57015 555 1/041=
33317 32998 21303 10256 20041 39890 40206 57014 80001 555 1/044=
33393 32960 01204 10267 20012 39813 40179 57014=
33415 32998 01205 10262 21012 39822 40195 57013 555 1/042=
33429 32997 10903 10250 20036 39802 40199 57013 80001 555 1/047=
33466 32998 01003 10256 21015 30040 40217 57012 555 10043=
33506 32997 30905 10249 21023 30033 40218 57012 80001 555 1/043=
33562 32960 01404 10268 20047 39925 40210 57014 555 1/044=
33587 32998 01402 10257 20004 39956 40204 57014 555 1/047=
33658 32984 01205 10265 20010 39912 40193 57016 555 1/043=
33663 32998 01102 10278 20013 30118 40208 57006 555 1/051=
33664 42998 00904 10261 21035 39844 40191 57015=
33678 42998 02804 10257 21016 30016 40215 57017=
33679 42997 01102 10267 20041 30018 40197 57013=
33711 32960 21006 10278 20009 30002 40198 57008 82030 555 1/050=
33745 42997 00402 10264 20009 30021 40203 57016 555 10049=
33748 42997 00702 10248 20048 39929 40197 57007=
33754 42998 00403 10265 20046 30058 40196 57015=
33761 32970 00305 10252 20038 39985 40195 57010 555 1/037=
33791 32987 50707 10280 21014 30073 40192 57014 85030 555 1/048=
33815 42998 00804 10258 20018 39987 40182 57014 555 10037=
33837 32972 50602 10241 20114 30130 40179 58007 82039 555 1/040=
33881 42998 00303 10273 20045 30002 40186 57011=
33883 42998 20303 10275 20062 30026 40180 57012 80009 555 10045=
33885 42998 20305 10262 20049 30060 40188 57014 82030=
33892 42998 20703 10264 20060 39978 40178 57010 82050=
33902 32998 60806 10280 20007 30116 40171 57008 80040 555 1/043=
33924 42570 20408 10231 20175 30144 40156 57004 81201 333 91012 90760 91114==
33946 42570 60710 10225 20156 39927 40135 57006 82530 333 91013 90760 91114==
33983 41560 80605 10190 20168 30088 40146 52005 79598 8595/ 333 90760 91113==
34300 32997 50903 10258 20018 30063 40230 57017 82034 555 1/043=
34336 42970 61002 10267 20018 30143 40240 57013 80001==
34344 42970 80903 10271 20041 30154 40236 57015 80007 333 90760 91110==
34356 42960 01004 10270 20037 30102 40240 57015==
34357 42970 00805 10266 20028 30087 40232 58016 333 91010 90760 91112==
34398 42970 20000 10274 20085 30237 40246 57012 80001==
34415 32970 60903 10261 20019 30123 40213 57018 80009 555 1/037=
34438 42960 50907 10263 20021 30043 40222 57015 80001 333 91010 90760 91112==
34445 41970 50905 10265 20023 30127 40233 57013 70731 80001 333 90760 91111==
34461 42960 11104 10268 20022 30189 40240 57013 80001==
34473 42997 20905 10269 20054 30209 40245 57013 80001 555 10044=
34476 42970 10902 10270 20029 30238 40245 57015 80001==
34504 32983 60908 10246 20004 30036 40200 57011 86040=
34535 42970 21007 10262 21007 30147 40214 57016 80001 333 91012 90760 91113==
34545 42970 20805 10263 21002 30117 40221 57016 80001 333 90760 91113==
34555 42970 30904 10250 20068 30151 40237 58010 80001==
34560 42960 01207 10257 20018 30059 40237 57012 333 90760 91111==
34578 42960 01603 10268 20014 30231 40237 57015==
34579 42970 00703 10269 20013 30200 40241 57014==
34644 42/60 30805 10266 21041 30135 40206 57018 82031 333 91010 90760 91113==
34646 42970 20904 10254 20079 30136 40213 57016 80001 333 90760 91111==
34655 42960 00807 10269 21048 30165 40221 57015 333 91011 90760 91115==
34662 41970 11005 10265 21004 30223 40234 57012 70700 80001 333 91011==
34691 42970 01102 10273 20002 30257 40245 57017==
34720 42670 60604 10238 20063 30152 40189 58012 82589 333 90760 91111==
34727 42560 61007 10247 20028 30147 40175 57008 86400 333 91011 90760 91114==
34743 42960 00805 10269 21029 30123 40207 57018 333 91010 90760 91113==
34759 41560 20807 10267 20004 30082 40204 57015 70730 81501 333 91012 90760 91114==
34772 42970 30905 10263 21028 30231 40234 57013 80005 333 91010 90760 91111==
34785 42970 31005 10268 21005 30256 40235 57013 80001 333 90760 91111==
34798 42984 30905 10252 20042 30271 40243 57007 80001==
34824 42560 61005 10271 20110 30153 40158 57007 85431 333 90760 91113==
34838 42/60 20905 10279 20060 30067 40156 58014 82039 333 91010 90760 91114==
34845 42970 21005 10275 20036 30075 40175 57015 80001 333 91011 90760 91115==
34858 42960 01005 10273 20004 30088 40188 57013 333 91012 90760 91115==
34861 42/70 21309 10260 21026 39974 40200 57011 82030 333 91013 90760 91115==
34866 42/70 51107 10267 21018 30222 40213 57010 80034 333 91013 90760 91114==
34880 42560 61104 10244 20057 30260 40236 57008 82931 333 90760 91110==
34887 41970 80704 10233 20027 30249 40231 57007 70711 80007 333 90760 91112==
34949 42970 00913 10256 20064 39646 40153 57010 333 91016 90760 91119==
34954 42670 20904 10280 20066 30007 40168 57015 82100 333 91011 90760 91114==
34958 42570 11106 10272 20068 39988 40172 57012 81500 333 91012 90760 91115==
34975 41/60 51206 10247 20030 30208 40204 57007 70722 80073 333 91012 90760 91115==
34984 42670 60607 10223 20079 30252 40224 57006 83962 333 91010 90760 91112==
35217 42/60 20204 10274 20092 30209 40246 57008 82040==
35302 42570 20403 10282 20042 30228 40247 57012 82100==
35315 42598 20202 10277 20080 30191 40243 57006 82200 555 10041=
35344 42699 20304 10211 20048 39975 40244 58006 82100 555 10028=
35345 46/// /0404 10206 20062 39939 40241 56005=
35358 42660 60202 10187 20070 30067 40227 58003 86200==
35368 42599 50303 10163 20078 39976 40230 52002 83530 555 11015=
35386 42598 43001 10184 20065 39721 40208 57001 84200 555 10024=
35394 42670 22101 10189 20009 39574 40206 57001 82500==
35404 42998 01502 10267 20100 30242 40250 57013 555 10045=
35406 42660 20302 10278 20084 30242 40244 57015 82200==
35416 42670 41002 10261 20100 30126 40237 57006 84200==
35426 42984 00503 10238 20058 39971 40241 57004==
35437 42998 00402 10222 20049 39948 40240 57004 555 10033=
35449 42698 50203 10200 20108 30138 40234 54000 85200 555 10029=
35497 42670 12701 10188 20009 39453 40197 57003 81200==
35498 42698 52301 10160 20033 39381 40207 57001 85500 555 10017=
35514 42598 23602 10282 20077 30244 40240 57013 82100 555 10044=
35519 42698 30505 10270 20088 30171 40237 57009 83200 555 10034=
35522 42698 40605 10247 20096 30003 40235 57003 82101 555 10040=
35542 42699 70504 10202 20073 30099 40236 53001 87200 555 10023=
35563 42598 20802 10144 20040 39485 40214 52002 82200 555 10023=
35576 42670 61702 10200 20023 39785 40203 53001 86100==
35582 42998 22204 10199 20098 39665 40223 58030 80003 555 10029=
35594 42599 21802 10196 21019 39414 40192 57002 81402 555 10027=
35605 42998 00503 10269 20074 30262 40242 57012 555 10044=
35633 42698 20507 10221 20024 30033 40232 57004 82100 555 10034=
35671 42570 60503 10178 20039 39805 40207 57002 86900==
35699 42960 70000 10166 20038 39503 40213 57001 80003==
35700 42970 00902 10263 20046 30280 40258 58004==
35715 42699 60000 10284 20086 30247 40234 57012 86200 555 10044=
35739 42699 23604 10231 20062 30092 40221 58003 82100 555 18039=
35746 42570 30307 10217 20064 30152 40214 54000 83300==
35777 42997 63203 10192 20053 39880 40202 53006 86030 555 10022=
35796 42960 61602 10187 20079 39801 40207 57004 80002==
35816 46/// /0104 10277 20086 30237 40248 58013=
35849 42570 63204 10218 20076 30122 40201 53001 86300==
35895 42998 50905 10186 20046 39791 40206 57005 82032 555 10030=
35907 42998 60611 10231 20097 30261 40233 57010 80002=
35925 42670 70204 10262 20088 30118 40220 57009 87400==
35927 42698 30204 10276 20084 30219 57013 83100=
35953 42684 61602 10209 20048 30078 40199 57003 83280==
35969 42584 63203 10168 20002 30048 40213 58008 86900==
35997 42998 20503 10242 20064 39776 40173 57002 82030 555 10032=
36259 12584 63106 10100 21063 38265 48527 52007 60002 83902 333 10121 90760 91114==
36335 42699 40000 10169 21008 39254 40211 54000 82201 555 10021=
36358 42999 70000 10164 20016 39258 40210 54000 87030 333 10020=
36394 42597 60000 10188 20060 39829 40223 54000 85330=
36397 42684 50000 10182 20041 39695 40222 57001 83430==
36403 42698 81002 10169 20072 39888 40226 57001 889// 555 11017=
36418 42799 70106 10165 20038 39652 40229 57001 85503 555 10025=
36421 42699 73401 10139 20058 39709 40243 57005 82502 555 10017=
36428 42684 70901 10174 20074 39765 40233 56005 84951==
36439 42698 63102 10122 20029 39025 48570 54000 83931 555 11013=
36467 42999 32701 10172 20016 39327 40209 53002 83030 555 10025=
36498 42998 63403 10179 20026 39472 40209 57003 80001 555 10023=
36501 42999 20000 10170 20020 39511 40015 54000 82030 555 10020=
36535 42/84 30000 10178 20057 39633 40223 57003 83030==
36546 42699 23101 10184 20028 39724 40226 57003 82500 555 10023=
36619 42999 01102 10222 20042 555 10036=
36622 42998 30000 10186 20037 39459 40205 56003 80001 555 10020=
36639 42984 20000 10205 20030 39635 40195 57007 80001==
36643 42999 00804 10180 20066 39601 40217 56002 555 10022=
36665 42999 40303 10175 20037 39535 40212 53001 80004 555 10017=
36666 42999 20204 10180 20051 39761 40220 57003 80001=
36729 42998 00703 10212 20050 39746 40189 57004 555 10023=
36736 42599 60901 10203 20044 39694 40207 57007 83241 555 10022=
36744 42998 00401 10234 20035 39770 40182 57003 555 10033=
36770 42999 00103 10220 20039 39504 40172 57004 555 10030=
36786 42999 03202 10206 20017 39328 40177 54000=
36796 42998 00000 10180 20064 39058 48553 53002=
36803 42999 20804 10209 20094 39781 40196 56007 80002=
36806 42999 21604 10204 20045 39767 40200 57002 80002=
36819 42998 51106 10239 20009 39603 40164 57005 80001=
36821 42984 00202 10244 21002 39725 40173 57005==
36839 42999 00304 10204 20057 39115 40158 53002=
36843 42998 00802 10192 20039 39079 40171 54000=
36846 42999 02303 10182 21014 38645 48547 53002=
36859 42984 00000 10228 20041 39448 40167 57006==
36870 42960 00501 10211 20082 39212 40148 57001==
36874 42999 00507 10242 20015 39438 40149 57004=
36877 42999 00000 10230 20069 39259 40156 57002=
36885 42999 00902 10212 20053 39112 40156 57001=
36889 42999 00000 10040 21056 37123 47154 52003=
36894 42999 00704 10241 20015 39481 40158 56004=
36905 42999 00701 10174 20084 38774 48536 53002=
36911 42999 02001 10241 20131 39246 40141 53003 555 10026=
36927 42699 20902 10176 20034 38382 48536 57004 82100=
36934 42599 10803 10163 20075 38295 48415 54000 81200=
36953 42999 00801 10162 20030 38244 48508 53001 555 1/016=
36963 42999 01802 10101 21074 37095 48/// 57001 555 10014=
36974 42998 22702 10202 21009 37993 48506 57014 80001 555 10026=
36982 42999 02606 10070 21164 36600 47146 53003 555 10026=
37018 42670 30603 10308 20133 30047 40116 57008 81101==
37031 42/60 60905 10275 20116 39964 40144 57010 81089 333 91011 90760 91115==
37054 42670 80805 10248 20118 39803 40161 57012 885// 333 91010 90760 91111==
37061 41560 60906 10263 20105 30019 40177 57009 70722 85530 333 91011 90760 91113==
37085 42570 70810 10234 20113 30222 40196 57006 86530 333 91015 90760 91116==
37171 42670 21604 10288 20164 30101 40118 58003 81101==
37228 41/20 82901 10169 20150 39370 40167 57001 71062 8802/==
37235 42670 60000 10230 20161 39862 40158 57008 8454/==
37472 42/70 61406 10244 20187 30196 40175 57008 84081 333 91013 90760 91114==
38149 42970 02604 10268 20013 30136 40207 57027==
38178 42/70 63604 10200 20006 39925 40197 57002 86070==
38262 42970 03203 10254 20058 30129 40206 57013==
38264 42970 03303 10239 20017 30122 40210 57013==
38345 42799 12503 10227 20056 38815 48537 53004 81200 555 10032=
38353 42998 23102 10240 20043 39311 40146 58006 82030=
38388 42998 00202 10264 20067 30129 40195 57007 555 18042=
38392 42997 03605 10241 20021 30110 40208 57010 555 10038=
38396 42960 03604 10238 20023 30089 40207 57009==
38403 42960 03402 10256 20046 30081 40194 57007==
38413 42970 03504 10246 21030 39904 40176 58004==
38457 42/60 62102 10257 20009 39604 40151 57006 85041==
38462 42699 22304 10223 21057 38760 48514 53003 82500 555 10028=
38462 42699 22304 10223 21057 38760 48514 53003 82500 555 10028=
38507 42965 01801 10323 20036 30072 40166 58021 333 91003 555 10048=
38545 42998 03204 10244 20040 30026 40191 57007 555 10040=
38565 12970 00302 10246 20068 39591 40165 54000 60002==
38579 12/84 63202 10252 20029 39760 40151 57008 60002 86070==
38583 12560 42903 10273 20032 39857 40156 57005 60002 82141==
38599 42998 62508 10259 20044 39662 40141 56007 80002=
38611 42/60 62202 10270 20043 39602 40130 57008 86040==
38613 42999 52002 10249 20036 39288 40127 57002 83022 555 10033=
38616 42598 52701 10243 20057 39190 40135 58006 85500=
38618 42960 23401 10271 20086 39482 40118 57008 80001==
38647 42998 00808 10316 21005 30126 40165 57013 555 10043=
38656 42998 00204 10290 21057 30090 40192 57010 555 10045=
38683 42960 03406 10259 21002 39908 40166 57003==
38687 42997 03606 10270 21030 39961 40185 57004 555 10039=
38696 12/84 42503 10262 21007 39336 40132 57004 60002 82059==
38713 42998 83602 10228 20046 39051 48550 56002 86034=
38750 42997 02705 10296 20213 30213 40186 58005 555 10044=
38763 42999 00905 10308 21027 30085 40182 57014 555 10042=
38774 42998 00802 10306 20021 30000 40180 57009 555 10045=
38799 42997 00205 10288 21014 39963 40179 57009 555 10040=
38806 42997 03602 10279 20038 39904 40145 57008 555 10041=
38812 42/60 22704 10274 21014 39723 40145 57003 82030==
38880 42997 01005 10300 21029 39940 40176 56006 555 10046=
38886 42997 00702 10298 20019 39980 40191 57006 555 10042=
38895 42996 02801 10276 20023 39911 40182 57008 555 10041=
38911 42998 03503 10292 20032 39878 40151 57008 555 10043=
38915 42997 00000 10300 20055 39858 40157 57008 555 10041=
38927 12960 02804 10303 21030 39787 40134 57014 60002==
38933 42997 02303 10300 20178 39664 40137 57011=
38944 41996 01603 10296 20034 39571 40063 57014 70500=
38954 42999 02902 10265 20043 37912 48430 57011=
38974 42998 03402 10297 21050 39855 40166 57012 555 10050=
38987 42996 00305 10282 21036 39453 40143 57010 555 10037=
40030 32570 32901 10382 20139 40082 57016 83500 333 83630=
40080 32965 02104 10350 20075 39400 4//// 58010=
40100 43/70 02408 10309 20237 30093 40108 58002 6///1 333 58///=
40180 12560 12904 10322 20213 30042 40088 57005 60001 81100 333 70000==
40199 12/// /1404 10398 20161 30042 40065 57018 60001 333 70000==
40255 36/// /0000 10319 29045 3//// 4//// 5////=
40265 31556 13106 10322 20140 39339 40091 57008 70511 81200 333 81830=
40270 31657 22808 10316 20119 39234 40080 57005 70500 82200 333 82835=
40272 31950 02812 10334 20113 39298 40079 57006 70500=
40296 36/// /0000 10403 29032 4//// 5////=
40340 32960 03310 10392 20131 30014 40075 57016=
40356 32660 12703 10370 20040 39134 48490 81100 333 59006 81840 555 04410 50039=
40357 32960 02104 10416 20030 39437 40021 333 59003=
40360 32960 02904 10370 20040 39502 40055 333 58000=
40361 32960 01303 10403 20040 39319 40043 333 58002=
40362 22660 21309 10446 20030 39540 40010 82100 333 59007 60005 82840==
40373 32960 01508 10445 20030 39647 40031 333 58014=
40375 32960 02605 10351 20070 39225 40043 333 58001=
40394 32660 22712 10404 20070 38973 48490 82100 333 59003 82804 555 04410 50008=
40394 32660 22712 10404 20070 38973 48490 82100 333 59003 82804 555 04410 50008=
40400 32960 02614 10342 20240 30047 40074 333 59005=
40405 32660 51905 10417 20040 39329 40003 85500 333 58005 85630=
40417 22960 00510 10408 20170 30024 40038 333 58019 60005==
40420 32960 00812 10431 20030 39837 40027 333 58020=
40430 32960 02707 10412 20020 39350 40035 333 59001=
40437 22960 00105 10421 20010 39380 40031 333 58008 60005==
40439 32960 02618 10400 20140 30033 40051 333 59005=
40582 32960 03609 10459 20101 40036 57012 333 00054 55310 00703 10000 22187 30769 41542 52071 62956 55407 41419 90400 91013 91117 91211 91305=
40703 12960 00703 10298 20093 38892 40076 57020 60001 333 70000 555 10178 29028=
40706 12562 12103 10308 20079 38646 40077 57014 60001 81100 333 70000 81830 555 10174 29024=
40712 12660 10803 10277 20110 38669 40087 57012 60001 81100 333 70000 81835 555 10176 29035=
40713 12665 12702 10322 20090 38651 40058 57011 60001 81100 333 70000 555 10183 29024=
40718 11460 31102 10286 20200 30203 40176 56008 69921 70352 81230 222// 0//// 20202 333 70008 8181 5 83359 555 10230 29060=
40723 12970 03005 10277 20083 38972 40142 56008 60001 333 70000 555 10166 29029=
40726 12960 00304 10306 20092 38644 40070 57016 60001 333 70000 555 10178 29026=
40727 12665 23403 10317 20074 38480 40077 57010 60001 82100 333 70000 82840 555 10175 29022=
40732 12560 60302 10270 20193 30190 40167 57010 60001 86300 333 70000 82920 84626 555 10220 29063=
40736 12560 72802 10273 20201 30199 40175 57006 60021 85670 333 70026 85720 87459 555 10226 29065=
40737 12560 83102 10260 20200 30153 40170 55005 60001 8432/ 333 70000 81924 83627 88458 555 10221 29070=
40738 11650 62706 10294 20210 30179 40181 55005 60001 71622 86300 333 70000 82935 84635 555 10237 29060=
40739 12665 10205 10263 20130 38707 40118 55008 60001 81100 333 70000 81840 555 10181 29044=
40741 12960 03507 10310 21015 39851 40169 56012 60001 333 70000 555 10155 29012=
40743 12965 01104 10328 20007 39055 40101 56014 60001 333 70000 555 10162 29013=
40745 12962 01306 10273 20067 39054 40148 56013 60001 333 70000 555 10159 29027=
40747 12660 11203 10360 21052 38612 40031 57018 60001 81100 333 70000 81840 555 10159 29007=
40754 12662 12104 10306 20071 38824 40078 56015 60001 81200 333 70000 81840 555 10172 29023=
41757 12940 02307 10315 20244 30042 40054 60002 333 10334 58006==
40762 12962 00503 10302 20017 38560 40085 56011 60001 333 70000 555 10151 29016=
40766 12970 02503 10362 21145 38668 40047 56006 60001 333 70000 555 10148 29003=
40768 12662 30401 10326 21005 38259 40050 57011 60001 83400 333 70000 83640 555 10153 29012=
40769 11959 00704 10313 20049 38307 40046 57011 60001 70600 333 70000 555 10164 29019=
40780 12960 03203 10356 20030 38671 40067 51001 60001 333 70000 555 10176 29013=
40782 12665 12804 10378 21039 38826 40039 57009 60001 81100 333 70000 555 10170 29007=
40785 12960 00402 10352 21010 39054 40076 57016 60001 333 70000 555 10167 29010=
40791 12962 03403 10398 21080 39291 40052 57016 60001 333 70000 555 10174 29005=
40792 12965 02803 10349 21035 38703 40060 57010 60001 333 70000 555 10158 29008=
40798 12660 12006 10325 21198 37973 40045 57011 60001 81100 333 81840 555 10122 29003=
40800 12960 01003 10356 21022 38449 40045 57019 60001 333 70000 555 10162 29009=
40809 12962 03605 10357 21209 38479 40038 55009 60001 333 70000 555 10140 29002=
40811 12960 03104 10453 20051 30003 40027 56009 60001 333 70000 555 10224 29009=
40812 12960 02201 10440 20009 39681 40028 57007 60001 333 70000 555 10207 29007=
40818 12665 41703 10323 21062 37973 40009 57012 60001 82130 333 70000 82840 555 10137 29008=
40821 11958 23602 10356 21039 38764 40046 56016 60001 70600 80002 333 70000 82069 555 10161 29008=
40829 12960 03411 10376 21009 39515 40048 56015 60001 333 70000 555 10180 29009=
40831 12960 03004 10456 20061 30027 40035 57013 60001 333 70000 555 10228 29010=
40833 12965 02204 10459 20083 30010 40040 57011 60001 333 70000 555 10234 29011=
40835 12960 03002 10406 20078 39266 40040 57010 60001 333 70000 555 10211 29014=
40841 12670 10204 10352 21065 38234 40027 57011 60001 81100 333 70000 555 10150 29005=
40845 12962 02903 10389 20233 30037 40042 57009 60001 333 70000 555 10278 29041=
40848 12660 43107 10362 20037 38494 40012 57010 60001 83430 333 70000 83640 555 10178 29013=
40851 12660 42305 10344 21017 38250 49998 56014 60001 84400 333 70000 84640 555 10156 29010=
40854 12960 00204 10392 21073 38899 40006 56008 60001 333 70000 555 10170 29005=
40856 11958 00405 10355 21039 38614 40043 56005 60001 70500 333 70000 555 10159 29008=
40859 12560 61203 10376 20012 38662 40011 56015 60001 85360 333 70000 82930 83635 555 10178 29010=
40875 11956 11804 10345 20272 30023 40034 56021 60001 70510 81030 333 70000 81359 555 10291 29066=
40879 12662 10802 10440 20004 39375 40000 57022 60001 81400 333 70000 81645 555 10204 29007=
40882 11958 02103 10360 20267 30001 40034 56011 60001 70500 333 70000 555 10292 29059=
40883 11950 01903 10368 20247 30007 40029 56016 60001 70500 333 70000 555 10281 29050=
40893 11958 01805 10316 20247 30028 40033 57015 60001 70500 222// 00300 20401 333 70000 555 10267 29067=
40898 11958 01305 10311 20252 30013 40022 57013 60001 70500 222// 00308 20801 333 70000 555 10269 29071=
41024 22960 02814 10374 20240 30029 40054 333 59009 60005==
41036 22560 41404 10352 21010 38546 48498 82130 333 59003 60005 82830==
41061 22960 00208 10424 20000 39348 40007 333 58002 60005==
41084 22960 00706 10387 21030 38805 48476 333 58001 60005==
41112 22560 20612 10312 21060 37938 48487 82100 333 58001 60005 82820==
41114 22560 40812 10299 21090 37970 48488 84400 333 58000 60005 84622==
41128 22960 00910 10380 21070 38762 48481 333 58000 60005==
41136 22960 00000 10416 21060 39241 40007 333 58004 60005==
41140 22560 22412 10355 20270 30039 40042 82100 333 59003 60005 82830==
41150 32964 00407 10368 20265 40042 333 58021=
41170 11957 09905 10385 20220 30022 40035 70500 333 58016=
41176 34/60 /0906 10375 20236 30022 40028 333 58016=
41184 32960 03312 10394 20239 40030 333 58018=
41194 12960 03413 10372 20263 30020 40025 60001 333 58018=
41196 12960 03010 10379 20240 39993 40032 60001 333 58020=
41216 32960 03313 10378 20262 30022 40026 333 58017=
41217 32960 03214 10386 20238 39993 40020 333 58017=
41240 36/// /0204 10344 20284 30021 40049 333 0E/// 55300 25022 58017=
41246 32560 31009 10325 20278 30039 41037 83400 333 5//// 83630=
41255 36/// /2705 10409 20112 39516 49988 333 0E029 58009=
41256 32960 00709 10320 20243 30020 40037 333 58015 55407 55408 55507 55508=
41258 36/// /0810 10301 20271 30029 40033 333 0E/// 55310 22609 58013=
41265 36/// /1515 10403 20160 39460 49985 333 0E030 55300 22720 58014=
41275 36/// /2005 10400 20167 39878 40036 333 0E025 55300 22891 58015=
41288 36/// /1313 10299 20236 30034 40055 333 0E028 58015=
41315 26/67 /1608 10244 20233 39250 47379 333 0E025 55300 27865 58016 70000=
41480 11557 12419 10356 20242 30028 40036 60002 70544 81100 333 58007 81820=
41506 12460 51804 10325 20076 38425 48190 60001 82210 333 10340 56880 58012==
41508 12460 30000 10292 20186 38609 48880 60001 83200 333 10324 56800 58005==
41515 12460 22303 10320 20104 38439 48990 60001 82500 333 10340 56800 59001==
41516 12440 50000 10315 20199 38451 48070 60001 83470 333 10334 56880 59019==
41517 12460 30000 10240 20109 37757 48280 60001 83500 333 10264 56800 59024==
41518 12460 61801 10322 20078 30001 48010 60001 83230 333 10338 56880 58000==
41519 12460 30000 10350 20128 38670 48270 60001 83200 333 10360 56800 59006==
41520 12460 33601 10235 20068 37600 48730 60001 83400 333 10260 56800 59017==
41523 12960 02302 10320 20205 39011 48670 60001 333 10340 59002==
41535 12460 20000 10260 20209 38662 48420 60001 82500 333 10292 56800 59002==
41536 12460 20000 10230 20206 38964 48660 60001 82200 333 10324 59007==
41560 12960 00000 10270 20157 38258 48690 60001 333 10284 58005==
41571 12660 23105 10325 20194 39490 40017 60001 81830 333 10338 56880 59005==
41577 11440 12301 10330 20233 39438 40016 60001 70400 81200 333 10340 56800 59005==
41598 12960 23101 10350 20261 39751 40006 60001 82030 333 10360 56080 59006==
41600 12960 02301 10340 20257 39731 40007 60001 333 10344 59004==
41620 12440 22301 10350 20104 38508 48130 60001 82500 333 10354 56800 58003==
41624 12960 00501 10360 20279 39821 40008 60001 333 10374 58000==
41630 11440 20000 10355 20251 30000 40019 60001 70400 82400 333 10358 56800 59002==
41640 11440 53201 10340 20233 39780 40014 60001 70400 83530 333 10350 56880 59007==
41641 11440 33003 10350 20211 39758 40015 60001 70500 83500 333 10364 56800 59004==
41660 12460 12309 10330 21062 38391 48810 60001 81400 333 10350 56800 58011==
41678 11940 00000 10370 20219 30000 40022 60001 70500 333 10380 58005==
41696 12960 03101 10280 20077 37989 48730 60001 333 10300 58007==
41697 12960 01302 10390 20235 39857 40003 60001 333 10410 58000==
41700 11440 30000 10380 20240 39888 40007 60001 70500 83500 333 10382 56800 58001==
41710 11940 03105 10400 21153 39265 49970 60002 70600 333 10420 58014==
41712 12960 00502 10410 21024 39105 48780 60002 333 10420 58009==
41715 11940 01301 10370 20268 39950 40011 60001 70500 333 10384 58002==
41718 11440 20000 10380 20287 39928 40024 60001 70400 82100 333 10392 56800 58016==
41725 12940 03102 10400 20239 39933 40005 60001 333 10404 58003==
41739 12940 03605 10370 21028 38966 48620 60001 333 10374 58015==
41744 12940 00000 10330 20073 38707 48450 60002 333 10340 58022==
41749 12940 01303 10365 20270 39985 40018 60001 333 10380 58000==
41756 11240 42305 10315 20244 39974 40037 60001 70500 84600 333 10330 56800 58002==
41759 11920 02308 10310 20254 30029 40034 60001 70731 333 10334 58004==
41764 12940 01809 10345 20255 39981 40028 60001 333 10344 58006==
41768 12940 02302 10340 20272 30016 40023 60001 333 10354 58005==
41780 12340 42304 10351 20252 30006 40032 60001 84600 333 10328 56800 59008==
41785 12460 22302 10330 20261 30029 40042 60001 82600 333 10334 56800 58007==
41859 42450 61302 10326 20270 39973 40010 82510 333 10357 58005 82618 86458==
41883 02450 61302 10334 20280 39986 40006 82520 333 10355 58001 70000 82618 86458==
41891 01450 53504 10326 20260 39967 40004 70522 82530 333 10357 59001 70005 82616 85365==
41907 02456 20000 10325 20280 39988 40003 82800 333 10359 58000 70018 81615==
41923 02450 61502 10328 20260 39998 40008 82520 333 10355 58000 70008 82615 85360==
41936 01450 61206 10320 20270 39988 49995 70521 83630 333 10346 59009 70000 81710 83615 83362==
41943 02440 51802 10324 20250 39999 40006 83530 333 10346 58002 70020 83616 83362==
41950 02450 30000 10314 20250 30002 40005 82501 333 10342 59003 70018 82617==
41978 02459 61906 10312 20260 30008 40014 83530 333 10341 59007 70031 83618 86360==
41992 21430 40000 10300 20250 30013 40015 70562 82530 333 10335 58001 60015 70010 82616 83362==
42027 32596 43203 10283 20184 38360 48438 82231 333 10294 59012=
42044 32596 52701 10262 20170 38237 48459 83230 333 10296 59008=
42045 32596 31401 10258 20172 38275 48393 83400 333 10298 58002=
42056 32696 32302 10328 20258 39594 83100 333 10335 59006=
42101 32596 60000 10318 20291 40021 83530 333 10330 59007 83630 83360=
42111 21595 50000 10272 20264 39340 40012 79596 83830 333 10330 58010 6059/ 82620 83830 85360=
42123 32996 20902 10342 20249 40013 82030 333 10363 59001 82360=
42131 32696 30202 10316 20254 40016 83500 333 10327 59006=
42165 32696 29902 10356 20233 40000 82500 333 10366 59002 82635=
42182 21594 82503 10290 20273 40017 71052 8452/ 333 10296 59005 6992/ 84630 88459=
42189 31595 82702 10286 20249 40007 71022 8552/ 333 10339 58001 85630 88458=
42309 31596 61801 10338 20292 49996 71010 82231 333 10372 58000=
42314 31596 40000 10320 20288 49995 71022 82530 333 10344 59002 82620 83360=
42328 31595 32703 10370 20236 49990 70500 83500 333 10374 59001 83630=
42339 21595 70000 10286 20227 40017 70595 82520 333 10341 59005 6990/ 82630 86458=
42348 21595 70704 10274 20248 40024 71022 85530 333 10288 58002 6002/ 85625 87360=
42361 31596 50000 10298 20270 40009 70500 82530 333 10348 58001 82620 85360=
42369 21595 60903 10292 20289 40007 71096 83330 333 10360 59002 6018/ 83620 81925 84360=
42379 31595 50000 10344 20267 49992 70521 82530 333 10364 59007 82620 85360=
42410 21495 70000 10270 20262 40015 72996 83330 333 10372 58007 6018/ 83618 81925 86360=
42415 32596 20000 10334 20279 40009 81201 333 10373 58000 81825=
42452 21596 62302 10278 20249 40009 71022 83532 333 10307 58000 6005/=
42492 21496 60000 10292 20261 40004 71096 84530 333 10362 59007 6016/ 84618 86360=
42559 22596 51802 10302 20254 49994 84402 333 10318 59008 6001/ 84825=
42571 31596 83602 10290 20247 40001 71722 8593/ 333 10338 59004 84625 81930 87360=
42623 31496 41402 10300 20220 39168 49998 70521 82530 333 10329 59006 82618 84360=
42634 32596 42303 10328 20243 40043 84800 333 10342 59001 82620 83825=
42647 31395 70000 10300 20258 40043 70522 85330 333 10327 56890 58009 81715 83620 81925 85358=
42667 21596 52308 10300 20244 39447 40013 82930 333 10317 59002 6990/ 82620 83825 81930 85360=
42675 32596 53601 10326 20250 49992 84330 333 10338 59007 82625 83830 81935=
42701 31496 50703 10286 20250 39287 49987 71022 84330 333 10312 57972 59018 83618 83825 81930=
42724 31496 60000 10318 20265 40006 70522 84430 333 10354 58006 83618 83825 85360=
42737 32596 32905 10326 20262 40042 83500 333 10349 58000 83620=
42754 32596 42906 10276 20231 39402 40019 82531 333 10303 59003 82620 83360=
42779 41420 80000 10268 20234 39324 40001 79596 8592/ 333 10326 59023 82710 84620 88458 81930==
42798 21495 71105 10272 20261 49996 79596 85330 333 10349 59004 6012/ 84615 81930 86360=
42809 21495 60000 10299 20268 49999 70522 83432 333 10342 59009 6002/ 82618 83825 84360 85075=
42840 32596 32503 10312 20259 40051 83800 333 10330 59003 82620=
42867 21495 62902 10302 20266 40008 70562 83520 333 10338 59014 6990/ 83618 86458=
42874 42440 83203 10250 20250 40012 8692/ 333 10340 59008 82712 84618 88458 81930==
42886 32596 50000 10324 20292 49982 83430 333 10348 57812 59026 83620 81825 85360=
42895 21495 60504 10300 20269 49989 70262 84430 333 10322 59022 6013/ 83618 86360=
42909 32596 12708 10304 20268 40050 81100 222// 20000 333 10322 58002 81825=
42971 21495 70204 10280 20260 49973 76162 85330 333 10322 56190 57962 59032 6007/ 82712 84616 81930 86360=
43003 31595 52304 10302 20248 40057 70422 83830 333 10319 59003 82620 83825 84358=
43014 21496 62902 10300 20235 39393 40019 70252 86800 333 10308 59006 6993/ 82620 84625=
43041 21495 82303 10256 20250 39399 40002 71096 8561/ 333 10280 59019 6020/ 83712 85620 88458=
43063 21597 62702 10274 20225 39440 40050 70262 86700 333 10298 56600 59003 6002/ 81722 85626=
43086 21597 80000 10282 20262 39840 40014 70262 8457/ 333 10302 59009 6996/=
43110 21496 72704 10274 20254 40070 72162 85770 333 10305 56690 59004 6998/ 82712 84618 85358=
43117 32597 71802 10314 20248 40033 84430 333 10328 58005=
43128 21496 89902 10252 20237 39440 40037 70565 8472/ 333 10285 56699 59005 6004/ 82710 83615 88458=
43150 21496 82704 10254 20248 39930 49990 75066 8452/ 222// 20000 333 10278 59021 6050/ 84618 88458=
43185 21597 82702 10262 20248 30019 40022 70265 8487/ 333 10272 59004 6003/ 83620 86360=
43189 21596 82303 10260 20245 30009 40018 76096 8352/ 333 10266 59005 6008/=
43192 21496 72302 10278 20264 40071 70282 83772 333 10304 56299 59002 6006/=
43198 21396 82510 10232 20214 39248 40063 76066 8562/ 333 10274 56699 59003 6997/ 85707 84612 86458=
43201 21497 62004 10254 20225 39325 40039 70265 84630 333 10286 56690 59002 6998/ 83710 83612 85358=
43213 21597 72702 10256 20232 39719 40033 70265 83878 333 10292 59006 6004/=
43233 21497 72711 10224 20203 39266 40081 70262 84612 333 10282 56699 59003 6006/=
43237 21497 82503 10286 20239 39635 40019 70262 8497/ 333 10334 56699 57932 58000 6003/ 82615 81930 86458=
43245 32597 72705 10320 20230 30016 40042 82478 333 10337 58005=
43279 32597 80000 10312 20237 30032 40049 84536 333 10321 58001 84620 85360 88270=
43284 21296 82305 10272 20252 39969 40083 70296 8597/ 333 10278 56699 57912 57982 59001 6018/ 82706 83612 81925 88758=
43295 32497 72306 10264 20168 39062 48481 84831 333 10282 56599 59007 83612 83818 85358=
43310 32496 62302 10298 20262 40062 83321 333 10300 58009=
43314 21497 80000 10278 20255 40092 70262 82837 222// 21001 333 10320 58000 6016/=
43321 31496 72317 10272 20222 39628 40069 70522 82547 333 10323 59002 83612 84358 86270=
43329 32597 40000 10314 20261 30032 40045 82531 333 10356 58003=
43333 21495 72709 10280 20255 40072 70562 85410 333 10305 56590 58013 6994/ 83618 84820 86458=
43344 31496 62710 10340 20224 39955 40052 70522 83431 333 10333 58003 82616 83820 85360=
43369 21496 83205 10274 20254 40101 76062 8452/ 333 10315 58012 6994/ 84618 88458=
43371 22497 62703 10290 20247 30026 40098 72122 83431 333 10314 58005 6993/ 83615 85070=
43404 22470 72104 10298 20268 30056 40059 56001 84000 333 10324 20281 3/027 553// 20077 58002 60008 91009 555 60008==
43410 22/70 7//// 10312 20226 30063 40066 53001 87/6/ 333 10340 20295 3/027 58002 60008 81/18 555 60008==
43413 22470 82105 10289 20249 30069 40074 55003 88150 333 10308 20280 553// 20040 58002 60008 91010==
43415 22470 82302 10300 20227 39974 40082 54003 83000 333 10332 20288 3/024 58003 60008 555 60008==
43418 22470 22302 10313 20221 30031 40072 57006 82106 333 10347 20294 3/026 58004 60008 555 60008==
43421 22470 52502 10294 20226 39972 40076 57001 83000 333 10337 20260 553// 20030 59001 60008 91006 555 60008==
43422 21470 62303 10291 20231 39944 40076 57001 70128 84136 333 10322 20278 3/024 59001 60008 555 69928==
43424 22470 62704 10292 20249 30080 40082 57004 83000 333 10313 3/027 58001 60008 555 60008==
43436 22/70 80901 10315 20256 30059 40062 52001 88000 333 10371 58000 60008 555 60008==
43441 21470 72502 10289 20240 39954 40085 52007 70298 83000 333 10310 3/025 58003 69908 555 60188==
43444 21470 72504 10256 20219 39559 40088 53005 72122 83188 333 10291 20251 3/023 58001 69938 555 69938==
43450 22470 42307 10292 20251 30088 40100 52001 832// 333 10317 20288 3/025 59001 60008 81/19 555 69908==
43466 22570 72902 10284 20234 30088 40096 5/002 81200 333 10317 20277 553// 20031 59001 60008 91005 555 69908==
43467 21458 72503 10306 20251 30088 40094 57001 70382 87200 333 10329 3/025 59004 69908 555 69908==
43473 21266 82903 10166 20166 38117 48481 51001 70385 88000 333 10192 20145 3/014 553// 20019 58000 60008 91007 555 69958==
43475 22/70 82502 10338 20204 30060 40064 52009 88030 333 10379 20270 553// 20035 58000 60008 91008 555 60008==
43476 22466 82503 10242 20174 38763 48512 51002 86000 333 10283 20227 59001 60008 555 60008==
43479 22/70 73201 10280 20167 39235 50000 86/4/ 333 10326 20248 59007 60008 83/16 555 60008==
43486 21465 80102 10270 20270 39997 40097 5/007 72522 87000 333 10328 20243 553// 20078 58001 60008 91003==
43495 22470 62503 10292 20253 30083 40096 51/// 85000 333 10304 58003 60008==
43497 22/70 82207 10285 20000 30069 40086 54008 333 10311 20249 58001 60008 88276 82/18 91010==
44212 12/84 30305 10148 21026 39111 40186 52003 60002 82034 333 10185==
44213 12684 20000 10114 21014 38804 40205 52003 69992 82200 333 10123==
44214 42670 62906 10117 21071 38298 40189 53002 84808 333 10134==
44215 42670 12904 10122 21083 38425 40189 52002 81500 333 10137==
44217 32698 62002 10071 21046 37899 40257 58005 82544 333 10083 91202=
44218 42984 00102 10151 21086 38619 40180 52002 333 10171==
44219 11999 03604 10121 21041 38644 40209 52009 69912 70231 333 10145 91209 555 80020=
44265 42984 02705 10144 21029 38858 40198 55002 333 10177==
44266 32999 00308 10077 21086 37811 40226 52004 333 10120 91114 91211=
44404 21358 60903 10226 20196 38097 48419 75022 83270 333 10280 58002 69908 70005=
44416 21558 62404 10319 20257 39267 40002 71792 84920 333 10350 58000 60008 70003=
44424 21460 72803 10231 20157 37629 47054 71792 83960 333 10273 59001 60008 70077=
44434 22560 51604 10298 20236 39150 48469 82235 333 10326 58005 60008 70000=
44438 22560 32704 10354 20273 39879 40000 81201 333 10368 59008 60008 70000=
44449 22565 41203 10336 20311 39858 40007 81201 333 10359 59002 60008 70000=
44454 21458 62307 10254 20216 38601 48441 70292 84330 333 10318 59004 60008 70000=
44462 21240 70901 10212 20204 38222 48435 79562 87800 333 10284 58004 60038 70030=
44474 21010 70907 10234 20185 38215 48454 71044 87800 333 10281 59002 60008 70000=
44477 22456 52702 10248 20224 38758 48476 82232 333 10323 58000 60008 70000=
44478 21558 50602 10297 20264 39923 40005 70090 81232 333 10356 58001 60008 70000=
48010 42556 41801 10330 20275 39852 49998 82931 333 10350 59005==
48020 42350 40000 10310 20267 83802 333 10362==
48025 42456 60000 10348 20310 39882 40015 84341 333 10375 59006==
48031 42257 51401 10220 20205 888// 333 10270==
48048 41556 61801 10325 20248 39957 40011 71799 85950 333 10365 59003==
48052 32457 30000 10310 20254 83500 333 10364 56900=
48062 42558 62305 10300 20253 30027 40036 84931 333 10325 58012==
48064 42450 60000 10310 20254 39959 40015 84831 333 10330 59003==
48071 42450 72302 10266 30026 40035 85970 333 10320 58005==
48094 41456 80000 10265 20255 30042 40052 76066 8597/ 333 10300 58012==
48109 42440 62306 10295 20266 30063 40066 86900 333 10317 58018==
50557 14/80 /1302 10168 20121 39825 40112 52003 60001 333 10265 20084 3/016 58028 70000 90761 91106==
51076 14/80 /2502 10149 20021 39378 40242 57006 60001 333 10170 20054 3/005 58056 70000 90761 91106==
51087 14/80 /2806 10147 21002 39233 40232 57005 60001 333 10165 20081 3/008 58043 70003 90761 91110==
51156 14/80 /1904 10129 20003 38743 40250 52001 60001 333 10151 20027 3/002 58046 70000 90761 91107==
51243 14/80 /1602 10196 20060 39699 40229 57003 60001 333 10208 20104 3/009 58010 70002 90761 91106==
51334 14/80 /3202 10210 20093 39827 40220 57003 60001 333 10218 20078 3/006 59014 70000 90761 91106==
51379 14/80 /2902 10171 20027 39314 40235 54000 60001 333 10193 20086 3/010 58017 70049 90761 91106==
51463 14/80 /0105 10146 20059 39076 40240 52001 60001 333 10160 20085 3/006 58007 70063 90761 91110==
51573 14/62 /1402 10290 20031 30104 40151 54000 60001 333 10305 20210 3/023 58147 90761 91106==
51644 14/80 /1302 10235 21055 38944 40150 52003 60001 333 10257 20089 3/010 58078 70000 90761 91107==
51656 14/69 /1202 10230 20111 39143 40152 52003 60001 333 10269 20146 3/011 58110 90761 91107==
51709 14/80 /2002 10250 21002 38618 40112 52003 60001 333 10266 20129 3/012 58048 70000 90761 91106==
51711 14/80 /0802 10186 21035 38038 40107 52009 60001 333 10215 20053 3/002 58053 70000 90761 91107==
51716 14072 00502 10270 20007 38889 40115 57003 60001 333 10285 20117 3/011 58064 70000 90761 91107==
51765 14/46 /1401 10246 20033 39201 40143 52005 60001 70600 333 10283 20181 3/016 58115 70000 90761 91110==
51811 14/70 /0402 10261 20062 38763 40089 52001 60001 333 10288 20189 3/017 58052 70000 90761 91106==
51818 14/63 /1102 10273 20044 38617 40077 57001 60001 333 10289 20181 3/017 58058 70000 90761 91107==
51828 14/50 /1102 10258 20043 38616 40080 57003 60001 333 10272 20195 3/017 58064 90761 91107==
51886 14/76 /0303 10161 21015 37168 40084 52010 60001 333 10215 20121 3/013 58077 70000 90761 91111==
52203 14/69 /0001 10206 20062 39309 40150 54000 60001 333 10290 20182 3/020 58140 70000 90761 91111==
52602 14/80 /0305 10158 21022 37308 40077 52009 60001 333 10222 20139 3/013 58065 70000 90761 91118==
52681 14/68 /2905 10202 20117 38644 40136 52022 60001 333 10231 20140 3/016 58067 70000 90761 91111==
52818 14/72 /2805 10167 20023 37282 40071 52015 60001 333 10224 20144 3/013 58084 70008 90761 91111==
52908 14/76 /0406 10053 20032 35847 40083 52021 60041 76000 333 10136 20039 3/002 58025 70061 90761 91114==
53463 14/05 /0300 10183 20183 38830 40101 52002 60081 76054 333 10184 20153 3/017 59036 70381 90761 91104==
54857 14/80 /1402 10255 20207 30052 40141 52006 60001 333 10291 20235 3/027 59008 70000 90761 91107==
55228 14/80 /2405 10193 21071 36051 49888 57007 60001 333 10208 20086 3/006 58000 70000 90761 91113==
55299 14/78 /1103 10113 20056 35907 49992 57001 60001 333 10158 20061 3/005 58002 70000 90761 91109==
55578 14/80 /1701 10220 20027 36382 49900 57008 60001 333 10238 20108 3/010 59007 70000 90761 91106==
55591 14/78 /1203 10208 20048 36536 49900 52001 60001 333 10242 20154 3/013 58004 70000 90761 91107==
55664 14/80 /2404 10172 20012 36037 49934 57002 60001 333 10202 20077 3/007 59005 70000 90761 91108==
55773 14/80 /1107 10088 20062 36066 40057 52005 60001 72100 333 10144 20044 3/003 59003 70008 90761 91114==
56004 14/80 /1401 10084 20046 35892 40032 57001 60031 72100 333 10145 20047 3/005 58013 70033 90761 91117==
56018 14/80 /1802 10145 20068 36229 49985 52007 60001 333 10191 20081 3/009 58006 70083 90761 91105==
56116 14/80 /0201 10130 20091 36381 40006 52007 69991 72100 333 10195 20097 3/010 59001 70011 90761 91110==
56312 14/80 /1403 10222 20072 37084 49979 52006 60001 333 10265 20130 3/013 59011 70000 90761 91106==
57494 14937 /0000 10303 20242 30047 40075 52011 60001 70500 333 10375 20265 3/032 59022 70000 90761 91105==
58847 14/68 /0703 10289 20226 30008 40105 52017 60001 333 10335 20271 3/029 59012 70000 90761 91107==
62306 42560 43111 10307 20236 40125 57006 82505==
62309 42960 03110 10315 20214 40107 57008==
62332 42960 03606 10321 20252 40100 57006==
62337 42960 03306 10330 20218 40096 57006==
62366 45560 43306 10341 20171 40089 57012 84200==
62387 42960 03211 10355 20157 40097 57013==
62393 42960 03415 10357 20133 40127 57012==
62405 42960 03206 10380 20092 40084 57014==
62414 42960 03004 10382 20102 40090 57014==
62419 42960 00810 10379 20132 40076 57014==
62420 42960 03608 10357 20153 40099 57019==
62432 42960 03512 10384 20107 40115 57011==
62435 42960 03008 10380 20104 40085 57015==
62440 42960 00306 10354 20211 40095 57010==
62455 42960 03005 10359 20197 40091 57011==
62458 42960 03108 10321 20202 40091 57002==
62459 41956 03015 10320 20206 40070 57011 70700==
62465 42960 03607 10323 20232 40072 57012==
63330 42580 50804 10230 20138 37800 40271 85200 333 58002 85823=
63331 42580 3//// 10252 20177 38099 40233 83963 333 59006 81920 82625=
63332 41575 62302 10214 20165 38216 40092 72122 86800 333 58001 82823 84624=
63333 42580 33606 10266 20150 38161 40172 83100 333 59005 83828=
63334 42580 62404 10190 20130 37644 4//// 86800 333 59001 83824 84625=
63340 41580 82402 10194 20164 37964 40191 70296 8783/ 333 58000 84823 85624 86358=
63402 42580 60000 10250 20161 84930 333 83828 81929 84360=
63403 41570 71702 10212 20177 71022 86970 333 85623 81924 87358=
63450 42580 52003 10206 20141 37746 40263 85800 333 58003 82823 83624=
63451 41575 62102 10248 20179 38147 40061 70522 86800 333 58006 82625 84826=
63453 41560 41401 10324 20175 39055 40280 71520 83903 333 58016 82822 81923 83067=
63460 42580 80000 10230 20155 888// 333 83824 85625=
63471 42580 61102 10316 20174 38862 40012 82130 333 58008 82827 84357=
63474 41575 70503 10162 20128 37603 4//// 71522 87900 333 58005 81921 86624=
63500 42580 30902 10298 20155 83100 333 83824=
63533 42580 63304 10269 20131 38519 4//// 86800 333 58004 83823 83625=
