SIPK OPKC 090900=
41504 22697 32702 10295 20076 37777 48361 83200 333 56900 59033 60007 83845 RH25%=
41505 22697 40000 10300 20097 38/// 48/// 82430 333 56990 58/// 60007 82840 83360 RH 28%=
41506 22697 31810 10340 20101 38425 48419 83600 333 56900 59022 60007 83830 RH 23%=
41507 22997 00000 10320 20196 39193 49677 333 59010 60007 48%=
41508 22997 02702 10317 20152 38608 48488 333 59011 60007 RH 37%=
41509 22697 42306 10340 20136 38658 48415 84500 333 56900 59017 60007 84640 RH 29%=
41510 02697 20904 10255 20098 37870 48433 82200 333 56900 59016 60007 37%=
41515 22697 52310 10322 20169 38478 48411 82520 333 56990 58002 60007 82650 83458 40%=
41516 22696 40000 10325 20124 38449 48404 84400 333 56900 59033 60007 83840 RH29%=
41517 22697 41303 10280 20064 37739 48393 84400 333 56900 59038 60007 84835 25%=
41518 22697 30902 10344 20086 38/// 48/// 82230 333 56990 5//// 60007 82840 81362 21%=
41519 22697 30000 10360 20095 38659 48416 83200 333 56900 59044 60007 83840 RH20%=
41520 22697 61802 10255 20075 37595 48162 83470 333 56990 59021 60007 83840 83762 32%=
41523 22997 02304 10330 20209 39006 48464 333 59022 60007 49%=
41524 22997 01802 10355 20196 39218 40013 333 59020 60007 RH 39%=
41525 22697 21304 10230 20145 37669 48335 82100 333 56900 59017 60007 82840 59%=
41528 22997 00000 10335 20189 39146 48484 333 59006 60007 42%=
41529 22996 03102 10355 20251 39662 40016 333 59019 60007 RH 55%=
41530 21996 33108 10360 20232 39614 49977 70500 83400 333 56900 59024 60007 83840 48%=
41534 22697 20000 10355 20243 39617 40002 82500 333 56900 5904 60007 82640 52%=
41535 22997 01302 10295 20216 38647 48429 333 59021 60007 RH63%=
41536 22997 01802 10330 20209 38956 48463 333 59020 60007 49%=
41560 22997 01302 10285 20149 38252 48462 333 59014 60007 Rh43%=
41562 02997 51806 10360 20249 39577 40010 85030 333 56090 59029 60007 85360 RH 53%=
41565 22696 60000 10289 20249 38624 48500 83520 333 56990 59022 60007 83635 83460 RH 79%=
41567 21996 00000 10330 20230 39634 40026 70400 333 59002 60007 56%=
41571 22697 23110 10345 20218 39460 40002 82030 333 59027 60007 RH48%=
41572 21696 23106 10340 20259 39401 49983 70400 82500 333 56900 59027 60007 82640 RH63%=
41573 22697 51302 10220 20175 37956 48455 83420 333 56990 59017 60007 83640 82460 76%=
41574 22697 32302 10280 20178 38303 48468 83400 333 56900 59012 60007 83640 54%=
41576 21696 30000 10350 20253 40021 70400 83400 333 56900 59029 60007 83840 57%=
41577 21696 12302 10345 20242 39430 40005 70400 81200 333 56900 59023 60007 81840 RH 55%=
41593 21996 32702 10375 20266 39802 49998 70411 83030 333 56090 59026 60007 54%=
41597 22997 60000 10345 20285 40020 86070 333 56090 59022 60007 86461 71=
41598 21696 30000 10355 20266 39742 40096 70400 83460 333 56990 59024 60007 82835 83460 60%=
41599 21696 33106 10350 20253 39742 40013 70400 83400 333 56900 59014 60007 83640 57%=
41600 21696 53102 10345 20255 40007 70422 82570 333 56990 59025 60007 82645 83363 60%=
41620 32996 00502 10330 20068 38504 48409 333 59022 60007 20%=
41624 22997 02302 10370 20260 40000 333 59028 60007 54%=
41625 21996 01304 10370 20260 39806 49992 70400 333 59035 60007 54%=
41630 21696 42304 10370 20260 40013 70400 84400 333 56900 59023 60007 84640 54%=
41633 22997 00000 10380 20256 4//// 333 5//// 60007 50%=
41634 22697 40000 10330 20248 3//// 4//// 84600 333 56900 5//// 60007 84640 62%=
41635 22697 12702 10375 20258 3//// 4//// 81100 333 56900 5//// 60007 81840 52%=
41636 21696 30000 10380 20262 39837 40009 70400 83500 333 56900 59032 60007 83640 52%=
41638 21696 30000 10370 20236 4//// 70500 83500 333 56900 5//// 60007 83640 46%=
41639 22997 30504 10355 20259 4//// 83030 333 56090 5//// 60007 83360 58%=
41640 21696 43102 10350 20237 39773 40006 70411 83530 333 56990 59023 60007 83640 52%=
41641 21696 53503 10355 20217 39750 40006 70522 84470 333 56990 59024 60007 84640 83460 45%=
41642 22697 40000 10340 20286 4//// 84800 333 56900 5//// 60007 84640 74%=
41643 21696 62702 10355 20274 39747 40005 70422 83470 333 56990 59029 60007 83640 84460 63%=
41644 22697 20000 10350 20268 4//// 82200 333 56900 5//// 60007 82840 63%=
41646 21696 50502 10360 20256 39825 40023 70400 85500 333 56900 59023 60007 85640 55%=
41652 21996 01304 10360 20256 39841 40008 70400 333 59028 60007 55%=
41660 22797 12316 10320 21069 38381 48463 81400 333 56900 59019 60007 81850 RH 08%=
41661 21996 03602 10330 20071 38339 48454 70540 333 59017 60007 20%=
41669 22997 22302 10385 20254 3//// 4//// 82030 333 56090 5//// 60007 82360 48%=
41670 21996 00000 10365 20255 4//// 70400 333 5//// 60007 53%=
41674 21996 11304 10370 20260 3//// 4//// 70400 8103/ 333 5609/ 5//// 60007 81360 54%=
41675 21696 31808 10375 20242 39871 40005 70500 83400 333 56900 59026 60007 83840 47%=
41676 21996 21302 10375 20281 39899 40045 70400 82030 333 56090 59031 60007 82361 59%=
41677 21696 30000 10380 20256 39842 49997 70400 83500 333 56900 59023 60007 83640 50%=
41678 21996 40000 10370 20236 40012 70500 84020 333 56090 59032 60007 84460 46%=
41679 21996 30502 10350 20261 4//// 70411 83030 333 56090 5//// 60007 83360 60%=
41680 21696 20000 10365 20262 40006 70410 82400 333 56900 59019 60007 82840 56%=
41685 22697 22302 10340 20220 38839 48449 82200 333 56900 59024 60007 82840 RH50%=
41696 22997 00000 10280 20020 37999 48484 333 58003 60007 Rh19%=
41697 22997 02304 10410 20260 49994 333 59027 60007 RH43%=
41700 21696 32304 10390 20235 49995 60001 70500 83500 333 56900 59030 60007 83640 41%=
41701 21696 31812 10380 20248 49999 70500 83020 333 56900 59036 60007 83640 47%=
41710 21996 03108 10410 21138 49971 70600 333 59006 60007 03%=
41712 22997 00502 10385 21005 39109 48477 333 59012 60007 RH09%=
41715 21996 00000 10370 20276 49997 70500 333 59023 60007 RH59%=
41716 21996 02304 10380 20256 39913 40009 70400 333 59026 60007 50%=
41718 21996 00000 10390 20283 40008 70400 333 59020 60007 55%=
41724 22996 01304 10380 20231 40015 333 59030 60007 RH43%=
41725 22996 03602 10375 20250 40005 333 59017 60007 RH49%=
41726 22996 00000 10395 20258 39969 40036 333 59003 60007 RH46%=
41738 22996 02708 10370 20228 40015 333 59022 60007 RH44%=
41739 22996 03108 10370 21028 38979 48475 333 58001 60007 RH08%=
41742 22997 01802 10365 20255 40012 333 59012 60007 RH 53%=
41743 21996 02302 10390 20268 70500 333 60007 RH 50%=
41744 22996 00000 10350 20061 38722 48463 333 58008 60007 RH 17%=
41745 21996 01806 10370 20260 70500 333 60007 RH54%=
41746 22996 01802 10380 20256 40002 333 59028 60007 RH50%=
41747 22996 01302 10385 20262 49999 333 59023 60007 RH50%=
41748 22996 01304 10380 20256 40013 333 59024 60007 RH50%=
41749 22996 01308 10375 20266 40015 333 59021 60007 RH54%=
41756 21496 22310 10320 20250 40031 70504 82600 333 56900 59026 60007 82715 RH67%=
41757 21996 02310 10335 20251 30031 40043 70500 333 59019 60007 RH62%=
41759 21696 22706 10345 20239 40031 70511 82500 333 56900 59022 60007 82640 RH54%=
41760 21996 02514 10335 20251 40023 70500 333 59027 60007 RH 62%=
41764 22996 02310 10355 20227 39964 40011 333 59027 60007 RH53%=
41765 22996 02306 10360 20264 39969 40002 333 59047 60007 RH58%=
41766 22996 02306 10350 20253 40008 333 59016 60007 RH57%=
41766 22996 02306 10350 20253 40008 333 59016 60007 RH57%=
41767 22996 0//// 10350 20268 333 60007 RH63%=
41768 22996 02306 10350 20268 30005 40012 333 59022 60007 RH63%=
41780 22696 62312 10320 20218 39999 40025 86500 333 56900 59018 60007 86630 RH55%=
41783 22996 32304 10330 20253 39989 40018 83030 333 56090 59021 60007 83360 RH 64%=
41785 22697 62302 10320 20265 30018 40031 83530 333 56590 59020 60007 83640 83360 RH 73%=
41786 22996 02304 10340 20233 40025 333 59013 60007 RH54%=
41BAG 22697 42302 10280 20133 84500 333 56900 60007 84640 40%=
41BKI 21696 23606 10350 20237 39615 40005 70420 82500 333 56900 59018 60007 82640 RH52%=
41SKP 21996 02702 10340 20272 4//// 70400 333 5//// 60007 68%=
43532 22997 00000 10350 20199 39221 49963 333 59030 60007 41%=
43533 22997 03104 10335 20206 39128 48451 333 59016 60007 47%=
43563 22997 00000 10339 20252 40000 333 59025 60007 60%=


==================
41526 Not Received
41533 Not Received
41564 Not Received
41568 Not Received
41592 Not Received
41594 Not Received
41672 Not Received
41781 Not Received
==================


Data Generated from File : D:\all data handling\Rmc_lhr\2024090909.FSU.txt
09/09/24 10:06:54
______________________________________________________________
15020 24970 21203 10240 20038 39953 40140 58014 80001 333 55310 22272 60007 91005 90730 91105==
15056 25970 11202 10234 20051 39807 40140 58009 7000/ 80001 333 55308 0//// 21925 3//// 60007 91005 91105=
15069 25998 10303 10188 20048 39086 42770 58023 7000/ 80001 333 55310 0//// 22337 3//// 60007 91005 91106=
15073 25998 51203 10239 20050 39693 40136 58013 7000/ 80006 333 55310 0//// 22326 3//// 60007 91006 91107=
15090 24970 01401 10237 20054 30061 40149 58012 333 55310 01170 22379 30263 60007 91003 90730 91103==
15108 22/84 31204 10119 20031 38103 48497 58008 81041 333 55310 22561 60007 91006 90730 91108==
15109 25998 21502 10218 20044 39725 40141 58013 7000/ 80001 333 55310 0//// 22323 3//// 60007 91004 91105=
15113 25970 01303 10226 20079 39988 40144 58014 7000/ 333 55310 0//// 22350 3//// 60007 91004 91104=
15127 25999 31304 10201 20043 39279 42778 58028 7000/ 80001 333 55310 0//// 22378 3//// 60007 91007 91107 95000=
15148 25970 30404 10156 20043 38704 48485 58010 7000/ 80002 333 55310 0//// 22527 3//// 60007 91006 91106=
15150 24970 20301 10217 20075 39944 40148 58014 80001 333 55310 22208 60007 91002 90730 91102==
15154 25970 02700 10233 20072 30004 40140 58015 7000/ 333 55310 0//// 22353 3//// 60007 91002 91102=
15170 22970 41002 10191 20051 39378 42780 58024 80008 333 55310 22310 60007 91003 90730 91103==
15194 25970 21301 10227 20068 39860 40141 58017 7000/ 80001 333 55310 0//// 22310 3//// 60007 91002 91104=
15197 25970 00402 10232 20053 39946 40147 58011 7000/ 333 55310 0//// 22391 3//// 60007 91003 91103=
15215 25970 41305 10235 20044 39544 42781 58018 7000/ 80006 333 55310 0//// 22320 3//// 60007 91009 91110=
15219 25/70 /3202 10226 20074 30024 40143 58015 7000/ 333 55310 0//// 22313 3//// 60007=
15238 22998 41103 10235 20055 39529 42783 58023 80001 333 55310 0//// 22448 3//// 60007 91006 91107=
15261 25966 21305 10220 20064 39345 42797 57019 7000/ 80001 333 55310 0//// 22386 3//// 60007 91009 91109 95000=
15262 22998 01205 1//// 2//// 38223 48/// 57005 333 55310 0//// 22629 3//// 60007 91007 91109=
15280 22984 32206 10068 21030 37528 47100 57005 80006 333 55310 22780 60007 91008 90730 91108==
15300 25999 30702 10234 20047 39513 42779 58021 7000/ 80001 333 55310 0//// 22508 3//// 60007 91004 91105=
15301 25970 42502 10160 20019 38631 48515 57006 7000/ 80002 333 55310 0//// 22491 3//// 60007 91007 91108 95000=
15302 25970 31602 10195 20051 38917 48501 57011 7000/ 80001 333 55307 0//// 21796 3//// 60007 91006 91106 95000=
15307 25/70 /0903 10248 20068 39961 40137 58008 7000/ 333 55310 0//// 22386 3//// 60007=
15310 24970 01101 10240 20097 30061 40143 58010 333 55310 01340 22381 32325 60007 91003 90730 91103==
15324 25970 81201 10216 20033 39364 42788 58013 7000/ 82047 333 55310 0//// 22380 3//// 60007 91003 91104=
15325 25970 30701 10160 20031 38486 48497 58005 7000/ 80001 333 55310 0//// 22453 3//// 60007 91005 91105=
15328 25670 22101 10254 20067 39802 40133 57018 7000/ 82100 333 55310 0//// 22372 3//// 60007 91003 91103=
15335 24/70 33601 10237 20124 30137 40144 58008 82031 333 55310 22386 60007 91003 90730 91104==
15336 25/70 /3601 10227 20159 30139 40140 58006 7000/ 333 55302 0//// 21290 3//// 60007=
15350 24970 00704 10251 20069 30029 40143 58012 333 55310 21694 60007 91006 90730 91106==
15360 24/70 40106 10225 20173 30121 40137 58005 84030 333 55310 22177 60007 91008 90730 91108==
15375 25999 11302 10248 20052 39793 40133 58010 7000/ 80001 333 55310 0//// 22312 3//// 60007 91005 91105=
15377 25997 21402 10258 20056 39929 40133 58011 7000/ 80002 333 55310 0//// 21790 3//// 60007 91004 91104=
15387 25970 20303 10234 20170 30136 40139 57006 7000/ 82040 333 55310 0//// 22312 3//// 60007 91007 91107=
15405 25970 00602 10255 20103 30086 40145 58011 7000/ 333 55310 0//// 22361 3//// 60007 91005 91105=
15406 25970 03601 10245 20094 30094 40139 58008 7000/ 333 55310 0//// 22351 3//// 60007 91003 91103=
15408 25970 00802 10243 20091 39883 40136 58007 7000/ 333 55310 0//// 22443 3//// 60007 91005 91105=
15420 24970 31001 10263 20070 30030 40135 58012 80004 333 55310 22315 60007 91004 90730 91104==
15422 25970 20701 10268 20084 30039 40135 58011 7000/ 80001 333 55310 0//// 22311 3//// 60007 91003 91103=
15425 25970 00401 10257 20098 30078 40139 58012 7000/ 333 55310 0//// 22389 3//// 60007 91004 91104=
15434 22970 61103 10256 20092 39930 40129 58011 82046 333 55310 0//// 21953 3//// 60007 91007 91107=
15444 25/70 /0402 10250 20099 30073 40142 58007 7000/ 333 55310 0//// 22329 3//// 60007=
15455 25970 30904 10260 20080 30009 40133 58012 7000/ 80002 333 55310 0//// 22316 3//// 60007 91007 91107=
15460 24970 20801 10255 20098 30116 40139 58013 80001 333 55310 22451 60007 91004 90730 91104==
15462 25970 00702 10252 20066 30056 40138 58010 7000/ 333 55310 0//// 22403 3//// 60007 91005 91105=
15470 24970 51105 10264 20076 30008 40127 58016 80004 333 55310 22282 60007 91008 90730 91108==
15475 22997 30702 10259 20108 30118 40137 58012 80001 333 55310 0//// 22372 3//// 60007 91004 91104=
15479 25/70 /3503 10242 20098 39956 40139 58005 7000/ 333 55310 0//// 22404 3//// 60007=
15480 24970 00401 10230 20150 30122 40139 58006 333 55310 01450 22516 32436 60007 91003 90730 91104==
15491 25970 20402 10273 20116 30103 40132 58016 7000/ 80001 333 55310 0//// 22347 3//// 60007 91004 91105=
15499 25970 00403 10238 20153 30127 40136 58007 7000/ 333 55310 0//// 22408 3//// 60007 91004 91104 92428=
15549 42970 41603 10255 20066 39733 40123 58013 80001 333 10261 20178 555 530//=
15552 42970 01402 10272 20150 30087 40133 57007 333 10274 20197 555 547// 92033 92438=
15640 42976 21803 10253 20129 39836 40129 57011 80004 333 10257 20199 555 546//=
15655 42570 11602 10253 20156 30106 40137 57007 81200 333 10255 20184 555 555// 92032 92438=
15730 42670 81801 10248 20111 39749 40121 57018 81107 333 10253 20145 555 542//=
16627 42575 30607 10274 20161 30123 40129 57010 81101 333 81820 83070 90730 91113==
16650 42460 40311 10260 20178 30116 40125 58007 81101 333 81818 84068 90730 91117==
16667 42960 03412 10282 20200 30110 40120 58005 333 90730 91116==
16706 42960 00311 10254 20178 30095 40102 56003 333 90730 91122==
16723 42960 00411 10288 20156 30086 40099 54000 333 90730 91117==
16732 46/// /0117 10257 20192 30098 40108 52002 333 90730 91128==
16742 42960 00108 10278 20151 39946 40093 50006 333 90730 91124==
16749 42460 12610 10286 20191 30073 40086 52004 81100 333 90730 91114==
16754 42560 13112 10280 20169 30077 40122 52002 81100 333 90730 91119==
16760 42560 13410 10256 20128 40120 57002 81100 333 90730 91120==
16765 42960 02822 10282 20181 40097 52009 333 90730 91136==
17022 42670 62704 10245 20180 39976 40134 50005 86200 333 86834 90730 91115==
17024 42970 03601 10263 20248 30041 40115 58002 333 90730 91108==
17026 42570 20105 10293 20200 30092 40129 55000 82100 333 82833 90730 91107==
17031 42570 43605 10268 20208 30117 40123 58006 83240 333 83833 83360 90730 91109==
17034 42670 33604 10268 20214 30087 40131 58005 83200 333 83835 90730 91107==
17038 42670 33404 10267 20204 30081 40126 52001 83100 333 83835 90730 91108==
17042 42970 33003 10272 20212 30095 40133 58001 80001 333 83070 90730 91106==
17050 42970 02301 10270 20147 30078 40137 58017 333 90730 91105==
17056 42670 31205 10253 20186 30124 40128 57011 83100 333 83835 90730 91110==
17060 42660 30308 10256 20177 30095 40134 56004 83100 333 83835 90730 91116==
17070 42665 12303 10244 20123 39281 40107 58009 81100 333 81840 90730 91107==
17074 42570 60301 10212 20182 39226 40117 58006 84250 333 84830 86359 90730 91104==
17084 42670 32603 10228 20180 39256 40120 57007 83200 333 83835 90730 91106==
17085 42670 20901 10269 20171 39650 40112 57012 82100 333 82840 90730 91107==
17092 42670 41202 10234 20139 38861 48511 57011 81230 333 81845 84358 90730 91106==
17096 42660 42312 10252 20036 38265 48517 57006 84100 333 84840 91024 90730 91124==
17098 42660 33503 10212 20128 38240 48534 58006 82140 333 82840 83358 90730 91109==
17100 42970 00301 10275 20130 39187 40123 57015 333 90730 91105==
17112 42670 30507 10271 20195 30113 40115 58011 83200 333 83835 90730 91116==
17115 41660 40212 10260 20171 30084 40132 56001 70281 84200 333 84835 90730 91118==
17116 42670 10803 10270 20163 30006 40122 57012 81100 333 81840 90730 91106==
17124 42660 11002 10230 20100 39244 40118 58006 81100 333 81840 90730 91109==
17128 42670 10801 10248 20098 39065 40107 58007 81100 333 81840 90730 91107==
17135 42970 01803 10249 20150 39274 40103 58007 333 90730 91106==
17140 42665 42401 10238 20108 38703 48500 58001 84200 333 84835 90730 91108==
17150 42660 10209 10269 20150 39996 40113 57012 81100 333 81835 90730 91115==
17160 42670 22002 10257 20110 39002 48505 58005 82200 333 82840 90730 91107==
17170 42560 53210 10274 20116 38362 48523 57005 83350 333 83840 85357 81925 90730 91116==
17175 42665 20107 10278 20180 30097 40101 58009 82100 333 82840 90730 91112==
17184 42970 03402 10285 20131 39997 40102 57010 333 90730 91106==
17190 42970 00903 10225 20119 38970 48495 58009 333 90730 91108==
17190 42970 00903 10225 20119 38970 48495 58009 333 90730 91108==
17195 42670 13304 10267 20089 38953 48501 58008 81100 333 81840 90730 91108==
17200 42660 50405 10272 20120 39173 40104 58008 81131 333 81840 83360 85070 90730 91111==
17202 42670 30904 10302 20125 39115 40086 57010 83100 333 83835 90730 91109==
17203 42670 31504 10306 20091 38875 48554 57009 83100 333 83840 91015 90730 91115==
17210 42670 53502 10329 20115 39122 40077 58003 85100 333 85840==
17219 42965 03513 10280 20145 39965 40101 58002 333 90730 91123==
17234 42970 01801 10317 20147 30031 40095 58003 333 90730 91105==
17237 42670 13501 10285 20143 39616 40088 58011 81100 333 81840 90730 91104==
17240 42570 31212 10273 20128 39002 40074 58010 83200 333 83830 90730 91120==
17244 42970 01205 10244 20112 38985 48509 58003 333 90730 91111==
17248 42970 00602 10243 20111 38963 48498 57009 333 90730 91105==
17250 42970 02402 10263 20092 38793 48503 58008 333 90730 91107==
17260 42960 01303 10316 20107 39295 40058 58003 333 90730 91109==
17270 42970 00803 10354 20114 39482 40076 58005==
17275 42670 30000 10337 20085 38977 48535 58003 81140 333 81840 83360 90730 91107==
17280 42670 21205 10344 20125 39348 40076 58009 82200 333 82840 90730 91111==
17290 42970 01905 10281 20197 30063 40093 50003 333 90730 91108==
17292 42670 21601 10290 20136 39368 40076 50002 82100 333 82840 90730 91107==
17300 42560 41708 10314 20206 30035 40102 50001 84200 333 84830 90730 91110==
17310 42570 22204 10328 20241 30080 40087 52005 82200 333 82830 90730 91107==
17330 42/70 31004 10320 20201 30081 40098 58003 81031 333 81360 83070 90730 91110==
17350 42670 30902 10344 20138 30011 40084 58010 83100 333 83835==
17370 42670 23103 10301 20224 30096 40100 58002 82200 333 82835 90730 91107==
17375 42670 21603 10307 20207 30079 40081 51004 82200 333 82835 90730 91106==
33088 42960 01306 10239 20048 39971 40151 57017==
33135 42/70 20301 10254 20057 30041 40179 57013 82030==
33177 42970 21405 10250 20047 39898 40120 57019 80001==
33317 42984 01305 10239 20027 39827 40143 57018==
33393 42960 31510 10235 20040 39743 40110 57006 80001==
33415 42970 11208 10245 20004 39751 40123 57020 80001==
33429 42970 11205 10240 20034 39741 40137 57014 80001==
33466 42670 20804 10254 20026 39986 40162 57012 81530 333 30///==
33506 42560 70503 10190 20089 39995 40183 58008 85330==
33562 42960 00000 10253 20061 39873 40158 57014==
33587 42570 61203 10249 20029 39908 40154 57010 83101==
33658 42984 21108 10252 20044 39845 40125 57018 80001==
33663 42970 01402 10268 20032 30053 40142 58032==
33664 42998 01303 10255 21013 39836 40132 57014=
33678 42998 02802 10230 20018 39967 40167 57008=
33679 42997 02301 10259 20051 39973 40151 57011=
33711 42/60 70907 10250 20072 39950 40146 57013 87030==
33745 42997 01003 10243 20015 39970 40155 57011=
33748 42997 01503 10251 20028 39874 40141 57009=
33754 42998 02701 10252 20068 30013 40150 58011=
33761 42970 10903 10232 20061 39938 40148 57011 80001==
33791 42/82 70705 10244 20067 30033 40153 57006 87030==
33815 42998 00601 10230 20025 39943 40139 57011=
33837 42976 00602 10226 20083 30091 40140 58007==
33881 42998 00801 10252 20039 39954 40138 57012=
33883 42998 00803 10256 20031 39981 40137 57013=
33885 42998 01102 10243 20056 30015 40145 57019=
33892 42998 40601 10234 20060 39939 40139 57010 82031=
33902 42570 60501 10252 20077 30080 40136 57009 83150==
33924 42570 60204 10222 20159 30116 40128 57005 82409==
33946 42/80 80304 10267 20154 39908 40113 57008 83031==
33983 42560 60602 10240 20160 30065 40122 58003 83531==
34300 41660 70602 10214 20036 30029 40197 58011 70282 86930==
34336 42970 21003 10264 20003 30115 40211 57016 80001 333 90730 91111==
34344 42970 01304 10262 20046 30128 40210 57015==
34356 42960 61104 10264 20038 30086 40223 58011 80006 333 91011 90730 91111==
34357 42970 61004 10251 20031 30073 40218 57009 80004==
34398 42970 61603 10275 20090 30227 40236 58011 80006==
34415 42670 61104 10243 21004 30090 40181 57016 82589==
34438 42/60 11107 10252 20013 30017 40196 57014 81040 333 91011 90730 91111==
34445 41/70 21206 10252 20015 30104 40210 58015 70730 81072 333 91010 90730 91112==
34461 42960 41304 10265 21019 30173 40225 57011 80001==
34473 42597 61403 10275 20074 30198 40234 57011 82133=
34476 42/70 71103 10279 20057 30226 40233 58012 82034 333 90730 91110==
34504 42680 71005 10206 20069 39996 40161 57009 85530==
34535 42970 21107 10269 21008 30117 40184 57019 80001 333 91012 90730 91112==
34545 42970 61006 10248 20002 30093 40197 57017 80002 333 91011 90730 91112==
34555 42/70 71004 10255 20068 30128 40213 58018 83044==
34560 42960 61208 10252 20024 30044 40222 57010 80001 333 91011 90730 91111==
34578 42/60 81403 10263 20040 30216 40223 58013 8807/==
34579 42570 50904 10278 20031 30184 40225 57015 83502==
34644 42560 60904 10224 20039 30111 40183 57013 83831 333 90730 91110==
34646 42/70 81004 10248 20079 30111 40188 57017 83032==
34655 42560 60907 10278 21028 30139 40195 57016 84430 333 91011 90730 91114==
34662 41/70 80906 10265 20009 30203 40213 57015 70722 80086 333 91011==
34691 42/70 51402 10281 20070 30247 40236 58009 83032==
34720 42570 70804 10225 20103 30121 40159 57013 86501 333 90730 91111==
34727 42960 31006 10244 20111 30117 40145 57006 80001 333 91010 90730 91111==
34743 42960 81004 10252 20013 30100 40184 57015 80007 333 90730 91110==
34759 41560 80906 10274 20034 30057 40178 57017 70732 8255/ 333 91011 90730 91113==
34772 42/70 61006 10278 21003 30208 40211 58013 86035 333 91011 90730 91112==
34785 41970 81308 10282 20067 30238 40217 57014 70722 80009 333 91013 90730 91113==
34798 42970 61006 10274 20089 30253 40226 58008 80001==
34824 42960 21103 10272 20161 30131 40135 57008 80002==
34838 41560 80903 10212 20142 30061 40151 58005 70282 83439==
34845 41570 81004 10225 20108 30056 40157 58023 72582 8647/==
34858 42/60 71104 10265 20083 30066 40166 57016 87070 333 91011 90730 91111==
34861 42570 81310 10267 21021 39946 40172 57017 8633/ 333 91014 90730 91114==
34866 42770 71208 10289 21008 30190 40182 58014 82934 333 91013 90730 91113==
34880 41/60 71305 10273 20088 30235 40211 57012 70722 82031 333 90730 91112==
34887 41970 80805 10269 20044 30221 40203 57009 70722 80007 333 91010 90730 91112==
34949 42670 60808 10217 20139 39638 40150 57010 84530 333 91010 90730 91111==
34954 42570 80902 10227 20143 39999 40162 57010 885//==
34958 42570 81101 10235 20140 39971 40157 58011 885//==
34975 41/60 51307 10283 20063 30177 40173 57010 70710 80031 333 91015 90730 91115==
34984 41960 20908 10260 20086 30224 40196 58007 70700 80001 333 91013 90730 91114==
35217 42/60 61604 10260 20023 30225 40262 58007 84083==
35302 42970 51705 10252 20058 30234 40253 58006 80001==
35315 42998 71302 10262 20059 30208 40261 58007 85032=
35344 42999 03602 10242 20098 39996 40263 54000=
35358 42960 00203 10236 20094 30089 40247 58008==
35368 42599 53403 10210 20094 39997 40247 58011 83130=
35386 42598 53101 10194 20064 39735 40221 58009 85200=
35394 42670 53403 10196 20040 39580 40211 58009 85200==
35404 42698 61403 10285 20118 30233 40240 58009 82109=
35406 42960 41602 10272 20080 30249 40251 58005 80001==
35416 42970 62402 10252 20043 30153 40265 58010 80005==
35426 42984 60000 10251 20073 39993 40262 58011 80001==
35437 42998 30101 10239 20076 39971 40261 58010 80003=
35449 42698 20201 10227 20093 30162 40258 58010 82100=
35497 42/70 23602 10202 21020 39456 40197 58010 82030==
35498 42998 21402 10205 21012 39378 40192 57010 80001=
35514 42998 41402 10265 20074 30261 40257 58005 80001=
35522 42998 41203 10241 20065 30030 40264 58010 80001=
35542 42999 23603 10244 20063 30119 40255 58011 80002=
35563 42598 73305 10186 20012 39505 40225 58008 86109=
35576 42670 23204 10222 20026 39799 40214 58011 82100==
35582 42998 23205 10213 20094 39671 40227 52010 80003=
35594 42999 23002 10203 21009 39416 40193 57008 82040=
35605 42998 71106 10267 20090 30260 40240 58007 80009=
35633 42998 20203 10242 20045 30059 40257 58010 80001=
35671 42970 00502 10225 20020 39821 40218 58008==
35699 42960 00502 10216 21010 39488 40185 57011==
35700 42970 51306 10274 20045 30263 40241 58004 80005==
35715 42999 61305 10263 20029 30268 40254 58006 80001=
35739 42999 20504 10240 20076 30124 40253 58010 80001=
35746 42970 00106 10232 20098 30186 40248 58011==
35777 42997 03603 10251 20081 39881 40196 57003=
35796 42960 20303 10242 21021 39782 40181 57015 80001==
35849 42970 00203 10236 20071 30159 40239 58010==
35895 42998 20703 10200 20061 39786 40198 57007 80002=
35907 42998 31306 10259 20109 30240 40212 58009 80001=
35925 42970 31103 10232 20059 30146 40249 58010 80002==
35927 42998 61102 10251 20053 30244 58009 80002=
35953 42984 00406 10252 20058 30101 40220 58008==
35969 42984 00701 10286 20034 30047 40204 58008==
35997 42698 53603 10218 20073 39784 40185 58007 83575=
36259 42584 32403 10136 21037 38258 48517 57016 83900==
36335 42999 03501 10185 20019 39254 40205 58008=
36358 42599 70000 10180 20018 39254 40200 58006 87200=
36394 42597 70000 10214 20027 39816 40206 57012 87300=
36397 42684 61602 10206 20021 39681 40203 58010 85201==
36403 42698 72002 10216 20046 39869 40201 57013 87900=
36418 42799 32604 10208 20036 39619 40185 57015 83200=
36421 42699 21202 10203 20042 39672 40192 57019 82230=
36428 42784 41704 10204 20046 39732 40194 57016 82241==
36439 42698 32604 10168 20040 38996 48552 57012 82840=
36498 42698 20305 10215 20011 39449 40175 57010 81101=
36501 42999 73204 10196 20038 39499 40195 58008 87030=
36535 42/84 42902 10216 20027 39610 40191 57017 84030==
36546 42999 01001 10236 20063 39690 40181 57017=
36619 42999 20000 10258 20050 80001=
36622 42798 30000 10222 20024 39428 40163 57013 82140=
36639 42584 10000 10246 20033 39598 40148 57018 81100==
36643 42999 21302 10210 20083 39573 40181 57016 80001=
36665 42999 00000 10199 20060 39503 40172 57017=
36666 42999 13602 10198 20064 39734 40189 57018 80001=
36729 42998 80805 10244 20071 39710 40147 57013 80001=
36736 42999 60801 10254 20031 39653 40155 57021 80001=
36744 42998 70000 10245 20045 39761 40171 57010 87030=
36770 42999 73603 10233 20027 39483 40146 57009 85061=
36786 42999 52901 10232 20044 39302 40140 57009 80002=
36796 42998 31402 10218 20038 39031 48551 57007 80001=
36803 42999 30904 10234 20105 39747 40156 58014 80001=
36806 42999 31708 10265 20044 39731 40154 57013 80002=
36819 42598 82305 10220 20000 39604 40169 58007 8395/=
36821 42584 70202 10243 20022 39714 40161 57011 81972==
36839 42799 83604 10211 20057 39095 40134 57009 82544=
36843 42998 50403 10232 20029 39058 40132 58007 80002=
36846 42999 72004 10196 21008 38622 48518 57010 83079=
36859 42584 52501 10263 20042 39406 40113 57019 82931==
36870 42560 83201 10194 20105 39214 40155 58002 889//==
36874 42698 82002 10199 20025 39445 40167 58004 885//=
36877 41598 83302 10170 20098 39268 40184 52004 78082 889//=
36885 42699 82906 10182 20072 39108 40162 58006 8555/=
36889 41499 80000 10010 20006 37102 47127 58005 70282 886//=
36894 42599 72304 10242 20041 39463 40139 57011 82972=
36905 42999 73201 10180 20054 38748 48516 57006 85072=
36911 41698 80703 10153 20148 39281 40207 54000 725// 8697/=
36927 42699 72706 10148 20034 38369 48526 58020 87900=
36934 42599 61801 10188 20089 38284 48394 58007 82902=
36953 42899 80000 10196 20002 38202 48508 57021 83041=
36963 42698 82703 10056 20027 37063 48/// 57008 885//=
36974 42798 62302 10215 20064 37947 48458 57021 86500=
36982 42598 60605 10047 21023 36577 47136 57013 81930=
37018 42670 62002 10311 20187 30055 40124 57003 83832==
37031 42560 31102 10241 20165 39960 40142 57011 82501==
37054 42670 60000 10211 20140 39795 40157 57009 86200==
37061 42560 71103 10251 20159 39995 40152 57014 84530==
37085 42970 31011 10274 20122 30190 40165 56008 80001 333 91017 90730 91117==
37171 42670 72603 10274 20172 30105 40122 58005 81130==
37228 42670 23001 10224 20143 39352 40132 57006 82200==
37235 42670 83601 10231 20163 39852 40149 57003 885//==
37472 42/60 61307 10247 20197 30167 40146 57008 82071 333 91012 90730 91115==
38149 42970 00604 10242 20032 30163 40235 58011==
38178 12970 03204 10243 20051 39934 40202 58006 60002==
38262 42970 00503 10240 20085 30157 40234 58006==
38264 42970 00109 10235 20034 30138 40226 57012==
38345 42799 82503 10189 20055 38826 48543 52001 82935=
38353 42598 82802 10209 20081 39316 40159 52002 8393/=
38388 42998 00502 10255 20059 30156 40223 58006=
38392 42997 00505 10254 20084 30120 40217 58011=
38396 42960 00604 10244 20053 30102 40219 58010==
38403 42960 00502 10248 20059 30094 40207 58008==
38413 42970 03302 10244 20000 39934 40207 58012==
38457 42660 22402 10241 20029 39622 40173 52003 81101==
38462 42684 52307 10210 20000 38764 48514 57003 82551==
38462 42684 52307 10210 20000 38764 48514 57003 82551==
38507 42998 01504 10301 21017 30094 40189 58011=
38545 42998 00000 10251 20064 30053 40218 52003=
38565 12970 00503 10220 20009 39611 40118 60002==
38579 12984 00604 10228 20056 39787 40181 57002 60002==
38583 12960 02502 10243 20034 39882 40185 58003 60002==
38611 41760 82504 10181 20120 39645 40192 52023 78088 889//==
38613 42999 70101 10210 20061 40154 52002 85022=
38616 42598 72702 10194 20048 39204 40166 52010 87300=
38618 41660 82402 10183 20092 39529 40189 52023 78082 8457/==
38647 42998 01107 10303 20011 30188 40175 57008=
38656 42998 00902 10272 21014 30104 40207 58007=
38683 42960 03607 10245 20041 39928 40189 58010==
38687 42997 03603 10251 20019 39979 40201 58011=
38696 12984 02902 10240 20036 39352 40155 58006 60002==
38713 41998 23603 10202 20023 39065 48560 58004 70181 82030=
38750 42997 22702 10300 20224 30201 40175 58010 82030=
38763 42998 01005 10282 21036 30108 40207 58003=
38774 42998 01303 10282 20006 30017 40200 58013=
38799 42997 00503 10265 21019 39984 40202 58011=
38806 42997 03404 10254 20025 39924 40169 58007=
38812 42960 03206 10258 20019 39735 40159 58008==
38836 42999 30902 10278 20076 39208 40070 57009 80002=
38880 42997 00804 10285 21017 39955 40193 57011=
38886 42997 00201 10282 20043 39997 40210 57002=
38895 42996 00301 10276 20034 39925 40196 58013=
38911 42998 03407 10268 20032 39904 40180 53004=
38915 42997 02405 10280 20032 39870 40171 58011=
38927 11958 02610 10286 21050 39794 40143 57012 60002 73033==
38933 42799 31802 10290 20159 39681 40156 58005 82580=
38944 42997 01603 10277 20002 39585 40082 58011 83030=
38954 42899 12904 10254 20048 37906 48430 57020 81200=
38974 42998 00902 10285 20055 39863 40174 58020=
38987 42996 00305 10264 21041 39470 40166 58012=
40100 43/60 02607 10305 20238 30095 40110 50000 333 58///=
40180 02560 13204 10323 20218 30043 40089 57011 81100 333 70000==
40199 02/// ///// 10365 20157 30056 40079 57013 333 70000==
40255 46/// /2803 10313 29043 3//// 4//// 5////=
40265 41956 03106 10308 20100 39346 40095 57004 70500=
40270 41960 00105 10318 20076 39238 40082 57005 70500=
40272 41950 02808 10324 20101 39302 40086 54000 70500=
40296 46/// /0203 10365 29037 4//// 5////=
40310 42960 01704 10312 20225 38934 48421 57004=
40340 42960 03504 10352 20157 30028 40089 57010=
40356 42960 00000 10370 20050 39134 48493 333 59011 555 04410 50036=
40357 42960 02108 10408 20020 39443 40026 333 59001=
40360 42960 03210 10358 20070 39510 40062 333 59007=
40361 42960 01707 10383 20040 39330 40060 333 58000=
40362 42960 32603 10434 20030 39558 40027 83030 333 59002 83359=
40373 42660 41805 10426 20040 39663 40047 84500 333 58001 84635=
40375 42960 03405 10334 20100 39236 40056 333 59005=
40394 42960 03302 10384 20080 38995 48510 333 58011 555 04410 50036=
40394 42960 03302 10384 20080 38995 48510 333 58011 555 04410 50036=
40400 42960 02608 10357 20150 30053 40080 333 58000=
40405 42660 41708 10420 20030 39350 40026 84500 333 58010 84640=
40417 42960 01304 10445 20010 30027 40041 333 59001=
40420 42960 00504 10424 20040 39848 40039 333 58000=
40430 42660 12505 10386 20040 39366 40058 81500 333 58002 81640=
40437 42960 01405 10407 21040 39392 40044 333 58000=
40439 42960 02206 10402 20160 30042 40060 333 59004=
40582 31658 33308 10466 20079 40044 58012 70500 81430 333 55310 00810 10000 22648 31022 41513 52114 63671 55407 41626 81640 83358 90401 91013 91115 91209 91307=
40703 42660 21903 10292 20088 38916 40097 57019 82100 333 70000 82835 555 10174 29028 66666 00328 10310 20270 30280 50280 90260=
40706 42565 11802 10308 20066 38668 40093 57011 81400 333 70000 555 10170 29022 66666 00365 10296 20292 30300 50299 90287=
40712 42660 20602 10284 20107 38687 40095 58014 82200 333 70000 82835 555 10177 29033 66666 00294 10234 20234 30234 50234 90226=
40713 42664 12502 10307 20102 38673 40079 58007 81100 333 70000 555 10183 29028 66666 00280 10272 20278 30279 50277 90259=
40718 42460 11102 10288 20215 30197 40170 57013 81100 222// 0//// 20301 333 70000 81815 555 10239 29065 66666 00320 10278 20272 30272 50276 90264=
40723 42565 10602 10265 20033 38981 40151 56013 81500 333 70000 555 10144 29022 66666 00334 10296 20240 30244 50252 90244=
40726 42660 10203 10292 20103 38670 40093 58009 81100 333 70000 81835 555 10178 29031 66666 00294 10276 20270 30266 50266 90254=
40727 42965 02401 10308 20059 38504 40101 57011 333 70000 555 10167 29021 66666 00349 10254 20242 30250 50248 90232=
40732 42560 30104 10286 20198 30184 40161 58009 83300 333 70000 81925 83627 555 10228 29059 66666 00304 10288 20282 30278 50275 90265=
40736 42560 43402 10303 20222 30195 40171 57009 82230 333 70000 82827 555 10248 29062 66666 00314 10294 20280 30290 50292 90289 77777 00/// 10026 20015 30016 50017 70/// 99///=
40737 42560 73602 10307 20197 30143 40160 57014 84570 333 70000 84627 87459 555 10234 29052 66666 00278 10267 20263 30259 50254 90250 77777 00013 10004 20013 30020 50023 70027 99///=
40738 42560 30000 10313 20202 30175 40177 57016 83100 333 70000 83835 555 10239 29052 66666 00322 10318 20296 30290 50288 90276=
40739 42965 00705 10276 20084 38712 40120 57013 333 70000 555 10165 29030 66666 00312 10316 20268 30274 50282 90277=
40741 42960 03503 10287 21017 39870 40190 57012 333 70000 555 10146 29014 66666 00364 10312 20290 30298 50310 90313=
40743 42970 01305 10294 20001 39070 40122 57019 333 70000 555 10148 29015 66666 00371 10321 20298 30311 50317 90316=
40745 42965 01005 10254 20052 39064 40159 58015 333 70000 555 10147 29027 66666 00340 10288 20246 30258 50262 90266=
40747 42960 02002 10338 21035 38641 40080 57018 333 70000 555 10154 29009 66666 00392 10292 20283 30298 50297 90290=
40754 42660 12303 10309 20061 38840 40095 57014 81100 333 70000 81840 555 10169 29021=
40762 42962 01205 10270 20011 38571 40106 57013 333 70000 555 10137 29019 66666 00372 10298 20262 30266 50274 90270=
40766 42960 62903 10336 21134 38688 40061 57013 80001 333 86070 70000 555 10139 29004 66666 00334 10312 20284 30292 50292 90280=
40768 42960 03303 10307 20011 38282 40072 57014 333 70000 555 10150 29015 66666 00333 10314 20269 30280 50282 90278=
40769 41658 10502 10311 20031 38327 40068 57013 70600 81100 333 70000 555 10158 29017 66666 00374 10310 20288 30292 50300 90290=
40780 42660 22904 10352 20037 38684 40073 58006 82100 333 70000 82840 555 10176 29014 66666 00376 10324 20312 30316 50314 90306=
40782 42968 03103 10367 21014 38848 40058 57016 333 70000 555 10171 29009 66666 00350 10300 20294 30296 50306 90290=
40785 42960 00000 10356 20040 39073 40090 57017 333 70000 555 10181=
40791 42962 03206 10367 21012 39310 40070 57017 333 70000 555 10174 29009 66666 00390 10370 20340 30344 50354 90352=
40792 42962 03003 10315 21013 38716 40072 57013 333 70000 555 10150 29012 66666 00368 10348 20306 30312 50334 90310=
40798 42960 00303 10296 21060 37997 40069 57017 333 70000 555 10127 29009 66666 00403 10306 20253 30261 50264 90255=
40800 42960 01203 10330 20019 38484 40082 57015 333 70000 555 10162 29014 66666 00438 10324 20286 30292 50300 90292=
40809 42962 01102 10322 21062 38488 40048 58016 333 70000 555 10141 29008 66666 00374 10324 20290 30300 50304 90298=
40811 42960 02902 10445 20074 30011 40035 58010 333 70000 555 10228 29011 66666 00430 10368 20360 30370 50380 90380=
40812 42960 02803 10438 20046 39683 40028 57014 333 70000 555 10215 29009 66666 00454 10412 20388 30396 50394 90386=
40818 42965 00205 10284 21037 38009 40053 57014 333 70000 555 10127 29012 66666 00298 10268 20271 30282 50294 90296=
40821 42962 03403 10331 20004 38789 40073 57019 333 70000 555 10161 29012 66666 00392 10355 20331 30337 50336 90344=
40829 41940 03419 10339 21009 39524 40059 57014 70700 333 70000 555 10166 29011 66666 00352 10330 20316 30312 50312 90298=
40831 42960 03205 10450 20050 30042 40050 57006 333 70000 555 10223 29009 66666 00472 10392 20372 30376 50376 90368=
40833 42960 03202 10447 20103 30015 40045 58006 333 70000 555 10237 29013 66666 00478 10408 20386 30380 50384 90368=
40835 42960 03003 10399 20052 39269 40040 58013 333 70000 555 10201 29012 66666 00414 10384 20354 30360 50360 90350=
40841 42660 13304 10319 21002 38254 40044 57022 81100 333 70000 555 10151 29013 66666 00288 10280 20276 30288 50292 90292=
40845 42960 02503 10384 20245 30042 40047 57010 333 70000 555 10284 29045 66666 00398 10374 20356 30364 50370 90362=
40848 42960 10803 10352 20020 38507 40026 58016 80002 333 70000 81070 555 10170 29012 66666 00370 10320 20298 30300 50302 90292=
40851 42960 32003 10348 20018 38265 40008 58013 80003 333 70000 83070 555 10166 29012 66666 00442 10352 20324 30328 50330 90320=
40854 42960 00105 10374 21042 38907 40015 57016 333 70000 555 10168 29007 66666 00490 10392 20360 30368 50370 90366=
40856 42962 00505 10318 21034 38620 40049 58016 333 70000 555 10146 29010 66666 00400 10326 20292 30302 50314 90310=
40859 42660 31903 10378 20025 38674 40017 57019 81430 333 70000 81645 555 10182 29011 66666 00422 10328 20294 30292 50298 90293=
40875 41956 02205 10366 20266 30020 40031 57018 70500 70000 555 10293 29057 66666 00430 10376 20366 30366 50372 90372=
40879 42662 12102 10410 20139 39383 40005 57029 81100 333 70000 81840 555 10235 29020 66666 00450 10434 20392 30394 50400 90398=
40882 41528 12203 10368 20285 30010 40043 58009 70500 81100 333 70000 81825 555 10306 29063 66666 00428 10384 20376 30378 50372 90364=
40883 41940 02203 10355 20271 30015 40037 58017 70500 333 70000 555 10293 29062 66666 00451 10409 20372 30380 50382 90374=
40893 41958 02304 10322 20273 30017 40023 57019 70500 333 70000 555 10286 29075 66666 00366 10363 20360 30360 50368 90365=
40898 41958 01105 10318 20260 30000 40009 57027 70500 222// 00306 20801 333 70000 555 10276 29071 66666 00500 10462 20372 30372 50374 90370=
41024 42660 42810 10373 20240 30042 40067 82530 333 58003 82640=
41036 42660 59903 10322 20010 38560 48512 85800 333 58004 85840 555 04410 50054=
41055 42560 23506 10325 20010 38359 48500 82400 333 59004 82630 555 04410 50043=
41061 42860 21805 10410 21020 39366 40024 82030 333 59004 82358=
41084 42560 23508 10373 21020 38818 48491 82400 333 59005 82630 555 04410 50007=
41112 42560 30707 10299 21040 37949 48498 83100 333 59001 83820 555 04410 50027=
41114 42560 40911 10300 21010 37981 48497 84400 333 59001 84622 555 04410 50031=
41128 42960 00306 10374 21030 38771 48491 333 59012 555 04410 50025=
41136 42960 02805 10401 20010 39252 40017 333 59007=
41140 41559 12314 10353 20260 30055 40062 70500 81100 333 59001 81830=
41150 42966 23505 10397 20141 40048 82030 333 59003 82366=
41176 44/58 /0907 10366 20275 30035 40041 333 59001=
41184 42960 02908 10415 20210 40036 333 59003=
41194 41956 03311 10401 20222 30027 40032 70600 333 59002=
41196 42960 03010 10390 20221 39999 40038 333 59001=
41216 42960 03606 10418 20148 30032 40036 333 58001=
41217 42960 02908 10423 20160 30002 40030 333 59001=
41246 36/// /1008 10337 20278 30026 40029 333 0E031 55300 25022 59021=
41255 32560 21403 10399 20155 39526 40063 82100 333 59009 82830=
41256 32960 00409 10346 20177 30014 40031 333 59022 55407 55408 55507 55508=
41263 26/// /2107 10402 20107 39468 49991 333 0E024 55300 23726 59010 70000=
41265 26/// /1203 10390 20174 39464 49991 333 0E027 55300 23505 59005 70038=
41267 36/// /0004 10321 20273 30022 40034 333 0E028 59020=
41268 36/// /0609 10386 20165 39975 40020 333 0E029 55300 25022 59019=
41275 36/// /2104 10379 20180 39887 40046 333 0E025 55300 23483 59008=
41288 32960 02409 10303 20249 30030 40051 333 59012=
41315 26/70 /1707 10268 20238 39255 47428 333 0E025 55300 27865 59005 70000=
41316 32370 61809 10296 20263 30031 40060 86600 333 59006 55407 55408 55507 55508 83714 86630=
41397 62118 10280 20252 40204 54000 70222 8177/ 22243 00300 20702 321// 40603 80260=
41398 71813 10270 20241 40165 54000 70222 8/7// 22234 00300 2//// 80250=
41480 41556 12415 10374 20225 30044 40052 70544 81500 333 59012 81620=
41497 11530 10139 20096 40301 58007 702// 8/1// 22274 00154 20806 315// 41008 80115=
41498 41805 10290 20248 40149 52020 70211 84145 22200 00270 299// 30000 80260=
41506 12460 31805 10340 20101 38425 48190 60001 83600 333 56800 59022==
41508 12960 02701 10317 20152 38608 48880 60001 333 59011==
41515 12460 52305 10322 20169 38478 48110 60001 83520 333 56880 58002==
41523 12960 02302 10330 20209 39006 48640 60001 333 59022==
41535 12960 01301 10295 20216 38647 48290 60001 333 59021==
41536 12960 01801 10330 20209 38956 48630 60001 333 59020==
41560 12960 01301 10285 20149 38252 48620 60001 333 59014==
41571 22697 23110 10345 20218 39460 40002 82030 333 59027 60007=
41598 11440 30000 10355 20266 39742 40096 60001 70400 83460 333 56880 59024==
41600 11440 53101 10346 20255 30000 40007 60001 70422 83570 333 56880 59025==
41620 12940 00501 10330 20068 38504 48090 60001 333 59022==
41624 12960 02301 10370 20260 30000 40000 60001 333 59028==
41630 11440 42302 10370 20260 30000 40013 60001 70400 84400 333 56800 59023==
41640 11440 43101 10350 20237 39773 40006 60001 70411 83530 333 56880 59023==
41660 12460 12308 10320 21069 38381 48630 60001 81400 333 56800 59019==
41678 11940 40000 10370 20236 30000 40012 60001 70500 84020 333 56080 59032==
41696 12960 00000 10280 20020 37999 48840 60001 333 58003==
41697 12960 02302 10410 20260 30000 49994 60001 333 59027==
41700 11440 32302 10390 20235 30000 49995 60001 70500 83500 333 56800 59030==
41710 11940 03104 10410 21138 30000 49971 60001 70600 333 59006==
41712 12960 00501 10385 21005 39109 48770 60001 333 59012==
41715 11940 00000 10370 20276 30000 49997 60001 70500 333 59023==
41718 11940 00000 10390 20283 30000 40008 60001 70400 333 59020==
41725 12940 03601 10375 20250 30000 40005 60001 333 59017==
41739 12940 03104 10370 21028 38979 48750 60001 333 58001==
41744 12940 00000 10350 20061 38722 48630 60001 333 58008==
41749 12940 01304 10375 20266 30000 40015 60001 333 59021==
41756 11240 22305 10320 20250 30000 40031 60001 70504 82600 333 56800 59026==
41759 11440 22703 10345 20239 30000 40031 60001 70511 82500 333 56800 59022==
41764 12940 02305 10355 20227 39964 40011 60001 333 59027==
41768 12940 02303 10350 20268 30005 40012 60001 333 59022==
41780 12440 62306 10320 20218 39999 40025 60001 86500 333 56800 59018==
41785 12460 62301 10320 20265 30018 40031 60001 83530 333 56880 59020==
41859 02450 30902 10360 20260 39964 40000 83400 333 59008 70000 81618 83828==
41883 02456 40903 10340 20260 39978 49998 84400 333 59011 70000 82616 83828==
41891 01450 63404 10335 20250 39968 40001 70562 84330 333 59002 70020 83616 85365 81930==
41898 62516 10292 20260 40056 53003 70211 86174 22282 04305 20101 329// 40602 80268=
41907 02456 40902 10340 20260 39975 49990 84800 333 59015 70000 81615 83825==
41923 42456 51202 10343 20230 39989 49999 82530 333 59013 82615 85365==
41936 41440 41508 10346 20270 39983 49989 70522 83630 333 59014 82615 83362==
41943 02440 61802 10346 20240 39998 40005 83530 333 59005 70000 83616 84362==
41950 02450 61502 10344 20250 39994 49996 86300 333 59016 70006 84616 83825 81928==
41978 02458 61906 10328 20260 30004 40010 84320 333 59004 70025 83618 85460 81930==
41992 01430 41508 10325 20260 30016 40018 70522 82530 333 58008 70070 82616 84362==
42001 09081 99259 70897 46/// /1008 10292 20278 30089 40092 90830 22200 00300 333 91209 555 11087 22093 8//08 90822=
42027 32596 22702 10296 20201 38353 48429 82200 333 59022=
42044 32596 30501 10288 20173 38226 48445 83200 333 59021=
42045 32696 21404 10296 20169 38262 48375 82100 333 59018=
42056 32696 32302 10336 20258 39587 83100 333 59027=
42071 32596 32705 10354 20291 40002 83400 333 59026 83630=
42097 09091 99257 70837 46/// ///// 1//// 90856 22200 00302 10501 20501 70006=
42101 32596 52701 10348 20300 40009 81230 333 59026 81830 85360=
42111 31595 61801 10328 20260 39322 49981 70521 84830 333 59019 82620 83830 85360=
42123 32596 20501 10356 20236 40001 82100 333 59028 82830=
42131 32696 53202 10342 20258 40002 85400 333 59032=
42165 32696 10000 10370 20226 49993 81500 333 59023 81640=
42182 21595 62704 10342 20261 49994 76022 84330 333 59032 6990/ 84630 81935 85360=
42189 21595 73202 10344 20276 49985 76062 87800 333 59021 6990/ 86625=
42260 32596 53203 10355 20306 49990 83332 333 59026=
42309 31596 61103 10348 20283 49992 70522 84830 333 59005=
42314 32596 63606 10320 20270 49994 83530 333 59003 83620 86360=
42328 32596 32502 10372 20232 49981 83500 333 59025 83630=
42339 21695 63201 10348 20246 40002 75021 84410 333 59021 6990/ 83635 83456=
42348 31595 69902 10330 20251 40017 70522 83840 333 59013 83630 83830 85360=
42361 31595 50000 10340 20268 49988 70522 83530 333 59021 83620 85360=
42369 21595 70902 10283 20258 40004 71096 85320 333 59010 6002/ 82620 81930 85460=
42379 31595 50903 10350 20279 49986 70522 84440 333 56290 59014 84620 84358=
42410 31496 61403 10358 20282 49999 70522 83330 333 59010 83618 81925 85360=
42415 32596 40000 10352 20281 40004 82430 333 59008 81620 83360=
42452 21595 82301 10278 20272 49998 71062 8552/ 333 59023 6002/=
42492 31496 60906 10340 20256 49986 70522 84330 333 57980 59021 82618 83825 81930 85360=
42559 21596 80000 10254 20248 49998 79596 8692/ 333 59012 6011/ 86620 81930 88458=
42571 32596 63602 10340 20256 49975 86800 333 59023 82625 84830=
42591 31496 50708 10342 20261 49981 70521 85300 333 59024 83618 84825 81930=
42623 31496 70904 10314 20239 39160 49984 70522 85630 333 59015 82710 85618 87360=
42634 32596 59901 10338 20241 40038 85800 333 59023 83620 83825=
42647 31596 53204 10334 20262 40022 70522 85800 333 56700 59030 82620 83825=
42667 31596 62404 10310 20294 39425 49988 70522 84930 333 59030 83620 84825 81930 85360=
42675 32596 43201 10328 20264 49969 82400 333 59030 82620 83830=
42701 21495 70905 10278 20250 39271 49979 71052 84730 333 56290 59017 6990/ 83710 83618=
42724 32496 61601 10340 20283 40001 84430 333 59008 83618 83825=
42737 32596 42706 10334 20259 40034 84530 333 59016 84620=
42754 22496 43406 10296 20240 39382 49994 85630 333 59029 6992/ 82710 83618=
42779 32596 60000 10320 20242 39296 49960 85830 333 59032 83620 85825=
42798 31496 41110 10316 20260 49962 70522 84400 333 59021 83615 83825=
42809 21496 61403 10310 20274 49983 70562 84530 333 56300 59019 6004/ 84618 86360=
42840 32596 52902 10320 20255 40036 83830 333 59020 82620 84360=
42867 31496 72902 10326 20256 49975 70522 83930 333 58000 83618 81930 86359=
42874 31596 73203 10318 20262 49961 70522 84830 333 59029 82620 84825 86359=
42886 32596 60914 10328 20267 49947 84530 333 59036 84620 86360=
42895 21495 61104 10296 20274 49964 72162 85401 333 59028 6010/ 85618=
42909 32596 22706 10308 20275 40039 81130 222// 20000 333 59018 81825=
42971 21496 71806 10298 20276 49931 76162 86320 333 57932 59042 6001/ 85618 81930 87459=
43003 21595 72704 10314 20258 40040 70422 84830 333 59022 6003/ 82620 83825 85356=
43041 21495 82703 10242 20233 39379 49983 72166 8672/ 333 59021 6048/ 83712 86620 88458=
43063 32597 62701 10294 20232 39421 40026 86800 333 59027 82626 83828=
43086 21597 80000 10266 20248 39828 40003 70262 8357/ 333 59019 6006/=
43110 31496 52705 10302 20248 40058 70342 84730 333 59015 82712 83618 85358=
43117 32597 71401 10304 20243 40021 85630 333 59027=
43128 21496 82903 10262 20225 39427 40021 75052 8472/ 333 56699 59022 6991/ 82710 83615 88458=
43150 22596 72304 10286 20252 39903 49964 82538 333 56599 59045 6990/ 82620 84360 86270=
43185 21597 82504 10288 20254 39999 40002 70252 8357/ 333 59029 6995/ 83620 85360=
43189 22597 82302 10290 20253 39983 49992 8357/ 333 59031 6994/=
43192 21596 63203 10290 20268 40060 72162 82532 333 59013 6005/=
43198 32497 72712 10270 20196 39234 40041 85831 333 56699 59017 84612 84818 85358=
43201 32497 62303 10302 20219 39322 40025 84830 333 59006 83612 84818 85358=
43213 32597 82704 10304 20224 39710 40018 84877 333 56699 59022=
43233 32497 72512 10290 20221 39250 40045 84831 333 59013=
43237 32597 82908 10322 20215 39625 40003 8387/ 333 59020 83620 86360=
43245 32597 82503 10320 20233 30003 40029 8487/ 333 59018=
43279 32597 72004 10328 20236 30018 40035 84470 333 59023 84620 85360=
43284 21295 82519 10286 20252 39953 40067 76562 8497/ 333 56699 57962 59019 6996/ 82706 84612 81925 86458=
43295 32497 52302 10288 20183 39050 48474 84801 333 56509 59017 82612 83818=
43314 21496 82302 10310 20280 40081 76062 8487/ 333 59015 6002/=
43321 21496 62016 10310 20222 39610 40046 70522 82431 333 59020 82612 83358 85070=
43329 32597 72503 10346 20234 30024 40037 84501 333 59011=
43333 21495 72709 10290 20250 40057 70562 86401 333 56509 59005 6994/ 83618 85820=
43344 21496 72510 10356 20229 39939 40036 75052 83421 333 59022 6990/ 83616 83820 86458=
43353 21496 62505 10270 20250 40082 71056 83720 333 56790 59013 6002/ 83708 83612 86458=
43369 21496 83206 10264 20250 40093 75062 8452/ 333 59008 6006/ 84618 88458=
43371 32497 63204 10296 20251 30010 40082 84439 333 59025 83618=
43404 22470 32105 10319 20266 30041 40044 55024 82000 333 553// 20479 59016 60008 91011 555 60008==
43410 22470 4//// 10349 20219 30040 40043 56022 83200 333 59022 60008 555 60008==
43413 22470 42107 10314 20256 30053 40057 56026 82200 333 553// 20513 59019 60008 91012==
43415 22470 32103 10344 20235 39957 40065 53022 82000 333 59020 60008 555 60008==
43418 22470 72302 10347 20213 30014 40055 57018 83106 333 59011 60008 555 60008==
43421 22470 42603 10334 20228 39959 40062 57017 84000 333 553// 20251 59014 60008 91008==
43422 21470 62704 10310 20229 39932 40063 58018 72522 85200 333 59013 69908 555 69908==
43424 21470 62304 10296 20262 30072 40074 57017 72522 85000 333 59012 69998 555 69998==
43436 22070 40502 10322 20261 30044 40047 57026 84000 333 59014 60008 555 60008==
43441 21470 62503 10279 20243 39940 40072 57017 70188 84000 333 59007 60038 555 60038==
43444 21470 72303 10268 20222 39544 40071 57019 78062 86110 333 59010 69918 555 69918==
43450 21/70 42307 10300 20257 30076 40088 56019 70282 333 59011 60058 83/80 555 60148==
43466 21/70 42303 10295 20230 30074 40082 57023 70382 333 553// 20445 59012 60008 83/18 91008==
43467 21/70 52303 10300 20243 30076 40082 56025 70382 333 59013 69908 82/16 82/18 555 60088==
43473 21/60 72806 10172 20172 38104 48466 57016 75065 333 553// 20340 59012 60008 84706 86810 91012 555 69928==
43475 22470 22303 10370 20213 30042 40046 57029 82100 333 553// 20429 59009 60008 91008 555 60008==
43476 22470 72302 10240 20195 38748 48496 5/019 84000 333 59013 60008 555 60008==
43479 22/70 60701 10316 20170 39218 57026 333 59017 60008 83/16 555 60008==
43486 21465 80301 10284 20284 39981 40080 5/025 75098 87000 333 553// 20226 59009 60008 91002==
43495 22470 22506 10296 20249 30066 40079 57025 82000 333 59014 60008 555 60008==
43497 22470 22207 10305 20000 30052 40069 5/024 82000 333 553// 20493 59009 60008 91011==
44212 42584 63604 10164 20048 39112 40181 57015 86500==
44213 42684 33601 10163 21027 38797 40172 57012 83200==
44214 42570 32906 10158 21063 38291 40152 57017 83200==
44215 42670 22605 10160 21057 38426 40165 57011 82100==
44217 32698 20000 10129 21045 37893 40195 58018 82200 333 91202=
44218 42684 11003 10171 21051 38616 40164 57012 81100==
44219 32999 00502 10173 21072 38633 40166 57014 333 91204=
44265 42984 02403 10194 21050 38846 40160 57021==
44266 32999 00704 10132 21098 37806 40166 57007 333 91111 91208=
44404 42458 30903 10270 20208 38087 48401 83200 333 59013=
44416 41357 83609 10274 20228 39264 49999 71792 86910 333 59003=
44424 41458 60408 10228 20147 37624 47044 71792 83910 333 59012=
44434 42560 51606 10318 20238 39135 48446 80202 333 59008=
44438 42560 70412 10325 20259 39879 40000 84150 333 59005=
44449 42565 41206 10352 20296 39844 49993 82130 333 59016=
44454 41457 52209 10298 20217 38594 48436 71721 83370 333 59008=
44462 42356 60902 10235 20193 38218 48428 86400 333 59008=
44474 41040 62204 10250 20192 38210 48442 70521 86500 333 59006=
44477 42457 52001 10310 20244 38748 48465 83201 333 59009=
44478 42558 30904 10322 20272 39916 49998 81102 333 59010=
48010 41556 82202 10270 20248 39860 40010 75066 8587/ 333 58003==
48020 42358 61801 10350 20266 84930==
48025 42458 60401 10350 20266 39866 49999 59020 83341==
48031 41257 71801 10260 20203 71799 87900==
48048 42558 42202 10365 20249 39948 40002 83850 333 59018==
48052 32460 21801 10375 20274 82400 333 56900=
48062 42456 81802 10287 20259 30018 40025 86970 333 58000==
48064 42459 70000 10327 20258 39962 40018 85831 333 59010==
48071 41456 82305 10297 20266 30021 40030 70262 8697/ 333 58000==
48094 41457 82201 10288 20260 30027 40037 72166 8597/ 333 59013==
48109 42460 62307 10310 20267 30052 40055 86900 333 59023==
50557 14/71 /2209 10225 20165 39698 49977 57014 60001 333 10252 20156 3/014 59124 70000 90761 91118==
51076 14/80 /2902 10197 20021 39345 40199 57020 60001 333 10200 20044 3/004 59039 70000 90761 91105==
51087 14/80 /2704 10198 20017 39204 40194 57019 60001 333 10200 20055 3/004 59034 70000 90761 91109==
51156 14/80 /1303 10175 20011 38715 40198 57012 60001 333 10177 20039 3/003 59027 70000 90761 91108==
51243 14/80 /1401 10220 20032 39668 40194 57018 60001 333 10220 20116 3/010 59034 70000 90761 91106==
51334 14/80 /0302 10232 20073 39794 40181 57019 60001 333 10233 20097 3/008 59036 70000 90761 91104==
51379 14/80 /0801 10218 20004 39274 40187 57018 60001 333 10221 20048 3/005 59040 70000 90761 91104==
51463 14/80 /0105 10192 20038 39038 40186 57014 60001 333 10193 20086 3/006 59037 70000 90761 91108==
51573 14/77 /1601 10302 20007 30087 40133 57032 60001 333 10305 20191 3/017 59017 70000 90761 91108==
51644 14/21 /1802 10243 20066 38927 40126 57026 60001 70600 333 10257 20113 3/013 59014 70000 90761 91106==
51656 14/60 /1102 10254 20061 39122 40122 57024 60001 333 10264 20137 3/010 59018 70000 90761 91106==
51709 14/61 /1302 10195 20037 38618 40110 57020 60001 333 10265 20182 3/017 58003 70000 90761 91106==
51711 14/80 /0402 10168 20017 38033 40099 57025 60001 333 10213 20058 3/006 58004 70000 90761 91105==
51716 14058 00302 10239 20067 38888 40109 57017 60001 70600 333 10285 20172 3/018 59004 70000 90761 91111==
51765 14/71 /0201 10280 20030 39173 40119 57025 60001 333 10283 20106 3/007 59023 70000 90761 91108==
51811 14/50 /3202 10201 20085 38760 40099 57020 60001 70600 333 10285 20172 3/018 59002 70000 90761 91104==
51818 14/57 /2803 10241 20045 38600 40070 57023 60001 333 10289 20168 3/017 59018 70000 90761 91106==
51828 14/57 /1104 10274 20045 38587 40042 57024 60001 70500 333 10278 20177 3/015 59032 70000 90761 91108==
51886 14/70 /1505 10180 20015 37143 40057 57022 60001 333 10189 20079 3/006 59015 70000 90761 91111==
52203 14/77 /3302 10257 21012 39299 40145 57022 60001 333 10263 20082 3/006 59010 70000 90761 91105==
52602 14/80 /2704 10194 21022 37293 40078 57014 60001 333 10208 20056 3/002 59006 70000 90761 91110==
52681 14/80 /1702 10198 20085 38674 40169 57008 60001 333 10229 20148 3/014 58052 70016 90761 91105==
52818 14/80 /0802 10218 20020 37252 40020 57029 60001 333 10219 20086 3/006 59015 70001 90761 91106==
52908 14/80 /0804 10093 20026 35830 40031 57020 60001 333 10130 20024 3/001 58004 70059 90761 91107==
53463 14/80 /3510 10157 20113 38879 40160 52011 69921 76000 333 10218 20156 3/014 58051 70027 90761 91116==
54857 14/80 /1503 10273 20218 30029 40118 57003 60001 333 10293 20245 3/023 59017 70000 90761 91108==
55228 04980 /2204 10196 21069 36049 49872 57021 60002 70000 333 10208 20064 3/004 5004/ 59009 60001 70000 90720 91110=
55299 14/80 /2605 10129 20048 35897 49961 57015 60001 333 10150 20054 3/005 59011 70020 90761 91110==
55578 04980 /1403 10187 20052 36391 49920 57020 69922 72100 333 10238 20124 3/013 5001/ 54415 58001 69921 70002 90720 91111=
55591 14/80 /2302 10230 20030 36519 49857 57030 60001 333 10245 20152 3/013 59016 70000 90761 91105==
55664 04975 /2208 10145 20027 36035 49930 57017 60002 70000 333 10197 20082 3/008 5004/ 54415 59004 60001 70000 90720 91113=
55773 04980 /1109 10114 20046 36053 40009 57014 60042 70000 333 10144 20040 3/005 5003/ 54415 59008 60001 70102 90720 91113=
56004 14/80 /3203 10101 20040 35878 49990 57016 69931 76000 333 10122 20047 3/004 59015 70039 90761 91111==
56018 14/80 /2201 10140 20061 36224 49970 57009 60011 333 10180 20095 3/009 58002 70013 90761 91110==
56116 04980 /2902 10208 20052 36356 49906 57028 60002 70000 333 10211 20071 3/005 5005/ 54405 59018 60001 70009 90720 91105=
56312 04980 /1503 10257 20063 37061 49932 57029 60002 70000 333 10281 20102 3/009 5003/ 59017 60001 70000 90720 91109=
57494 14/67 /0502 10370 20212 30023 40051 57018 60001 333 10373 20271 3/027 59013 70000 90761 91106==
58847 14/67 /0805 10317 20221 39972 40069 57004 60001 333 10339 20256 3/025 59019 70000 90761 91108==
62306 42560 33307 10306 20213 40121 52001 83200==
62309 42560 33607 10310 20200 40107 52001 83500==
62325 42960 03204 10314 20227 40114 52010==
62332 42560 33504 10302 20221 40108 52001 83200==
62337 42960 03207 10322 20243 40099 57004==
62366 45560 20505 10303 20187 40098 57005 82200==
62387 41950 03406 10332 20216 40101 57003 70500==
62393 42960 03510 10334 20174 40129 57002==
62405 42960 03103 10360 20150 40093 57003==
62414 42960 03604 10369 20083 40102 52004==
62419 42960 00908 10350 20114 40090 57002==
62420 42960 00504 10331 20145 40106 57002==
62432 42960 00403 10354 20141 40119 52001==
62435 42960 03603 10362 20130 40093 57003==
62440 42960 02406 10336 20213 40107 57002==
62455 42960 02709 10318 20220 40099 57009==
62458 42960 03012 10310 20226 40088 57002==
62465 42960 03312 10336 20207 40083 54000==
63210 32980 03409 10357 20240 40033 333 59003=
63227 32580 22109 10347 20150 40121 82200 333 59011 82830=
