SIPK OPKC 111500=
41504 22695 31302 10230 20019 37784 48385 83500 333 56900 58001 60007 83640 RH25%=
41506 22995 01804 10270 20108 38428 48423 333 58012 60007 36%=
41507 22996 02702 10295 20200 39145 49632 333 58014 60007 57%=
41508 22996 02302 10228 20131 38598 48474 333 58012 60007 RH 54%=
41509 22996 02304 10295 20124 38661 48416 333 59005 60007 RH 35%=
41510 22996 00000 10170 20111 37880 48462 333 58008 60007 68%=
41515 22696 22706 10270 20111 38471 48434 82500 333 56900 59001 60007 82650 37%=
41516 22996 00510 10275 20039 38467 48424 333 58038 60007 RH22%=
41517 21494 73118 10200 20136 37765 48448 70722 83570 333 56990 58044 60007 83640 87760 67%=
41518 22696 41804 10300 21042 38/// 48/// 82520 333 56990 5//// 60007 82640 82462 11%=
41519 22696 00000 10320 20091 38663 48418 333 58018 60007 RH24%=
41520 22695 13602 10190 20038 37592 48180 81200 333 56900 58001 60007 81840 36%=
41523 22996 00000 10270 20196 39004 48452 333 58012 60007 64%=
41524 22996 00000 10305 20159 39225 40033 333 58008 60007 RH 41%=
41525 22996 00000 10160 20127 37650 48337 333 58003 60007 81%=
41528 21996 00000 10315 20190 39121 48456 70400 333 59011 60007 48%=
41529 22996 00000 10300 20243 39654 40015 333 58026 60007 RH 72%=
41530 219// 13106 10300 20203 39611 40003 70500 81030 333 56090 58016 60007 81360 56%=
41534 22996 00000 10290 20255 39619 40013 333 58021 60007 81%=
41535 22996 00000 10230 20150 38649 48428 333 58018 60007 RH61%=
41536 22996 00000 10245 20176 38960 48453 333 58012 60007 66%=
41560 22996 01306 10240 20156 38248 48461 333 58003 60007 Rh60%=
41562 22996 00000 10325 20232 39567 40004 333 58009 60007 RH 58%=
41565 22996 20000 10233 20206 38594 48467 82030 333 56090 58006 60007 82360 84%=
41567 21996 00000 10315 20236 39618 40010 70400 333 58007 60007 63%=
41571 229// 10504 10295 20183 39460 40011 81030 333 56090 59006 60007 RH51%=
41572 21996 02304 10260 20185 39398 49996 70400 333 59004 60007 RH63%=
41573 22997 03602 10190 20125 37944 48448 333 58003 60007 66%=
41574 22997 00000 10200 20162 38301 48472 333 58002 60007 79%=
41576 21996 03602 10305 20249 40018 70400 333 59006 60007 72%=
41577 21996 00000 10265 20222 39425 40013 70400 333 56000 59008 60007 RH 77%=
41593 21996 20000 10325 20263 39795 49996 70411 82030 333 56090 58000 60007 82360 70%=
41597 21996 00000 10315 20274 40009 70400 333 59015 60007 79=
41598 21996 00000 10305 20249 39738 49995 70400 333 58002 60007 72%=
41599 21996 00000 10320 20242 39729 40003 70400 333 58002 60007 64%=
41600 21996 00000 10305 20241 40003 70400 333 59004 60007 69%=
41620 32996 01802 10310 20074 38497 48402 333 58005 60007 23%=
41624 21996 00000 10335 20244 40002 70400 333 58016 60007 59%=
41625 21996 00000 10320 20250 39796 49985 70400 333 58008 60007 67% 110924/1500Z=
41630 21996 20000 10320 20250 40002 70402 82030 333 56090 59003 60007 82360 67%=
41633 22997 00000 10345 20277 4//// 333 5//// 60007 68%=
41634 22997 00000 10310 20226 3//// 4//// 333 5//// 60007 61%=
41635 21996 30000 10340 20279 3//// 4//// 70400 83030 333 56090 5//// 60007 83360 71%=
41636 21996 01802 10320 20250 39836 40011 70400 333 58013 60007 67%=
41638 21996 00000 10330 20246 4//// 70400 333 5//// 60007 61%=
41639 21996 00000 10315 20252 4//// 70400 333 5//// 60007 69%=
41640 21696 40000 10310 20246 39767 40003 70400 82530 333 56990 59001 60007 82640 83460 69%=
41641 21696 33604 10320 20234 39744 40004 70411 83500 333 56900 59001 60007 83640 61%=
41642 21997 00000 10320 20250 3//// 4//// 333 5//// 60007 67%=
41643 21696 20000 10300 20243 39736 49999 70411 82400 333 56900 59002 60007 82640 72%=
41644 22997 00000 10305 20278 4//// 333 5//// 60007 85%=
41646 21996 00000 10330 20261 40016 70400 333 58002 60007 67%=
41652 21996 00000 10330 20246 39842 40011 70400 333 58010 60007 61%=
41660 219// 02306 10255 21062 38391 48476 70600 333 58015 60007 12%=
41669 21996 00000 10345 20277 3//// 4//// 70400 333 5//// 60007 68%=
41670 21996 00000 10330 20261 4//// 70400 333 5//// 60007 67%=
41674 21996 20000 10320 20250 3//// 4//// 70400 82030 333 56090 5//// 60007 82360 67% =
41675 21996 20000 10320 20226 39868 40004 70491 82030 333 56090 58011 60007 82360 58%=
41676 21996 00000 10320 20265 39881 40031 70400 333 58016 60007 73%=
41677 21996 30000 10310 20254 39827 49986 70400 83030 333 56090 58004 60007 83362 72%=
41678 21996 00000 10340 20241 40003 70500 333 58011 60007 56%=
41679 21996 00000 10310 20276 4//// 70400 333 5//// 60007 82%=
41680 21996 00000 10325 20255 49999 70400 333 58003 60007 67%=
41685 22997 00902 10280 20042 38833 48436 333 58004 60007 RH35%=
41696 22996 00000 10230 20048 37974 48466 333 59011 60007 RH31%=
41697 22996 00000 10350 20220 40001 333 58015 60007 RH47%=
41700 21996 00000 10350 20261 49986 70400 333 58008 60007 60%=
41701 21696 20506 10340 20257 40016 70400 82500 333 56900 58024 60007 82640 62%=
41710 21996 03104 10320 21093 49991 70600 333 58013 60007 RH06%=
41712 21996 00000 10330 20035 39112 48469 70500 333 58012 60007 RH16%=
41715 21996 00000 10335 20274 40002 70500 333 58016 60007 RH70%=
41716 21996 00000 10320 20242 40012 70400 333 58014 60007 64%=
41718 21996 00000 10340 20286 40003 70400 333 58010 60007 74%=
41724 21996 00000 10340 20272 40024 70500 333 58023 60007 RH68%=
41725 22996 00504 10350 20261 40001 333 58021 60007 RH60%=
41726 22996 00000 10335 20281 39947 40014 333 58019 60007 RH74%=
41738 22996 01820 10360 20187 40010 333 58017 60007 RH36%=
41739 21996 03106 10315 21000 38988 48476 70500 333 58012 60007 RH13%=
41742 22996 31304 10315 20244 40011 83300 333 56090 58007 60007 83360 RH 66%=
41743 21996 00000 10340 20241 70500 333 60007 RH 56%=
41744 21996 00000 10300 20070 38696 48434 70600 333 59001 60007 RH 24%=
41745 21996 01304 10340 20249 70500 333 60007 RH59%=
41746 22996 00000 10340 20257 40002 333 58003 60007 RH62%=
41746 22996 00000 10340 20257 40002 333 58005 60007 RH62% CORR=
41747 22996 01302 10350 20253 49989 333 58016 60007 RH57%=
41748 22996 03102 10340 20257 40005 333 58012 60007 RH62%=
41749 22996 01304 10345 20270 40010 82500 333 56090 58017 60007 82635 RH65%=
41756 21996 02308 10290 20262 40012 70500 333 58006 60007 RH85%=
41757 21595 22306 10290 20248 30017 40029 70400 82600 333 56900 58011 60007 82720 RH78%=
41759 21996 02304 10300 20285 40019 70500 333 58018 60007 RH78%=
41764 22996 02110 10305 20249 39969 40017 333 58014 60007 RH72%=
41765 22996 22310 10310 20254 39984 40018 82030 333 56090 58009 60007 82360 RH72%=
41766 22696 02304 10305 20264 40002 333 58011 60007 RH 79%=
41767 22996 2//// 10315 20261 82030 333 56090 60007 82360 RH75%=
41768 22996 22304 10310 20269 30009 40016 82030 333 56090 58012 60007 82360 RH.79%=
41780 21996 02306 10290 20240 30007 40034 70400 333 58022 60007 RH74%=
41783 22996 22306 10295 20245 39990 40019 82030 333 56090 58013 60007 82360 RH 75%=
41785 22996 02302 10310 20261 30016 40029 83030 333 58010 60007 83360 RH 75%=
41786 22696 32702 10310 20254 40007 83500 333 56900 58011 60007 83630 RH72%=
41BKI 22996 30000 10320 20218 39603 49996 83030 333 56090 58016 60007 83360 RH 55%=
41SKP 22997 00000 10320 20279 4//// 333 5//// 60007 79%=
43532 21996 00000 10310 20193 39206 49957 70400 333 59002 60007 50%=
43533 22996 00000 10280 20215 39124 48429 333 58008 60007 68%=
43563 22997 00502 10300 20238 40010 333 58004 60007 69%=
41661 21995 03102 10260 20012 38344 48464 70540 333 58021 60007 20%= 


Data Generated from File : D:\all data handling\Rmc_lhr\2024091115.FSU.txt
11/09/24 16:06:36
______________________________________________________________
15007 25/70 /1101 10217 20137 39629 40074 55002 7000/ 333 55300 0//// 20373 3//// 60007=
15020 24570 82401 10233 20141 39884 40070 57004 8557/ 333 55300 20313 60007 91002 90730 91102==
15023 25570 83501 10222 20134 39652 40055 56002 7000/ 8457/ 333 55300 0//// 20475 3//// 60007 91001 91104=
15056 25570 82000 10225 20147 39736 40069 57003 7000/ 8657/ 333 55300 0//// 20317 3//// 60007 91001 91102=
15069 27567 80503 10162 20143 39039 42727 54001 7818/ 8457/ 333 55300 0//// 20392 3//// 69937 91004 91104=
15073 25/70 /2901 10210 20138 39631 40076 54001 7000/ 333 55300 0//// 20239 3//// 60007=
15090 21570 80201 10224 20191 39983 40071 57003 70286 8537/ 333 55300 00000 20186 30174 69927 91002 90730 91102==
15107 21570 80402 10176 20141 39298 42733 57002 72162 8657/ 333 55300 0//// 20235 3//// 69907 91002 91104 95010=
15108 21/00 91204 10083 20083 38054 48449 54000 76164 89/// 333 55300 20326 69947 91005 90730 91107==
15109 25569 82602 10193 20145 39659 40075 57003 7000/ 8437/ 333 55300 0//// 20247 3//// 60007 91003 91104=
15111 27/59 /2701 10203 20168 39815 40067 54001 7616/ 333 55300 0//// 20166 3//// 69917=
15113 21566 82802 10203 20192 39913 40070 54000 78182 8537/ 333 55300 0//// 20178 3//// 60037 91002 91103=
15127 21559 83101 10167 20142 39227 42730 54001 78082 8637/ 333 55300 0//// 20396 3//// 69957 91001 91101 95090=
15148 21450 80502 10121 20117 38654 48434 54001 76164 8557/ 333 55300 0//// 20129 3//// 60017 91004 91104=
15150 21566 83201 10193 20173 39870 40074 57002 72182 8457/ 333 55300 20146 69967 91002 90730 91102==
15154 21549 81902 10202 20196 39934 40070 53006 79598 8597/ 333 55300 0//// 20093 3//// 60017 91003 91103=
15168 27/24 /2001 10162 20158 39473 42727 54001 7626/ 333 55300 0//// 20175 3//// 60027=
15170 21560 82402 10159 20149 39320 42726 52003 78082 883// 333 55300 20132 60027 91003 90730 91103==
15194 21562 82802 10182 20173 39790 40073 58004 72582 8437/ 333 55300 0//// 20204 3//// 60017 91004 91105=
15197 27/70 /3502 10187 20184 39868 40070 50001 7238/ 333 55300 0//// 20172 3//// 60127=
15215 21597 82501 10172 20164 39489 42727 52002 72582 883// 333 55300 0//// 20224 3//// 60017 91002 91102=
15217 25/70 /0404 10175 20143 39421 42726 54000 7000/ 333 55300 0//// 20179 3//// 60007=
15219 27/59 /3103 10187 20172 39947 40067 54000 7818/ 333 55300 0//// 20185 3//// 69977=
15238 25/70 /1501 10179 20155 39471 42726 55001 7000/ 333 55300 0//// 20113 3//// 69917=
15261 27/60 /2602 10171 20154 39283 42738 52002 7616/ 333 55300 0//// 20110 3//// 60007=
15262 21/90 91006 10096 20094 38162 48439 52002 76164 333 55300 0//// 20119 3//// 60017 91008 91109 96045=
15265 27565 83503 10208 20179 39993 40065 55001 7818/ 8337/ 333 55300 0//// 20280 3//// 69907 91004 91105=
15280 21/00 92003 10053 20053 37475 47041 52004 78184 89/// 333 55300 20194 60087 91004 90730 91107==
15300 21496 83102 10159 20155 39459 42725 54001 76186 885// 333 55300 0//// 20168 3//// 69987 91002 91103=
15301 21/02 90301 10114 20112 38568 48452 52002 76164 333 55300 0//// 20141 3//// 60077 91003 91103 96047=
15302 21/58 93301 10130 20128 38859 48438 52003 78184 333 55300 0//// 20168 3//// 60037 91001 91102=
15307 27/62 /0402 10186 20179 39885 40064 53002 7616/ 333 55300 0//// 20121 3//// 60057=
15310 21570 72002 10232 20164 39979 40060 58002 70262 84370 333 55301 00200 20488 30430 69907 91004 90730 91106==
15324 27/70 /1101 10151 20149 39291 42720 54001 723// 333 55300 0//// 20236 3//// 60067=
15325 21250 82500 10113 20110 38424 48436 52003 76166 8572/ 333 55300 0//// 20092 3//// 60137 91001 91102=
15328 21424 81501 10176 20172 39728 40066 55000 76162 8472/ 333 55300 0//// 20068 3//// 60047 91002 91102=
15335 21570 71201 10236 20198 30056 40063 55004 70262 84460 333 55300 20420 69967 91002 90730 91103==
15336 27/66 /1202 10219 20204 30061 40063 55001 7626/ 333 55300 0//// 20308 3//// 60017=
15349 27/65 /3601 10168 20157 39532 40065 54001 7818/ 333 55300 0//// 20095 3//// 60037=
15350 21565 80802 10188 20183 39953 40068 52005 78082 8537/ 333 55300 20188 60057 91003 90730 91106==
15360 21569 71105 10239 20222 30050 40066 55001 71782 83960 333 55300 20225 69937 91007 90730 91107==
15375 21462 70202 10173 20170 39718 40065 55001 76166 85720 333 55300 0//// 20179 3//// 60127 91002 91104=
15377 21596 83501 10182 20182 39851 40059 52002 78188 883// 333 55300 0//// 20033 3//// 60117 91003 91103=
15387 21570 71104 10237 20212 30062 40065 55001 72992 87900 333 55300 0//// 20177 3//// 69937 91006 91110=
15402 21570 80601 10200 20193 39986 40058 53007 72598 8597/ 333 55300 0//// 20287 3//// 60117 91002 91106=
15405 25/70 /1102 10188 20178 30007 40068 51008 7000/ 333 55300 0//// 20287 3//// 60037=
15406 27/59 /1204 10188 20185 30017 40062 55000 7626/ 333 55300 0//// 20024 3//// 60117=
15408 27/22 /2405 10170 20167 39818 40076 53008 7838/ 333 55300 0//// 20088 3//// 60097=
15409 27/69 /0902 10221 20191 30014 40059 55005 7610/ 333 55300 0//// 20310 3//// 60017=
15419 21564 83602 10186 20184 39879 40066 54001 78082 883// 333 55300 0//// 20198 3//// 60217 91003 91103=
15420 24570 72402 10192 20186 39951 40057 52002 84370 333 55300 20457 60027 91003 90730 91104==
15421 21570 72702 10217 20185 39959 40065 54001 70182 84361 333 55308 00630 21072 30773 60027 91005 91105=
15422 21569 82501 10209 20183 39960 40057 52003 70282 8537/ 333 55300 0//// 20511 3//// 69967 91003 91104=
15425 21560 81201 10187 20173 30003 40065 53010 78082 8437/ 333 55300 0//// 20151 3//// 60037 91002 91103=
15434 22570 83401 10200 20171 39861 40062 52003 8437/ 333 55300 0//// 20627 3//// 60007 91003 91103=
15444 27/60 /1402 10185 20182 39998 40068 53004 7818/ 333 55300 0//// 20055 3//// 60087=
15455 25/70 /2202 10214 20172 39935 40060 53002 7000/ 333 55300 0//// 20517 3//// 60007=
15460 21570 81601 10194 20192 30040 40063 53008 78082 8597/ 333 55300 20226 60117 91002 90730 91103==
15462 21570 71003 10181 20179 39983 40066 53008 79599 87900 333 55300 0//// 20047 3//// 60167 91004 91105=
15470 24570 82504 10206 20180 39938 40059 53003 8337/ 333 55300 20409 60007 91005 90730 91105==
15475 26/// /2303 10208 20177 30045 40064 53008 333 55300 0//// 20206 3//// 69917=
15479 27/70 /1002 10182 20180 39880 40066 53005 7238/ 333 55300 0//// 20177 3//// 60237=
15480 21570 73001 10215 20181 30044 40061 55001 71798 87900 333 55301 00040 20382 30337 60017 91005 90730 91107==
15489 25564 82203 10206 20180 39972 40062 53004 7000/ 8537/ 333 55300 0//// 20151 3//// 60007 91005 91106=
15491 21570 82303 10204 20177 30037 40066 53007 70262 8672/ 333 55300 0//// 20449 3//// 69967 91006 91106=
15499 25/70 /2704 10223 20193 30051 40060 53008 7000/ 333 55300 0//// 20437 3//// 60097=
15549 42570 62503 10188 20162 39656 40050 53004 86200 333 10193 20174 555 585//=
15552 41570 60201 10230 20212 30005 40051 53010 70298 84439 333 10274 20194 555 59017 69599 92025 92428 93017=
15640 41670 63604 10228 20200 39759 40052 53005 71722 86201 333 10233 20187 555 584//=
15655 41565 72902 10263 20183 30017 40048 53003 71792 86302 333 10274 20207 555 562// 92033 92437=
15730 41670 70000 10199 20168 39686 40061 53017 76198 86976 333 10248 20175 555 58200 64499=
16627 41470 42410 10252 20190 30055 40060 51009 70161 83840 333 81818 83625 90730 91125==
16650 42/60 12310 10266 20159 30056 40065 52007 81041 333 90730 91121==
16667 42560 32307 10282 20179 30063 40074 54000 83500 333 90730 91119==
16706 42560 11706 10264 20207 30066 40073 52008 81100==
16723 42560 32109 10272 20216 30065 40078 50002 83200 333 90730 91114==
16732 46/// /0003 10291 20197 30069 40079 52006 333 90730 91117==
16742 42460 22108 10274 20208 39938 40085 53005 82100 333 90730 91116==
16749 41460 40708 10250 20211 30074 40087 52008 70161 84850 333 82818 84625 90730 91114==
16754 41560 63504 10286 20234 30047 40093 52012 76061 86800 333 81820 85625 90730 91114==
16760 42460 53608 10264 20188 40090 53012 85850 333 82818 85625 90730 91115==
16765 42560 12207 10286 20224 40089 50004 81100 333 90730 91114==
17022 42670 53303 10253 20214 39911 40068 52004 83230 333 83834 84360 90730 91106==
17024 42670 43501 10282 20260 39986 40059 53002 82230 333 82835 84360 90730 91104==
17026 42570 43402 10285 20241 30033 40069 52004 83240 333 83830 84360 90730 91106==
17031 42670 30706 10276 20237 30052 40058 52012 83100 333 83834 90730 91113==
17034 42970 43502 10274 20235 30023 40066 53003 80001 333 84080 90730 91105==
17038 42970 00804 10269 20230 30010 40055 53001 333 90730 91108==
17042 41560 71214 10265 20162 30017 40054 58004 79511 84950 333 84830 87358 83928 91027 90730 91127==
17050 41565 72201 10211 20188 30012 40071 52012 78098 85270 333 85830 87357 90730 91105==
17056 41670 52203 10250 20194 30057 40061 53005 72981 84230 333 84834 85360 90730 91117==
17060 42960 42612 10273 20175 30028 40066 53003 80001 333 84068 90730 91115==
17070 42665 62203 10259 20134 39232 40053 53004 83250 333 83834 86360 90730 91109==
17074 42570 50000 10294 20173 39164 40043 53001 83240 333 83830 85360 90730 91104==
17084 42970 02303 10308 20090 39202 40049 56002 333 90730 91111==
17085 42970 03001 10338 20084 39580 40035 55003 333 90730 91113==
17092 42/70 22106 10303 20060 38814 48468 53001 82030 333 82360 90730 91115==
17096 42660 32108 10253 20044 38233 48485 53003 83100 333 83840 90730 91119==
17098 42660 52812 10192 20095 38207 48504 53006 83250 333 83840 85358 90730 91143==
17100 42670 42205 10284 20108 39141 40079 53007 82230 333 82835 84357 90730 91119==
17112 42570 32414 10254 20213 30067 40069 52015 83200 333 83830 90730 91121==
17115 41660 43004 10282 20175 30018 40066 53001 70292 84200 333 84835 90730 91120==
17116 42670 53004 10304 20148 39946 40060 53002 83250 333 83835 85360 90730 91110==
17124 42660 62103 10268 20108 39201 40067 53002 84250 333 84840 84360 90730 91119==
17128 42660 52410 10284 20104 39025 40058 53001 83150 333 83840 85360 90730 91119==
17135 42670 22304 10304 20117 39225 40043 55000 82100 333 82840 90730 91111==
17140 42965 02303 10264 20044 38673 48471 55000 333 90730 91114==
17150 42660 42008 10292 20164 39950 40066 53004 84100 333 84835 90730 91119==
17160 42670 12306 10279 20086 38973 48476 53002 81100 333 81840 90730 91115==
17170 42660 10202 10254 20104 38337 48499 53001 81100 333 81840 90730 91109==
17175 42665 63203 10269 20199 30067 40071 52010 83250 333 83840 86360 90730 91114==
17184 42670 22002 10270 20181 39969 40075 55001 82200 333 82840 90730 91106==
17190 42670 41804 10265 20092 38941 48470 58001 84200 333 84835 90730 91114==
17190 42670 41804 10265 20092 38941 48470 58001 84200 333 84835 90730 91114==
17195 42970 03007 10303 21005 38923 48471 53002 333 90730 91118==
17200 42960 02108 10314 20019 39129 40055 53001 333 90730 91118==
17202 42670 12108 10324 20022 39077 40048 55000 81100 333 81835 90730 91119==
17203 42670 11902 10295 20064 38839 48517 56002 81100 333 81840 90730 91114==
17210 42670 33401 10333 20084 39089 40040 55001 83100 333 83840==
17219 42565 42209 10283 20195 39945 40082 53003 84200 333 84825 90730 91116==
17234 41670 60302 10279 20203 30022 40086 52012 78022 86200 333 86835 90730 91109==
17237 42670 43302 10288 20167 39601 40075 52010 84200 333 84835 90730 91114==
17240 41570 61207 10207 20171 39005 40093 52010 70182 84250 333 84830 86360 90730 91121==
17244 42670 22611 10282 20069 38954 48479 53002 82100 333 82840 90730 91119==
17248 42970 02804 10297 20042 38936 48476 55000 333 90730 91115==
17250 42970 02104 10276 20031 38775 48484 55000 333 90730 91114==
17260 42/60 32511 10304 20137 39274 40042 53001 83030 333 83362 90730 91116==
17270 42670 12204 10340 20024 39459 40058 56003 81100 333 81840 90730 91113==
17275 42/70 12007 10300 20051 38957 48513 57001 81030 333 81360 90730 91119==
17280 42/60 22111 10331 20035 39317 40049 54000 82030 333 82360 90730 91126==
17290 42970 01706 10290 20203 30059 40089 52007 333 90730 91114==
17292 42670 51501 10243 20179 39369 40086 55000 83230 333 83835 85360 90730 91108==
17300 42560 61512 10281 20216 30037 40104 53005 86900 333 85830 81920 90730 91121==
17310 42970 02203 10313 20222 30085 40092 50000 333 90730 91107==
17350 42660 32311 10302 20184 30011 40085 51009 83100 333 83835==
17370 42670 22504 10297 20220 30100 40104 53003 82200 333 82835 90730 91112==
17375 42670 52204 10273 20202 30081 40083 51004 82250 333 82835 84360 90730 91116==
33088 42560 81701 10200 20157 39901 40081 58002 8596/==
33135 42/70 61001 10241 20179 39959 40096 53001 84051==
33177 42570 83201 10192 20154 39859 40083 57002 885//==
33317 42560 73302 10196 20157 39762 40080 58003 85530==
33393 41560 80000 10189 20150 39710 40080 57002 70262 883// 333 84921==
33415 42670 70501 10226 20144 39699 40070 57003 83550==
33429 41560 70101 10179 20159 39677 40077 53002 72582 84330 333 83630==
33466 42570 81404 10271 20130 39910 40083 53001 81539 333 30///==
33506 42560 61601 10273 20139 39916 40097 53003 82504==
33562 42660 61402 10263 20146 39791 40072 53001 85930==
33587 42670 81901 10275 20133 39827 40070 57002 85501==
33658 42/81 80000 10228 20151 39790 40069 57003 8805/==
33663 42570 61602 10266 20123 39978 40067 56001 82930==
33664 42598 82001 10244 20124 39766 40060 53002 885//=
33678 42698 72802 10257 20123 39886 40079 52006 83230=
33679 42597 71302 10267 20124 39899 40075 57001 85531=
33711 42660 71404 10266 20128 39885 40078 53003 87300 333 87940==
33745 42597 70000 10243 20138 39905 40076 52003 86930=
33748 42597 83101 10218 20182 39801 40067 54000 883//=
33754 42598 71201 10272 20135 39926 40061 56003 83332=
33761 42570 71703 10264 20152 39864 40070 57001 86331==
33791 42/84 61203 10289 20154 39970 40087 53002 86030==
33815 41598 81003 10233 20173 39867 40060 53001 70282 889//=
33837 41350 71102 10226 20207 30027 40075 58005 78082 86360==
33881 41597 72603 10204 20187 39884 40069 53003 59598 87300=
33883 42598 71403 10255 20165 39904 40055 57004 87300=
33885 41597 72301 10223 20166 39943 40069 52002 70282 83340=
33892 41598 81403 10236 20193 39869 40064 52001 71792 883//=
33902 42/60 60000 10272 20193 30023 40078 57003 84051==
33924 22560 62603 10248 20215 30062 40074 52001 82279 333 60002==
33946 22/80 32903 10253 20212 39866 40070 53012 83030 333 60002 90730 91110==
33983 22/60 30503 10261 20186 30024 40080 53001 83030 333 60002==
34300 42660 61302 10270 20154 39949 40112 53005 82431==
34336 22970 31101 10284 20033 30042 40138 53001 80009 333 10308 60002==
34344 22970 81302 10284 20073 30057 40138 52003 80007 333 10308 60002==
34356 22960 51403 10271 20037 30030 40167 53003 80006 333 10295 60002 90730 91110==
34357 22/70 71003 10261 20060 30008 40151 52003 87030 333 10297 60002 90730 91113==
34398 21/70 21306 10254 20064 30204 40213 53005 70730 82040 333 10310 60002 90730 91118==
34415 42570 60901 10282 20187 30012 40100 58005 83231==
34438 22/60 51104 10284 20070 39949 40124 54000 84089 333 10294 60002 90730 91110==
34445 22/70 61106 10292 20051 30035 40139 54001 82079 333 10304 60002 91010 90730 91112==
34461 22/60 31302 10279 20028 30113 40164 52003 82031 333 10306 60002==
34473 32997 41004 10274 20035 30154 40190 52004 82033 333 10301 91117=
34476 22/70 41003 10278 20003 30177 40184 53002 82034 333 10303 60002 90730 91111==
34504 42/82 61502 10254 20171 39935 40096 52002 83034==
34535 22/70 11103 10290 20081 30050 40116 57002 81030 333 10301 60002 90730 91110==
34545 22970 31105 10296 20037 30026 40128 54001 80001 333 10314 60002 90730 91113==
34555 22570 51106 10258 20097 30066 40151 53002 82531 333 10281 60002 90730 91112==
34560 42/60 61107 10270 20058 39985 40161 52004 83031 333 10295 90730 91112==
34578 22/60 21302 10274 20049 30161 40168 53005 82080 333 10311 60002 90730 91110==
34579 22970 20803 10277 20000 30135 40175 52007 80001 333 10311 60002 90730 91110==
34644 22960 00904 10295 20060 30042 40112 55000 333 10318 60002 90730 91110==
34646 22970 01304 10276 20107 30048 40124 52004 333 10296 60002 90730 91110==
34655 22/60 20908 10302 20017 30080 40135 53005 82030 333 10329 60002 91012 90730 91114==
34662 22970 80904 10287 20028 30146 40156 53007 80002 333 10318 60002 90730 91113==
34691 22970 01404 10280 20004 30204 40193 53008 333 10313 60002==
34720 22970 00503 10278 20172 30061 40097 52001 333 10305 60002==
34727 22560 20504 10259 20187 30060 40087 54001 82200 333 10283 60002==
34743 22960 21004 10300 20022 30039 40121 52004 80001 333 10319 60002 91011 90730 91113==
34759 21560 30905 10289 20041 30007 40127 53007 70731 82530 333 10317 60002 91011 90730 91114==
34772 21970 30905 10278 20021 30160 40163 53010 70230 80001 333 10315 60002 90730 91114==
34785 22970 11107 10265 20018 30194 40173 52009 80001 333 10311 60002 91010 90730 91115==
34798 22970 20804 10254 20046 30205 40178 52003 80001 333 10300 60002==
34824 22960 03502 10259 20204 30081 40086 52001 333 10344 60002==
34838 22960 00601 10314 20122 39996 40083 52001 333 10330 60002==
34845 22970 01104 10307 20095 39998 40095 53004 333 10312 60002==
34858 22960 61105 10293 20050 30015 40113 53007 80005 333 10315 60002 91012 90730 91112==
34861 21/70 71208 10279 21005 39904 40127 52009 70231 82031 333 10311 60002 91013 90730 91115==
34866 22/70 51106 10282 20017 30147 40139 53008 80031 333 10315 60002 90730 91112==
34880 22/60 20903 10247 20070 30188 40163 52008 81031 333 10290 60002 90730 91112==
34887 22970 10603 10245 20097 30173 40155 52006 80002 333 10297 60002==
34949 22970 20907 10288 20121 39587 40085 52005 80001 333 10314 60002 90730 91113==
34954 22970 30803 10302 20076 39938 40096 53004 80001 333 10328 60002 90730 91110==
34958 22970 61004 10283 20069 39924 40107 53010 80001 333 10320 60002 91010 90730 91112==
34975 22/70 61105 10261 20063 30136 40132 52007 86052 333 10307 60002 90730 91114==
34984 22/70 50505 10231 20118 30175 40147 52004 80082 333 10277 60002 90730 91111==
35217 11/60 50902 10260 20069 30203 40240 54000 60002 70132 82041 333 10295==
35302 11970 31203 10250 20066 30215 40234 53003 60002 70131 80001 333 10288==
35315 32598 71005 10242 20053 30180 40233 57004 87500 333 10292=
35344 32697 20604 10192 20053 39991 40262 53002 82101 333 10263=
35358 12/// 20502 10204 20084 30093 40253 53006 60002 82040 333 10277==
35368 329// 00505 10195 20098 30000 40251 53006 333 10235=
35386 /25// 60606 10154 20065 39773 40267 52015 86500 333 10204 555 69902=
35394 12970 00505 10136 20090 39625 40271 52011 60002 333 10217==
35404 31998 31407 10274 20041 30208 40215 53004 70131 80004 333 10302=
35406 11/60 61004 10266 20073 30223 40225 53001 60002 70232 86030 333 10290==
35416 12/70 52204 10253 20075 30122 40233 54000 60002 82035 333 10305==
35426 12/84 60503 10220 20084 39973 40244 53001 60002 82031 333 10264==
35437 319// 50605 10217 20088 39948 40239 53001 70232 80004 333 10259 91115=
35449 32698 20306 10226 20106 30140 40235 53004 82100 333 10257=
35497 129// 00505 10166 20072 39484 40236 52011 60002 333 10236==
35498 329// 00903 10154 20062 39414 40244 52011 333 10217=
35514 32998 50906 10261 20048 30226 40222 54000 80004 333 10292=
35522 32998 70705 10241 20054 39998 40231 57001 87030 333 10263=
35542 32998 00503 10242 20063 30097 40232 53005 333 10261=
35563 32998 20201 10168 20075 39512 40236 53004 82030 333 10207=
35576 126// 20304 10197 20073 39804 40223 52004 60002 81460 333 10255==
35582 325// 70710 10195 20076 39659 40219 52007 87900 333 10247 91117=
35594 325// 21103 10159 20034 39439 40229 58007 82100 333 10234=
35605 32998 20903 10259 20045 30223 40203 53002 80002 333 10287=
35633 32998 50405 10224 20036 30020 40218 57003 80001 333 10268=
35671 12570 30402 10214 20074 39819 40218 52004 60002 83400 333 10276==
35699 129// 00505 10173 20069 39526 40235 52010 60002 333 10222==
35700 11/70 31104 10258 20043 30221 40199 53003 60002 70131 83060 333 10296==
35715 32998 61105 10259 20032 30218 40204 57001 86040 333 10293=
35739 32998 60000 10248 20084 30066 40194 58004 80008 333 10275=
35746 12/// 50303 10250 20059 30135 40197 57002 60002 85050 333 10287==
35777 329// 53603 10242 20061 39890 40207 52005 333 10281=
35796 12660 60503 10194 20040 39821 40228 52009 60002 81401 333 10241==
35849 129// 60000 10227 20097 30105 40184 57004 60002 80002 333 10314==
35895 32597 30202 10183 20112 39810 40226 52003 82301 333 10226=
35907 32998 20710 10247 20119 30169 40141 57002 80001 333 10270=
35925 12/70 60704 10251 20043 30082 40184 56003 60002 84045 333 10287==
35927 32598 70705 10265 20034 30175 56002 87500 333 10306=
35953 129// 20000 10243 20074 30061 40180 57003 60002 80002 333 10312==
35969 129// 00000 10217 20031 30027 40189 54000 60002 333 10313==
35997 329// 03604 10196 20090 39802 40207 58001 333 10241=
36259 41584 80603 10081 20036 38259 48522 52021 72582 86902==
36335 /15// 63601 10113 20095 39301 40280 52006 70282 86300 333 10180 555 60052=
36358 325// 73402 10125 20095 39296 40263 52010 87300 333 10169=
36394 326// 53407 10125 20019 39838 40241 52014 85500 333 10210=
36397 12/// 23602 10138 20029 39698 40234 52015 60002 82040 333 10219==
36403 329// 22503 10119 20037 39865 40209 52010 80001 333 10232=
36418 327// 62304 10153 20044 39600 40176 52003 82533 333 10241=
36421 326// 70000 10105 20095 39642 40178 53002 83530 333 10213=
36428 127// 73303 10136 20106 39707 40179 53005 60002 82584 333 10223==
36439 326// 51601 10112 20070 38981 48523 51003 83901 333 10178=
36498 325// 73507 10136 20104 39492 40241 52006 87300 333 10206=
36501 /16// 70000 10133 20111 39532 40245 52012 70382 87300 333 10163 555 60132=
36535 12/// 63402 10141 20054 39612 40208 52015 60002 83031 333 10218==
36546 326// 63102 10170 20088 39672 40173 53004 84943 333 10232=
36619 326// 52702 10145 20039 85500 333 10245=
36622 329// 33303 10138 20068 39464 40223 52011 82041 333 10209=
36639 12/// 50000 10178 20073 39617 40180 52011 60002 85030 333 10249==
36643 326// 23307 10161 20060 39578 40197 52011 82500 333 10234=
36665 326// 72006 10155 20088 39501 40180 53005 87900 333 10218=
36666 325// 52306 10172 20069 39720 40178 53004 82531 333 10232=
36729 32998 51802 10161 20054 39748 40200 52010 80001 333 10241=
36736 325// 71601 10154 20084 39683 40203 52010 85955 333 10241=
36744 329// 00603 10194 20049 39794 40213 52008 333 10247=
36770 329// 00000 10135 20111 39530 40219 52007 333 10213=
36786 /2699 71401 10149 20077 39349 40216 52006 87900 333 10193 555 69902=
36796 /25// 80000 10104 20049 39079 48557 52008 889// 333 10146 555 69942=
36803 /2599 80103 10193 20099 39786 40203 53011 889// 333 10240 555 60022=
36806 329// 30402 10192 20050 39758 40193 52005 80002 333 10227=
36819 329// 01403 10168 20048 39628 40204 51001 333 10235=
36821 125// 20601 10166 20076 39756 40217 52007 60002 82900 333 10233==
36839 32998 03202 10134 20052 39142 40215 53010 333 10197=
36843 /29// 62502 10104 20070 39100 40229 52006 82032 333 10195 555 69902=
36846 326// 10902 10079 20054 38664 48552 52005 81900 333 10162=
36859 129// 00000 10140 20086 39465 40207 52012 60002 333 10240==
36870 129// 20401 10167 20093 39245 40198 52009 60002 80001 333 10223==
36874 329// 03602 10178 20042 39470 40199 52009 333 10260=
36877 329// 22102 10123 20080 39293 40228 52011 80001 333 10218=
36885 329// 31602 10135 20068 39145 40221 52009 83030 333 10203=
36889 329// 00000 10013 21078 37120 47149 58002 333 10034=
36894 329// 00000 10186 20072 39510 40202 52006 333 10230=
36905 329// 01202 10116 20041 38794 48556 52009 333 10175=
36911 129// 00000 10161 20080 39264 40188 52006 6//// 333 10258 555 530//=
36927 12697 12706 10136 20053 38379 48540 52005 6//// 81100 333 10174 555 530//=
36934 12597 20301 10107 20065 38296 48422 51003 6//// 82900 333 1//// 555 530//=
36953 /26// 60000 10060 20039 38267 48508 52020 82941 333 10150 555 69932=
36963 127// 31601 10020 21052 37100 48/// 52014 6//// 82501 333 10074 555 530//=
36974 129// 00000 10108 20002 38011 48543 53010 6//// 333 10185 555 530//=
36982 125// 63401 11014 21062 36601 47159 52005 69932 82550 333 10043 555 530//=
37018 22970 00203 10335 20103 39984 40052 57001 333 10388 60002==
37031 22960 01302 10316 20169 39896 40073 52004 333 10349 60002==
37054 22/70 40703 10301 20140 39737 40087 55000 80031 333 10319 60002 90730 91110==
37061 22960 60805 10270 20115 39959 40115 53014 80005 333 10322 60002 90730 91112==
37085 22570 50808 10236 20137 30153 40128 52008 83531 333 10292 60002 91012 90730 91113==
37171 22970 02702 10298 20234 30125 40042 57008 333 10328 60002==
37228 22984 10701 10256 20182 39313 40079 52011 80001 333 10314 60002==
37235 22970 00904 10243 20195 39805 40098 52010 333 10302 60002==
37472 21540 81203 10238 20218 30136 40115 52004 71022 8357/ 333 10271 60002==
38149 12/70 60401 10252 20064 30095 40167 57009 60002 84032 333 10317==
38178 12/// 30202 10256 20046 39888 40153 57007 60002 83040 333 10300==
38262 12/// 70202 10223 20081 30096 40173 57005 60002 87050 333 10305==
38264 12970 43604 10253 20027 30070 40157 52001 60002 80003 333 10312==
38345 12998 00901 10132 20013 38820 48526 54000 6//// 333 10237 555 530//=
38353 129// 01701 10178 20040 39331 40186 52004 6//// 333 10251 555 530//=
38388 12998 60702 10302 20068 30058 40123 54000 6//// 86030 333 10338 555 530//=
38392 12997 40901 10265 20071 30050 40146 57005 6//// 84040 333 10310 555 530//=
38396 12960 40103 10212 20064 30031 40149 57007 60002 80001 333 10310==
38403 129// 00502 10264 20055 30041 40153 57005 60002 333 10264==
38413 12/// 60701 10269 21017 39865 40134 54000 60002 86030 333 10305==
38457 12960 01901 10221 20025 39577 40129 57007 60002 333 10292==
38462 129// 02303 10186 20015 38757 48514 53004 60002 333 10253==
38462 129// 02303 10186 20015 38757 48514 53004 60002 333 10253==
38507 12998 03503 10296 20073 30006 40100 57005 6//// 333 10345 555 530//=
38545 12998 50202 10224 20102 39968 40134 57007 6//// 80003 333 10316 555 530//=
38565 128// 31102 10235 20088 39561 40132 54000 60002 80004 333 10290==
38579 129// 00000 10214 20109 39736 40130 57002 60002 333 10290==
38583 12960 23201 10219 20099 39832 40135 57004 60002 80001 333 10308==
38599 32997 02302 10183 20091 39651 40142 55000 333 10288=
38611 12960 03203 10217 20087 39603 40132 54000 60002 333 10290==
38613 129// 00101 10180 20093 40154 53008 6//// 333 10278 555 530//=
38616 129// 01801 10135 20096 39193 40173 54000 6//// 333 10257 555 530//=
38618 129// 01201 10169 20110 39484 40143 53001 60002 333 10282==
38647 12997 21004 10302 20004 30041 40080 52001 6//// 82030 333 10356 555 530//=
38656 12998 00902 10312 21060 30019 40119 57004 6//// 333 10337 555 530//=
38683 12960 43604 10229 20041 39857 40117 57003 60002 80001 333 10317==
38687 12997 00204 10271 20038 39898 40116 57005 6//// 333 10317 555 530//=
38696 129// 00701 10210 20067 39312 40119 57006 60002 333 10282==
38713 329// 01401 10176 20019 39037 48530 54000 333 10262=
38750 12997 02902 10297 20238 30131 40105 58007 6//// 333 10325 555 530//=
38763 12998 00905 10318 20064 39990 40086 57004 6//// 333 10340 555 530//=
38774 12998 21402 10290 20051 39937 40118 57007 6//// 80004 333 10339 555 530//=
38799 32997 00702 10282 20032 39897 40111 57004 333 10330=
38806 32997 02901 10230 20114 39853 40096 57005 333 10330=
38812 12960 02501 10223 20070 39680 40107 57013 60002 333 10306==
38836 329// 00902 10243 20065 39181 40051 53011 333 10290=
38880 12797 31103 10264 21016 39871 40109 53006 60002 82530 333 10330 555 530//=
38886 12997 00000 10255 20110 39913 40126 57002 6//// 333 10339 555 530//=
38895 32996 00000 10246 20141 39852 40123 57004 333 10320=
38911 32997 03302 10268 20097 39836 40109 57002 333 10314=
38915 12997 00000 10288 20045 39797 40096 57013 6//// 333 10336 555 530//=
38927 12960 03002 10250 20030 39740 40091 55001 60002 333 10331==
38933 329// 00000 10208 20133 39620 40105 57018 333 10315=
38944 329// 00000 10249 20084 39534 40032 57003 333 10310=
38954 329// 00000 10186 21009 37928 48480 53010 333 10257=
38974 12998 00901 10298 20030 39799 40107 53002 6//// 333 10334 555 530//=
38987 32996 00000 10231 20051 39408 40107 57001 333 10292=
40030 42970 00000 10328 20100 40111 52007=
40080 42965 01908 10331 20074 39400 40/// 54000=
40100 43/80 09907 10292 20218 30110 40125 53000 333 58///=
40180 02960 03605 10323 20163 30053 40099 52003 333 70000==
40199 02/// /2001 10358 20224 30041 40065 57005 333 70000==
40265 41956 03010 10300 20087 39354 40111 52005 70600=
40272 41950 02810 10300 20093 39302 40088 57010 70500=
40340 42960 03505 10408 20118 30010 40071 57006=
40356 42960 02406 10350 20040 39150 48502 333 58025 555 04410 50063=
40357 42960 02005 10402 20040 39450 40039 333 58020=
40360 42960 03118 10370 21020 39510 40064 333 58015=
40361 42960 02306 10391 20050 39331 40059 333 58012=
40362 42960 03307 10418 20030 39563 40039 333 58006=
40373 42660 43405 10433 20000 39634 40018 84500 333 58006 84635=
40375 42960 03505 10372 20040 39223 40041 333 58007=
40394 42660 20000 10392 20060 38986 48497 82200 333 58004 82840 555 04410 50034=
40394 42660 20000 10392 20060 38986 48497 82200 333 58004 82840 555 04410 50034=
40400 42960 03014 10324 20250 30034 40061 333 59002=
40405 42660 40204 10420 20010 39334 40021 84500 333 58000 84640=
40417 42960 00505 10376 20230 39985 49999 333 58001=
40420 42960 00907 10422 20080 39804 49994 333 59003=
40430 42660 40105 10431 21050 39331 40011 84500 333 59004 84640=
40437 42660 50108 10413 21040 39363 40012 85100 333 58001 85840=
40439 42660 22816 10412 20160 30002 40020 81530 333 59009 81640=
40582 32960 00407 10454 20092 40003 53001 333 55300 00000 10185 20134 30040 41440 51702 60174 55407 40094 90401 91009 91121 91215 91307=
40703 42660 52710 10296 20069 38877 40062 52020 85300 333 10330 20158 70000 81935 84640 555 10168 29024 66666 00340 10344 20292 30272 50272 90262=
40706 42562 22502 10308 20012 38616 40050 55002 82200 333 10341 20157 70000 82830 555 10153 29015 66666 00386 10362 20312 30301 50298 90286=
40712 41656 50104 10278 20078 38637 40040 53002 70510 85300 333 10325 20166 70000 83935 555 10163 29028 66666 00312 10279 20245 30238 50232 90224=
40713 42664 13302 10327 20047 38618 40024 56006 81800 333 10354 20167 70000 555 10170 29017 66666 00346 10303 20283 30279 50277 90258=
40718 42960 00802 10274 20236 30110 40083 56001 222// 0//// 20300 333 10317 20217 70000 555 10248 29080 66666 00340 10304 20304 30282 50278 90264=
40723 42970 12803 10249 21093 38943 40124 53019 80002 333 10328 20098 70000 81069 555 10109 29010 66666 00304 10304 20258 30242 50244 90242=
40726 42660 22205 10316 20021 38622 40043 53005 82500 333 10362 20164 70000 82640 555 10158 29015 66666 00336 10332 20290 30266 50262 90252=
40727 42665 12904 10307 20044 38462 40060 52002 81100 333 10342 20116 70000 81840 555 10161 29019 66666 00343 10320 20268 30251 50246 90231=
40732 42460 71202 10276 20236 30095 40072 56005 87300 333 10300 20222 70000 82918 86625 555 10248 29079 66666 00306 10306 20298 30286 50276 90264=
40736 42960 20000 10279 20228 30106 40082 56006 82030 333 10320 20229 70000 82360 555 10244 29074 66666 00330 10322 20304 30294 50288 90287=
40737 42960 33601 10264 20224 30059 40076 51001 83030 333 10350 20206 70000 83359 555 10237 29079 66666 00296 10285 20275 30262 50253 90242=
40738 42960 03003 10301 20204 30085 40087 57004 333 10377 20211 70000 555 10235 29057 66666 00354 10350 20318 30300 50290 90276=
40739 42965 03602 10282 20067 38675 40076 53004 333 10332 20186 70000 555 10160 29026 66666 00324 10328 20300 30286 50275 90273=
40741 42960 03603 10276 20014 39797 40115 53001 333 10337 20160 70000 555 10148 29018 66666 00343 10340 20315 30302 50303 90309=
40743 42970 00000 10274 21057 39022 40078 56003 333 10353 20184 70000 555 10127 29011 66666 00359 10357 20320 30305 50311 90312=
40745 42962 01506 10243 20041 39016 40113 52002 333 10291 20150 70000 555 10138 29027 66666 00290 10298 20266 30256 50254 90264=
40747 42960 02604 10322 21033 38604 40053 53004 333 10369 20136 70000 555 10148 29010 66666 00384 10358 20313 30294 50294 90289=
40754 42660 11403 10328 21003 38795 40042 55001 81400 333 10352 20248 70000 81640 555 10158 29012=
40762 42965 00000 10250 21114 38537 40081 53006 333 10320 20140 70000 555 10103 29008 66666 00298 10320 20288 30264 50268 90270=
40766 42960 02905 10331 21090 38659 40045 53003 333 10377 20179 70000 555 10142 29006 66666 00376 10366 20316 30294 50288 90280=
40768 42660 12503 10287 21035 38244 40049 55001 81400 333 10346 20128 70000 81640 555 10131 29012 66666 00368 10362 20303 30285 50276 90280=
40769 42660 20803 10296 20002 38284 40038 57008 82400 333 10350 20170 70000 82645 555 10143 29015 66666 00372 10358 20320 30302 50296 90289=
40780 42960 02903 10325 20006 38658 40053 53002 333 10372 20207 70000 555 10158 29013 66666 00400 10374 20334 30324 50320 90302=
40782 42970 02803 10327 21016 38812 40034 55002 333 10403 20183 70000 555 10155 29011 66666 00340 10346 20312 30300 50304 90288=
40785 42960 00603 10357 21055 39026 40038 55002 333 10401 20239 70000 555 10161 29007 66666 00420 10416 20380 30360 50364 90374=
40791 42970 03603 10332 21144 39281 40053 53002 333 10379 20228 70000 555 10141 29004 66666 00382 10380 20358 30344 50342 90350=
40792 42962 00105 10270 21207 38683 40064 53003 333 10333 20151 70000 555 10105 29003 66666 00346 10354 20328 30304 50322 90304=
40798 42662 11104 10254 21056 37971 40084 56006 81100 333 10316 20088 70000 81840 555 10111 29012 66666 00359 10355 20295 30265 50261 90253=
40800 42960 02201 10305 21010 38446 40054 57007 333 10358 20192 70000 555 10145 29013 66666 00336 10338 20324 30296 50298 90292=
40809 42962 00103 10258 21226 38467 40050 53011 333 10339 20167 70000 555 10096 29003 66666 00340 10338 20310 30300 50300 90296=
40811 42960 02902 10423 20103 39968 49992 53001 333 10482 20296 70000 555 10229 29015 66666 00428 10420 20386 30382 50380 90380=
40812 42960 02602 10428 20033 39645 49990 56003 333 10480 20299 70000 555 10208 29009 66666 00488 10476 20442 30416 50394 90386=
40818 42962 00204 10267 21051 37989 40059 52003 333 10295 20145 70000 555 10117 29012 66666 00319 10311 20287 30279 50292 90298=
40821 42970 03102 10313 21030 38758 40053 55000 333 10350 20216 70000 555 10146 29011 66666 00382 10378 20345 30335 50334 90340=
40829 42960 03305 10294 21043 39509 40050 53007 333 10364 20232 70000 555 10141 29011 66666 00352 10354 20316 30312 50304 90296=
40831 42960 03406 10446 20101 39999 40007 54000 333 10490 20310 70000 555 10236 29013 66666 00454 10442 20396 30396 50376 90368=
40833 42960 03505 10443 20043 39967 49997 55004 333 10490 20280 70000 555 10219 29009 66666 00444 10408 20384 30380 50384 90368=
40835 42960 02602 10370 20069 39245 40021 52012 333 10435 20243 70000 555 10196 29016 66666 00422 10410 20386 30356 50354 90346=
40841 42965 03303 10270 21083 38228 40051 53002 333 10314 20106 70000 555 10114 29009 66666 00345 10346 20294 30286 50290 90284=
40845 41958 00000 10358 20292 39998 40003 53003 70500 333 10420 20310 70000 555 10308 29069 66666 00406 10410 20380 30370 50368 90360=
40848 42960 01303 10306 21015 38483 40015 56002 333 10363 20216 70000 555 10144 29012 66666 00362 10350 20320 30300 50296 90290=
40851 42960 00000 10280 21023 38240 40025 52002 333 10334 20181 70000 555 10130 29014 66666 00376 10376 20340 30316 50322 90320=
40854 42960 03402 10346 21045 38895 40008 52003 333 10360 20253 70000 555 10157 29008 66666 00400 10420 20390 30372 50368 90364=
40856 42960 00204 10254 21073 38608 40068 52012 333 10316 20153 70000 555 10112 29011 66666 00326 10344 20316 30300 50304 90308=
40859 42962 03602 10332 20014 38651 40012 53002 333 10374 20214 70000 555 10162 29013 66666 00354 10344 20314 30298 50294 90291=
40875 41950 02103 10348 20221 39991 40002 53002 70500 333 10430 20312 70000 555 10260 29048 66666 00386 10388 20370 30370 50370 90372=
40879 42962 02404 10364 21082 39370 40006 52007 333 10403 20263 70000 555 10162 29005 66666 00430 10436 20404 30394 50394 90398=
40882 41930 03303 10344 20260 39974 40007 53004 70500 333 10388 20314 70000 555 10283 29062 66666 00430 10422 20392 30388 50370 90362=
40883 41940 02203 10350 20250 39966 49988 56008 70500 333 10401 20324 70000 555 10278 29056 66666 00402 10404 20384 30384 50380 90374=
40893 41957 01102 10325 20244 30004 40009 53009 70500 333 10343 20303 555 10267 29062 66666 00379 10385 20373 30369 50367 90370=
40898 41956 00000 10293 20261 30000 40009 52021 71000 222// 00304 20801 333 10326 20290 70000 555 10270 29083 66666 00386 10412 20392 30376 50380 90370=
41024 42660 23313 10372 20200 30017 40042 82500 333 58002 82640=
41036 42560 43207 10322 20050 38543 48494 84300 333 58008 81925 83830 555 04410 50052=
41055 42560 40408 10331 21060 38342 48482 84400 333 58008 84630 555 04410 50029=
41061 42960 00508 10420 21040 39334 49994 333 59012=
41084 42960 00509 10375 21050 38802 48473 333 58002 555 04410 59995=
41112 42560 30513 10289 21070 37929 48477 83400 333 59001 83620 555 04410 50006=
41114 42560 30614 10294 21060 37961 48475 83400 333 58000 83622 555 04410 50003=
41128 42560 20409 10358 21060 38756 48475 82400 333 58009 82630 555 04410 50010=
41136 42660 40506 10395 21010 39232 49994 84500 333 58001 84635=
41140 41959 02708 10337 20270 30026 40032 70500 333 59001=
41150 42962 00806 10344 20297 40004 333 58001=
41176 44/66 /0604 10347 20274 39992 49998 333 59002=
41184 42960 00810 10399 20056 40007 333 58000=
41194 42960 00107 10379 20219 39993 49998 333 59003=
41196 42960 00908 10396 21033 39965 40003 333 59002=
41216 42960 03606 10344 20283 39998 40002 333 59005=
41217 42960 03511 10345 20279 39971 49999 333 59004=
41244 36/// /0911 10385 20013 39587 49975 333 0E035 55300 25022 59008=
41246 36/// /1104 10323 20263 30010 40012 333 0E031 55300 25022 58014=
41253 36/// /3404 10341 20206 39660 40002 333 0E032 55300 25022 58011=
41255 32560 11405 10399 20084 39494 40029 81500 333 58002 81625=
41256 31959 00609 10305 20272 39996 40013 70500 91445 333 58013 55096 55407 55408 55507 55508=
41267 36/// /0304 10297 20277 30010 40022 333 0E030 58018=
41268 36/// /0608 10301 20274 39967 40013 333 0E031 55300 25022 58012=
41275 36/// /1105 10409 20028 39843 40001 333 0E028 55300 20454 59001=
41288 36/// /1406 10292 20232 39998 40019 333 0E028 58011=
41315 26/68 /1500 10232 20225 39246 47343 333 0E025 55300 27865 58003 70000=
41316 32460 72008 10275 20256 30022 40051 87600 333 58003 55166 55407 55408 55507 55508 82714 87625=
41396 42665 20805 10377 20035 39322 49997 81101 333 58010 81840=
41398 81407 10280 20267 40140 54000 70221 8861/ 22200 06270 20101 331// 40101 80270=
41480 41550 49902 10356 20232 30016 40025 70644 81960 333 58010 81620 81935 83360=
41497 1//// 10210 20180 40290 54000 70200 8/1// 22200 0//// 2//// 30000 80190=
41498 61405 10100 20083 40169 50/// 702// 86540 22223 06110 2//// 30000=
41506 12920 01802 10270 20108 38428 48230 60001 333 58012==
41508 12940 02301 10228 20131 38598 48740 60001 333 58012==
41515 12440 22703 10270 20111 38471 48340 60001 82500 333 56800 59001==
41523 12940 00000 10270 20196 39004 48520 60001 333 58012==
41535 12940 00000 10230 20150 38649 48280 60001 333 58018==
41536 12940 00000 10245 20176 38960 48530 60001 333 58012==
41560 12940 01303 10240 20156 38248 48610 60001 333 58003==
41571 12900 10502 10295 20183 39460 40011 60001 81030 333 56080 59006==
41598 11940 00000 10305 20249 39738 49995 60001 70400 333 58002==
41600 11940 00000 10305 20241 30000 40003 60001 70400 333 59004==
41620 12940 01801 10310 20074 38497 48020 60001 333 58005==
41624 11940 00000 10335 20244 30000 40002 60001 70400 333 58016==
41630 11940 20000 10320 20250 30000 40002 60001 70402 82030 333 56080 59003==
41640 11440 40000 10310 20246 39767 40003 60001 70400 83530 333 56880 59001==
41660 11900 02303 10255 21062 38391 48760 60001 70600 333 58015==
41678 11940 00000 10340 20241 30000 40003 60001 70500 333 58011==
41696 12940 00000 10230 20048 37974 48660 60001 333 59011==
41697 12940 00000 10350 20220 30000 40001 60001 333 58015==
41700 11940 00000 10350 20261 30000 49986 60001 70400 333 58008==
41710 11940 03102 10320 21093 30000 49991 60001 70600 333 58013==
41712 11940 00000 10330 20035 39112 48690 60001 70500 333 58012==
41715 11940 00000 10335 20274 30000 40002 60001 70500 333 58016==
41718 11940 00000 10340 20286 30000 40003 60001 70400 333 58010==
41725 12940 00502 10350 20261 30000 40001 60001 333 58021==
41739 11940 03103 10315 20000 38988 48760 60001 70500 333 58012==
41744 11940 00000 10300 20070 38696 48340 60001 70600 333 59001==
41749 12440 01302 10345 20270 30000 40010 60001 82500 333 56080 58017==
41756 11940 02304 10290 20262 30000 40012 60001 70500 333 58006==
41759 11940 02302 10300 20285 30000 40019 60001 70500 333 58018==
41764 12940 02105 10305 20249 39969 40017 60001 333 58014==
41768 12940 22302 10310 20269 30009 40016 60001 82030 333 56080 58012==
41780 11940 02303 10290 20240 30007 40034 60001 70400 333 58022==
41785 12940 02301 10310 20261 30016 40029 60001 83030 333 58010==
41859 02430 80000 10276 20270 30008 40045 8562/ 333 58015 70132 82710 84618 88458==
41883 02430 70902 10306 20280 30017 40037 84520 333 58009 70000 84615 87458==
41891 01440 50000 10300 20270 39993 40031 70522 82310 333 59009 70040 82615 84458 81930==
41907 02940 00000 10297 20280 30015 40030 333 58009 70055==
41923 02445 50000 10302 20270 30024 40034 83430 333 58005 70000 82615 83360==
41936 01430 51803 10304 20280 30018 40025 70522 83830 333 58006 70120 83615 84362==
41943 01435 81602 10280 20270 30026 40033 76162 8562/ 333 59008 70024 82710 83615 87458==
41950 02450 70000 10294 20270 30028 40030 83511 333 58000 70141 83617 87459==
41978 01458 71103 10284 20260 30029 40035 70262 84320 333 59010 70020 83616 87460 81928==
41992 01320 80000 10267 20260 30035 40037 75166 8432/ 333 59012 70750 82708 84614 88458 81925==
42001 11151 99259 70897 46/// /1611 10301 20289 30067 40070 91440 22200 00300 333 91214 555 11125 22133 8//12 91439=
42027 32996 02501 10207 20151 38360 48442 333 58002=
42056 32696 12301 10268 20236 39582 81100 333 59006 81840=
42071 32596 12903 10296 20248 40004 81500 333 59003 81630=
42097 11151 99257 70837 46/// ///// 1//// 91456 22200 00306 10902 20902 70008=
42101 22696 62901 10304 20274 40010 86500 333 59007 6991/ 86635=
42111 21594 81401 10268 20253 39322 49995 76021 8582/ 333 59004 6990/ 83618 84830 88458=
42123 32996 00000 10312 20268 40004 333 58005=
42131 32696 40000 10296 20254 40005 83530 333 59005=
42165 32996 10000 10302 20248 49997 81030 333 58008 81360=
42182 21595 80000 10292 20278 40001 71062 8532/ 333 59002 6003/ 85630 81935 87458=
42189 21495 80000 10272 20272 49993 76166 8682/ 333 59007 6026/ 85618 84825 88458=
42309 21495 72902 10276 20273 40047 71021 84550 333 58017 6001/=
42328 31595 69901 10324 20228 49983 70522 84530 333 58006 84630 84360=
42339 31695 51401 10292 20246 40010 70522 83501 333 58002 83635=
42348 21595 69903 10282 20254 40002 71022 84530 333 59017 6006/ 84630 85360=
42361 21495 80502 10246 20246 49966 76396 8532/ 333 59038 6083/ 84618 81930 88458=
42369 21495 81402 10265 20258 49984 76196 8632/ 333 59019 6030/ 82618 81925 86460=
42379 21495 80902 10272 20266 40006 71096 8662/ 333 58002 6020/ 83714 85618 88458=
42410 21495 50000 10264 20255 40053 71022 83530 333 58018 6996/ 83618 85360=
42415 22596 80000 10266 20252 40060 8552/ 333 58016 6018/ 85620 88459=
42452 31596 62705 10264 20247 49992 71022 81532 333 59007=
42492 31496 50904 10308 20269 40016 71022 82530 333 58014 82618 83360=
42559 21495 83201 10250 20247 49978 76066 8672/ 333 59022 6016/ 83714 85620 88458=
42571 22596 42302 10268 20236 49978 82530 333 58003 6003/ 82625 83360=
42623 31495 40000 10258 20223 39195 40040 71021 82530 333 58004 82618 84360=
42634 22996 02502 10282 20239 40043 333 58021 6002/=
42647 31596 40000 10290 20262 40032 70521 82530 333 58010 82620 83358=
42667 21495 82009 10250 20244 39433 40006 76062 8592/ 333 58004 6058/ 84710 85620 81930 88458=
42675 21495 72303 10262 20239 40000 70522 85630 333 58030 6006/ 83710 84620 86360=
42701 31496 61804 10258 20244 39322 40035 71022 83530 333 58036 83618 85360=
42724 31496 60000 10300 20261 40028 71322 84330 333 59010 83618 81930 85360=
42737 32896 32706 10282 20245 40042 83030 333 58012 83358=
42754 21496 72707 10242 20228 39401 40025 70565 85730 333 58012 6996/ 82710 83618 86360=
42779 21495 80000 10248 20239 39337 40020 75065 8572/ 333 58046 6005/ 82710 84618 88458=
42798 31496 60000 10300 20272 40023 71022 83530 333 58027 83615 85360=
42809 31495 60000 10304 20282 40029 70522 84530 333 58013 84618 86360=
42840 22596 62304 10280 20252 40048 84830 333 58015 6003/ 82620 86360=
42867 31496 72302 10264 20244 40025 70522 83520 333 58022 83618 86458=
42874 31496 62304 10276 20250 40035 70522 83530 333 58048 83618 84360=
42886 21495 52302 10274 20257 40037 70596 83530 333 58036 6002/ 83618 85360=
42895 32596 50000 10306 20279 40032 83530 333 58029 83620 84360=
42971 21495 70000 10294 20272 40044 70562 85430 333 58033 6004/ 84618 86360=
43003 21595 50000 10280 20252 40061 70562 83830 333 58020 6006/ 82618 83825 84358=
43014 31596 62505 10266 20220 39403 40035 70541 83530 333 58016 83620 85360=
43041 21596 50000 10258 20229 39446 40052 70522 83530 333 58034 6991/ 83625 85360=
43063 21596 72702 10238 20218 39448 40067 75065 87700 333 56600 58017 6990/ 83722 84626=
43086 32596 21802 10280 20248 39864 40039 82500 333 58024=
43110 21496 81401 10252 20237 40083 70262 8673/ 333 58021 6011/ 83712 84618 86358=
43185 32596 21802 10300 20269 30051 40054 82500 333 58029 82620=
43189 32596 10000 10296 20265 30052 40061 81500 333 58029=
43192 22596 52303 10272 20255 40083 81532 333 58019 6004/=
43201 21496 52302 10224 20203 39342 40065 70252 82530 333 58016 6999/ 82612 83358=
43213 32596 32703 10292 20211 39740 40050 81530 333 58023=
43245 32596 21105 10314 20266 30038 40064 81501 333 58027=
43279 32596 41803 10298 20256 30053 40070 84400 333 58022 83620=
43284 21296 72903 10264 20238 39981 40096 72162 84671 333 56699 58015 6007/ 81706 83612 86458=
43295 32496 52703 10238 20173 39090 48502 82531 333 56699 58020 82612 84358=
43314 21596 80000 10258 20249 40107 72162 8487/ 333 58018 6016/=
43321 31496 62310 10258 20232 39649 40092 71022 83801 333 57852 58026 83612 81820 85070=
43333 21495 72303 10274 20254 40099 70522 86401 333 58005 6990/ 83618 85820=
43344 21496 69903 10296 20245 39982 40081 70522 83531 333 58023 6002/ 83616 85360=
43369 21496 72703 10262 20256 40109 72162 84530 333 58015 6009/ 84618 87358=
43371 22597 73202 10266 20252 30033 40106 82530 333 58009 6003/ 82620 85356=
43404 21470 32003 10287 20262 30082 40085 52024 71311 82/// 333 553// 20000 58021 60008 81920 91007 555 60008==
43410 22/70 4//// 10297 20230 30090 40093 52026 80002 333 58017 60008 555 60008==
43413 22/70 52106 10286 20245 30091 40096 51018 333 553// 20006 58014 60008 91009==
43415 22470 32202 10282 20236 39995 40103 52022 83000 333 58017 60008 555 60008==
43418 22470 52301 10293 20231 30057 40098 52026 81106 333 58020 60008 555 60008==
43421 22470 52402 10274 20273 39999 40104 52022 85000 333 553// 20000 58015 60008 91005 555 60008==
43422 22/70 52303 10266 20243 39973 40107 52020 333 58014 60008 555 60008==
43424 22470 22303 10284 20250 30101 40103 51018 82000 333 58014 60008 555 60008==
43436 22470 63602 10304 20238 30092 40095 52026 85/// 333 58015 60008 81920 555 69908==
43441 22470 52302 10264 20239 39975 40108 52027 85000 333 58011 60008 555 69938==
43444 21470 70000 10246 20220 39584 40115 52021 70382 87000 333 58017 60008 555 69918==
43450 22470 61402 10266 20251 30107 40119 53014 86200 333 58014 60008 555 60008==
43466 21470 32101 10268 20254 30113 40121 5/022 70282 82000 333 553// 20000 58015 60008 91003==
43467 21468 32301 10281 20247 30114 40120 52022 70381 83000 333 58015 69908 555 60088==
43473 21/40 72806 10156 20156 38139 48505 52019 75086 333 553// 20005 58011 60008 85704 85810 91010 555 69968==
43475 22/70 32302 10297 20216 30096 40101 52025 83030 333 553// 20000 58014 60008 91006 555 60008==
43476 22470 42701 10206 20165 38780 48525 5/015 82000 333 58014 60008 555 60008==
43479 22470 20301 10244 20205 39267 52023 81000 333 58014 60008 555 60008==
43486 21460 72603 10244 20244 30023 40124 51023 78082 85106 333 553// 20000 58014 60008 91005==
43495 22470 60201 10264 20250 30104 40117 5/210 85000 333 58140 60008 555 60188==
43497 22470 22502 10271 20000 30096 40113 5/021 82000 333 553// 20006 58013 60008 91005==
44212 42/// 43403 10151 20050 39114 40188 52018 84010==
44213 42/// 30801 10117 20011 38793 40191 52015 83040==
44214 42670 82902 10143 21007 38275 40144 53013 88500==
44215 42/// 70402 10121 21008 38419 40183 52017 87070==
44217 32698 62504 10096 21016 37872 40198 53004 86800 333 91206=
44218 42/// 60904 10169 21008 38592 40137 52011 86070==
44219 32999 50505 10176 21050 38596 40121 52004 85050 333 91205=
44265 426// 82802 10178 21011 38829 40148 51009 885//==
44266 329// 53001 10116 21083 37805 40180 53007 82088 333 91205=
44434 41458 81903 10254 20224 39166 48479 76041 84770 333 58021=
44454 41558 51906 10246 20200 38622 48463 71392 84330 333 58011=
48064 41440 80901 10250 20250 39949 40006 75065 8572/ 333 59002==
48094 42450 80000 10265 20255 30063 40073 85970 333 58018==
50557 14/80 /2702 10147 20095 39863 40147 52009 60001 333 10264 20094 3/011 55300 58025 70000 90761 91112==
51076 14/80 /2703 10165 20049 39324 40163 52006 60001 333 10226 20080 3/015 59016 70000 90761 91108==
51087 14/79 /3003 10153 20047 39188 40166 52012 60001 333 10228 20116 3/015 59014 70000 90761 91112==
51156 14/80 /2906 10129 20048 38711 40179 52006 60001 333 10187 20083 3/013 59014 70000 90761 91109==
51243 14/80 /3003 10208 20078 39655 40173 52007 60001 333 10242 20159 3/021 59011 70000 90761 91113==
51463 14/80 /0105 10167 20050 39051 40192 52017 60001 333 10208 20130 3/016 59001 70000 90761 91110==
51573 14/68 /0702 10245 20063 30060 40107 52010 60001 333 10307 20233 3/023 58002 70000 90761 91105==
51644 14/68 /3002 10172 20052 38939 40138 52013 60001 333 10238 20117 3/016 58002 70000 90761 91105==
51656 14/61 /3103 10200 20067 39118 40123 52006 60001 333 10285 20121 3/018 59004 70000 90761 91110==
51709 14/63 /0901 10184 20078 38628 40136 52015 60001 333 10235 20132 3/019 59009 70000 90761 91107==
51716 14/57 /2001 10210 20069 38897 40119 52013 60001 705// 333 10258 20163 3/019 59002 70001 90761 91107==
51765 14/80 /1702 10185 20104 39186 40137 52007 60001 333 10233 20161 3/018 58020 70000 90761 91105==
51811 14/56 /1001 10181 20092 38782 40137 52008 60001 706// 333 10242 20159 3/017 59003 70000 90761 91105==
51828 14/56 /2202 10199 20044 38642 40132 52007 60001 706// 333 10230 20170 3/016 58013 90761 91110==
51886 14/74 /1101 10127 20014 37133 40063 52010 60001 333 10163 20089 3/012 59004 70021 90761 91107==
52203 14/79 /1005 10185 20106 39291 40123 52008 60001 721// 333 10265 20147 3/018 58016 70000 90761 91113==
52602 14/79 /2609 10078 21002 37266 40030 52016 69901 333 10226 20077 3/008 59017 90761 91117==
52681 14/10 /0401 10145 20143 38601 40103 57004 60011 750// 333 10147 20128 3/015 59070 70014 90761 91107==
52818 14/60 /2803 10111 20095 37252 40035 52063 60051 762// 333 10282 20098 3/013 58004 70048 90761 91120==
53463 14/80 /3001 10160 20138 38904 40193 54000 60001 333 10181 20118 3/016 59014 70015 90761 91104==
54857 14/72 /1002 10257 20226 30068 40157 57001 60001 333 10301 20245 3/026 55300 58005 70000 90761 91108==
55228 14/80 /2803 10118 21044 36060 49944 52015 60001 333 10173 20051 3/010 58001 70000 90761 91116==
55299 14/80 /1003 10109 20034 35911 49952 52011 60021 721// 333 10176 20052 3/008 59004 70019 90761 91109==
55578 14/80 /2001 10126 20060 36402 49959 52017 60001 333 10229 20083 3/014 59010 70000 90761 91109==
55591 14/74 /2701 10159 20074 36555 49982 52017 60001 333 10223 20102 3/015 59003 70065 90761 91106==
55664 14/80 /2302 10111 20014 36058 49978 52020 60001 333 10196 20049 3/010 58003 70000 90761 91118==
55773 14/60 /1108 10072 20053 36081 40054 52018 69951 760// 333 10141 20014 3/007 58003 70005 90761 91113==
56004 14/80 /2606 10088 20032 35885 49969 52014 60031 760// 333 10141 20052 3/000 59012 70076 90761 91114==
56116 14/80 /1301 10151 20029 36386 49966 52028 60001 333 10212 20071 3/011 58006 70000 90761 91106==
56299 57921 58007 82914 86816=
56312 14/80 /1503 10182 20067 37129 40045 52029 60001 333 10228 20137 3/017 58008 70001 90761 91111==
57494 14860 /3603 10245 20208 30096 40125 57003 60001 333 10322 20240 3/024 58021 70000 90761 91111==
58847 14/59 /1601 10299 20231 39991 40087 52015 60001 333 10379 20264 3/030 58012 70000 90761 91107==
62306 42560 43113 10297 20223 40104 52003 82230==
62309 42560 63410 10295 20251 40086 52012 86800==
62325 42960 00903 10334 20233 40087 57003==
62332 42960 00708 10320 20218 40100 52001==
62337 42960 00310 10334 20144 40098 52003==
62366 45960 03510 10381 20127 40075 54000==
62387 42960 03604 10391 20109 40081 57006==
62393 42960 00309 10383 20116 40110 57006==
62405 42960 03109 10393 20115 40073 57005==
62414 42960 00209 10404 20083 40078 57005==
62419 42960 00604 10404 20100 40058 57007==
62420 42560 52103 10404 20103 40062 57007 85200==
62435 42960 03205 10321 20235 40068 57008==
62440 42960 00213 10322 20231 40088 54000==
62455 42960 02304 10354 20206 40083 57005==
62458 42960 03305 10335 20175 40081 57007==
62459 42960 03108 10351 20178 40065 57006==
