SMPK OPKC 050000=
41744 12996 00000 10190 20079 38723 48452 60002 333 59003 RH48%=
41518 02996 01802 10200 20133 38/// 48/// 60002 333 5//// 60007 65%= 
41504 02995 01802 10150 20044 37796 48420 60002 333 59037 60007 RH49%=
41785 02996 02302 10280 20259 30013 40026 60002 333 59020 60007 RH88%= 
41756 01495 40000 10250 20220 39971 40035 60002 70500 84600 333 56900 58001 60007 84715 RH84%=
41BAG 02696 10502 10140 20086 60002 81500 333 56900 60007 81640 70%= 
41725 02996 00000 10310 20261 39921 49995 60002 333 59033 60007 RH75%=
41746 01996 00000 10280 20266 39957 40009 60002 70500 333 59034 60007 RH92%=
41710 11996 03104 10280 21026 39267 40003 60002 70600 333 59008 RH13%=
41748 02996 01804 10285 20242 39974 40036 60002 333 59017 60007 RH78%=
41696 02996 00000 10150 20098 37981 48489 60002 333 58002 60007 Rh71%=
41620 32996 01802 10225 20141 38498 48403 60002 333 59046 60007 63%=
41697 02996 00000 10305 20231 39846 49994 60002 333 59047 60007 RH77%=
41505 12996 00000 10135 20081 38/// 48/// 60001 80000 333 56000 58/// 70%=
41767 02996 0//// 10270 20249 60002 333 60007 RH88%= 
41786 02696 60000 10260 20246 39968 40003 60002 83630 333 56990 59028 60007 83630 83460 RH92%=
41685 02697 20000 10230 20208 38823 48421 82200 333 56900 59051 60007 82840 RH87%=
41726 02996 00000 10285 20264 39963 40032 60002 333 59026 60007  RH89%=
41724 01996 00000 10280 20237 39953 40029 60002 70500 333 59026 60007 RH77%=
41766 12996 02302 10255 20233 39974 40002 70400 333 59022 60007 RH88%=
41745 01995 00000 10275 20247 60002 70500 333 60007 RH85%=
41519 02696 30000 10250 20136 38718 48469 60002 83500 333 56900 59029 60007 83640 RH49%=
41764 02996 02410 10275 20239 39958 40007 60002 70500 333 59035 60007 RH81%=
41661 01996 00000 10185 20068 38326 48450 60002 70540 333 59029 60007 46%=
41742 12996 00000 10285 20250 39917 40017 60002 333 59026 RH81%=
41757 11995 30000 10270 20249 30024 40036 60002 71000 83030 333 56090 59012 83360 RH88%= 
41780 21596 42708 10280 20244 30002 40029 60002 70400 84600 333 56900 59019 60007 84720 RH81%=
41749 01996 01304 10280 20259 39978 40010 60002 70400 333 59015 60007 RH88%=
41768 02996 20000 10280 20266 30000 40007 60002 82030 333 56090 59037 60007 82360 RH92%=
41738 02996 20000 10270 20234 39879 40053 60002 82030 333 56090 58008 60007 82460 RH81%=
41516 02996 00000 10160 20143 38472 48431 60002 333 59052 60007 RH90%=
41517 11996 00000 10120 20093 37752 48455 60002 70400 333 59044 84%= 
41520 02995 00000 10120 20074 37605 48218 60002 333 59034 60007 73=
41759 01995 00000 10265 20244 30035 40041 60002 71011 333 58001 60007 RH88%=  
41747 02996 00000 10295 20253 39938 49995 60002 333 59033 60007 RH78%=
41743 01996 00000 10265 20229 60002 70500 333 60007 RH80%=
41765 01996 02304 10275 20247 39972 40007 60002 71000 333 59033 60007 RH85%=
41660 019// 01306 10190 20024 38371 48459 60002 70500 333 59029 60007 RH33%=
41712 12996 00000 10270 20087 39118 48463 60002 333 59012 RH31%=
41571 11996 01304 10255 20241 39456 40016 60002 71000 333 59041 RH92%=
41739 01996 00000 10260 20139 38980 48459 60002 70500 333 58007 60007 RH47%=
41530 016// 53106 10260 20230 39605 40002 60002 70511 82430 333 56990 59049 60007 82840 83358 84%=
41715 01996 00000 10285 20257 39945 40008 60002 70500 333 59050 60007 RH85%=

41506 02995 00000 10190 20151 38458 48457 60002 333 59015 60007 78%=
41504 02995 01802 10150 20044 37796 48420 60002 333 59037 60007 RH49%=
41505 12996 00000 10135 20081 38/// 48/// 60001 80000 333 56000 58/// 70%=
41507 02996 00000 10230 20208 39196 49695 60002 333 58002 60007 87%=
41508 02995 00000 10194 20171 38586 48461 60002 333 59059 60007 86%=
41509 02996 00000 10225 20153 38663 48414 60002 333 59062 60007 RH64%=
41510 02996 00000 10130 20122 37882 48481 60002 333 59041 60007 95%=
41515 02996 00000 10196 20137 38499 48463 60002 333 59016 60007 69%=
41516 02996 00000 10160 20143 38472 48431 60002 333 59052 60007 RH90%=
41517 11996 00000 10120 20093 37752 48455 60002 70400 333 59044 84%=
41518 02996 01802 10200 20133 38/// 48/// 60002 333 5//// 60007 65%=
41519 02696 30000 10250 20136 38718 48469 60002 83500 333 56900 59029 60007 83640 RH49%=
41520 02995 00000 10120 20074 37605 48218 60002 333 59034 60007 73=
41524 02996 00000 10240 20203 39262 40091 60002 333 59040 60007 RH 80%=
41525 12696 30000 10140 20106 37690 48387 60002 83400 333 56900 59006 83640 80%=
41528 01996 00000 10210 20203 39130 48442 60002 70400 333 59018 60007 96%=
41529 02696 50000 10265 20244 39640 40004 60002 82520 333 56990 59056 60007 82640 83460 RH 88%=
41534 02996 00000 10250 20235 39607 40005 60001 333 59064 60007 92%=
41535 02996 30000 10195 20180 38638 48415 60001 83020 333 56090 59035 60007 83460 RH91%=
41536 02996 50000 10210 20187 38949 48440 60002 85010 333 56090 59048 60007 85360 87% =
41560 02996 00000 10200 20154 38227 48443 60002 333 59033 60007 Rh75%=
41565 02996 03102 10189 20166 38597 48469 60002 333 59012 60007 86%=
41567 01996 00000 10260 20231 39583 49983 60002 70400 333 59047 60007 84%=
41572 01995 00000 10240 20226 39392 49993 60002 71000 333 59044 60007 RH 92%=
41573 02493 30000 10170 20154 37928 48435 88600 333 56900 59049 60007 83710 91%=
41573 02493 50000 10165 20149 37949 48427 60002 85600 333 56900 59031 60007 82710 83630 90%=
41574 02697 70000 10150 20142 38302 48477 60002 85520 333 56990 59029 60007 85640 83460 95%=
41576 01596 50000 10270 20256 40023 60002 71322 85930 333 56990 59042 60007 81930 83640 83360 92%=
41577 01996 00000 10250 20236 39426 40018 60002 70400 333 59037 60007 RH 92%=
41593 01996 00000 10260 20246 39794 40000 60002 70400 333 59050 60007 92%=
41597 01996 00000 10280 20266 39736 40019 60002 70400 333 59041 60007 92%=
41598 01996 00000 10260 20238 39743 40004 60002 70400 333 59037 60007 88%=
41599 01995 00000 10270 20241 39736 40015 60002 70400 333 59035 60007 84%=
41600 01996 00000 10260 20246 39725 40010 60012 70401 333 59048 60007 92%=
41620 32996 01802 10225 20141 38498 48403 60002 333 59046 60007 63%=
41624 01696 50902 10270 20241 39797 49989 60002 70420 82520 333 56990 59055 60007 82637 83460 84%=
41625 01996 00000 10260 20231 39800 49993 60002 70400 333 59046 60007 84%=
41630 01996 00000 10275 20254 40008 60002 70400 333 59045 60007 88%=
41633 02997 00000 10265 20251 4//// 60002 333 5//// 60007 92%=
41634 02697 20000 10245 20231 3//// 4//// 60002 82500 333 56900 5//// 60007 82640 92%=
41635 01996 00000 10260 20246 3//// 4//// 60002 70400 333 5//// 60007 92%=
41636 01996 00000 10275 20261 39838 40016 60002 70400 333 59045 60007 92%=
41638 01996 00000 10260 20238 4//// 60002 70400 333 5//// 60007 88%=
41639 01696 50000 10260 20238 3//// 4//// 60002 70420 82530 333 56990 5//// 60007 82640 83460 88%=
41640 01996 30000 10270 20256 39768 40007 60002 70422 83030 333 56090 59044 60007 83360 92%=
41641 01996 22804 10260 20238 39745 40010 60002 70400 82030 333 56090 59001 60007 82360 88%=
41642 01995 00000 10250 20235 3//// 4//// 60002 71000 333 5//// 60007 RH.92%=
41643 01696 20000 10250 20235 39740 40008 70411 82400 333 56900 59038 60007 82640 92%=
41643 01696 20000 10260 20238 39742 40009 70411 82400 333 56900 59045 60007 82640 88%=
41644 01696 20000 10255 20241 3//// 4//// 60002 70400 82020 333 56090 5//// 60007 82460 92%=
41646 01996 00000 10265 20244 39810 40018 60002 70400 333 59054 60007 88%=
41652 01996 00000 10280 20259 39832 40004 60002 70400 333 59053 60007 88%=
41660 019// 01306 10190 20024 38371 48459 60002 70500 333 59029 60007 RH33%=
41661 01996 00000 10185 20068 38326 48450 60002 70540 333 59029 60007 46%=
41669 01696 50000 10280 20259 3//// 4//// 60002 70500 82520 333 56990 5//// 60007 82640 83460 88%=
41670 01996 00000 10260 20246 4//// 60002 70400 333 5//// 60007 92%=
41674 01995 33104 10260 20246 3//// 4//// 60002 71000 8307/ 333 56090 5//// 60007 83460 92%=
41675 01996 00000 10290 20262 39853 49991 60002 70400 333 59052 60007 85%=
41676 01996 00000 10280 20266 39864 40014 60002 70400 333 59056 60007 92%=
41677 01996 00000 10270 20256 39834 49995 60002 70400 333 59038 60007 92%=
41678 01996 00000 10280 20221 40006 60002 70500 333 59038 60007 70%=
41679 01996 00000 10275 20254 4//// 60002 70411 333 5//// 60007 88%=
41680 01995 00000 10275 20254 39814 40004 60002 71000 333 59045 60007 88%=
41700 01996 00000 10280 20244 39861 49981 60002 70400 333 59049 60007 81%=
41701 01996 00504 10270 20241 39866 40004 60002 70400 333 59046 60007 84%=
41716 01996 00000 10270 20256 39904 40004 60002 70400 333 59047 60007 92%=
41718 01996 40000 10290 20248 39895 49993 60002 70400 84030 333 56090 59043 60007 84362 78%=
41BAG 02696 10502 10140 20086 60002 81500 333 56900 60007 81640 70%=
41SKP 01996 20000 10255 20248 3//// 4//// 60002 70400 82030 333 56090 5//// 60007 82360 96%=
43532 01996 00000 10220 20205 39244 40003 60002 70400 333 59029 60007 91%=
43533 02996 40000 10240 20211 39120 48420 60002 84020 333 56090 59046 60007 84640 84%=
43563 02697 60000 10256 20219 39352 40013 60002 82530 333 56990 59045 60007 82640 84360 81%=


PPAA 5500/ 41517 MISDA DUE TO SMOKE HAZE=
PPAA 5500/ 41640 MISDA DUE TO TECHNICAL REASON=
PPAA 5500/ 41646 MISDA DUE TO TECHNICAL FAULT=
PPAA 55001 41600 55185 34510 77999=
PPAA 55001 41624 55185 36006 77999=
PPAA 55001 41678 55185 26004 77999=
PPAA 55001 41718 55185 23507 77999=
PPBB 55001 41600 90/12 00000 22001 22505 903// 26007=
PPBB 55001 41624 90/12 09004 08004 06005 9037/ 04505 34008=
PPBB 55001 41678 90/12 00000 30503 29505 903// 29006=
PPBB 55001 41718 90/12 00000 21505 22006 903// 22507=
PPAA 55001 41675 55185 20516 77999=
PPBB 55001 41675 90/12 00000 19009 20011 903// 20014=
PPAA 5500/ 41739 no acent due to security risk=
PPAA 55231 41780 MISDA NO ASCENT DUE TO SHORTAGE RED BALLOON=
PPAA 5500/ 41749 MISDA DUE TO TECHNICAL FAULT=
PPAA 5500/ 41768 NO ASCENT DUE TO SHORTAGE OF STAFF=
PPAA 55231 41764 55185 32510 77999=
PPBB 55231 41764 23010 23008 25008 903// 27008=
PPAA 5500/ 41517 MISDA DUE TO SMOKE HAZE=


41526 Not Received
41760 Not Received
41783 Not Received



Data Generated from File : D:\all data handling\Rmc_lhr\20240900500.FSU.txt
05/09/24 00:59:59
______________________________________________________________
15020 05/70 /2902 10190 20115 39988 40180 57004 60001 7000/ 333 55300 0//// 20000 3//// 55021 0//// 20945 3//// 60007=
15090 01570 82801 10175 20154 30083 40173 57003 69901 70262 8457/ 333 4/000 55300 10080 20000 30000 55013 00213 20753 30524 60007 91001 91102=
15107 05/70 /0800 10131 20098 39400 42824 57006 60001 7000/ 333 55300 0//// 20000 3//// 55097 0//// 22050 3//// 60007=
15108 22298 60603 10069 20051 38135 48536 57007 60001 82570 333 55300 0//// 20000 3//// 55043 0//// 21205 3//// 60007=
15127 05970 72501 10130 20075 39326 42820 57008 60001 7000/ 87070 333 4/000 55300 0//// 20000 3//// 55097 0//// 22104 3//// 60007 91002 91103=
15150 01570 83401 10169 20133 39967 40175 57006 60011 70262 8457/ 333 4/000 55300 0//// 20000 3//// 55042 0//// 21318 3//// 60007 91002 91103=
15168 05/70 /0101 10132 20087 39570 42809 57003 60001 7000/ 333 4/000 55300 0//// 20000 3//// 55103 0//// 22132 3//// 60007=
15170 05998 42700 10119 20081 39418 42813 57009 60001 7000/ 84070 333 55300 0//// 20000 3//// 55088 0//// 21946 3//// 60007 91002 91102=
15215 05/70 /3202 10129 20093 39590 42812 57002 60001 7000/ 333 4/000 55300 0//// 20000 3//// 55106 0//// 22161 3//// 60007=
15217 05/70 /3602 10130 20096 39520 42811 57009 60001 7000/ 333 4/000 55300 0//// 20000 3//// 55094 0//// 22007 3//// 60007=
15238 05/70 /0101 10119 20092 39574 42812 57005 60001 7000/ 333 4/000 55300 0//// 20000 3//// 55100 0//// 22097 3//// 60007=
15261 05/64 /0900 10102 20090 39383 42828 58004 60001 7000/ 333 55300 0//// 20000 3//// 55102 0//// 22162 3//// 60007=
15280 02999 03208 10059 20023 37553 47125 57007 60001 333 55300 0//// 20000 3//// 55098 0//// 22273 3//// 60007 91013 91114=
15300 05997 02303 10124 20093 39560 42811 57005 60001 7000/ 333 55300 0//// 20000 3//// 55099 0//// 22141 3//// 60007 91004 91104=
15301 05970 00201 10093 20070 38661 48541 57007 60001 7000/ 333 4/000 55300 0//// 20000 3//// 55094 0//// 22199 3//// 60007 91003 91103=
15302 05/70 /1201 10095 20075 38955 48522 57006 60001 7000/ 333 55300 0//// 20000 3//// 55079 0//// 21945 3//// 60007=
15307 05/70 /0103 10212 20093 39974 40154 58010 69911 7000/ 333 4//// 55300 0//// 20000 3//// 55102 0//// 22076 3//// 69917=
15310 05570 63403 10193 20124 30066 40149 57014 60001 7000/ 81570 333 4/000 55300 10146 20000 30000 55090 00774 22030 31900 60007 91006 91107=
15324 05/70 /3200 10143 20089 39387 42807 57003 60001 7000/ 333 4/000 55300 0//// 20000 3//// 55048 0//// 21226 3//// 60007=
15325 05970 03402 10104 20078 38510 48521 57005 60001 7000/ 333 4/000 55300 0//// 20000 3//// 55074 0//// 21700 3//// 60007 91005 91107=
15328 05/70 /1101 10150 20104 39825 40170 50001 60001 7000/ 333 4//// 55300 0//// 20000 3//// 55104 0//// 22121 3//// 60007=
15335 05569 63002 10184 20150 30137 40143 58007 60001 7000/ 86500 333 4/001 55300 0//// 20000 3//// 55082 0//// 21901 3//// 60007 91004 91105=
15349 05/70 /3001 10142 20094 39628 40172 54001 60001 7000/ 333 4/000 55300 0//// 20000 3//// 55070 0//// 21627 3//// 60007=
15350 05570 53502 10217 20100 30047 40162 58010 60001 7000/ 85500 333 55300 0//// 20000 3//// 55076 0//// 21433 3//// 60007 91003 91106=
15360 05569 63108 10179 20162 30111 40127 57006 60001 7000/ 86070 222// 06228 20001 333 55028 60007 91009 91110 92428=
15375 05966 03402 10136 20104 39818 40173 54001 60001 7000/ 333 4/000 55300 0//// 20000 3//// 55063 0//// 21636 3//// 60007 91003 91103=
15377 05/70 /3601 10154 20107 39952 40165 50001 60001 7000/ 333 55300 0//// 20000 3//// 55058 0//// 21366 3//// 60007=
15402 05/70 /0601 10182 20114 30089 40162 58005 60001 7000/ 333 55300 0//// 20000 3//// 55082 0//// 21921 3//// 60007=
15419 05970 01000 10163 20098 39981 40172 52002 60001 7000/ 333 4/000 55300 0//// 20000 3//// 55073 0//// 21758 3//// 60007 91001 91103=
15420 25970 00702 10184 20110 30053 40161 58002 60001 7000/ 333 4/000 55300 0//// 20000 3//// 55089 0//// 21897 3//// 60007 91003 91104=
15421 05970 40501 10184 20108 30064 40172 58003 60001 7000/ 80001 333 55300 10208 20000 30000 55086 00789 21969 30676 60007 91003 91104=
15422 05970 00601 10194 20114 30062 40161 54001 60001 7000/ 333 55300 0//// 20000 3//// 55074 0//// 21807 3//// 60007 91003 91105=
15455 05/70 /1003 10183 20105 30038 40166 52005 60001 7000/ 333 4//// 55300 0//// 20000 3//// 55083 0//// 21829 3//// 60007=
15460 05/70 /2801 10169 20128 30135 40160 57004 60001 7000/ 333 55300 0//// 20000 3//// 55104 0//// 22119 3//// 60007=
15470 05970 00907 10202 20105 30036 40158 52004 60001 7000/ 333 55300 0//// 20000 3//// 55078 0//// 21650 3//// 60007 91010 91110=
15475 06/// /0701 10165 20124 30144 40164 50001 60001 333 55300 0//// 20000 3//// 55094 0//// 21975 3//// 60007=
15480 05970 03102 10191 20145 30126 40143 57008 60001 7000/ 222// 0//// 2//// 333 4/000 55300 10164 20000 30000 55099 00950 22097 31979 60007 91006 91106 92428=
15489 05970 00908 10198 20106 30070 40161 52004 60001 7000/ 333 55300 0//// 20000 3//// 55100 0//// 21965 3//// 60007 91011 91111=
15491 05970 00604 10199 20120 30131 40160 52002 60001 7000/ 333 55300 0//// 20000 3//// 55101 0//// 22027 3//// 60007 91008 91109=
15549 12970 00201 10155 20119 39748 40152 52003 60001 333 10230 20155 579//=
15552 12565 13201 10193 20133 30094 40141 54000 60001 81500 222// 00267 10201 333 10241 20193 568// 92024 92427=
15640 12970 00000 10189 20145 39852 40152 58007 60001 333 10247 20178 575//=
15655 12962 03201 10208 20176 30111 40143 52002 60001 222// 00253 10000 333 10239 20208 582// 92023 92427=
15730 12970 40000 10199 20137 39759 40138 52002 60001 80001 333 10272 20199 568//=
16627 12965 20404 10232 20181 30126 40131 54000 60001 80001 333 90730 91106 40000 47630 44255 50000 50200=
16650 12960 09902 10240 20203 30113 40120 58002 60001 333 90730 91105 40000 47621 44270 50000 50216=
16706 12960 00109 10262 20177 30089 40095 56002 60001 333 90730 91117 40000 47606 44275 50000 50208=
16732 36/// /3304 10260 20207 30097 40108 57009 333 90730 91108=
16742 12960 03508 10242 20189 39936 40086 57007 60001 333 90730 91112 40000 47493 44275 50000 50208=
16749 12460 12309 10264 20223 30060 40074 57010 60001 81100 333 90730 91115 40000 47581 44245 50000 50236=
16754 12960 01804 10244 20188 30071 40120 58008 60001 333 90730 91112=
16760 17/// /0407 10236 20158 39726 40123 57008 69901 7//4/ 333 90730 91112=
17031 12670 42104 10208 20192 30117 40123 57010 60001 84200 333 84834 91107=
17034 12670 51901 10234 20191 30086 40130 57006 60001 82130 333 82835 85360 91106 92428=
17038 12670 72305 10246 20188 30079 40124 56003 60001 87200 333 87835 91118 92428=
17060 12960 00406 10226 20187 30098 40137 55004 60001 333 91118=
17070 12665 50601 10168 20129 39299 40123 55003 60001 85200 333 85835 91102=
17084 12970 22901 10172 20153 39260 40115 51002 60001 80001 333 82070 91112=
17092 12970 00703 10153 20108 38837 48493 52005 60001 333 91110=
17096 12960 09901 10109 20078 38241 48492 52003 60001 333 91110=
17098 12960 01007 10119 20103 38201 48491 57004 60001 333 91113=
17100 12970 00000 10247 20122 39129 40042 52011 60001 333 91111=
17115 12960 00205 10228 20199 30083 40131 56003 60001 333 91118=
17116 12970 00602 10218 20170 30010 40124 50000 60001 333 91110=
17124 12960 02407 10169 20142 39251 40115 55002 60001 333 91113=
17128 12970 20306 10170 20118 39069 40103 56002 60001 82030 333 82360 91112=
17150 12960 00000 10205 20176 30001 40117 55001 60001 333 91117=
17160 12670 73307 10203 20121 38995 48499 55001 60001 84250 333 84840 87360 91118=
17170 12660 10601 10145 20062 38318 48479 56006 60001 81100 333 81840 91114=
17184 12970 03402 10232 20168 39999 40103 55002 60001 333 91112=
17190 12670 23502 10183 20126 38978 48508 56003 60001 82100 333 82835 91109=
17190 12670 23502 10183 20126 38978 48508 56003 60001 82100 333 82835 91109=
17195 12970 00505 10181 20122 38947 48499 55000 60001 333 91110=
17200 12960 03208 10259 20109 39130 40030 56003 60001 333 91117=
17202 12970 02705 10227 20080 39073 40029 54000 60001 333 91109=
17203 12970 02001 10184 20056 38836 48516 55000 60001 333 91105=
17219 12965 00209 10255 20162 39960 40095 57004 60001 333 91117=
17237 12970 02401 10241 20136 39621 40090 55001 60001 333 91104=
17240 11570 53002 10211 20163 39013 40079 58007 60011 70282 83250 333 83830 85360 91123=
17244 12670 63212 10222 20113 38970 48501 56005 60001 82150 333 82840 86362 91117=
17260 12960 02505 10218 20170 39255 40009 57006 60001 333 91115=
17280 12960 01503 10213 20123 39307 40034 52002 60001 333 91114=
17292 12970 03201 10216 20141 39366 40075 57008 60001 333 91106=
17300 12560 23307 10265 20167 30009 40076 57012 60001 82100 333 82830 91112=
17310 12970 00601 10281 20215 30055 40062 56009 60001 333 91107 92428=
17330
17350 12660 30704 10258 20221 39994 40067 52005 60001 83100 333 83835=
17370 12670 32607 10285 20238 30073 40077 57010 60001 83100 333 83835 91112 92438=
17375
33088 32997 00602 10174 20100 30026 40211 54000 555 1/015=
33135 329// 00302 10186 20129 30076 40218 52004 555 1/017=
33177 32597 60000 10166 20111 39976 40205 53002 86500 555 1/017=
33317 329// 00901 10159 20084 39872 40198 58003 555 1/015=
33393 31660 50000 10175 20153 39819 40195 52003 78011 84330 333 84946=
33415 32997 53601 10192 20127 39808 40188 57002 85030 555 1/018=
33429 32997 70301 10156 20102 39779 40187 57005 83031 555 1/016=
33466 /1568 81801 10192 20089 39998 40177 58003 72522 889// 333 86927 11017 69911=
33506 /1597 80102 10158 20115 39994 40184 58004 72582 889// 1/015 60011=
33562 32960 80000 10158 20144 39895 40189 57004 8805/ 555 1/016=
33587 325// 80201 10213 20094 39917 40166 57003 85501 555 1/016=
33658 32970 73203 10164 20139 39896 40185 57005 87030 555 1/016=
33663 32597 83201 10184 20136 30084 40176 57002 885// 555 1/018=
33711 32960 70303 10212 20059 39950 40149 57007 87030 555 1/020=
33761 32598 80303 10170 20115 39937 40151 57010 885// 555 1/015=
33791 32980 30505 10212 20044 30020 40141 57006 80001 555 1/017=
33837 /1450 80103 10169 20158 30074 40124 58011 78098 883// 1/017 60261=
33902 /1596 83201 10180 20140 30069 40126 57005 72522 889// 1/017 69931=
33924 41996 01801 10193 20176 30101 40113 57006 71011=
33946 42963 01702 10175 20167 39903 40114 57004=
33983 42997 00702 10196 20175 30057 40114 57003=
34300 32697 70704 10193 20046 30029 40199 53004 87500 555 1/018=
34336 42997 00503 10183 20103 30117 40216 53010=
34344 82998 00901 10168 20106 30129 40214 53009=
34356 82998 00603 10162 20065 30075 40217 52001=
34357 82998 00703 10163 20073 30061 40210 54000=
34398 419// 00706 10138 20061 30189 40199 58001 70730 16013=
34415 32697 70901 10218 20050 30085 40176 52001 87500 555 1/019=
34438 82/// /0605 10182 20112 30009 40191 52007 333 91110=
34445 81998 20902 10177 20092 30093 40202 53005 70113 80001 333 91113=
34461 82997 00503 10164 20065 30152 40205 57003=
34473 429// 00405 10158 20080 30169 40206 52001 10014=
34476 82998 00505 10168 20050 30189 40196 54000 333 91110=
34504 32981 00805 10228 20013 39989 40153 57001=
34535 82998 00904 10195 21035 30108 40174 52008=
34545 82998 00704 10191 20105 30076 40182 52005 333 91111=
34555 82998 30610 10193 20129 30103 40190 54001 81031 333 91013 91115=
34560 42997 00709 10178 20106 30012 40194 57002 333 91010 91114=
34578 82997 00904 10196 20095 30171 40178 52003=
34579 82998 00203 10183 20085 30141 40183 52003=
34601 33902 /1596 83201 10180 20140 30069 40126 57005 72522 889// 1/017 69931=
34644 82997 00505 10204 21232 30084 40157 57004=
34646 82998 20605 10203 20092 30088 40166 52001 82030 333 91010 91110=
34655 82997 00404 10178 20014 30114 40172 54001=
34662 82998 03502 10171 20063 30167 40178 54001=
34691 42998 50704 10190 20056 30184 40172 58002 85030 10017=
34712 38141 42598 30609 10184 20093 39971 40121 57009 83900 10019=
34720 82698 80203 10218 20068 30103 40141 53008 885//=
34727 82597 80602 10226 20097 30105 40133 57002 884//=
34743 82997 00703 10185 21025 30075 40160 57001=
34759 82997 30402 10166 21023 30032 40158 58002 80001=
34772 82997 60203 10208 21029 30157 40160 58005 8603/=
34785 82997 70404 10217 21003 30174 40153 58004 81081=
34798 42997 50304 10193 20079 30175 40147 58004 80005 10016=
34824 82997 80701 10213 20187 30125 40130 52002 80001=
34838 41997 80000 10196 20179 30038 40129 50001 70298 8805/=
34845 82998 80803 10218 20029 30033 40135 58003 8007/=
34858 42997 60000 10169 20001 30043 40146 55003 86030=
34861 82997 00603 10157 21013 39921 40154 57006=
34866 82997 00503 10159 21018 30156 40148 58005=
34880 82997 00302 10211 20001 30167 40142 57004=
34887 82998 53501 10140 20069 30164 40145 54000 80004=
34949 81698 80203 10184 20145 39616 40133 57006 70282 8233/=
34954 82598 80000 10205 20086 39974 40138 55002 885//=
34958 42998 00000 10184 20048 39950 40140 55003=
34975 42998 80703 10175 20048 30139 40135 58006 80070=
34984 82998 60104 10172 20079 30167 40138 52002 80032=
35217 429// 00903 10108 20032 30186 40225 52009 10010=
35302 429// 00908 10139 20085 30196 40216 52009 333 91115 10012=
35315 429// 00704 10123 20067 30164 40219 52010 10010=
35344 429// 00205 10059 20043 39942 40225 51003 10005=
35345 46/// /0305 10070 20070 39904 40220 53003=
35358 429// 03205 10069 20014 30023 40189 58004 10005=
35368 429// 83605 10090 20045 39909 40167 53002 8807/ 10008=
35386 425// 30000 10060 20046 39619 40122 54000 83500 10006=
35394 41598 63202 10072 20064 39457 40108 54000 70262 86500 555 11009=
35404 429// 00704 10144 20070 30184 40192 54000 10014=
35406 429// 00704 10160 20082 30191 40193 52007 10015=
35416 426// 22005 10121 20044 30094 40210 52007 82400 10011=
35426 429// 00502 10084 20036 39938 40222 52006 10006=
35437 429// 00301 10075 20045 39913 40219 52007 11006=
35449 429// 00107 10103 20076 30093 40193 52003 10007=
35497 415// 83202 10078 20070 39341 40105 53001 70282 889// 555 11009=
35498 426// 83201 10060 20012 39262 40108 57010 885// 10002=
35514 42998 00704 10164 20051 30190 40186 52008 10014=
35519 42598 20704 10154 20064 30120 40187 54000 82300 10013=
35522 429// 00704 10108 20030 39966 40209 52008 10009=
35542 429// 03604 10082 20058 30060 40203 52005 10005=
35563 42998 00000 10052 20036 39408 40156 52001 10001=
35576 429// 00402 10074 20024 39705 40138 53008 11006=
35582 425// 63603 10071 20065 39542 40119 53001 86900 11005=
35594 415// 83306 10076 20057 39301 40103 57003 70281 889// 555 11007=
35605 42998 50405 10198 20111 30187 40167 52005 80003 10018=
35633 429// 00404 10096 20061 39992 40198 52008 10008=
35671 42998 03502 10073 20026 39729 40144 53002 10006=
35699 429// 30505 10127 20049 39359 40068 57005 83040 10010=
35700 42598 70903 10217 20086 30179 40157 53004 86935 10020=
35715 42597 71108 10195 20084 30194 40160 52005 87500 10016=
35739 429// 40703 10154 20068 30041 40173 51010 84040 18015=
35746 429// 20305 10121 20046 30109 40173 52007 80001 10010=
35777 425// 72705 10105 20034 39764 40092 57008 87500 10009=
35796 42997 73503 10154 20053 39654 40059 57004 87070 10013=
35816 46/// /0906 10192 20097 30159 40170 53006=
35849 429// 30503 10141 20070 30075 40157 52006 80001 10012=
35895 42597 60000 10143 20073 39662 40077 53004 86300 10012=
35907 42998 00509 10194 20151 30163 40135 52002=
35925 429// 30707 10180 20112 30040 40145 52006 80002 10019=
35927 429// 20907 10201 20099 30133 52007 80002=
35953 429// 33607 10140 20053 30018 40140 52003 83030 10013=
35969 429// 00000 10128 20020 39960 40124 52006 10011=
35997 426// 62702 10176 20070 39664 40066 57005 84550 333 91105 555 10015=
36259 62599 73501 10035 21019 38220 48487 57004 60002 84902 333 20018 30001 55115=
36335 42597 72903 10078 20034 39118 40092 57007 87500 10009=
36358 42999 71802 10095 20017 39120 40082 53003 86032 10066=
36394 42697 81701 10123 20106 39678 40074 53007 885//=
36397 42699 51804 10156 20051 39538 40061 57006 83540 10015=
36403 42698 81003 10170 20056 39723 40055 57004 889// 10013=
36418 42699 72403 10129 20049 39508 40083 57008 83933 10011=
36421 42699 80000 10055 20046 39567 40110 57004 885// 10007=
36428 42799 73402 10106 20073 39616 40089 56003 82530 333 95000 555 11009=
36439 42798 70908 10114 20016 38904 48449 57008 82542 11008=
36467 42998 33203 10072 21008 39185 40087 57014 83070 10007=
36498 42598 71105 10145 20017 39322 40057 57013 87300 10012=
36501 42698 80000 10121 20108 39368 40072 53005 883// 10012=
36535 42599 72801 10076 20032 39501 40104 57004 84330 10006=
36546 42699 73106 10191 20078 39578 40071 57008 82343 10016=
36619 42699 60902 10119 20072 86500 10009=
36622 42598 80000 10142 20071 39326 40073 56002 8397/ 10011=
36639 42599 70000 10088 20051 39519 40095 58003 85551 10008=
36643 42599 72802 10118 20035 39462 40083 57006 84970 10010=
36665 42699 71401 10142 20027 39398 40073 57006 84902 10011=
36666 42599 71402 10140 20052 39625 40084 57002 84970=
36729 42998 81302 10168 20034 39618 40063 57010 85075 333 91105 555 10014=
36736 42599 70702 10166 20019 39581 40094 54000 86950 10013=
36744 42998 70000 10136 20036 39661 40083 54000 87040 333 91103 555 10011=
36770 42599 72601 10204 20031 39396 40060 57004 83970 333 91105 555 10015=
36786 42699 61102 10121 20003 39211 40075 57013 83902 333 91107=
36796 42998 00000 10012 21009 38964 48434 57011 333 91102=
36803 42699 31802 10139 20097 39661 40081 58006 83500 333 91112=
36806 42999 61604 10164 20053 39661 40096 57003 82052 333 91124=
36819 429// 52306 10163 20068 39519 40089 53005 82044 333 91114=
36821 425// 72102 10187 20057 39616 40067 53004 87900 333 91105=
36839 42599 83201 10139 20052 39033 40092 53001 82941 333 91106=
36843 429// 82103 10167 20018 38989 40080 53003 8807/ 333 91109=
36846 426// 80802 10099 20036 38577 48466 57006 83552 333 91108=
36859 42999 03601 10111 20044 39367 40110 53002 333 91106 10009=
36870 429// 60000 10168 20077 39135 40077 57001 86030 333 91103 555 10013=
36874 42999 51803 10119 20054 39360 40096 54000 80006 333 91109=
36877 42999 00000 10067 20047 39183 40127 57001 333 91103=
36885 42999 41102 10168 20031 39036 40088 57003 82031 333 91106=
36889 42999 61801 10052 21051 37077 47107 57005 86070 333 91104=
36894 42999 30000 10132 20063 39400 40098 53001 82042 333 91108=
36905 42999 51501 10151 20002 38699 48466 57003 82042 333 91105=
36911 429// 50000 10124 20038 39182 40111 53003 80004 10009=
36927 42997 00000 10103 20045 38327 48490 57005=
36934 42697 40902 10117 20022 38242 48362 53001 82542=
36953 42999 02402 10058 21026 38182 48508 57005 333 91106 1/002=
36963 429// 31601 10022 21134 37070 48/// 57003 80001 10103=
36974 429// 00901 10054 21027 37976 48522 58010 10002=
36982 42999 01001 11011 21074 36581 47134 57002=
37018 42697 20701 10217 20195 30040 40111 54000 81501=
37031 81597 80000 10188 20184 39944 40129 57004 70282 885//=
37054 82597 80000 10200 20174 39770 40132 56007 885//=
37061 81997 50501 10183 20115 39978 40139 52001 70182 85030=
37085 81596 80701 10203 20171 30163 40137 52011 78082 889//=
37171 42996 00701 10216 20202 30098 40115 53003=
37228 81597 82201 10172 20170 39336 40128 57014 70282 885//=
37235 81597 71101 10189 20183 39832 40132 52003 70198 8750/ 333 91114=
37472 81596 72903 10202 20186 30152 40131 52023 79592 83371 333 91113=
38149 42598 43201 10146 20019 30053 40127 53002 84900 10014=
38178 429// 03603 10178 20038 39833 40104 53004 10012=
38262 429// 00101 10162 20043 30037 40116 58012 10013=
38264 42998 23503 10158 20027 30015 40104 57008 80001 333 00014 555 10013=
38345 42998 01001 10109 20019 38770 48477 54000 10009=
38353 429// 21401 10178 20046 39245 40092 57005 82030=
38388 42998 00701 10166 20034 30041 40109 58004 18015=
38392 42997 00804 10183 21005 39997 40095 57008 10017=
38396 42997 00503 10147 20027 39978 40098 57004 333 00014 10014=
38403 429// 00503 10211 20065 30007 40121 52004 10016=
38413 429// 00903 10214 21017 39789 40072 57021 10017=
38457 42997 00201 10162 20051 39533 40094 57009 10009=
38462 429// 20000 10111 20036 38737 48486 53001 82500 10005=
38462 429// 20000 10111 20036 38737 48486 53001 82500 10005=
38507 42965 00903 10250 21017 39971 40068 57004 333 91005 10017=
38545 42998 00000 10132 20080 39918 40087 57008 10013=
38565 329// 00000 10118 20029 39507 40076 57007 10009=
38579 329// 00000 10143 20092 39685 40086 57001 10010=
38583 32997 00701 10137 20109 39782 40092 57003 333 00008 10009=
38599 42997 01903 10147 20068 39608 40103 52005=
38611 42997 03502 10185 20059 39559 40101 57001 333 00015 10015=
38613 429// 00402 10159 20023 39253 40116 57007 10013=
38616 429// 00901 10146 20025 39144 40118 56004=
38618 429// 01401 10157 20073 39437 40096 57001 333 00011 10011=
38647 42997 00903 10220 21090 30003 40043 52001 10018=
38656 42998 00904 10200 21067 39974 40078 57004 10019=
38683 42997 00000 10161 20036 39806 40071 57009 333 00/// 10013=
38687 42997 03603 10203 20032 39853 40075 57010 10017=
38696 329// 00702 10197 20068 39267 40074 57004 333 00015 10015=
38713 429// 01802 10142 20015 38999 48490 56008=
38750 42997 01801 10238 20225 30099 40073 53002 10024=
38763 42997 00000 10170 20011 39961 40062 57004 10015=
38774 42995 02201 10194 20036 39878 40064 57015 10015=
38799 42997 02901 10155 20043 39863 40087 57004 10014=
38806 42997 00000 10142 20082 39808 40059 57009 10014=
38812 42997 00702 10177 20056 39642 40073 52002 10015=
38836 429// 00000 10180 20065 39155 40043 58011=
38880 42997 00000 10184 21006 39820 40063 57010 10018=
38886 42997 00000 10156 20090 39864 40086 57007 10011=
38895 42996 00000 10180 20073 39809 40086 57008 10014=
38911 42997 00000 10176 20062 39793 40074 58010 10015=
38915 42997 00000 10180 20104 39775 40083 58002 10015=
38927 32960 00402 10178 20102 39710 40068 54000 10015=
38933 429// 00000 10167 20120 39602 40095 53004=
38944 419// 03605 10227 20076 39511 40015 57001 70500=
38954 429// 00000 10185 20030 37914 48450 53006=
38974 42998 02301 10187 20017 39754 40072 57010 10019=
38987 38388 42998 00701 10166 20034 30041 40109 58004 18015=
40080 32965 02207 10201 20175 39400 4//// 54000=
40083 38715 429// 01802 10106 21054 36990 47140 57008=
40100 43970 01104 10271 20208 30087 40102 56010 6///1 333 58///=
40180 129// /1702 10258 20201 30044 40092 57007 60001 333 70000=
40199 129// /3504 10290 20185 30063 40087 52001 60001 333 70000=
40255 36/// /2704 10211 29086 3//// 4//// 5////=
40265 31557 23603 10178 20172 39346 40103 57005 71000 82100 333 82825=
40270 31956 03103 10194 20165 39236 40091 57005 70500=
40272 31950 02608 10190 20157 39304 40109 57019 70500=
40296 36/// /0403 10311 29055 4//// 5////=
40310 40255 36/// /2704 10211 29086 3//// 4//// 5////=
40340 32960 00107 10286 20173 30033 40094 52001=
40356 32960 02904 10228 20100 39143 48494 333 59013 04410 50059=
40357 32960 03308 10284 20050 39444 40034 333 59015=
40360 32960 02904 10222 20150 39522 40079 333 59010=
40361 32960 00000 10271 20050 39323 40080 333 59017=
40362 32960 00000 10265 20010 39556 40035 333 59012=
40373 32960 03605 10292 20050 39642 40029 333 59013=
40375 32960 03010 10265 20100 39215 40033 333 59037=
40394 32960 00000 10274 20070 38985 48497 333 59019 04410 50032=
40394 32960 00000 10274 20070 38985 48497 333 59019 04410 50032=
40400 32960 03104 10298 20240 30021 40048 333 59010=
40405 32960 03104 10266 20060 39341 40031 333 59014=
40417 32960 00000 10283 20240 39998 40012 333 59011=
40420 32960 02703 10304 20190 39816 40013 333 59009=
40430 32660 32904 10349 20100 39338 40035 83500 333 59016 83640=
40437 32960 02903 10283 21010 39372 40027 333 59012=
40439 32960 02608 10330 20130 30004 40022 333 59016=
40582 32960 03512 10345 20128 40019 58001 333 0/033 55300 00000 10213 20000 30000 41347 51556 60000 55407 40000 90467 91019 91121 91217 91313=
40703 12960 00000 10200 20060 38850 40005 53002 60001 333 70000 10126 29040=
40706 12964 00403 10212 20034 38606 40009 53001 60001 333 70000 10121 29031=
40712 12962 02703 10164 20038 38623 40005 51002 60001 333 70000 10101 29043=
40713 12965 01003 10201 20010 38606 49993 58002 60001 333 70000 10108 29028=
40718 12560 22602 10252 20221 30107 40080 56002 60001 82500 333 70000 82625 10231 29083=
40723 12970 09901 10112 21056 38913 40070 55003 60001 333 70000 10048 29030=
40726 12960 00000 10222 20072 38609 40000 58002 60001 333 70000 10139 29038=
40727 12960 01802 10124 21012 38449 40032 56006 60001 333 70000 10064 29039=
40732 12560 40000 10254 20221 30081 40058 52006 60001 84500 333 70000 84626 10232 29082=
40736 12860 52402 10272 20238 30097 40073 52007 60001 85070 333 70000 85358 10249 29082=
40737 12560 52201 10257 20232 30053 40070 53008 60001 83530 333 70000 83630 83360 10240 29086=
40738 12560 60000 10265 20231 30079 40081 52008 60001 82570 333 70000 82630 86360 10242 29082=
40739 12965 00201 10184 21126 38649 40038 57004 60001 333 70000 10071 29011=
40741 12960 00000 10176 21010 39751 40062 56008 60001 333 70000 10096 29028=
40743 12965 01004 10217 21126 39005 40036 55001 60001 333 70000 10090 29009=
40745 12962 02102 10160 20028 38991 40067 58008 60001 333 70000 10097 29041=
40747 12960 00000 10158 20032 38600 40024 52001 60001 333 70000 10096 29043=
40754 12960 03503 10263 21043 38776 40012 56003 60001 333 70000 10123 29013=
40762 12965 00000 10172 21107 38515 40022 58010 60001 333 70000 10067 29014=
40766 12960 00000 10178 21049 38645 40014 54000 60001 333 70000 10082 29021=
40768 12960 01101 10151 21059 38241 40014 57002 60001 333 70000 10065 29023=
40769 12960 01801 10183 21065 38276 40002 56005 60001 333 70000 10079 29018=
40780 12960 00000 10204 20003 38640 40027 57006 60001 333 70000 10107 29026=
40782 12962 01302 10218 20052 38809 40008 58002 60001 333 70000 10131 29034=
40785 12960 00000 10218 21100 39008 40015 57002 60001 333 70000 10094 29011=
40791 12965 03201 10234 21191 39251 40011 54000 60001 333 70000 10093 29005=
40792 12962 00703 10158 21176 38666 40023 57006 60001 333 70000 10052 29009=
40798 12960 02701 10085 21057 37965 40046 50000 60001 10029 29036=
40800 12960 00000 10163 21074 38436 40032 51001 60001 333 70000 10068 29019=
40809 12960 01103 10139 21172 38452 40009 55007 60001 333 70000 555 10041 29010=
40811 11957 01601 10290 20205 39980 40004 56002 60001 70500 333 70000 10233 29060=
40812 12960 01503 10317 20124 39653 49996 57006 60001 333 70000 10200 29031=
40818 62349 093150 091140 094138 096144 096133 096137 8//16 92347=
40821 12970 01302 10204 21116 38734 40021 56005 60001 333 70000 10083 29011=
40829 12960 03307 10273 21022 39472 40000 56007 60001 333 70000 10136 29014=
40831 12960 02702 10281 20125 30010 40018 56005 60001 333 70000 10189 29038=
40833 11956 01004 10312 20260 39990 40019 56007 60001 70500 333 70000 10274 29074=
40835 12960 00000 10267 20189 39239 40005 57009 60001 333 70000 10215 29062=
40841 12960 01002 10112 21136 38220 40031 56003 60001 333 70000 10030 29016=
40848 12960 00000 10226 20144 38475 49980 57002 60001 333 70000 10174 29060=
40851 12960 00000 10134 21216 38233 40019 56003 60001 333 70000 10033 29007=
40854 12960 03103 10258 21145 38871 49983 57008 60001 333 70000 10106 29006=
40856 12960 01803 10165 21085 38583 40011 53008 60001 333 70000 10068 29017=
40859 12960 03102 10202 20015 38644 49997 56004 60001 333 70000 10110 29029=
40875 11550 30703 10308 20267 30006 40017 56006 60001 70500 83500 333 70000 83630 10278 29079=
40879 12960 00000 10278 20024 39377 40006 53002 60001 333 70000 10149 29020=
40882 11930 01802 10292 20266 39971 40004 56006 60001 71000 333 70000 10273 29086=
40883 11950 01002 10308 20258 39991 40013 56003 60001 70500 333 70000 10272 29075=
40893 11957 01403 10298 20254 30009 40014 56007 60001 70500 333 70000 10266 29077=
40898 11556 41102 10283 20252 30009 40018 57007 60001 71000 84600 333 70000 84720 10261 29083=
41024 32660 13111 10338 20240 30006 40031 81500 333 59017 81640=
41036 32960 00000 10238 20120 38537 48488 333 59009 04410 50037=
41055 32960 03110 10246 20080 38344 48484 333 59007 04410 50033=
41061 32960 02402 10300 20010 39347 40004 333 59010=
41084 32960 02004 10245 21050 38804 48472 333 59009 04410 50007=
41112 32960 00000 10186 20020 37932 48480 333 59006 04410 50013=
41114 32960 00000 10196 20020 37966 48482 333 59006 04410 50017=
41128 32960 02404 10256 20010 38757 48476 333 59014 04410 50015=
41136 42960 00000 10318 20030 39239 49999 333 59012=
41140 31559 51404 10319 20280 30025 40032 71011 81130 333 59016 81830 84360=
41150 31958 02903 10327 20267 40011 70500 333 59011=
41176 34/58 /3002 10298 20258 30005 40011 333 59005=
41184 32960 00000 10283 20207 40016 333 59010=
41194 12960 00205 10335 20237 30004 40009 60001 333 59010 70000=
41196 12960 00103 10300 20256 39977 40015 60001 333 59011=
41216 32960 00703 10318 20267 30005 40009 333 59012=
41217 32960 00305 10308 20253 39977 40005 333 59011=
41244 06/// /1711 10300 20214 39607 40005 60044 333 0E034 55300 25022 59010 70036=
41255 36/// /1303 10257 20210 39525 40020 333 0E029 59008 =
41258 36/// /2103 10278 20259 30005 40008 333 0E/// 55300 20000 59021=
41263 06/// /1408 10250 20217 39468 40016 60154 333 0E025 55300 20000 59007 70154 =
41265 36/// /1103 10253 20214 39465 40016 333 0E031 55300 20000 59009 41315 26/03 /0000 10220 20219 39240 47285 333 0E025 55300 27865 59009 70008
41275 36/// /1408 10256 20233 39884 40049 333 0E026 55300 20000 59006 =
41315 26/03 /0000 10220 20219 39240 47285 333 0E025 55300 27865 59009 70008
41316 01459 83502 10259 20247 30019 40048 69924 70555 886// 92345 333 59008 55005 55407 55408 55507 55508 69925 70002 82712 88620=
41396 61938 10260 20231 40130 56020 75052 847// 22254 02250 20506 318// 40507 80240=
41398 81620 10140 20105 40360 52020 7//22 8872/ 22264 0//// 20401 80120=
41480 37609 32598 53604 10120 20089 38005 48509 57010 85300=
41497 40909 10270 2//// 40141 5//// 702// 82371 22252 0//// 20802 311// 40802=
41498 41805 10290 20248 40149 52020 70211 84145 22200 00270 299// 30000 80260=
41506 02995 00000 10190 20151 38458 48457 60002 333 59015 60007=
41508 02995 00000 10194 20171 38586 48461 60002 333 59059 60007=
41515 02996 00000 10196 20137 38499 48463 60002 333 59016 60007=
41535 02996 30000 10195 20180 38638 48415 60001 83020 333 56090 59035 60007 83460=
41536 02996 50000 10210 20187 38949 48440 60002 85010 333 56090 59048 60007 85360=
41560 02996 00000 10200 20154 38227 48443 60002 333 59033 60007=
41571 11996 01304 10255 20241 39456 40016 60002 71000 333 59041=
41598 01996 00000 10260 20238 39743 40004 60002 70400 333 59037 60007=
41600 01996 00000 10260 20246 39725 40010 60012 70401 333 59048 60007=
41620 32996 01802 10225 20141 38498 48403 60002 333 59046 60007=
41624 01696 50902 10270 20241 39797 49989 60002 70420 82520 333 56990 59055 60007 82637 83460=
41630 01996 00000 10275 20254 40008 60002 70400 333 59045 60007=
41640 01996 30000 10270 20256 39768 40007 60002 70422 83030 333 56090 59044 60007 83360=
41660 019// 01306 10190 20024 38371 48459 60002 70500 333 59029 60007=
41678 01996 00000 10280 20221 40006 60002 70500 333 59038 60007=
41696 02996 00000 10150 20098 37981 48489 60002 333 58002 60007=
41697 02996 00000 10305 20231 39846 49994 60002 333 59047 60007=
41700 01996 00000 10280 20244 39861 49981 60002 70400 333 59049 60007=
41710 11996 03104 10280 21026 39267 40003 60002 70600 333 59008=
41712 12996 00000 10270 20087 39118 48463 60002 333 59012=
41715 01996 00000 10285 20257 39945 40008 60002 70500 333 59050 60007=
41718 01996 40000 10290 20248 39895 49993 60002 70400 84030 333 56090 59043 60007 84362=
41725 02996 00000 10310 20261 39921 49995 60002 333 59033 60007=
41739 01996 00000 10260 20139 38980 48459 60002 70500 333 58007 60007=
41744 12996 00000 10190 20079 38723 48452 60002 333 59003=
41749 01996 01304 10280 20259 39978 40010 60002 70400 333 59015 60007=
41756 01495 40000 10250 20220 39971 40035 60002 70500 84600 333 56900 58001 60007 84715=
41759 01995 00000 10265 20244 30035 40041 60002 71011 333 58001 60007=
41764 01996 02410 10275 20239 39958 40007 60002 70500 333 59035 60007=
41768 02996 20000 10280 20266 30000 40007 60002 82030 333 56090 59037 60007 82360=
41780 21596 42708 10280 20244 30002 40029 60002 70400 84600 333 56900 59019 60007 84720=
41785 02996 02302 10280 20259 30013 40026 60002 333 59020 60007=
41859 11435 81302 10280 20270 39995 40032 60014 70296 8562/ 333 56999 59020 70046 83710 84618 88458=
41883 32450 80000 10278 20270 30009 40029 8552/ 333 56299 59023 70000 85616 88459=
41891 31430 80000 10275 20270 30008 40046 70522 8532/ 333 56999 59012 70248 82710 83615 81930 88458=
41907 32440 70000 10270 20260 30012 40026 85510 333 56490 59023 70244 85615 86458=
41923 31440 50000 10272 20270 30024 40034 70522 82530 333 56990 59025 70110 82615 83365=
41936 31416 30000 10270 20260 30018 40025 70511 82530 333 56990 59023 70010 82615 83362=
41943 32435 60000 10272 20260 30025 40032 83530 333 56990 59026 70000 83616 84362=
41950 31445 20000 10272 20270 30027 40029 70510 81501 333 56909 59031 70000 81617=
41978 32458 70804 10280 20270 30030 40037 84320 333 56990 59026 70000 83616 81930 87460=
41992 11425 80000 10270 20250 30034 40036 60036 70562 8452/ 333 56999 59032 70030 84615 88460=
42001 05001 99259 70897 46/// /1603 10290 20281 30121 40124 92340 22200 00302 333 91204 555 11036 22038 8//04 92337=
42027 32595 40201 10178 20164 38350 48433 83510 333 59043=
42044 32996 00000 10148 20138 38220 48453 333 59042=
42045 32596 80000 10182 20170 38263 48386 8452/ 333 59035=
42056 31696 60501 10260 20249 39584 70292 83420 333 59031 82634 84458=
42071 31995 09902 10272 20268 40009 71000 333 59040=
42097 05001 99257 70837 46/// ///// 1//// 92356 22200 00301 10401 20401 70006=
42101 21595 60000 10258 20258 40022 71011 83530 333 59034 6004/ 83630 83360=
42111 21595 30000 10226 20223 39324 40006 71011 83800 333 59038 6009/ 82620 83830=
42123 32996 00000 10266 20252 40008 333 59029=
42131 22696 52002 10244 20235 40014 82501 333 59034 6007/=
42165 32696 72302 10260 20246 40006 84510 333 59031 84635 87460=
42182 21695 50000 10250 20250 40012 71021 82530 333 59030 6011/ 82635 84360=
42189 21595 80000 10256 20247 40012 71022 83531 333 59030 6003/ 83620 87360 88070=
42309 21395 80202 10252 20252 40046 79596 8692/ 333 59010 6028/=
42314 21495 50000 10270 20256 40038 71062 83530 333 59020 6002/ 83618 85360=
42328 22596 22302 10264 20247 49988 82500 333 59035 6990/ 82630=
42339 21495 70000 10258 20246 40014 70522 83602 333 59027 6091/ 83715 87070=
42348 21495 79903 10248 20233 40017 71022 84720 333 59024 6007/ 82718 83625 85459=
42361 21596 70000 10262 20253 40014 76062 84530 333 59025 6992/ 84620 87360=
42369 21595 60000 10260 20257 40013 71022 83530 333 59037 6005/ 83620 83360=
42379 21595 80000 10266 20250 40011 72122 887// 333 59030 6990/ 88712=
42410 21495 70000 10270 20256 40040 76062 83330 333 59020 6001/ 83618 81925 86358=
42415 21496 80000 10266 20252 40047 72196 8632/ 333 59015 6019/ 82712 85618 81925 88458=
42452 21595 72701 10260 20249 39706 40012 71022 84420 333 59013 6002/=
42492 21495 70000 10278 20267 40019 71022 84530 333 59020 6016/ 84618 86360=
42559 21596 82301 10248 20236 40058 72052 8452/ 333 59023 6990/ 84620 88458=
42571 32596 60000 10272 20249 40008 83530 333 59031 83625 85360=
42623 31495 50000 10232 20229 39190 40040 71021 83530 333 59023 83518 85360=
42634 22596 52502 10266 20243 40029 84530 333 59028 6993/ 84620 85358=
42647 21496 62702 10266 20252 40025 71022 85730 333 56590 59026 6002/ 82715 83620=
42667 21495 82508 10238 20227 39448 40026 70522 8473/ 333 59017 6021/ 83710 84620 87360=
42675 21495 42303 10260 20251 40012 70552 81600 333 59025 6005/ 81712 83620=
42701 31495 50000 10242 20239 39303 40019 71000 82530 333 59032 82618 84360=
42724 21495 63603 10272 20269 40033 71092 82530 333 59022 6006/ 82618 86360=
42737 22496 52706 10256 20247 40035 83630 333 59023 6005/ 83712 85358=
42754 31596 42703 10226 20211 39400 40028 71000 82530 333 59019 82620 83360=
42779 22996 30000 10248 20231 39334 40017 82031 333 59030 6990/ 82360=
42798 21495 30000 10274 20260 40018 71011 83500 333 59025 6004/ 83615=
42809 31995 30000 10278 20261 40028 70510 80001 333 59023 83075=
42840 22596 30000 10270 20259 40039 82530 333 59020 6003/ 82620 83360=
42867 31495 62703 10256 20239 40029 71022 84520 333 59012 84618 86458=
42874 31995 02301 10258 20246 40022 71092 333 59014=
42886 31595 30501 10266 20255 40025 70510 81530 333 59022 81620 83360=
42895 32996 30000 10276 20265 40024 82031 333 59023 82360=
42971 21495 50000 10274 20260 40026 70522 83430 333 59024 6995/ 83618 84360=
43003 21495 83203 10260 20249 40050 76165 8672/ 333 59018 6013/ 82710 84616 88456=
43014 21596 52702 10228 20222 39398 40039 70544 83520 333 59019 6003/ 83620 85360=
43041 21595 80000 10246 20243 39416 40023 71096 8552/ 333 59018 6017/ 85620 88458=
43063 21596 51803 10224 20224 39434 40055 72065 85700 333 56600 59020 6005/ 82722 84626=
43086 22596 80000 10264 20246 39851 40026 8357/ 333 59005 6998/=
43110 21496 83604 10252 20240 40071 75062 8572/ 333 59015 6034/ 83712 85618 88456=
43117 32596 51802 10248 20231 40051 83630 333 59023=
43128 21496 80000 10234 20216 39448 40049 75096 8572/ 333 56699 59005 6010/ 82710 83615 88458=
43150 21596 42903 10264 20253 39957 40018 70500 82501 333 59025 6001/ 82620 84075=
43185 21596 82905 10248 20242 30033 40036 79596 8392/ 333 57990 59007 6056/ 82620 81925 88458=
43189 22596 60000 10264 20241 30017 40026 83530 333 59015 6014/=
43192 32496 82305 10270 20256 40070 84732 333 59013=
43201 32496 52302 10220 20211 39332 40055 85600 333 56600 59009 84710 83612=
43213 22596 80000 10248 20227 39729 40044 8487/ 333 59010 6004/=
43237 32596 72904 10250 20220 39646 40035 83571 333 59015 83620 85360=
43245 21596 72502 10270 20244 30017 40043 70262 84430 333 59016 6002/=
43279 21596 70000 10280 20254 30038 40055 70522 84530 333 59013 6991/ 84620 86360=
43284 21496 62505 10254 20245 39963 40078 72166 85830 333 59018 6029/ 82612 83820=
43295 32496 62704 10214 20186 39070 48480 83731 333 56699 59014 83710 83612=
43314 21596 30000 10264 20253 40084 72162 82401 333 59017 6002/=
43321 31496 62304 10242 20224 39630 40076 71022 83501 333 59015 83612 85070=
43329 32596 70000 10274 20251 30039 40052 83531 333 59016=
43333 21495 82303 10260 20249 40060 70562 8543/ 333 56699 59027 6013/ 83618 85820 88360=
43344 31496 52710 10284 20215 39963 40062 70522 82531 333 59016 82616 83360=
43369 21496 63204 10272 20261 40092 70265 83430 333 59012 6001/ 83618 84358=
43371 31496 20000 10254 20248 30013 40086 71000 81501 333 59018 81617=
44212 32999 21304 10070 20007 39064 40164 52003 82044 333 20046 55106 91204 30041=
44213 32999 02601 10096 21063 38746 40148 54000 333 20067 91202 30036=
44214 32998 32301 10067 21049 38263 40183 57001 82048 333 20059 91207 555 30024=
44215 32998 12003 10093 21046 38387 40163 57001 81040 333 20040 91204 30011=
44217 32998 20000 11003 21067 37865 40285 57008 80004 333 21004 91202 31046=
44218 32999 32401 10118 21075 38578 40150 54001 82081 333 20111 91202 30057=
44219 32999 00904 10099 21064 38600 40171 52001 333 20089 91205 30054=
44265 32999 00302 10100 21026 38823 40180 57003 333 20044 91202 30008=
44266 32999 03505 10052 21089 37795 40226 57003 333 20043 91207 30023=
48010 21540 80000 10275 20268 39883 40033 70355 8577/ 333 20262 56339 59020 69902=
48020 21230 80000 10262 20253 75255 8692/ 333 20251 56499 60012=
48025 21320 81401 10262 20246 39892 40030 70295 8597/ 333 20225 56499 59036 60062 00077=
48031 32256 82201 10200 20185 888// 333 20183 56499 60002=
48048 32556 31801 10270 20256 39980 40036 83800 333 20260 56400 59015 60002=
48052 32450 50000 10255 20246 83430 333 20252 56990 60002=
48062 21450 70402 10268 20256 30020 40027 70296 85970 333 20215 56290 59024 60292=
48064 22450 72302 10270 20256 39968 40025 85830 333 20250 56590 59015 60002=
48071 21450 81302 10265 20256 30025 40033 72162 85970 333 20243 56590 59033 60032=
48094 22456 70000 10255 20250 30034 40044 85970 333 20226 56990 59007 60002=
48109 22496 82301 10270 20256 30055 40058 8697/ 333 20238 5699/ 59028 60392=
50557 04966 /2602 10130 20059 39799 40086 52008 60002 70000 333 10216 20083 3/008 5002/ 54416 58087 60001 70000 90720 91107=
51076 04980 /0201 10090 20030 39281 40124 57006 60002 70000 333 10215 20085 3/007 5000/ 59087 60001 70000 90720 91103=
51087 04980 /0507 10171 21011 39147 40110 57009 60002 70000 333 10221 20069 3/008 5003/ 54400 59088 60001 70000 90720 91110=
51156 04980 /3503 10071 21011 38659 40129 57004 60002 70000 333 10185 20058 3/005 5000/ 54405 59066 60001 70000 90720 91105=
51243 04980 /3202 10162 20033 39584 40100 57005 60002 70000 333 10242 20129 3/013 5002/ 54405 59092 60001 70000 90720 91105=
51334 04980 /1702 10099 20077 39718 40103 57003 60002 70000 333 10261 20083 3/009 5001/ 54405 59086 60001 70000 90720 91104=
51379 04980 /1602 10076 20035 39208 40109 57005 60002 70000 333 10257 20042 3/006 5001/ 54405 59100 60001 70000 90720 91103=
51463 04980 /1211 10201 20033 38971 40084 57007 60002 70000 333 10233 20124 3/010 5009/ 54408 59081 60001 70000 90720 91122=
51573 04975 /0401 10182 20051 30086 40133 52004 60002 70000 333 10303 20175 3/016 5001/ 54405 59075 60001 70000 90720 91105=
51644 04958 /0201 10122 20119 38939 40147 57006 60002 70000 333 10215 20122 3/014 5001/ 54415 59058 60001 70013 90720 91102=
51656 04956 /1401 10127 20118 39137 40154 57003 60002 70000 333 10210 20127 3/007 5000/ 59064 60001 70000 90720 91102=
51709 04969 /3101 10148 20104 38626 40124 57005 60002 70000 333 10244 20148 3/014 5001/ 54415 59045 60001 70000 90720 91104=
51711 04970 /0000 10111 20097 38039 40106 57007 69912 70000 333 10185 20111 3/012 5001/ 59039 60001 70017 90720 91106=
51716 04057 00000 10139 20111 38902 40133 57003 60002 70000 333 10251 20137 3/014 5002/ 54415 59048 60001 70000 90720 91102=
51765 04976 /1702 10126 20096 39202 40158 54000 60002 70000 333 10242 20103 3/009 5000/ 54405 59063 60001 70000 90720 91103=
51811 04056 00000 10132 20116 38780 40128 57003 60002 70000 333 10250 20132 3/011 5001/ 54415 59046 60001 70000 90720 91102=
51818 04963 /3600 10124 20108 38641 40136 57001 60002 70000 333 10242 20124 3/010 5002/ 54415 59038 60001 70000 90720 91103=
51828 04965 /2202 10153 20126 38642 40134 57001 60002 70000 333 10227 20141 3/011 5000/ 54405 59030 60001 70000 90720 91104=
51886 04980 /3004 10110 21068 37176 40100 52016 60002 70000 333 10206 20092 3/011 5004/ 54405 58004 60001 70000 90720 91113=
52203 04968 /0501 10108 20049 39311 40165 52002 60002 70000 333 10234 20096 3/008 5001/ 54405 59057 60001 70000 90720 91103=
52602 04977 /1501 10074 21018 37307 40122 52005 60002 70000 333 10181 20036 3/003 54415 59007 60001 70000 90720 91112=
52681 04980 /1102 10137 20123 38679 40196 57001 60002 70000 333 10148 20110 3/013 5001/ 54405 58005 60001 70014 90720 91104=
52818 04980 /2701 10107 20055 37273 40097 52001 60002 70000 333 10148 20104 3/010 5001/ 59023 60001 79999 90720 91102=
52908 04976 /0807 10021 20011 35824 40051 52001 69982 76000 333 10102 20021 3/002 54415 59018 69931 70008 90720 91112=
53463 04980 /3504 10154 20100 38912 40206 52018 69912 70000 333 10208 20134 3/012 5001/ 54415 58127 60001 70084 90720 91109=
54857 04972 /2202 10273 20240 39994 40083 52013 60002 70000 333 10276 20252 3/024 5001/ 54405 59006 60001 70000 90720 91107=
55228 04980 /2701 10094 20008 36053 49902 52004 60002 70000 333 10200 20080 3/006 5001/ 54415 59020 60001 70000 90720 91109=
55299 04943 /0902 10063 20051 35895 49981 52007 60062 76000 333 10133 20063 3/007 5000/ 54415 59017 60031 70090 90720 91108=
55578 04980 /0302 10123 20074 36395 49924 52008 60042 70000 333 10234 20116 3/012 5001/ 54415 59017 60001 70036 90720 91109=
55591 04921 /2701 10108 20082 36551 49943 52009 60062 76000 333 10260 20108 3/013 5000/ 54415 58000 60061 70064 90720 91110=
55664 04970 /1801 10080 20058 36044 49960 52006 69942 70000 333 10196 20076 3/008 5000/ 59024 69941 70004 90720 91106=
55773 04970 /1201 10070 20048 36050 40011 52003 60002 70000 333 10131 20035 3/007 5002/ 54405 59021 60001 70000 90720 91108=
56004 04937 /0504 10051 20045 35870 49978 52004 60032 71000 333 10149 20051 3/005 54415 59022 60011 70025 90720 91110=
56018 04980 /1203 10094 20052 36221 49991 52004 60072 70000 333 10182 20079 3/008 54405 59016 60001 70084 90720 91106=
56116 04958 /0501 10094 20082 36374 40001 52007 69982 70000 333 10163 20092 3/008 5001/ 59017 60001 70009 90720 91104=
56202 59005 60007 84615 82070=
56299 70175 82818 83360 86280=
56312 04980 /1902 10147 20122 37100 49998 52011 69922 76000 333 10246 20144 3/014 5001/ 54415 59008 69911 70002 90720 91111=
57494 04961 /0201 10321 20269 30036 40064 52019 60002 70000 333 10380 20277 3/028 5001/ 54405 58005 60001 70000 90720 91103=
58847 04970 /0102 10287 20229 39956 40052 52011 60002 70000 333 10342 20277 3/027 5001/ 59013 60001 70000 90720 91107=
62306 32560 63108 10274 20213 40120 57011 86200=
62309 32560 23204 10268 20226 40102 57010 82500=
62332 32560 32808 10273 20227 40098 57010 83500=
62337 32960 01702 10242 20191 40098 57008=
62366 35960 03504 10267 20198 40100 57009=
62387 32960 03509 10270 20182 40100 57006=
62393 32960 03509 10270 20164 40125 57003=
62405 32960 02004 10296 20128 40080 57003=
62414 32960 03506 10307 20131 40087 57001=
62419 32960 00108 10322 20148 40074 52003=
62420 32960 00202 10265 20141 40107 57008=
62423 41217 32960 00305 10308 20253 39977 40005 333 59011=
62432 32960 03106 10284 20125 40125 52001=
62440 62309 32560 23204 10268 20226 40102 57010 82500=
62458 32960 00203 10281 20179 40085 57004=
62459 62420 32960 00202 10265 20141 40107 57008=
62465 32960 03109 10306 20195 40058 57007=
