SIPK OPKC 120300Z=
41523 22997 00000 10210 20179 39010 48447 333 20200 59015 60007 70000 83%=
41560 22997 00000 10210 20165 38245 48461 333 20180 59001 60007 70000 Rh75%=
41535 22997 00000 10185 20144 38632 48409 333 20145 59023 60007 70000 RH77%=
41525 22997 00000 10140 20106 37655 48348 333 20120 58006 60007 70000 80%=
41504 22997 00000 10160 20069 37820 48444 333 20120 58010 60007 70000 RH55%=
41505 22697 00000 10135 20059 38/// 48/// 333 20125 58/// 60007 70000 60%=
41506 22997 00000 10160 20127 38458 48457 333 20153 59011 60007 70000 81%=
41507 22997 03102 10250 20198 39157 49651 333 20200 59014 60007 70000 73%=
41508 22997 00000 10183 20144 38601 48476 333 20145 59015 60007 70000 RH 77%=
41509 22997 00000 10210 20145 38679 48429 333 20195 59014 60007 70000 RH 66%=
41510 22997 00902 10145 20092 37875 48456 333 20108 59021 60007 70000 71%=
41515 22997 00000 10216 20112 38487 48450 333 20194 59006 60007 70000 52%=
41517 22996 00000 10140 20086 37793 48494 333 20132 58016 60007 79999 70%=
41519 22997 00000 10270 20099 38703 48456 333 20255 58001 60007 70000 RH34%=
41520 22997 01802 10130 20053 37608 48218 333 20117 58001 60007 70000 60%=
41524 22997 00000 10230 20185 39236 40066 333 20208 59027 60007 70000 RH 76%=
41528 22997 00000 10215 20168 39128 48442 333 20186 59003 60007 70000 75%=
41529 22996 00000 10260 20223 39655 40021 333 20240 59028 60007 70000 80%=
41530 21996 02304 10280 20196 39607 40001 70500 333 20250 59036 60007 70000 60%=
41534 22997 00000 10255 20233 39600 49997 333 20225 59042 60007 70000 88%=
41536 22997 00000 10185 20153 38951 48435 333 20175 59020 60007 70000 81%=
41562 22997 00000 10280 20229 39576 40020 333 20270 58011 60007 70000 RH 74%=
41565 22997 00000 10200 20169 38596 48468 333 20165 58007 60007 70000 82%=
41567 21996 00000 10255 20218 39609 40010 70400 333 20215 59012 60007 70000 80%=
41571 22997 11304 10270 20188 39443 49998 81030 333 20237 56090 59029 60007 70000 RH61%=
41573 22997 01306 10220 20133 37923 48419 333 20150 59025 60007 70000 58%=
41574 22997 00000 10150 20134 38319 48494 333 20120 59001 60007 70000 90%=
41576 22997 03102 10270 20234 40010 333 20247 59034 60007 70000 81%=
41577 21996 00000 10265 20207 39410 49998 70400 333 20200 56000 59031 60007 70000 RH 70%=
41593 21996 02302 10295 20260 39783 49986 70400 333 20275 59038 60007 70000 82%=
41597 21996 00000 10275 20254 39722 40005 70400 333 20267 59036 60007 70000 88%=
41598 21996 00000 10270 20234 39734 49994 70400 333 20255 59035 60007 70000 81%=
41599 21996 00000 10285 20250 39715 49990 70400 333 20255 59040 60007 70000 81%=
41600 21996 03102 10285 20250 39701 49983 70400 333 20258 59041 60007 70000 81%=
41620 32996 02702 10230 20159 38510 48415 333 20220 59013 60007 70000 64%=
41624 22997 00000 10295 20253 39806 40000 333 20270 59026 60007 70000 78%=
41625 21996 00000 10290 20262 39790 49980 70400 333 20260 59037 60007 70000 85%=
41630 21996 00000 10285 20250 49999 70400 333 20265 59035 60007 70000 81%=
41633 22997 00000 10290 20262 4//// 333 20270 5//// 60007 70000 85%=
41634 22997 02702 10275 20235 3//// 4//// 333 20245 5//// 60007 70000 81%=
41635 21996 00000 10290 20262 3//// 4//// 70400 333 20275 5//// 60007 70000 85% =
41636 21996 00000 10275 20247 39822 49998 70400 333 20250 59034 60007 70000 85%=
41638 21996 00000 10280 20244 4//// 70400 333 20265 5//// 60007 70000 81%=
41639 21996 00902 10290 20255 3//// 4//// 70400 333 20260 5//// 60007 70000 81%=
41640 21996 02302 10300 20251 39755 49992 70400 333 20267 59036 60007 70000 75%=
41641 21996 02706 10300 20251 39731 49991 70400 333 20267 59043 60007 70000 75%=
41642 21996 00000 10290 20262 3//// 4//// 70400 333 20250 5//// 60007 70000 85%=
41643 21696 20000 10280 20231 39736 40001 70411 82400 333 20256 56900 59018 60007 70000 82640 84%=
41644 21996 00000 10280 20259 4//// 70400 333 20255 5//// 60007 70000 88%=
41646 21996 00000 10290 20248 39809 40013 70400 333 20255 59025 60007 70000 78%=
41652 21995 02302 10300 20251 39829 40001 70400 333 20265 59025 60007 70000 75%=
41660 21996 00000 10215 21029 38399 48486 70600 333 20155 58000 60007 70000 19%=
41661 21995 00000 10145 20061 38352 48478 70540 333 20135 58002 60007 70000 57%=
41669 21996 00000 10295 20253 3//// 4//// 70400 333 20282 5//// 60007 70000 78%=
41670 21996 00000 10285 20242 3//// 4//// 70400 333 20270 5//// 60007 70000 78%=
41674 21995 00000 10280 20252 3//// 4//// 71000 333 20267 5//// 60007 70020 85%=
41675 21995 01806 10300 20235 39857 49994 70400 333 20290 59026 60007 70000 68%=
41676 21996 01304 10290 20248 39864 40015 70400 333 20270 59033 60007 70000 78%=
41677 21996 00000 10280 20244 39828 49988 70400 333 20260 59011 60007 70000 81%=
41678 21996 00000 10310 20231 40001 70500 333 20285 59016 60007 70000 63%=
41679 21996 00000 10290 20262 4//// 70400 333 20270 5//// 60007 70000 85%=
41680 21995 00000 10295 20260 39810 49998 71000 333 20268 59025 60007 70000 82%=
41685 22997 00000 10240 20187 38844 48442 333 20220 59002 60007 70000 72%=
41696 22997 00000 10180 20049 37990 48493 333 20150 58007 60007 70000 RH42%=
41697 22997 00000 10300 20235 39858 40006 333 20285 59009 60007 70000 RH68%=
41700 21996 02302 10310 20261 39868 49986 70400 333 20283 59014 60007 70000 75%=
41701 21996 02306 10300 20251 39869 40006 70400 333 20278 59013 60007 70000 75%=
41710 21996 00000 10225 21031 39278 40028 70600 333 20200 59007 60007 70000 18%=
41712 22997 00000 10230 20000 39128 48464 333 20220 59001 60007 70000 RH22%=
41715 21996 00000 10305 20278 39944 40007 70500 333 20280 59010 60007 70000 RH85%=
41716 21995 00000 10295 20253 39913 40011 70400 333 20268 59012 60007 70000 78%=
41718 21995 00000 10310 20254 39897 49995 70400 333 20289 59002 60007 70000 72%=
41724 21996 00000 10300 20265 39953 40029 70500 333 20280 58000 60007 70000 RH82%=
41725 22996 02302 10310 20269 39928 40003 333 20280 59009 60007 70000 RH79%=
41726 22996 00000 10300 20265 39954 40022 333 20285 58011 60007 70000 RH82%=
41738 22996 00000 10275 20172 39876 40050 333 20265 58012 60007 70000 RH54%=
41739 21996 02704 10255 21003 38997 48474 70500 333 20230 59001 60007 70000 RH18%=
41742 22997 00000 10285 20250 39942 40043 333 20208 58015 60007 70000 RH 81%=
41743 21996 00000 10290 20240 70500 333 20260 60007 70000 RH 74%=
41744 21996 00000 10255 20076 38701 48435 70600 333 20220 59001 60007 70000 RH 32%=
41745 21996 01804 10290 20248 70500 333 20255 60007 70000 RH78%=
41746 21996 00000 10290 20262 39953 40005 70500 333 20270 59010 60007 70000 RH85%=
41747 22996 00000 10305 20256 39936 49993 333 20275 59008 60007 70000 RH75%=
41748 22996 01302 10300 20265 39949 40010 333 20280 59011 60007 70000 RH82%=
41749 22996 01304 10290 20255 39987 40020 333 20270 58010 60007 70000 RH81%=
41756 21495 40000 10270 20256 39989 40053 71000 84600 333 20210 56900 58028 60007 70000 84715 RH92%=
41757 21594 30000 10260 20248 30034 40046 71040 83600 333 20255 56900 58008 60007 70000 83720 RH96%=
41759 01995 00000 10265 20263 30022 40028 74741 333 20240 58013 60007 70000 RH96%=
41760 21595 52704 10280 20252 30040 40053 70400 85600 333 20240 56900 58023 60007 70000 85720 RH 85%=
41764 22996 02310 10280 20244 39974 40023 333 20265 58002 60007 70000 RH81%=
41765 22996 02308 10290 20248 39988 40023 333 20265 58008 60007 70000 RH78%=
41766 21696 02306 10275 20247 39974 40004 70400 333 20235 58004 60007 70000 RH85%=
41767 22996 0//// 10280 20252 333 20255 60007 70000 RH85%=
41768 22996 02304 10280 20252 30020 40027 333 20260 58005 60007 70000 RH85%=
41780 21696 72706 10285 20257 30010 40037 70400 87600 333 20275 56900 58004 60007 70000 82720 85630 RH85%=
41783 22996 32302 10270 20241 39996 40025 83030 333 20255 56090 58011 60007 70000 83360 RH 84%=
41785 22997 32304 10285 20250 30024 40037 83500 333 20260 58011 60007 70000 83360 RH 81%=
41786 22596 32302 10280 20244 39984 40020 83600 333 20255 56500 58008 60007 70000 RH81%=
41BAG 22697 30502 10200 20118 83500 333 20140 56900 60007 70000 83640 59%=
41BKI 22996 00000 10290 20216 39600 49997 333 20265 59036 60007 70000 RH 64%=
41SKP 21996 00000 10285 20264 3//// 4//// 70400 333 20262 5//// 60007 70000 89%=
43532 22997 00000 10220 20182 39227 40003 333 20198 59008 60007 70000 79%=
43533 22997 00000 10220 20174 39129 48426 333 20200 59018 60007 70000 75%=
43563 22997 00504 10256 20219 39337 49997 333 20215 59032 60007 70000 81%=
41518 22697 31802 10211 20083 38/// 48/// 82230 333 20017 56990 5//// 60007 70000 82840 81362 44%= 
41505 22697 00000 10135 20059 38/// 48/// 333 20125 58/// 60007 70010 60%COR=
41516 22996 00000 10195 20128 38492 48451 333 20145 58002 60007 70000 RH65%=

Data Generated from File : D:\all data handling\Rmc_lhr\2024091203.FSU.txt
12/09/24 04:03:37
______________________________________________________________
15007 27/45 /3202 10165 20154 39617 40070 57006 7616/ 333 55300 0//// 20000 3//// 69997=
15020 27/33 /3001 10173 20173 39873 40064 57002 7616/ 333 55300 0//// 20000 3//// 60157=
15023 27/39 /3103 10161 20159 39641 40052 57003 7626/ 333 55300 0//// 20000 3//// 60177=
15056 27/50 /3203 10171 20171 39722 40060 57005 7616/ 333 55300 0//// 20000 3//// 60047=
15069 27/58 /1700 10124 20123 39034 42725 57003 7101/ 333 55300 0//// 20000 3//// 60007=
15073 27/57 /3302 10160 20158 39617 40068 57003 7626/ 333 55300 0//// 20000 3//// 60097=
15090 25463 81203 10179 20176 39975 40064 54000 7000/ 8657/ 333 55300 10042 20000 30000 60007 91005 91105=
15107 25/60 /2601 10138 20134 39292 42726 57003 7000/ 333 55300 0//// 20000 3//// 60007=
15108 21/91 92903 10087 20087 38039 48434 57003 76164 333 55300 0//// 20000 3//// 60037 91004 91106 96045=
15109 27/40 /3101 10160 20158 39645 40065 57003 7616/ 333 55300 0//// 20000 3//// 60137=
15111 27/57 /3102 10171 20165 39801 40054 57003 723// 333 55300 0//// 20000 3//// 69967=
15113 27/58 /1202 10178 20178 39902 40060 54001 720// 333 55300 0//// 20000 3//// 60007=
15127 27/59 /3401 10138 20134 39219 42723 57003 7101/ 333 55300 0//// 20000 3//// 69957=
15148 27/22 /1900 10115 20115 38646 48426 57003 7101/ 333 55300 0//// 20000 3//// 60007=
15150 21544 81800 10175 20173 39859 40065 57003 71062 8557/ 333 55300 0//// 20000 3//// 69907 91001 91101=
15154 27/32 /0801 10182 20181 39921 40058 54000 7626/ 333 55300 0//// 20000 3//// 60017=
15168 27/68 /2801 10155 20149 39470 42724 57002 7818/ 333 55300 0//// 20000 3//// 60017=
15170 21556 82001 10147 20144 39311 42718 57003 76166 885// 333 55300 0//// 20000 3//// 60017 91001 91101=
15194 27/27 /2000 10168 20168 39781 40065 57002 7818/ 333 55300 0//// 20000 3//// 60027=
15197 27/59 /2401 10177 20173 39863 40066 57002 7616/ 333 55300 0//// 20000 3//// 60017=
15215 27/68 /2602 10157 20150 39488 42725 57002 7616/ 333 55300 0//// 20000 3//// 60027=
15217 27/40 /1904 10151 20149 39419 42723 57002 7616/ 333 55300 0//// 20000 3//// 60037=
15219 27/59 /3202 10178 20172 39938 40059 57002 721// 333 55300 0//// 20000 3//// 60017=
15238 27/70 /2101 10154 20149 39472 42726 54001 7238/ 333 55300 0//// 20000 3//// 60017=
15261 27/61 /2701 10145 20142 39285 42740 54001 7516/ 333 55300 0//// 20000 3//// 69977=
15262 21/90 92807 10090 20089 38154 48432 57003 76164 333 55300 0//// 20000 3//// 60037 91010 91110 96045=
15265 27/50 /2101 10185 20185 39989 40061 57002 7101/ 333 55300 0//// 20000 3//// 60027=
15280 21/90 93306 10052 20052 37471 47036 57002 76064 333 55300 0//// 20000 3//// 69957 91010 91110 96045=
15300 21470 82201 10155 20147 39462 42728 54000 76166 885// 333 55300 0//// 20000 3//// 69987 91002 91103=
15301 21/03 90602 10109 20107 38571 48455 54000 74354 333 55300 0//// 20000 3//// 69907 91003 91106=
15302 27/02 /3002 10123 20123 38862 48440 54000 7818/ 333 55300 0//// 20000 3//// 69957=
15307 27/40 /1501 10176 20173 39883 40062 57002 7818/ 333 55300 0//// 20000 3//// 69957=
15310 27/33 /1803 10182 20180 39983 40066 54001 7042/ 333 55300 10051 20000 30000 60007=
15324 25/70 /2800 10134 20134 39297 42725 55001 7000/ 333 55300 0//// 20000 3//// 60007=
15325 21295 83501 10101 20100 38423 48436 54000 71062 886// 333 55300 0//// 20000 3//// 69917 91004 91104=
15328 27/19 /2200 10160 20160 39729 40068 57003 723// 333 55300 0//// 20000 3//// 69977=
15335 27957 32001 10174 20170 30066 40073 54001 7101/ 82041 333 55300 0//// 20000 3//// 60007 91003 91103=
15336 27/58 /2301 10177 20175 30067 40069 54001 7101/ 333 55300 0//// 20000 3//// 60007=
15349 25/70 /3301 10149 20147 39536 40073 54001 7000/ 333 55300 0//// 20000 3//// 69917=
15350 27/59 /3201 10182 20181 39954 40069 54001 7236/ 333 55300 0//// 20000 3//// 60037=
15360 25970 12204 10200 20174 30056 40072 50003 7000/ 81040 333 55300 0//// 20000 3//// 60007 91005 91105 92418=
15375 25566 73001 10162 20158 39725 40073 55000 7000/ 83570 333 55300 0//// 20000 3//// 60007 91002 91102=
15377 27/40 /2201 10170 20170 39858 40067 54001 7101/ 333 55300 0//// 20000 3//// 69917=
15387 25/67 /2602 10186 20175 30072 40075 54001 7000/ 333 55300 0//// 20000 3//// 60007=
15402 27/58 /2401 10190 20181 39997 40069 52003 7101/ 333 55300 0//// 20000 3//// 60007=
15405 27/48 /1802 10185 20182 30011 40072 57003 7101/ 333 55300 0//// 20000 3//// 60007=
15406 27/56 /1702 10177 20172 30023 40069 57002 7101/ 333 55300 0//// 20000 3//// 60007=
15408 27/58 /2203 10170 20166 39817 40075 54001 7101/ 333 55300 0//// 20000 3//// 60007=
15409 27/41 /2601 10167 20164 30029 40075 54000 7101/ 333 55300 0//// 20000 3//// 69907=
15419 27/41 /2201 10177 20175 39889 40077 55000 7042/ 333 55300 0//// 20000 3//// 60007=
15420 22597 82202 10182 20178 39963 40070 52003 8437/ 333 55300 0//// 20000 3//// 60007 91003 91104=
15421 25564 82401 10191 20172 39973 40080 52003 7000/ 883// 333 55300 10033 20000 30000 60007 91003 91104=
15422 25562 82201 10184 20168 39973 40071 52003 7000/ 8437/ 333 55300 0//// 20000 3//// 60007 91003 91104=
15425 27558 82106 10184 20175 30007 40069 57003 7101/ 8457/ 333 55300 0//// 20000 3//// 60007 91008 91108=
15434 22570 72601 10176 20167 39873 40077 52004 83370 333 55300 0//// 20000 3//// 60007 91003 91103=
15444 25/61 /2203 10183 20175 30004 40074 57002 7000/ 333 55300 0//// 20000 3//// 60007=
15455 27/50 /2302 10161 20157 39949 40076 54001 7101/ 333 55300 0//// 20000 3//// 60007=
15460 25/70 /2203 10191 20169 30049 40073 54001 7000/ 333 55300 0//// 20000 3//// 60007=
15462 25565 62204 10172 20163 39993 40077 54000 7000/ 86500 333 55300 0//// 20000 3//// 60007 91005 91105=
15470 22997 82304 10168 20159 39952 40075 55001 8807/ 333 55300 0//// 20000 3//// 60007 91006 91106=
15475 26/// /2303 10184 20160 30056 40075 52003 333 55300 0//// 20000 3//// 69937=
15479 25/64 /2204 10172 20163 39891 40078 54001 7000/ 333 55300 0//// 20000 3//// 60007=
15480 25967 52201 10180 20166 30060 40077 54000 7000/ 85070 333 55300 10169 20000 30000 60007 91002 91103 92417=
15489 25964 82403 10167 20146 39986 40077 54001 7000/ 8807/ 333 55300 0//// 20000 3//// 60007 91005 91105=
15491 25970 22102 10179 20151 30047 40076 54000 7000/ 82040 333 55300 0//// 20000 3//// 60007 91004 91104=
15499 25/70 /3501 10188 20170 30069 40078 54000 7000/ 333 55300 0//// 20000 3//// 60007=
15549 42970 02302 10149 20144 39677 40078 51001 333 10179 20149 555 597//=
15552 42460 20000 10178 20168 30032 40079 52003 82500 333 10216 20177 594// 92023 92427=
15640 42666 80000 10162 20159 39795 40096 52012 885// 333 10179 20160 555 598//=
15655 41568 52701 10179 20169 30057 40089 52005 70281 85300 333 10221 20178 555 59400 65099 92022 92427=
15730 42965 00000 10149 20144 39722 40106 52003 333 10187 20148 555 597//=
16627 42560 10000 10174 20164 30087 40093 51002 81100 333 91104 40000 47598 44235 50000 50168=
16650 42460 40000 10218 20209 30085 40093 55000 83851 333 81818 83620 91104 40000 47600 44270 50000 50212=
16667 42560 20000 10218 20199 30099 40110 5//// 82100 333 91104 40000 47610 44250 50000 50206=
16706 42560 49903 10218 20209 30087 40094 57002 84200 40000 47599 44225 50000 50212=
16723 42560 21406 10246 20219 30098 40111 54000 82200 333 91108 40000 47612 44270 50000 50228=
16732 46/// /1306 10242 20201 30084 40095 54000 333 91108=
16742 42460 21204 10234 20216 39960 40110 57003 82100 333 91108 40000 47510 44270 50000 50222=
16749 42460 39902 10222 20204 30089 40102 57001 83800 333 82818 83620 91104 40000 47602 44240 50000 50210=
16754 42560 12007 10220 20205 30062 40110 58004 81200 333 91112=
16760 42560 10000 10184 20164 40123 54000 81200 333 91104=
17022 42670 61203 10209 20171 39942 40099 51005 83250 333 83834 86360 91106 92438=
17031 42960 01502 10210 20203 30088 40094 52012 333 91106=
17034 42670 62001 10238 20215 30055 40098 52011 83150 333 83835 86360 91103 92428=
17038 42470 31903 10238 20199 30040 40085 53013 83600 333 83716 91118 92428=
17050 42970 00000 10183 20166 30048 40108 52004 333 91102=
17056 42670 32402 10194 20162 30098 40102 51007 83200 333 83835 91106 92428=
17060 42560 32410 10237 20182 30065 40103 52005 83100 333 83832 91116=
17070 42965 31901 10157 20142 39274 40098 52007 83030 333 83360 91103=
17084 42970 00000 10161 20139 39236 40086 52007 333 91102=
17085 42970 01001 10190 20101 39628 40086 52011 333 91110=
17092 42960 02602 10108 20085 38849 48501 52011 333 91106=
17096 42960 02703 10065 20040 38254 48508 53002 333 91105=
17098 42660 11902 10079 20075 38221 48518 53003 81100 333 81840 91105=
17100 42970 00000 10155 20119 39161 40102 52010 333 91102=
17115 42960 00000 10153 20140 30061 40110 52006 333 91103=
17116 42965 00000 10194 20185 39993 40108 52009 333 91103=
17124 42960 03001 10153 20120 39240 40109 52007 333 91105=
17128 42860 30000 10175 20116 39056 40088 52005 83030 333 83358 91104=
17150 42960 00000 10172 20172 39990 40107 52005 333 91102=
17170 42660 10804 10133 20078 38345 48507 55000 81100 333 81840 91106=
17184 42670 32601 10184 20175 30004 40110 52005 83200 333 83840 91102=
17190 42670 20000 10157 20121 38973 48500 52005 82100 333 82835 91102=
17190 42670 20000 10157 20121 38973 48500 52005 82100 333 82835 91102=
17195 42970 00604 10116 20065 38958 48505 52005 333 91108=
17200 42960 01904 10145 20052 39158 40084 52008 333 91109=
17202 42970 02303 10122 20000 39102 40083 53006 333 91107=
17203 42670 10000 10150 20052 38864 48539 53005 81100 333 81840 91103=
17219 42965 01802 10200 20200 39975 40112 53001 333 91104=
17237 42970 02401 10204 20168 39636 40112 52005 333 91102=
17240 42970 02202 10162 20136 39024 40122 53003 333 91105=
17244 42970 00204 10151 20095 38983 48508 52005 333 91109=
17248 42970 01001 10170 20082 38970 48509 53006 333 91103=
17250 42970 00000 10152 20092 38802 48511 53003 333 91104=
17260 42960 02606 10183 20137 39283 40049 55001 333 91112=
17280 42960 02905 10176 20055 39335 40073 53002 333 91106=
17292 42970 00000 10175 20175 39386 40108 55001=
17300 42560 53405 10233 20233 30049 40117 56002 85200 333 85825 91108=
17310 42970 00802 10265 20165 30092 40099 55002 333 91103 92428=
17330 SITU13 120300
17350 42960 00404 10216 20175 30021 40095 57010=
17370 SITU12 120300
17375 42970 03501 10233 20187 30097 40099 55002 333 91102 92408=
33088 41597 83501 10165 20152 39898 40080 57003 70282 885// 555 1/017=
33135 41596 80502 10160 20146 39967 40108 53006 78082 8692/ 333 55058 555 1/017=
33177 41596 80401 10164 20154 39858 40084 57002 71022 885// 555 1/016=
33317 415// 60000 10161 20151 39751 40072 57003 72582 85930 333 55000 555 1/016=
33393 42560 80000 10160 20152 39705 40079 57004 885// 333 88625=
33415 42697 80000 10172 20148 39693 40071 57005 889// 555 1/017=
33429 41597 80802 10166 20150 39664 40065 57004 78082 8532/ 333 84926 1/016=
33466 41561 80902 10194 20168 39908 40085 57001 70282 8555/ 333 85629 11019=
33506 42597 70802 10177 20148 39920 40107 53001 83379 333 55101 1/016=
33562 41424 80000 10181 20171 39789 40077 58005 78182 8695/ 1/018=
33587 41596 80000 10189 20177 39823 40071 57008 72598 889// 333 88922 1/019=
33658 41356 83002 10171 20163 39781 40066 57003 78082 889// 333 86709 1/017=
33663 41597 60000 10183 20171 39977 40068 58003 70282 86900 1/019=
33664 41596 80801 10170 20170 39758 40058 57002 72582 883// 333 55025 20169 7005/=
33678 41596 72802 10167 20165 39878 40081 57007 72522 85970 20167 7010/=
33679 41497 80801 10179 20169 39899 40080 53003 78082 889// 20178 7007/=
33711 42660 81204 10210 20149 39882 40079 58003 8237/ 555 1/020=
33745 42597 80000 10173 20173 39891 40075 53001 8693/ 333 55092 20174 7005/=
33748 42597 81303 10166 20164 39792 40063 57001 883// 20166 7012/=
33754 41597 70000 10178 20171 39930 40069 54000 72582 83330 333 55036 20175 7010/=
33761 41496 21101 10180 20173 39860 40071 56010 71098 81341 1/018=
33791 42983 61102 10196 20154 39972 40093 58001 86030 555 1/018=
33815 41496 81301 10170 20165 39867 40065 57001 71022 885// 333 55051 20162 7020/=
33837 42581 51701 10192 20180 30020 40069 57001 82554 333 55054 1/018=
33881 42597 71003 10166 20159 39879 40066 58001 87300 20166 7004/=
33883 42597 81701 10170 20170 39910 40065 57002 883// 20167 7023/=
33885 41996 81602 10172 20171 39946 40075 54000 71011 8805/ 333 55021 20162 7019/=
33892 42997 61402 10161 20161 39865 40069 57003 86050 333 55048 20153 7008/=
33902 41596 70000 10201 20198 30024 40080 58005 70262 87300 333 55022 1/019=
33924 21597 81603 10215 20190 30070 40082 58005 71798 889// 333 20211 60032=
33946 22981 71702 10216 20178 39890 40098 52008 87030 333 20195 55090 60002=
33983 22997 33101 10208 20168 30095 40082 52004 82031 333 20205 55104 60002=
34300 42697 41002 10204 20111 39960 40128 52007 82530 555 1/017=
34336 12698 80402 10180 20045 30080 40179 53011 60002 86509 333 20180 30016=
34344 62998 81501 10152 20104 30094 40179 52011 60002 86037 333 20144 30014=
34356 62997 20903 10154 20027 30069 40211 52009 60002 80001 333 20148 30013 55079=
34357 62998 31104 10157 20043 30043 40192 52009 60002 80001 333 20156 30014=
34398 32998 01104 10149 20055 30238 40248 52010 333 55115 20140 36013 7000/=
34415 42965 30000 10156 20136 30035 40128 52011 83030 555 1/015=
34438 62597 70804 10184 20056 39976 40158 52007 60002 85582 333 20184 39016=
34445 62998 61105 10188 20041 30071 40180 52008 60002 86070 333 20187 30017=
34461 62997 21003 10178 20026 30151 40204 52006 60002 80001 333 20175 30013=
34473 32997 10904 10152 20057 30194 40231 52009 80001 333 55086 555 20151 30012 7000/=
34476 62998 10704 10168 20048 30218 40225 52008 60002 80001 333 20168 30016 55089=
34504 42980 61103 10202 20153 39937 40101 52002 86030=
34535 62998 61104 10184 20061 30079 40147 52006 60002 82031 333 20182 30016=
34545 62998 70904 10185 20046 30056 40162 53005 60002 80031 333 20183 30017=
34555 62998 71005 10191 20079 30099 40186 53002 60002 80044 333 20187 30016 91110=
34560 42997 41208 10188 20037 30017 40199 52004 84031 333 20175 91011 91111=
34578 62997 21303 10179 20037 30194 40201 52003 60002 82080 333 20175 30015=
34579 62998 20503 10168 20034 30170 40213 52007 60002 80001 333 20165 30014 55091=
34601 SIUR21 120300 RRA 33429 41597 80802 10166 20150 39664 40065 57004 78082 8532/ 333 84926 1/016=
34644 62597 50804 10178 20060 30069 40142 52006 60002 83830 333 20178 30015=
34646 62998 60904 10193 20089 30077 40155 52006 60002 82031 333 20192 30017 55079=
34655 62997 60705 10178 20043 30109 40166 53005 60002 86030 333 20178 30017 91111=
34662 62998 80704 10164 20035 30174 40185 51004 60002 80001 333 20161=
34691 32998 00902 10158 20030 30230 40218 52005 333 55081 20157 30014 7000/=
34712 SIUZ20 120300 38141 32998 00504 10164 20074 30023 40175 53009 20145 30016 50220 53010 7000/=
34720 62998 20503 10201 20107 30075 40112 53005 60002 82030 333 20201 30018 55097=
34727 62597 21004 10222 20094 30069 40097 53005 60002 82400 333 20222 30020 91110=
34743 62997 70904 10173 20052 30063 40148 52004 60002 80005 333 20172 30016=
34759 12997 60904 10162 20083 30025 40150 54000 60002 81031 333 20162 30013 55088 91112=
34772 62998 00706 10182 20041 30181 40184 52003 60002 333 20172 30015=
34785 62998 00705 10179 20031 30211 40190 52005 60002 333 20165 30014=
34798 32997 00505 10170 20072 30219 40191 52004 20162 30015 7000/=
34824 62997 50903 10219 20120 30083 40088 52007 60002 80001 333 20219 30019 55081=
34838 12997 50602 10201 20095 30004 40095 54001 60002 82031 333 20201 30018=
34845 62998 61103 10169 20101 30020 40122 53005 60002 80034 333 20169 30016 91110=
34858 12997 31101 10158 20094 30035 40138 52004 60002 80005 333 20158 30014=
34861 12998 21006 10150 20066 39918 40151 54000 60002 82030 333 20148 30013 55080 91110=
34866 62998 20806 10174 20096 30161 40152 53001 60002 80030 333 20168 30015=
34880 62997 00604 10191 20123 30198 40173 52005 60002 333 20187 30016 55114=
34887 62998 00403 10181 20125 30179 40161 52005 60002 333 20176 30015=
34949 62598 71105 10172 20154 39597 40115 52004 60002 85570 333 20161 30017 55101=
34954 62998 20000 10179 20150 39960 40125 53002 60002 80001 333 20179 30017 55085=
34958 62998 31102 10169 20137 39945 40135 53004 60002 80001 333 20162 30015=
34975 12998 00803 10160 20122 30143 40139 53002 60002 82031 333 10158 30014=
34984 62998 00404 10182 20144 30179 40150 53004 60002 333 20178 30015=
35217 32997 30703 10155 20061 30235 40274 52012 83030 20140 30012 7000/=
35302 32998 21003 10142 20084 30246 40266 52011 80001 20142 30011 7000/=
35315 32998 00505 10145 20056 30212 40266 52011 20133 30011 7000/=
35344 32699 40405 10120 20088 30007 40285 53009 82130 333 55115 555 20110 30010 7000/=
35358 32997 50202 10152 20065 30104 40266 53007 85040 20133 30011 7000/=
35368 32999 00504 10122 20077 30004 40262 52007 333 55087 20117 30011 7000/=
35386 32998 00404 10110 20044 39785 40288 52007 20076 30008 7990/=
35394 32998 20304 10097 20056 39630 40287 52004 80001 333 55088 555 20066 30007 7000/=
35404 32998 01004 10157 20080 30239 40247 52010 20145 30013 7000/=
35406 32997 00904 10154 20075 30249 40251 52011 333 55092 20152 30014 7000/=
35416 32998 12004 10146 20065 30143 40259 52006 80001 333 55105 555 20140 30012 7000/=
35426 32999 00403 10126 20068 39986 40267 53006 20120 30010 7000/=
35437 32998 20305 10125 20076 39958 40260 52005 80003 333 55113 555 20121 30011 7000/=
35449 32698 10407 10140 20079 30152 40251 53011 81100 20137 30012 7000/=
35497 32998 00504 10114 20065 39496 40263 52007 20098 30007 7000/=
35498 32998 00402 10108 20048 39404 40247 57012 20072 30005 7000/=
35514 32998 00504 10159 20043 30247 40243 52011 20150 30013 7000/=
35522 32998 00604 10135 20029 30012 40254 57009 20132 30011 7000/=
35542 32998 50605 10141 20061 30109 40250 52007 85080 333 55115 555 20139 30013 7000/=
35563 32998 00505 10112 20057 39506 40245 52002 333 55056 20098 30004 7000/=
35576 32898 20704 10144 20066 39815 40242 52014 82060 20117 30009 7000/=
35582 32998 00905 10123 20081 39684 40259 52007 20097 30008 7000/=
35594 32999 00603 10112 20078 39451 40255 52004 20061 30004 7000/=
35605 32998 00504 10163 20041 30242 40222 52008 20155 30013 7000/=
35633 32998 60608 10168 20031 30025 40227 53007 86070 333 55116 555 20162 30014 7000/=
35671 32998 20203 10137 20081 39818 40227 52006 82040 20133 30010 7000/=
35699 32997 00507 10126 20074 39520 40240 53005 20099 30007 7000/=
35700 32998 00803 10174 20051 30237 40215 52008 333 55090 20166 30014 7000/=
35715 32999 00805 10182 20055 30225 40211 53007 20176 30015 7000/=
35739 32699 50502 10170 20093 30067 40198 53006 82140 20160 38012 7000/=
35746 32998 00506 10172 20077 30136 40199 53010 333 55117 20164 30014 7000/=
35777 32997 00503 10153 20051 39909 40236 52006 20111 30009 7000/=
35796 32997 00706 10146 20076 39820 40233 52008 333 55111 20121 30010 7000/=
35849 32998 20402 10129 20043 30099 40181 53006 80002 333 55110 555 20124 30009 7000/=
35895 32598 40507 10156 20124 39805 40224 52002 84200 20104 30010 7000/=
35907 32998 01010 10189 20102 30188 40160 58003 20186 7000/=
35925 32998 10503 10142 20050 30086 40193 53007 80001 20129 30013 7000/=
35927 32998 00000 10169 20044 30184 53008 20156 7000/=
35953 32999 30404 10160 20037 30061 40183 52007 80002 20142 30011 7000/=
35969 32999 00902 10164 20022 30028 40193 52006 20110 30008 7000/=
35997 32998 00703 10154 20071 39793 40202 53006 20138 30011 7000/=
36335 32699 63604 10069 20035 39294 40290 52004 85501 20057 31007 7005/=
36358 32699 63602 10058 20023 39288 40281 52005 86502 20058 30006 7000/=
36394 32697 72907 10069 20041 39819 40229 57005 87500 20049 30003 7000/=
36397 32699 63408 10074 20023 39682 40229 57001 85540 20056 30004 7000/=
36403 32698 72703 10073 20033 39849 40198 53005 84972 333 55093 555 20045 30003 7000/=
36418 32799 71802 10091 20027 39595 40184 52011 86530 20070 30005 7000/=
36421 32699 83202 10095 20044 39643 40182 53011 885// 20066 30007 7000/=
36428 32699 71702 10111 20053 39704 40180 52006 84944 333 55079 95000 20042 30004 7000/=
36439 32698 72803 10071 20050 38950 48489 53001 86931 20063 30006 7000/=
36498 32698 60107 10083 20011 39482 40246 52002 85530 20080 30006 7000/=
36501 32999 33204 10066 20026 39524 40256 54000 83030 20065 31006 7013/=
36535 32599 63104 10076 20016 39601 40211 53008 83331 333 55074 555 20061 30004 7000/=
36546 32699 62202 10159 20069 39673 40177 53009 84501 20025 30001 7000/=
36619 32999 03204 10137 20058 20100 30009 7000/=
36622 32798 63405 10084 20007 39457 40232 53001 83241 20067 30007 7000/=
36639 32999 20000 10157 20065 39595 40161 57003 82030 20067 30005 7000/=
36643 32899 22907 10108 20000 39579 40211 51004 81041 20080 30005 7000/=
36665 /1696 73003 10106 20024 39510 40202 53014 78082 87900 333 55086 20102 31011 69902 7990/=
36666 32599 32708 10132 21008 39735 40201 52011 82530 333 55086 555 20098 30008 7000/=
36729 32998 52303 10141 20045 39740 40195 52006 85030 20135 30012 7000/=
36736 32599 50401 10170 20101 39657 40173 57001 82531 333 55057 555 20108 30007 7000/=
36744 32998 00706 10156 20091 39782 40205 54000 20089 30007 7000/=
36770 32999 00000 10147 20081 39501 40186 57003 20043 30004 7000/=
36786 32699 20202 10130 20075 39328 40198 53004 82900 20072 30005 7990/=
36796 31/92 90000 10069 20056 39050 48524 57004 74542 20032 31003 7994/=
36803 32599 62806 10188 20116 39761 40178 58017 86900 20131 7002/=
36806 32999 73202 10188 20049 39744 40179 53007 87050 20144 7000/=
36819 32998 32301 10138 20031 39609 40190 58005 80001 333 55120 555 20103 30008 7000/=
36821 32999 00503 10152 20081 39731 40193 54000 20083 30006 7000/=
36839 32999 00601 10099 20051 39110 40194 57004 20046 30004 7000/=
36843 32998 02302 10150 20038 39067 40174 57004 20070 30005 7990/=
36846 32999 00502 10093 20033 38632 48524 56002 20022 30000 7000/=
36859 32999 20000 10158 20076 39447 40183 57001 82030 20073 30007 7000/=
36870 32997 00000 10160 20101 39208 40160 57003 20100 30006 7000/=
36874 32999 01801 10120 20055 39443 40185 57002 20067 30005 7000/=
36877 32999 00000 10137 20060 39258 40185 57002 20041 30002 7000/=
36885 32999 00000 10149 20064 39106 40173 57002 20077 30004 7000/=
36889 32999 01801 10018 21133 37088 47115 58004 20000 34104 7000/=
36894 32999 00000 10158 20074 39482 40178 54000 20100 30006 7000/=
36905 32999 00901 10139 20046 38760 48526 57003 333 55070 20080 31004 7000/=
36911 12999 00000 10152 20085 39261 40188 53024 6//// 333 20080 30009 50172 530// 7000/=
36927 12999 03202 10121 20045 38368 48530 58001 6//// 333 20066 50127 530// 7000/=
36934 12699 30902 10134 20056 38275 48402 53002 6//// 82530 333 2//// 10121 5//// 530// 7990/=
36953 32699 20000 10081 20037 38231 48508 57007 82100 333 55023 555 20038 30002 7993/=
36963 12999 01602 10023 21037 37073 48/// 54000 6//// 333 2//// 10016 5//// 530// 7000/=
36974 12998 00902 10094 20015 37988 48526 58019 6//// 333 2//// 10115 5//// 530// 7000/=
36982 12999 00601 11001 21061 36580 47134 53001 6//// 333 21066 5//// 530// 7////=
37018 62698 50502 10264 20150 30003 40073 52003 60002 81141 333 20240 30023 55115=
37031 62597 81002 10212 20169 39905 40088 57001 60002 82531 333 20212 30020 55112=
37054 62497 80000 10190 20161 39760 40124 52003 60002 886// 333 20189 30019=
37061 61996 30301 10148 20126 39976 40139 52001 60002 71000 83070 333 20148 30015 55090=
37085 62998 00303 10154 20145 30155 40129 53001 60002 333 20145 30013=
37171 12998 20803 10228 20162 30063 40080 52013 60002 82030 333 20220=
37228 61396 80000 10168 20161 39327 40119 52007 60002 71011 886// 333 20168 30015 55112=
37235 61396 81701 10197 20192 39819 40117 52004 60002 71022 886// 333 20197 30019=
37472 61996 00000 10204 20200 10137 40116 57001 60002 71011 333 20204 30020 55085=
38149 32998 33302 10124 20056 30090 40164 53009 80002 20095 30009 50222 53004 7000/=
38178 32898 50302 10166 21002 39876 40151 53005 80003 333 55102 555 20166 3/012 50192 7000/=
38262 32998 20102 10152 20043 30083 40162 53002 82030 333 55050 555 20137 30009 7000/=
38264 32998 20202 10170 20040 30062 40152 52008 80003 20138 3/013 7000/=
38345 12999 00901 10133 20002 38791 48498 57002 6//// 333 20072 30006 5//// 530// 7000/=
38353 12998 00000 10168 20071 39299 40154 53004 6//// 333 20085 30006 4//// 55/// 5//// 530// 7000/=
38388 12998 00000 10172 20040 30062 40131 57005 6//// 333 20170 38015 55107 5//// 52/// 530// 7000/=
38392 12997 43603 10155 20067 30040 40139 53008 6//// 84030 333 20146 30014 55107 5//// 52/// 530// 7000/=
38396 32997 70302 10168 20059 30020 40139 53006 8703/ 333 20142 555 30010 50204 7000/=
38403 32797 70502 10207 20051 30034 40148 53009 87080 20201 30016 50246 53005 7000/=
38413 32798 60904 10199 21007 39861 40136 57004 86030 333 55100 555 20197 3/012 50240 7000/=
38457 32997 60401 10186 20053 39552 40109 52004 80004 333 55113 555 20137 30005 50212 53006 7000/=
38462 32999 20501 10111 20004 38739 48486 53001 82050 333 20081 555 30002 7000/=
38462 32999 20501 10111 20004 38739 48486 53001 82050 333 20081 555 30002 7000/=
38507 12998 20706 10234 21047 30006 40103 53005 6//// 80001 333 20232 30019 55102 5//// 52/// 530// 7000/=
38545 12998 73401 10140 20070 39956 40125 53006 6//// 85053 333 20130 30012 55109 5//// 52/// 530// 7000/=
38565 32798 20000 10129 20043 39531 40102 58003 82040 333 20121 555 30007 50202 7000/=
38579 32999 30000 10154 20098 39706 40106 54000 80001 333 55108 555 20124 50197 53001 7000/=
38583 32997 61401 10152 20100 39807 40116 53003 83041 20108 30007 50202 53003 7000/=
38599 32998 52101 10190 20111 39626 40114 50002 80001 333 20116=
38611 32997 31102 10193 20095 39576 40117 52002 80001 333 55116 555 20147 30011 50210 53004 7000/=
38613 12999 00102 10172 20015 40120 57008 6//// 333 20118 30009 10187 5//// 530// 7000/=
38616 12998 00000 10180 20078 39157 40119 53004 6//// 333 2//// 10175 5//// 530// 7000/=
38618 32999 00000 10184 20074 39456 40111 57001 333 55107 20115 30007 50193 53004 7000/=
38647 12998 10906 10222 21019 30055 40095 52015 6//// 81030 333 20217 30019 5//// 52/// 530// 7000/=
38656 12998 00702 10194 21027 30016 40122 53008 6//// 333 20176 30015 55112 5//// 52/// 530// 7000/=
38683 32997 83403 10153 20055 39842 40108 53004 80001 20135 30009 50218 53004 7000/=
38687 12997 73602 10164 20040 39883 40110 53005 6//// 80001 333 20159 30016 55120 5//// 52/// 530// 7000/=
38696 32999 50201 10154 20064 39296 40118 53007 80005 333 55106 555 20142 30010 50199 52010 53005 7000/=
38713 32998 31801 10168 20034 39006 48500 54000 80004 333 20099 30007 55109=
38750 12997 02703 10225 20197 30124 40097 52010 6//// 333 20215 30021 55105 5//// 52/// 530// 7000/=
38763 12598 20000 10188 20013 30009 40110 53016 6//// 81201 333 20188 30016 55111 5//// 52/// 530// 7000/=
38774 12998 01701 10201 20032 39939 40125 53025 6//// 333 20187 30016 5//// 52/// 530// 7000/=
38799 13/// ///// 5//// 6//// 333 2//// 3//// 5//// 52/// 530// 7////=
38806 12997 03601 10122 20061 39836 40090 53006 6//// 333 20114 30010 5//// 52/// 530// 7000/=
38812 32997 01102 10162 20030 39660 40095 53004 20138 30008 50219 53003 7000/=
38836 32999 00000 101844 20084 39172 40059 53001 333 20131 30010=
38880 12997 02602 10162 20040 39865 40111 53009 60002 333 20160 30017 5//// 52/// 530// 7000/=
38886 12997 02801 10158 39892 40112 50048 6//// 333 20138 30010 5//// 52/// 530// 7000/=
38895 13/// ///// 5//// 6//// 333 2//// 3//// 5//// 52/// 530// 7////=
38911 12998 01201 10147 20048 39876 40102 53003 6//// 333 20125 30012 55115 5//// 52/// 530// 7000/=
38915 13/// ///// 5//// 6//// 333 2//// 3//// 5//// 52/// 530// 7////=
38927 32960 00901 10174 20080 39741 40101 51007 333 55114 20128 50225 7000/=
38933 32999 00000 10147 20102 39631 40128 52007 333 20098 30009 55105=
38944 32998 03602 10195 20021 39537 40046 53007 333 20154=
38954 32999 00000 10068 21082 37949 48520 52006 333 20065 55058=
38974 12998 03202 10187 20011 39795 40115 53015 6//// 333 20173 30018 55114 5//// 52/// 530// 7000/=
38987 13/// ///// 5//// 6//// 333 2//// 3//// 5//// 52/// 530// 7////=
40080 42965 03501 10156 20059 39430 40/// 55010=
40100 43/82 09907 10290 20100 30094 40109 56011 333 58///=
40180 42960 02802 10234 20148 30054 40101 52001 333 70000=
40199 429// /3604 10282 20133 30080 40104 52007 333 70000=
40265 41558 10000 10175 20096 39365 40124 52003 70500 81100 333 81825=
40270 41956 02502 10240 20075 39256 40105 52002 70500=
40272 41950 03004 10160 20105 39320 40127 52008 70500=
40310 SIJD21 120300
40340 42960 03405 10278 20129 30050 40111 52008=
40356 42960 00310 10223 20030 39165 48515 333 58013 04410 50081=
40357 42960 00000 10270 20040 39469 40060 333 58023=
40360 42960 03004 10216 20070 39540 40099 333 58016=
40361 42960 02307 10262 20050 39349 40111 333 58013=
40362 42960 00000 10270 20010 39573 40051 333 58007=
40373 42960 03604 10302 20020 39658 40044 333 58016=
40375 42960 02903 10252 20020 39258 40080 333 58018=
40394 42960 00702 10288 20060 39008 48521 333 58011 04410 50055=
40394 42960 00702 10288 20060 39008 48521 333 58011 04410 50055=
40400 42960 03604 10282 20230 30034 40061 333 59003=
40405 42960 01005 10294 20010 39354 40059 333 58007=
40417 41/02 90000 10267 20270 30007 40021 74700 333 58011 8////=
40420 42960 03504 10308 20100 39828 40026 333 58010=
40430 42960 00802 10319 20050 39355 40062 333 59003=
40437 42960 02804 10296 20000 39385 40040 333 58009=
40439 42660 33004 10298 20120 30015 40033 81530 333 59004 81640=
40582 31958 03514 10367 20119 40029 53009 70500 333 55300 00000 10181 20039 30017 41359 51556 60056 55407 40022 90400 91019 91121 91215 91313=
41024 42960 03306 10316 20240 30016 40041 333 59005=
41036 42960 03106 10249 20050 38545 48496 333 59001 04410 50054=
41055 42960 03209 10247 20070 38352 48493 333 58000 04410 50047=
41061 42960 33106 10266 21040 39362 40025 83030 333 58001 83358=
41084 42960 01903 10237 21050 38813 48481 333 58001 04410 50021=
41112 42960 00000 10174 20010 37946 48499 333 58007 04410 50043=
41114 42960 00000 10166 20010 37978 48496 333 58005 04410 50036=
41128 42960 02402 10235 21030 38771 48488 333 59003 04410 50040=
41136 42660 31606 10288 20140 39257 40025 83400 333 58006 83640=
41140 41540 41003 10312 20280 30040 40052 71000 81130 333 58002 81830 83360=
41150 41957 09902 10326 20288 40020 70500 333 58010=
41170 41446 30502 10315 20299 30010 40023 71000 83500 333 58014 83612=
41176 44/30 /0204 10294 20271 30016 40022 333 58014=
41184 42960 01603 10265 20133 40029 333 58006=
41194 42960 01006 10317 20226 30015 40022 333 58006=
41196 42960 01105 10268 20176 39988 40028 333 58008=
41216 42960 00405 10309 20213 30016 40020 333 58007=
41217 42960 00607 10286 20191 39989 40017 333 58006=
41240 36/// /1302 10335 20101 30010 40039 333 0E128 55300 24958 58000=
41246 36/// /1403 10297 20273 30034 40036 333 0E031 55300 25022 58013=
41255 36/// /0801 10283 20196 39533 40024 333 0E029 58013 =
41256 31958 00304 10292 20263 30017 40034 70500 333 58012 55465 55407 55408 55507 55508=
41258 36/// /1303 10302 20281 30026 40029 333 0E/// 55300 20002 58018=
41263 36/// /1304 10280 20194 39474 40017 333 0E026 55300 20000 58010 =
41265 36/// /1204 10259 20221 39477 40027 333 0E030 55300 20002 58016 =
41267 36/// /1003 10286 20249 30025 40037 333 0E026 58020 =
41268 36/// /2411 10266 20236 39988 40035 333 0E027 55300 25022 58023=
41275 36/// /1215 10251 20237 39880 40045 333 0E025 55300 20000 58008 =
41288 31558 72107 10259 20234 30032 40053 70511 87500 333 58013 87620=
41315 36/50 /0000 10220 20217 39259 47469 333 0E026 55300 27865 58003 SIOM20 120300 41240 36/// /1302 10335 20101 30010 40039 333 0E128 55300 24958 58000 =
41316 32560 71807 10267 20253 30039 40068 87500 333 58002 55029 55407 55408 55507 55508 87625=
41396 42865 12503 10227 20088 39353 40065 81030 333 58011 81358=
41397 82321 10300 20260 40033 57011 70362 85778 22242 04300 20706 325// 41007 80270=
41398 42910 10125 20085 40116 58/// 7//11 83111 22245 04120 2//// 30000 80105=
41480 SIAR20 120300 40582 31958 03514 10367 20119 40029 53009 70500 333 55300 00000 10181 20039 30017 41359 51556 60056 55407 40022 90400 91019 91121 91215 91313=
41497 22929 10240 20211 40170 54000 70299 82147 22233 06220 20204 80220=
41498 42507 10290 20248 40054 5//// 70200 82141 22223 0//// 20402 80260=
41506 22997 00000 10160 20127 38458 48457 333 20153 59011 60007 70000=
41508 22997 00000 10183 20144 38601 48476 333 20145 59015 60007 70000=
41515 22997 00000 10216 20112 38487 48450 333 20194 59006 60007 70000=
41523 22997 00000 10210 20179 39010 48447 333 20200 59015 60007 70000=
41535 22997 00000 10185 20144 38632 48409 333 20145 59023 60007 70000=
41536 22997 00000 10185 20153 38951 48435 333 20175 59020 60007 70000=
41560 22997 00000 10210 20165 38245 48461 333 20180 59001 60007 70000=
41571 22997 11304 10270 20188 39443 49998 81030 333 20237 56090 59029 60007 70000=
41598 21996 00000 10270 20234 39734 49994 70400 333 20255 59035 60007 70000=
41600 21996 03102 10285 20250 39701 49983 70400 333 20258 59041 60007 70000=
41620 32996 02702 10230 20159 38510 48415 333 20220 59013 60007 70000=
41624 22997 00000 10295 20253 39806 40000 333 20270 59026 60007 70000=
41630 21996 00000 10285 20250 49999 70400 333 20265 59035 60007 70000=
41640 21996 02302 10300 20251 39755 49992 70400 333 20267 59036 60007 70000=
41660 21996 00000 10215 21029 38399 48486 70600 333 20155 58000 60007 70000=
41678 21996 00000 10310 20231 40001 70500 333 20285 59016 60007 70000=
41696 22997 00000 10180 20049 37990 48493 333 20150 58007 60007 70000=
41697 22997 00000 10300 20235 39858 40006 333 20285 59009 60007 70000=
41700 21996 02302 10310 20261 39868 49986 70400 333 20283 59014 60007 70000=
41710 21996 00000 10225 21031 39278 40028 70600 333 20200 59007 60007 70000=
41712 22997 00000 10230 20000 39128 48464 333 20220 59001 60007 70000=
41715 21996 00000 10305 20278 39944 40007 70500 333 20280 59010 60007 70000=
41718 21995 00000 10310 20254 39897 49995 70400 333 20289 59002 60007 70000=
41725 22996 02302 10310 20269 39928 40003 333 20280 59009 60007 70000=
41739 21996 02704 10255 21003 38997 48474 70500 333 20230 59001 60007 70000=
41744 21996 00000 10255 20076 38701 48435 70600 333 20220 59001 60007 70000=
41749 22996 01304 10290 20255 39987 40020 333 20270 58010 60007 70000=
41756 21495 40000 10270 20256 39989 40053 71000 84600 333 20210 56900 58028 60007 70000 84715=
41759 01995 00000 10265 20263 30022 40028 74741 333 20240 58013 60007 70000=
41764 22996 02310 10280 20244 39974 40023 333 20265 58002 60007 70000=
41768 22996 02304 10280 20252 30020 40027 333 20260 58005 60007 70000=
41780 21696 72706 10285 20257 30010 40037 70400 87600 333 20275 56900 58004 60007 70000 82720 85630=
41785 22997 32304 10285 20250 30024 40037 83500 333 20260 58011 60007 70000 83360=
41859 32450 71302 10306 20250 30004 40040 84620 333 20264 56990 59004 70132 82710 83618 87458=
41883 32956 32702 10318 20270 30012 40032 83030 333 20278 56090 59010 70000 83362=
41891 31450 50000 10340 20260 39992 40029 70522 83340 333 20275 56990 59019 70000 83616 81930 85365=
41907 32950 01302 10315 20270 30015 40030 333 20280 59004 70000=
41923 32450 60000 10318 20270 30021 40031 81531 333 20282 56999 59006 70046 81616 84360=
41936 21412 72703 10298 20290 30018 40025 76062 85730 333 20278 56990 59003 6990/ 79999 83710 83615 86362=
41943 32440 61802 10290 20250 30024 40031 83530 333 20255 56990 59010 70545 83616 84362=
41950 21335 80000 10252 20250 30024 40026 79596 8692/ 333 20250 56499 59010 6017/ 70349 82708 84616 81928 88458=
41978 32558 60904 10302 20270 30021 40028 83332 333 20266 56999 59019 70030 82620 81928 85080=
41992 21425 80000 10295 20270 30025 40027 70552 8532/ 20263 56999 59024 6990/ 70480 84615 81925 88458=
42001 12031 99259 70897 46/// /2207 10299 20288 30050 40053 90240 22200 00299 333 91209 555 11077 22082 8//08 90239=
42027 31995 01401 10180 20121 38368 48451 70500 333 20137 59020=
42044 32996 00000 10174 20135 38237 48467 333 20116 59022=
42045 32996 00000 10224 20139 38258 48377 333 20136 59035=
42056 32996 00000 10270 20226 39562 333 10345 20227 59045=
42071 31995 02504 10290 20259 49992 71000 333 10340 20250 59039=
42097 12031 99257 70837 46/// ///// 1//// 90256 22200 00311 11101 20901 326// 41101 70007=
42101 22596 73402 10284 20264 40009 83530 333 10352 20265 59031 6991/ 83630 86360=
42111 21494 81401 10258 20250 39322 49997 76162 8672/ 333 10342 20250 59022 6002/ 83712 84618 84830 88458=
42123 32996 22301 10292 20258 40002 80002 333 10364 20280 59051 82070=
42131 32696 72702 10286 20269 40004 83520 333 10340 20257 59026=
42165 32996 00000 10290 20256 40001 333 10366 20254 59010=
42182 21595 80703 10252 20252 49999 71062 8552/ 333 10326 20231 59038 6016/ 85630 88459=
42189 21495 80502 10258 20258 49988 75152 8682/ 333 10321 20240 56299 59028 6076/ 84715 85620 88460=
42309 22596 40703 10304 20262 40055 82830 333 20218 59029 6001/=
42314 21596 60000 10296 20271 40054 71022 83430 333 20264 59027 6994/ 83825 86360=
42328 31995 22006 10284 20259 49998 70520 82030 333 10374 20267 59004 82360=
42339 31595 72306 10280 20252 40029 70522 83510 333 10350 20263 58007 83630 85458=
42348 21595 73208 10268 20242 40006 71022 84530 333 10308 20258 59018 6006/ 84630 86360=
42361 21495 82903 10242 20242 49946 76166 8672/ 333 20240 59050 6198/ 84714 86618 88458=
42369 21595 81408 10280 20253 49995 75022 84470 333 10316 20254 58002 6030/ 84620 86850 88360=
42379 21495 70904 10280 20269 40018 71062 85670 333 10343 20260 56290 58012 6024/ 84712 85618 85358=
42398 22996 49902 10337 20262 40034 83031 333 20258 59007 6001/=
42410 21596 60000 10306 20267 40051 71022 83530 333 20256 59005 6996/ 83620 85360=
42415 22596 50000 10290 20259 40061 82431 333 20248 59019 6018/ 84620 84360=
42452 21596 72304 10274 20236 40004 71022 83530 333 10290 20260 58000 6997/=
42492 31596 61104 10304 20279 40039 71022 86600 333 20284 58022 82710 84620=
42559 21495 80000 10234 20231 40007 79596 8672/ 333 20230 58013 6059/ 83715 86620 88458=
42571 21496 80000 10258 20244 40010 75065 8673/ 333 20249 58051 6003/ 82715 85625 87360=
42623 31496 61402 10272 20226 39205 40044 71022 84530 333 10327 20213 58002 84618 86360=
42634 22596 30000 10280 20243 40055 83500 333 20255 58011 6002/ 83620=
42647 31495 72903 10280 20252 40055 71022 83532 333 20263 56699 58013 83618 87358=
42667 21394 82310 10256 20253 39453 40004 71062 8692/ 333 20233 58023 6061/ 83706 84418 81930 88458=
42675 21495 82304 10258 20216 40025 70520 8673/ 333 20244 58060 6006/ 83710 84620 88360=
42701 31596 22306 10270 20230 39327 40035 71000 81530 333 10298 20234 58023 81620 83360=
42724 21496 60000 10320 20279 40027 71022 84430 333 20274 59014 6990/ 83618 81825 85360=
42737 32496 12308 10270 20241 40059 81600 333 20242 58012 81715=
42754 21496 62710 10248 20228 39418 40043 70522 85630 333 20228 58020 6996/ 82710 83618 85360=
42779 21495 62704 10250 20239 39358 40041 72022 8471/ 333 20224 58045 6005/ 82710 83620 86458=
42798 31495 62906 10306 20252 40038 70522 83530 333 20260 58016 83615 85360=
42809 31595 80000 10306 20284 40037 71022 8353/ 333 20290 58007 83620 88360=
42840 21596 70000 10276 20259 40064 70262 85830 333 20266 58013 6003/ 83620 83825 87360=
42867 31496 62503 10268 20236 40059 70522 83530 333 20236 58040 83618 85380=
42874 31596 32006 10278 20246 40033 70521 82800 333 20247 58037 81620 82825=
42886 21496 52309 10294 20251 40057 70521 85500 333 20252 58035 6002/ 85617=
42895 32596 60000 10308 20283 40048 84530 333 20269 58021 84620 85360=
42909 21596 79902 10280 20266 40065 72022 84830 222// 20000 333 20274 58016 6992/ 81620 83825 85358=
42971 21596 62302 10306 20270 40060 70522 83430 333 20271 58022 6004/ 83620 86360=
43003 21495 80000 10254 20242 40077 75065 8572/ 333 20238 58025 6013/ 82712 84616 88458=
43014 31496 42506 10240 20211 39424 40064 70541 84600 333 20221 58021 82712 83620=
43041 21595 31804 10264 20230 39460 40065 70500 83500 333 20229 58026 6991/ 83620=
43063 21596 42703 10240 20211 39459 40079 70265 84700 333 20212 56600 58017 6993/ 81722 83626=
43110 21496 81403 10254 20236 40095 70262 8673/ 333 20241 58022 6014/ 84712 83618 86358=
43117 32997 42302 10250 20227 40079 83031 333 20223 58017=
43128 31496 73205 10248 20206 39483 40085 70522 84730 333 10304 20252 56690 58028 82710 83615 86360=
43185 32597 42504 10300 20248 30065 40068 82501 333 10345 20280 58012 82620 83070=
43189 32597 30000 10304 20273 30067 40076 82530 333 10350 20268 58018=
43192 21596 70000 10264 20258 40096 76065 83732 333 20250 58022 6009/=
43198 22396 62709 10226 20205 39271 40093 84631 333 10264 20194 56699 58020 6001/ 84707 83612=
43201 22497 62003 10242 20210 39352 40071 84630 333 10296 20198 56690 58014 6999/ 83710 83612 85358=
43213 32997 22703 10268 20217 39765 40079 80002 333 10336 20238 58019=
43233 22497 72511 10230 20206 39296 40112 84631 333 10287 20211 56699 58016 6003/ 70035=
43237 32597 32504 10274 20210 39684 40071 82530 333 10342 20229 58021 82620 83360=
43279 31597 23406 10308 20220 30079 40096 70100 81501 333 10360 20274 58018 81620=
43284 21195 82905 10248 20236 39997 40113 72164 85771 333 10298 20235 56199 58019 6018/ 70184 83702 83612 87458=
43295 32497 72303 10222 20189 39102 48511 85631 333 10292 20205 56599 58018 83710 83612=
43310 22496 52301 10298 20273 40093 82221 333 20266 58011 6004/=
43314 22997 20000 10278 20255 40115 80001 222// 21001 333 10335 20245 58012 6017/=
43321 31496 32006 10266 20221 39664 40108 71020 81401 333 10324 20230 58017 81612=
43333 22496 62708 10292 20258 40101 85401 333 20262 56609 58005 6002/ 83618 84820=
43353 21496 61104 10272 20246 40123 71021 83520 333 10302 20250 56790 58015 6002/ 83715 83459=
43369 21496 83204 10278 20269 40124 70265 8447/ 333 10308 20254 58016 6011/ 84618 86458=
43371 21496 73203 10258 20238 30051 40124 76062 83770 333 10312 20247 58010 6008/ 83715 85458=
44212 32599 73405 10113 20041 39125 40215 52001 87800 333 91205=
44213 32699 72905 10112 20009 38795 40196 54000 87500 333 91205=
44214 32698 71102 10116 20018 38279 40166 58002 84841 333 91205=
44215 32698 72202 10112 20009 38417 40186 52001 82510 333 91204=
44217 32698 72302 10084 21009 37868 40204 58007 87500 333 91204=
44218 32999 70902 10156 21001 38601 40156 57002 87070 333 91203=
44219 32699 63101 10147 21018 38612 40156 52012 82788 333 91203=
44265 32999 83004 10164 20024 38844 40172 53009 8802/ 333 91204=
44266 32699 72408 10117 21030 37800 40171 58001 83820 333 91111 91209=
48010 22556 61801 10290 20259 39900 40049 83870 333 56440 58023=
48020 21357 60000 10268 20256 70195 85930 333 56490=
48025 21110 80000 10258 20258 39934 40073 76066 8582/ 333 56999 58035 =
48031 21/02 90401 10185 20185 74764 89/// 333 56999=
48048 21450 81803 10260 20260 39980 40036 75165 8692/ 333 56889 58014=
48052 22450 81402 10249 20219 8487/ 333 5699/=
48062 21456 82712 10258 20246 30018 40024 76566 86920 333 56690 59026=
48064 22450 80402 10262 20246 39962 40019 8587/ 333 5699/ 59000=
48071 21340 82313 10250 20250 30041 40050 79799 8692/ 333 5659/ 59013=
48094 22457 80000 10275 20270 30063 40073 85970 333 56990 58003=
48109 32496 72303 10302 20266 30091 40095 85970 333 56190 58003=
50557 04979 /0601 10140 20048 39880 40169 57024 60002 72100 333 10264 20077 3/005 5009/ 54419 58015 60001 70000 90720 91109=
51076 04963 /1501 10104 20096 39347 40199 52016 60082 76050 333 10226 20103 3/012 5001/ 54417 58002 60081 70084 90720 91108=
51087 04970 /2604 10135 20090 39198 40182 52007 60002 76050 333 10228 20129 3/014 5001/ 54415 59012 60001 70000 90720 91107=
51156 04974 /1004 10092 20072 38701 40183 52005 69992 76000 333 10187 20087 3/007 5001/ 54416 59020 60001 70009 90720 91111=
51243 04980 /0801 10195 20082 39647 40166 52007 60002 70000 333 10242 20164 3/016 5002/ 54415 59013 60001 70000 90720 91108=
51334 04980 /1001 10207 20096 39782 40166 57002 69922 70000 333 10239 20111 3/011 5001/ 59023 60001 70002 90720 91109=
51379 04980 /2502 10186 20068 39275 40180 57001 60002 70000 333 10233 20124 3/012 5002/ 59010 60001 70000 90720 91105=
51463 04980 /1401 10149 20075 39038 40179 52001 60002 70000 333 10208 20132 3/012 5001/ 54415 59013 60001 70000 90720 91107=
51573 04941 /2802 10265 20060 30093 40140 52010 60002 70600 333 10307 20218 3/021 5002/ 54405 58013 60001 70000 90720 91109=
51644 04980 /3402 10171 20072 38936 40139 52003 69932 70000 333 10238 20100 3/011 5002/ 54415 58003 60001 70003 90720 91119=
51656 04965 /0904 10201 20091 39132 40135 52008 60002 70000 333 10285 20129 3/010 5002/ 54405 58010 60001 70000 90720 91107=
51709 04963 /3001 10181 20063 38620 40122 52004 60002 70000 333 10235 20129 3/012 5002/ 54405 59021 60001 70000 90720 91105=
51711 04980 /2503 10116 21002 38032 40116 57002 60002 70000 333 10182 20057 3/004 5003/ 54405 59016 60001 70000 90720 91107=
51716 04968 /0503 10187 20081 38896 40123 52004 60002 70000 333 10258 20124 3/012 5002/ 54415 59010 60001 70000 90720 91107=
51765 04980 /1602 10230 20091 39195 40139 52004 60002 70000 333 10233 20133 3/012 5001/ 54405 58004 60001 70000 90720 91103=
51811 04958 /3001 10165 20092 38776 40131 52003 60002 70000 333 10242 20101 3/007 5002/ 59022 60001 70000 90720 91103=
51818 04960 /2001 10189 20067 38631 40129 52003 60002 70000 333 10236 20094 3/006 5001/ 54405 59018 60001 70000 90720 91103=
51828 04956 /1801 10209 20053 38627 40107 52001 60002 70500 333 10230 20146 3/009 5001/ 54405 59012 60001 70000 90720 91104=
51886 04978 /1303 10105 20021 37166 40113 52009 60002 70000 333 10160 20087 3/009 5002/ 54415 58023 60001 70013 90720 91107=
52203 04974 /1902 10184 20119 39323 40169 52012 60002 70000 333 10265 20156 3/016 5000/ 54418 58046 60001 70000 90720 91108=
52602 04980 /3001 10098 20024 37309 40147 52019 69922 72100 333 10226 20075 3/008 54410 58035 69921 70002 90720 91113=
52681 04969 /2806 10167 20144 38616 40112 52011 69972 70000 333 10167 20134 3/015 5001/ 54405 59034 69911 70021 90720 91110=
52818 04980 /3003 10102 20039 37292 40141 52019 60042 70000 333 10282 20082 3/010 5002/ 54419 58054 60001 70092 90720 91108=
52908 04980 /2203 10088 20036 35836 40028 52010 60012 70000 333 10146 20030 3/001 59004 60001 70015 90720 91114=
53463 04980 /1302 10201 20136 38878 40153 57006 60002 70000 333 10202 20154 3/015 5001/ 54405 59060 60001 70000 90720 91104=
54857 04980 /3104 10281 20237 30042 40131 57006 60002 70000 333 10301 20247 3/026 5000/ 59033 60001 70000 90720 91106=
55228 04980 /2701 10081 21072 36080 40003 52017 60002 70000 333 10173 20077 3/005 5001/ 54415 58006 60001 70000 90720 91107=
55299 04980 /1103 10122 20039 35921 49966 52005 69922 70000 333 10176 20060 3/004 5000/ 59002 69921 70019 90720 91107=
55591 04980 /2902 10169 20083 36577 49987 52011 60012 70000 333 10223 20123 3/012 5002/ 54405 59008 69911 70011 90720 91106=
56004 04980 /0101 10097 20041 35894 49990 52011 60002 70000 333 10141 20034 3/001 54415 59001 60001 70073 90720 91115=
56018 04980 /0901 10116 20048 36252 40030 52012 60032 70000 333 10178 20075 3/008 54415 59001 60031 70027 90720 91109=
56299 59028 6076/ 84715 85620 88460 555 00760 10988=
57494 04472 /0103 10247 20210 30088 40117 52003 60002 70000 333 10297 20238 3/024 5001/ 54415 59024 60001 70000 90720 91107=
58847 04961 /0102 10331 20234 39995 40091 57010 60002 70000 333 10379 20279 3/028 5000/ 58012 60001 70000 90720 91105=
62332 32960 01307 10293 20209 40101 57001=
62357 SIEG22 120300
62366 35960 03402 10305 20099 40088 52008=
62387 32960 03602 10254 20155 40093 52010=
62393 32960 00000 10268 20075 40117 52003=
62405 32960 01702 10273 20080 40086 52004=
62414 32960 00000 10305 20095 40091 52001=
62420 32960 03305 10270 20023 40106 52007=
62423 SIEO20 120300 CCA 37395 /2999 30902 10208 20190 39954 40086 58010 83030 20208 31019 50291 60022 7002/=
62435 32960 02502 10259 20111 40079 57005=
62440 SIEG25 120300 62458 32960 00000 10265 20089 40088 52002=
62458 32960 00000 10265 20089 40088 52002=
