SMPK OPKC 060000=
41505 12995 00000 10140 20066 38/// 48/// 60001 80000 333 56000 58/// 61%=
41506 02995 00000 10190 20159 38442 48440 60002 333 59016 60007 82%=
41507 02996 00000 10240 20211 39187 49684 60002 333 59009 60007 84%=
41508 02695 30000 10200 20169 38592 48467 60002 83500 333 56900 58006 60007 83635 82%=
41509 02996 30000 10255 20161 38668 48421 60002 83010 333 56090 58005 60007 83460 56%=
41510 02996 30000 10140 20132 37884 48468 60002 83030 333 56090 58002 60007 83360 95%=
41515 02996 00000 10207 20130 38473 48437 60002 333 59026 60007 62%=
41516 02996 20000 10155 20129 38457 48416 60002 82030 333 56090 59015 60007 82360 85%=
41519 02696 30000 10245 20140 38668 48419 60002 83500 333 56900 59005 60007 83640 52%=
41520 02695 70000 10150 20088 37592 48193 60002 83570 333 56990 59013 60007 83640 86762 66%=
41523 02696 20000 10230 20200 38999 48440 60002 82500 333 56900 59021 60007 82640 83%=
41524 02996 00000 10245 20209 39242 40069 60002 333 59020 60007 80%=
41528 01696 70000 10205 20198 39112 48425 60002 70400 82520 333 56990 59018 60007 83640 84460 95%=
41529 02996 33102 10275 20254 39647 40011 60002 83030 333 56090 58007 60007 83360 88%=
41530 016// 31306 10265 20234 39615 40011 60002 70511 81430 333 56990 58010 60007 81840 81%=
41534 20902 10270 20249 39602 49998 60002 82500 333 56900 59005 60007 82640 88%=
41535 02996 00000 10200 20185 38650 48427 60002 333 58012 60007 91%=
41536 02996 00000 10205 20182 38936 48427 60002 333 59013 60007 87%=
41560 02996 00000 10190 20151 38231 48449 60002 333 58004 60007 78%=
41562 02996 00000 10270 20234 39557 40001 60002 333 59004 60007 81%=
41565 02996 02302 10183 20161 38573 48445 60002 333 59024 60007 86%=
41567 01696 10000 10270 20234 39587 49985 60002 70400 81500 333 56900 58004 60007 81640 81%=
41572 01696 21306 10240 20235 39399 40001 60002 70400 82500 333 56900 58007 60007 82640 96%=
41573 01095 23604 10165 20149 37934 48442 60002 72990 82700 333 56900 58007 60007 82700 90%=
41574 02697 80000 10145 20137 38301 48476 60012 8552/ 333 5699/ 59001 60007 85640 88460 95%=
41576 01596 30000 10275 20254 40026 60002 71300 81930 333 56900 58003 60007 81930 83840 88%=
41577 01996 20000 10245 20238 39434 40028 60002 70411 82030 333 56090 58008 60007 82360 96%=
41593 01996 00000 10280 20259 39800 40005 60002 70400 333 58006 60007 88%=
41597 01596 80000 10290 20269 39742 40025 60002 71790 8492/ 333 5699/ 58006 60007 81930 83640 88460 89%=
41598 01696 30000 10280 20259 39749 40009 60002 70400 83500 333 56900 58006 60007 83640 88%=
41599 01596 70510 10265 20236 39742 40021 60002 71392 84970 333 56990 58006 60007 81930 83640 84460 84%=
41600 01696 80000 10280 20259 39712 49996 60012 76092 83520 333 56990 59013 60017 83637 85460 88%=
41620 32996 02302 10215 20168 38497 48402 60002 333 59001 60007 75%=
41624 01996 30000 10290 20255 39802 49993 60002 70401 83020 333 56090 58005 60007 83460 81%=
41625 01996 00000 10265 20236 39798 49990 60002 70400 333 59002 60007 84%=
41630 01996 20000 10280 20259 40013 60002 70400 82030 333 56090 58006 60007 82360 88%=
41633 02997 00000 10280 20252 4//// 60002 333 5//// 60007 85%=
41634 02697 30000 10255 20234 3//// 4//// 60002 83500 333 56900 5//// 60007 83640 88%=
41635 01996 30000 10285 20257 3//// 4//// 60002 70400 83030 333 56090 5//// 60007 83362 85%=
41636 01996 00000 10270 20256 39828 40006 60002 70400 333 59010 60007 92%=
41638 01996 00000 10265 20244 4//// 60002 70400 333 5//// 60007 88%=
41639 01696 50000 10260 20238 3//// 4//// 60002 70420 82530 333 56990 5//// 60007 82640 83460 88%=
41640 01696 50000 10275 20261 39776 40015 60002 70400 333 56990 58008 60007 82640 83460 92%=
41640 01696 50000 10275 20261 39776 40015 60002 70422 82570 333 56990 58008 60007 82640 83460 92%=
41641 01996 22304 10265 20244 39755 40019 60002 70400 82030 333 56090 58010 60007 82360 88%=
41642 01995 20000 10270 20256 3//// 4//// 60002 71000 82030 333 56090 5//// 60007 82360 92%=
41643 01696 70504 10250 20235 39745 40013 69902 76062 84470 333 56990 59005 69907 84640 84460 92%=
41644 01696 30000 10265 20251 3//// 4//// 60002 70400 83020 333 56090 5//// 60007 83460 92%=
41646 01996 00000 10285 20264 39802 40006 60002 70400 333 59008 60007 89%=
41652 01996 20000 10280 20252 39833 40004 60002 70400 82030 333 56090 58001 60007 82360 85%=
41660 029// 01304 10195 20102 38373 48460 60002 333 58002 60007 55%=
41661 01995 00000 10180 20083 38326 48450 60002 70540 333 58000 60007 53%=
41669 01996 00000 10285 20257 3//// 4//// 60002 70500 333 56990 5//// 60007 85%=
41670 01996 00000 10285 20257 3//// 4//// 60002 70400 333 5//// 60007 85%=
41674 01996 01304 10280 20259 3//// 4//// 60002 70400 333 5//// 60007 88%=
41675 01996 01804 10305 20264 39860 49997 60002 70400 333 58007 60007 79%=
41676 01996 00000 10285 20264 39855 40006 60002 70400 333 59009 60007 89%=
41677 01996 00000 10270 20256 39816 49976 60002 70400 333 59018 60007 92%=
41678 01996 00000 10280 20213 49994 60002 70500 333 59012 60007 67%=
41679 01996 30000 10275 20263 4//// 60002 70400 83030 333 56090 5//// 60007 83360 96%=
41680 01996 00000 10280 20259 39817 40007 60002 70400 333 58003 60007 88%=
41685 02697 20000 10235 20213 38820 48419 60002 82500 333 56900 59003 60007 82635 88%=
41696 02996 00000 10140 20096 37977 48486 60002 333 59004 60007 75%=
41697 02996 00000 10290 20255 39846 49995 60002 333 58000 60007 81%=
41700 01996 00000 10300 20258 39850 49969 60002 70400 333 59011 60007 78%=
41701 01996 00000 10280 20252 39861 49999 60002 70400 333 59005 60007 85%=
41710 12996 03102 10285 21036 39243 49975 60002 333 59024 12%=
41712 12996 00000 10255 20048 39097 48440 60002 333 59021 26%=
41715 01996 00000 10290 20248 39929 49992 60002 70500 333 59016 60007 78%=
41716 01996 00000 10285 20271 39909 40006 60002 70400 333 58005 60007 92%=
41718 01996 00000 10290 20248 39898 49997 60002 70400 333 58003 60007 78%=
41724 01996 00000 10300 20258 39928 40004 60002 70500 333 59025 60007 78%=
41725 02996 00000 10310 20261 39913 49987 60002 333 59008 60007 75%=
41726 02996 00000 10295 20267 39930 49998 60002 333 59033 60007 85%=
41738 02996 20000 10270 20241 39853 40027 60002 82030 333 56090 59026 60007 82460 84%=
41739 02996 00000 10270 20152 38971 48451 60002 333 59009 60007 48%=
41742 12996 70000 10285 20250 39916 40016 60002 87010 333 56090 59001 87460 81%=
41743 01996 00000 10270 20234 60002 70500 333 60007 81%=
41745 01995 01802 10270 20241 60002 70500 333 60007 84%=
41746 02996 00000 10280 20259 39938 49990 60002 70500 333 59019 60007 88%=
41747 02996 01304 10290 20255 39921 49978 60002 333 59017 60007 81%=
41748 02996 01302 10290 20255 39944 40006 60002 333 59030 60007 81%=
41749 02996 01306 10285 20257 39948 49980 60002 333 59030 60007 85%=
41756 01495 62302 10260 20231 39959 40023 60002 70500 86600 333 56900 59012 60007 86715 84%=
41764 02996 02308 10270 20241 39951 40000 60002 333 59007 60007 84%=
41765 02996 02304 10275 20239 39982 40017 60002 333 58010 60007 81%=
41766 11996 02302 10250 20228 39956 49985 70400 333 59018 60007 88%=
41767 02996 0//// 10270 20256 60002 333 60007 92%=
41768 02596 12306 10270 20256 30005 40012 60002 84600 333 56500 58005 60007 84720 92%=
41780 02596 62506 10280 20252 39991 40018 60002 86600 333 56900 59011 60007 86720 85%=
41785 02996 42304 10280 20259 30008 40021 60002 84030 333 56090 59005 60007 84360 88%=
41786 02596 30000 10270 20241 39953 49988 60002 83600 333 56500 59015 60007 83720 84%=
41BKI 01696 63106 10275 20247 39604 40004 60002 70422 83530 333 56990 58003 60007 83640 85360 85%=
41SKP 01996 00000 10260 20246 3//// 4//// 60002 70400 333 5//// 60007 92%=
43532 01696 60000 10215 20200 39217 49994 60002 70400 83520 333 56990 59027 60007 83640 83460 91%=
43533 02996 40000 10240 20203 39121 48420 60002 84020 333 56090 58001 60007 84640 80%=
43563 02697 80502 10239 20211 39360 40026 60002 83530 333 56990 58008 60007 83640 85360 84%=
41571 11696 41310 10255 20204 39469 40029 60002 70511 83830 333 56990 58013 RH73%=
41744 12996 00000 10205 20063 38705 48436 60002 333 59018 RH 40%=
41759 01995 30000 10260 20231 30009 40015 60002 71011 83030 333 56090 59026 60007 83360 84%=
41517 01696 70000 10160 20109 37746 48437 60002 70422 83530 333 56990 59006 60007 83640 86360 72%= 
41518 02696 61802 10211 20083 38/// 48/// 60002 83520 333 56990 5//// 60007 83640 83462 44%= 
41760 01595 22708 10260 20231 30007 40020 60002 70400 82600 333 56900 59003 60007 82720 84%=
41757 11595 40000 10270 20249 30008 40020 60002 71000 84600 333 56900 59016 84720 RH88%= 
41504 Not Received
41783 Not Received
41BAG Not Received


UPPK OPKC 060000=
PPAA 5600/ 41517 MISDA DUE TO SMOKE HAZE=
PPAA 5600/ 41516 MISDA DUE TO TECHNICAL FAULT=
PPAA 5600/ 41646 MISDA DUE TO TECHNICAL PROBLEM=
PPAA 5600/ 41715 NO ASENT DUE TO PAF FLYIN=
PPAA 5600/ 41739 No Acent Due To Security Risk=
PPAA 5600/ 41749 MISDA DUE TO TECHNICAL FAULT=
PPAA 5600/ 41768 NO ASCENT DUE TO SHORTAGE OF STAFF=
PPAA 56001 41598 55185 31503 77999=
PPAA 56001 41624 55185 02006 77999=
PPAA 5600/ 41646 MISDA DUE TO TECHNICAL PROBLEM=
PPAA 56001 41624 55185 02006 77999=
PPAA 56001 41675 55185 18015 77999=
PPAA 56001 41678 55185 06503 77999=
PPAA 56001 41718 55185 24512 77999=

PPBB 56001 41598 90/12 00000 22002 26504 903// 27504=
PPBB 56001 41675 90/12 18006 15515 17022 903// 18027=
PPBB 56001 41678 90/12 00000 01503 02504 9037/ 04006 11502=
PPBB 56001 41718 90/12 00000 23517 23519 903// 24017=
 

Data Generated from File : D:\all data handling\Rmc_lhr\2024090600.FSU.txt
06/09/24 01:14:56
______________________________________________________________
15007 05/70 /2601 10161 20126 39734 40193 50005 60001 7000/ 333 4/000 55300 0//// 20000 3//// 55056 0//// 21348 3//// 60007=
15020 07/70 /3002 10169 20139 39989 40182 58003 69911 7616/ 333 55039 21100 55300 20000 69917==
15023 05/70 /0201 10167 20130 39757 40172 50002 60001 7000/ 333 55300 0//// 20000 3//// 55048 0//// 21252 3//// 60007=
15056 07/61 /3303 10160 20149 39833 40176 58005 60021 7616/ 333 4/000 55300 0//// 20000 3//// 55019 0//// 20833 3//// 60027=
15069 05/70 /0403 10130 20091 39132 42816 57002 60001 7000/ 333 4/000 55300 0//// 20000 3//// 55064 0//// 21526 3//// 60007=
15073 07/67 /3402 10158 20132 39731 40188 50001 69941 7818/ 333 4/000 55300 0//// 20000 3//// 55056 0//// 21334 3//// 69937=
15090 01440 82701 10162 20160 30083 40173 56005 60101 79598 8492/ 333 55003 00043 20541 30494 55300 10060 20000 30000 60087 91002 90760 91102==
15107 05/70 /0901 10117 20091 39391 42815 57002 60001 7000/ 333 55300 0//// 20000 3//// 55079 0//// 21953 3//// 60007=
15108 01/00 90604 10070 20070 38124 48525 58005 69931 74764 89/// 333 55079 21885 55300 20000 69917 91008 90760 91108==
15109 07/70 /3202 10160 20126 39755 40180 50001 69961 7818/ 333 55300 0//// 20000 3//// 55067 0//// 21461 3//// 69957=
15111 07/63 /3402 10159 20150 39910 40167 57006 60031 7616/ 333 4/000 55300 0//// 20000 3//// 55026 0//// 20878 3//// 60027=
15113 07/64 /3002 10164 20156 30005 40165 56005 60101 7616/ 333 4/000 55300 0//// 20000 3//// 55005 0//// 20565 3//// 60037=
15127 05970 62602 10120 20081 39316 42811 50001 60001 7000/ 84071 333 4/000 55300 0//// 20000 3//// 55087 0//// 22055 3//// 60007 91002 91102=
15148 05970 10605 10110 20072 38734 48510 58003 60001 7000/ 81040 333 55300 0//// 20000 3//// 55099 0//// 22154 3//// 60007 91007 91107=
15150 07468 83302 10158 20152 39964 40172 57007 60071 7616/ 8672/ 333 55049 21314 55300 20000 60057 91005 90760 91106==
15154 01550 83102 10160 20160 30018 40158 57006 60131 76362 8557/ 333 4/000 55300 0//// 20000 3//// 55000 0//// 20487 3//// 60067 91003 91104=
15168 05/70 /2301 10131 20077 39555 42796 50001 60001 7000/ 333 4/000 55300 0//// 20000 3//// 55083 0//// 21977 3//// 60007=
15170 04/70 20000 10113 20077 39405 42801 58005 60001 82040 333 55091 21964 55300 20000 60007 91001 90760 91102==
15194 07/69 /1100 10152 20146 39882 40171 57006 69991 723// 333 4/000 55300 0//// 20000 3//// 55079 0//// 21790 3//// 69997=
15197 07/58 /3203 10161 20151 39954 40160 57006 60021 7520/ 333 4/000 55300 0//// 20000 3//// 55016 0//// 20886 3//// 69917=
15215 05/70 /2601 10118 20075 39576 42799 52002 60001 7000/ 333 4/000 55300 0//// 20000 3//// 55084 0//// 21975 3//// 60007=
15217 05/70 /0702 10155 20113 39508 42803 58004 60001 7000/ 333 4/000 55300 0//// 20000 3//// 55091 0//// 22009 3//// 60007=
15219 07/58 /3004 10158 20148 30037 40159 57008 60051 7616/ 333 4/000 55300 0//// 20000 3//// 55042 0//// 21243 3//// 60027=
15238 05/70 /0200 10103 20084 39561 42800 54001 60001 7000/ 333 4/000 55300 0//// 20000 3//// 55083 0//// 21851 3//// 60007=
15261 05/62 /1800 10082 20073 39372 42816 57002 60001 7000/ 333 55300 0//// 20000 3//// 55083 0//// 21976 3//// 60007=
15262 02799 60307 10077 20076 38231 48511 57007 60001 86070 333 55300 0//// 20000 3//// 55086 0//// 22044 3//// 60007 91011 91112=
15265 05/70 /3206 10176 20146 30080 40153 58005 60001 7000/ 333 4/000 55300 0//// 20000 3//// 55044 0//// 21253 3//// 60007=
15280 02970 03004 10053 20044 37545 47116 57005 60001 333 55096 22306 55300 20000 60007 91009 90760 91109==
15300 05997 02203 10128 20077 39547 42800 54001 60001 7000/ 333 55300 0//// 20000 3//// 55106 0//// 22099 3//// 60007 91004 91105=
15302 05/62 /1201 10096 20069 38941 48510 58005 60001 7000/ 333 55300 0//// 20000 3//// 55083 0//// 21942 3//// 60007=
15307 05/70 /3604 10185 20131 39968 40149 50001 69951 7000/ 333 4/001 55300 0//// 20000 3//// 55107 0//// 22105 3//// 69947=
15310 04570 83202 10185 20149 30061 40145 57002 60001 8457/ 333 55037 00389 21238 31120 55300 10060 20000 30000 60007 91006 90760 91108==
15324 05/70 /3201 10126 20078 39377 42797 54001 60001 7000/ 333 4/000 55300 0//// 20000 3//// 55088 0//// 22002 3//// 60007=
15325 05970 /3502 10110 20063 38500 48511 57004 60001 7000/ 333 4/000 55300 0//// 20000 3//// 55084 0//// 21977 3//// 60007 91003 91106=
15328 05/70 /0501 10116 20100 39814 40162 50004 60001 7000/ 333 4/001 55300 0//// 20000 3//// 55071 0//// 21869 3//// 60007=
15335 04570 72903 10193 20164 30129 40136 57002 60001 87500 333 55049 21403 55300 20000 60007 91005 90760 91106==
15336 07/64 /3203 10184 20173 30123 40125 57004 69911 7818/ 333 4/000 55300 0//// 20000 3//// 55060 0//// 21465 3//// 69917=
15349 05/70 /3101 10130 20093 39617 40162 54001 60001 7000/ 333 4/000 55300 0//// 20000 3//// 55083 0//// 21903 3//// 60007=
15350 04970 00104 10191 20125 30041 40157 50005 60001 333 55087 21498 55300 20000 60007 91006 90760 91107==
15360 01570 80503 10219 20195 30103 40119 54001 60021 7808/ 8497/ 333 55002 60027 91007 90760 91107==
15375 05968 00101 10129 20100 39806 40161 54001 60001 7000/ 333 4/000 55300 0//// 20000 3//// 55087 0//// 21923 3//// 60007 91002 91102=
15377 05/70 /3501 10141 20097 39942 40155 52003 60001 7000/ 333 55300 0//// 20000 3//// 55085 0//// 21590 3//// 60007=
15387 07/67 /3004 10183 20174 30117 40121 58004 60011 7238/ 333 4/000 55300 0//// 20000 3//// 55037 0//// 21228 3//// 60017=
15402 05/70 /0503 10185 20130 30079 40152 50002 60001 7000/ 333 55300 0//// 20000 3//// 55102 0//// 22061 3//// 60007=
15405 05/70 /0107 10187 20142 30095 40156 54000 60001 7000/ 333 4/000 55300 0//// 20000 3//// 55106 0//// 22092 3//// 60007=
15406 05/70 /3303 10183 20133 30096 40142 54001 60001 7000/ 333 4/000 55300 0//// 20000 3//// 55102 0//// 22103 3//// 60007=
15408 05/70 /2803 10162 20144 39880 40140 54000 60001 7000/ 333 4/000 55300 0//// 20000 3//// 55102 0//// 22031 3//// 60007=
15409 05/70 /3307 10180 20154 30083 40129 57002 60001 7000/ 333 4//// 55300 0//// 20000 3//// 55070 0//// 21696 3//// 60007=
15419 05970 00101 10155 20108 39970 40161 55000 60001 7000/ 333 4/000 55300 0//// 20000 3//// 55098 0//// 22045 3//// 60007 91002 91102=
15420 04970 00601 10160 20119 30041 40150 57002 60001 333 55103 22067 55300 20000 60007 91002 90760 91103==
15421 05/70 /1601 10162 20117 30052 40161 54001 60001 7000/ 333 55300 10184 20000 30000 55100 00843 22089 30610 60007=
15422 05970 00700 10169 20120 30050 40149 50001 60001 7000/ 333 55300 0//// 20000 3//// 55088 0//// 21988 3//// 60007 91002 91102=
15425 05970 83505 10184 20133 30085 40147 58003 60001 7000/ 8807/ 333 4/000 55300 0//// 20000 3//// 55098 0//// 22085 3//// 60007 91007 91107=
15434 02970 00502 10176 20104 39946 40150 52006 60001 333 4/000 55300 0//// 20000 3//// 55103 0//// 22033 3//// 60007 91004 91106=
15444 05/70 /3203 10170 20124 30073 40144 57004 60001 7000/ 333 4/000 55300 0//// 20000 3//// 55099 0//// 22064 3//// 60007=
15455 05/70 /0802 10165 20116 30023 40151 57002 60001 7000/ 333 4/000 55300 0//// 20000 3//// 55105 0//// 22062 3//// 60007=
15460 04970 03402 10165 20121 30124 40149 57002 60001 333 55106 22115 55300 20000 60007 91003 90760 91103==
15462 05970 03004 10161 20132 30057 40141 58003 60001 7000/ 333 4/000 55300 0//// 20000 3//// 55104 0//// 22118 3//// 60007 91005 91105=
15470 04970 00904 10183 20118 30022 40145 54000 60001 333 55091 21979 55300 20000 60007 91007 90760 91108==
15475 06/// /0701 10152 20126 30131 40151 54001 60001 333 55300 0//// 20000 3//// 55107 0//// 22099 3//// 60007=
15479 05/70 /3102 10158 20129 39956 40145 57002 60001 7000/ 333 55300 0//// 20000 3//// 55105 0//// 22120 3//// 60007=
15480 04970 02901 10176 20139 30119 40136 50000 60001 333 55099 00991 22148 32041 55300 10170 20000 30000 60007 91003 90760 91104==
15489 05970 00907 10185 20120 30053 40144 58002 60001 7000/ 333 4/000 55300 0//// 20000 3//// 55099 0//// 22070 3//// 60007 91010 91111=
15491 05970 00704 10184 20129 30117 40146 54001 60001 7000/ 333 4/000 55300 0//// 20000 3//// 55107 0//// 22092 3//// 60007 91008 91108=
15499 05/70 /2802 10172 20140 30131 40139 52004 60001 7000/ 222// 0//// 2//// 333 55085 60007=
15549 12970 00501 10148 20121 39739 40143 52001 60001 333 10222 20148 555 584//=
15552 12965 03202 10187 20136 30091 40138 52003 60001 222// 00280 10201 333 10245 20187 555 572// 92024 92427=
15640 12970 00000 10193 20158 39833 40132 54000 60001 333 10258 20193 555 580//=
15655 12968 00000 10206 20146 30099 40131 58001 60001 222// 00253 10000 333 10238 20206 555 569// 92024 92427=
15730 12970 00000 10186 20149 39746 40126 51001 60001 333 10236 20186 555 579//=
16627 12960 00303 10230 20183 30109 40114 56002 60001 333 90730 91105==
16650 12960 00000 10224 20196 30105 40113 57004 60001 333 90730 91105==
16706 12960 00207 10280 20187 30096 40103 53005 60001 333 90730 91112==
16723 12960 03609 10282 20126 30071 40085 57007 60001 333 90730 91112==
16732 26/// /3607 10261 20204 30093 40103 57010 333 60005 90730 91109==
16742 12960 03511 10264 20168 39929 40076 57005 60001 333 90730 91120==
16749 12560 22207 10274 20194 30054 40067 57005 60001 82240 333 90730 91111==
16754 12460 11707 10250 20177 30065 40112 58006 60001 81100 333 90730 91111==
16760 26/// /0005 10238 20139 39717 40114 57008 333 60005 90730 91109==
16765 26/// /2919 10260 20220 30055 40074 57002 333 60005 90730 91129==
17031 11556 71509 10212 20203 30121 40127 57003 60221 78082 87200 333 87822 90760 91112==
17034 12670 62101 10239 20194 30084 40128 57005 60001 83250 333 83835 86360 90760 91104==
17038 11670 62404 10244 20196 30075 40120 55005 60001 70292 86200 333 86835 90760 91114==
17060 12960 00504 10216 20177 30094 40133 56002 60001 333 90760 91112==
17070 12965 00000 10126 20096 39295 40124 55000 60001 333 90760 91104==
17084 12970 01601 10172 20151 39259 40113 51001 60001 333 90760 91113==
17092 12660 31102 10168 20121 38834 48489 51003 60001 83100 333 83845 90760 91116==
17096 12660 32601 10120 20093 38236 48486 51001 60001 83100 333 83840 90760 91119==
17098 11560 62703 10130 20122 38200 48490 58004 60031 70292 84930 333 84835 86357 81925 90760 91119==
17100 11970 03004 10241 20119 39134 40048 53005 69931 70180 333 90760 91115==
17115 12960 00306 10227 20176 30079 40127 57005 60001 333 90760 91112==
17116 12962 02001 10214 20128 30010 40124 54000 60001 333 90760 91106==
17124 12960 02403 10159 20121 39249 40116 57003 60001 333 90760 91109==
17128 12970 00307 10169 20113 39065 40102 55003 60001 333 90760 91111==
17150 12960 02302 10195 20142 30001 40117 50001 60001 333 90760 91118==
17160 12970 03404 10195 20108 38997 48501 53002 60001 333 90760 91119==
17170 12660 11003 10146 20059 38312 48472 50000 60001 81100 333 81840 90760 91107==
17184 12970 03503 10227 20114 39999 40103 58001 60001 333 90760 91111==
17190 12970 03001 10182 20096 38979 48508 57003 60001 333 90760 91108==
17190 12970 03001 10182 20096 38979 48508 57003 60001 333 90760 91108==
17195 12970 00604 10156 20113 38946 48496 58001 60001 333 90760 91110==
17200 12960 00004 10211 20118 39133 40041 55000 60001 333 90760 91126==
17202 12670 32406 10230 20109 39075 40031 53002 60001 81140 333 81835 83360 90760 91116==
17203 12970 00000 10210 20096 38828 48509 52001 60001 333 90760 91105==
17219 12965 00111 10261 20101 39959 40093 58002 60001 333 90760 91121==
17237 12970 02301 10237 20096 39623 40091 53002 60001 333 90760 91106==
17240 12970 03402 10193 20135 39013 40082 55001 60001 333 90760 91108==
17244 11670 23414 10210 20083 38973 48503 55000 69911 70181 82100 333 82840 90760 91123==
17260 12960 02801 10220 20158 39250 40004 57003 60001 333 90760 91111==
17280 12960 00201 10223 20132 39299 40024 52003 60001 333 90760 91108==
17292 12970 03301 10228 20095 39364 40066 58003 60001 333 90760 91107==
17300 12960 03207 10283 20166 30004 40070 58006 60001 333 90760 91111==
17310 12670 30802 10279 20211 30045 40052 56008 60001 83200 333 83835 90760 91107==
17350 12560 20403 10257 20222 39982 40055 56010 60001 82100 333 82830==
17370 12670 50000 10279 20252 30063 40067 57005 60001 83230 333 83835 85360 90760 91110==
33088 32997 60802 10178 20129 30039 40223 52003 86070 555 1/016=
33135 329// 00903 10162 20092 30110 40254 52007 555 1/015=
33177 32597 20702 10138 20104 39975 40207 58001 82500 555 1/013=
33317 329// 01002 10162 20104 39881 40207 52003 555 1/015=
33393 32960 20702 10174 20096 39809 40186 58003 80001=
33415 32997 00601 10180 20082 39813 40195 53003 555 1/013=
33429 32997 20902 10155 20068 39792 40202 52010 82030 555 1/013=
33466 32980 00403 10197 20098 30035 40215 52007 555 10017=
33506 32997 30806 10170 20051 30043 40233 52006 83030 555 1/014=
33562 32960 23402 10142 20100 39914 40211 52007 82030 555 1/014=
33587 329// 00902 10200 20088 39945 40197 52008 555 1/017=
33658 32983 60000 10167 20110 39898 40187 52003 86030 555 1/016=
33663 32597 60000 10170 20151 30093 40185 52002 82530 555 1/016=
33664 42597 70201 10159 20141 39875 40181 58001 85530=
33678 42898 72802 10161 20140 39998 40198 52005 87050=
33679 41497 70502 10175 20136 39997 40181 54000 70282 87900 333 87917=
33711 32960 50805 10216 20095 39993 40192 52005 85030 555 1/019=
33745 41597 60301 10159 20149 30003 40185 52002 70282 85930 555 11016=
33748 41597 50802 10170 20144 39892 40165 58005 71382 85300=
33754 41997 63401 10166 20137 30027 40168 54000 70282 86030=
33761 /1998 20604 10176 20095 39961 40175 52001 70281 82030 555 1/014 69991=
33791 32984 60806 10230 20105 30069 40190 52009 86030 555 1/023=
33815 41598 60201 10181 20119 39952 40151 54000 71798 83930 555 11016=
33837 31676 50709 10213 20137 30094 40143 52004 70292 82550 333 82637 555 1/018=
33881 41596 83603 10168 20156 39958 40147 58006 78082 883//=
33883 41597 83603 10172 20157 39983 40143 58001 79598 889// 555 11018=
33885 41596 83503 10162 20160 30024 40153 57007 71022 885//=
33892 41597 80703 10167 20132 39942 40145 52001 70298 883//=
33902 32997 00501 10166 20076 30106 40163 52007 555 1/012=
33924 42970 00903 10199 20151 30129 40141 52003==
33946 42975 00803 10177 20153 39925 40137 58001==
33983 42/60 20606 10227 20094 30081 40138 53002 82030 333 90760 91111==
34300 32997 00803 10160 20031 30082 40255 52006 555 1/013=
34336 42960 00402 10140 20022 30170 40271 51003==
34344 42970 00000 10114 20042 30183 40270 51005==
34356 42970 00803 10130 20027 30135 40279 52010==
34357 42970 00903 10122 20029 30117 40270 52009==
34398 429// 00603 10069 20003 30267 40277 52005==
34415 32997 00000 10162 20055 30144 40238 52008 555 1/013=
34438 42/// /0605 10145 20041 30063 40249 52004==
34445 41970 00702 10140 20031 30151 40262 52008 70230==
34461 42960 00502 10106 20013 30220 40275 52010==
34473 429// 00703 10095 20020 30240 40279 52009 555 10007=
34476 42970 00604 10111 20009 30265 40272 52007==
34504 32981 00806 10202 20083 30042 40208 52007=
34535 42970 01004 10167 20028 30165 40235 53010 333 90760 91111==
34545 42970 00603 10151 20027 30136 40244 52011==
34555 42970 00906 10170 20053 30171 40259 52013 333 91010 90760 91112==
34560 42960 01106 10145 20021 30078 40263 52007 333 90760 91111==
34578 42960 00504 10143 20030 30250 40256 52008==
34579 42970 00403 10130 20016 30218 40261 52008==
34644 15644 82997 60002==
34646 42970 01007 10191 20058 30149 40227 52013 333 91013 90760 91114==
34655 42/60 20605 10166 20002 30181 40239 52015 82030 333 90760 91112==
34662 42970 00202 10132 20014 30246 40257 51013==
34691 42970 00000 10125 20019 30267 40255 52009==
34720 42970 00404 10194 20091 30157 40195 52002 333 90760 91110==
34727 42960 00805 10206 20077 30155 40183 52007 333 90760 91113==
34743 42960 00706 10176 20010 30134 40219 52014 333 91011 90760 91111==
34759 42960 30607 10169 20014 30091 40217 52012 80001 333 91012 90760 91112==
34772 41960 00405 10142 20013 30236 40239 52007 70230==
34785 42960 00505 10141 20015 30255 40233 52007==
34798 42960 00405 10133 20076 30256 40228 52008==
34824 42960 00704 10216 20096 30158 40163 52003 333 90760 91111==
34838 42560 80504 10210 20056 30074 40165 52003 889// 333 91010 90760 91110==
34845 42970 51104 10202 20081 30084 40186 53010 80001 333 91011==
34858 42960 00702 10177 20085 30098 40202 52015==
34861 42960 00807 10161 21009 39983 40218 52010 333 91012 90760 91112==
34866 42960 00506 10164 20003 30221 40213 51006 333 90760 91110==
34880 42960 00504 10155 20033 30244 40219 52009==
34887 42970 00102 10144 20065 30231 40212 52006==
34949 42/70 60709 10175 20116 39650 40172 52006 86030 333 91012 90760 91112==
34954 42970 00802 10196 20117 30018 40183 52012==
34958 42970 00703 10182 20116 39997 40187 52011 333 90760 91111==
34975 42570 80804 10183 20076 30201 40197 52007 885// 333 88620==
34984 42/70 80204 10163 20100 30229 40200 52006 8007/==
35217 429// 03602 10050 21010 30238 40278 52002==
35302 429// 00503 10079 20023 30261 40281 52004==
35315 429// 00402 10051 20010 30211 40268 52002 555 10004=
35344 429// 73604 10084 20055 39956 40237 56002 87070 555 10007=
35345 46/// /3503 10050 20050 39916 40235 55000=
35358 42/// 73403 10105 20059 30034 40199 53004 87030==
35368 429// 03402 10072 20029 39927 40188 53004 555 10006=
35386 425// 53102 10048 20024 39644 40152 53002 85900 555 10005=
35394 42670 83002 10054 20035 39482 40139 53004 885//==
35404 429// 00902 10096 20046 30265 40273 52005 555 10007=
35406 429// 00503 10126 20054 30265 40267 52004==
35416 429// 01002 10074 20020 30142 40261 52005==
35426 429// 03102 10054 20019 39968 40256 52001==
35437 429// 00203 10050 20023 39937 40247 52001 555 11005=
35449 429// 03505 10105 20079 30107 40287 52003 555 10009=
35497 425// 60000 10058 20049 39368 40141 53005 86900==
35498 416// 83601 10046 20034 39287 40140 52007 70262 885// 555 11004=
35514 42998 00503 10093 20030 30260 40256 52006 555 10007=
35519 42998 00202 10095 20032 30182 40252 52008 555 10007=
35522 429// 00303 10078 20025 30006 40252 52005 555 10006=
35542 429// 00202 10079 20032 30072 40216 53003 555 10006=
35563 42598 63202 10069 20047 39425 40170 53002 84501 555 10007=
35576 42/// 73504 10081 20030 39719 40152 53003 87070==
35582 425// 50502 10054 20045 39566 40149 53004 85900 555 11004=
35594 425// 83304 10066 20044 39329 40136 53006 889// 555 10008=
35605 42998 00206 10111 20023 30267 40246 52008 555 10009=
35633 429// 03604 10080 20028 30015 40223 53005 555 10008=
35671 42970 00102 10104 20042 39743 40154 53002==
35699 429// 00502 10073 20044 39395 40121 57001==
35700 42970 00707 10135 20015 30259 40236 52009==
35715 42997 00702 10110 20000 30246 40232 52010 555 10008=
35739 429// 03602 10090 20023 30076 40212 51007 555 18007=
35746 429// 00104 10105 20040 30129 40194 53004==
35777 429// 00000 10051 20007 39834 40171 52009 555 10004=
35796 42960 00303 10110 21074 39704 40118 53005==
35816 46/// /0703 10117 20002 30228 40239 51011=
35849 429// 00302 10103 20032 30098 40181 52004==
35895 42597 43601 10096 20032 39703 40128 52001 84300 555 10011=
35907 42998 00411 10181 20139 30226 40198 52017=
35925 429// 00502 10101 20000 30104 40212 52010==
35927 429// 00704 10131 20002 30202 52013=
35953 429// 03406 10098 20020 30037 40162 52002==
35969 425// 20000 10126 20023 39978 40144 52006 82900==
35997 426// 80502 10120 20048 39698 40109 54000 885// 333 91106 555 10010=
36259 12584 81004 10085 21004 38182 48444 52002 60002 86902 333 20078 30/// 55033==
36335 42999 70000 10042 20022 39145 40136 53003 87300 555 11005=
36358 42699 73206 10052 20021 39141 40120 52004 87500 555 10006=
36394 42597 70000 10075 20062 39707 40112 52013 87300=
36397 42684 70000 10082 20056 39573 40112 52016 86540==
36403 42698 72301 10084 20069 39757 40101 52018 86971 555 10007=
36418 42999 63202 10083 20057 39504 40088 52021 82033 555 10008=
36421 42699 70000 10114 20097 39553 40083 52022 85530 555 10011=
36428 42684 72204 10136 20090 39614 40081 53031 84952==
36439 42698 82201 10121 20054 38895 48450 53001 8695/ 555 10010=
36467 42998 03201 10026 21051 39220 40141 52001 555 10002=
36498 42998 23302 10048 20029 39359 40123 52004 80001 555 11002=
36501 42699 72904 10066 20026 39394 40116 52011 86502 555 10006=
36535 42/84 52704 10088 20041 39500 40101 52012 85030==
36546 42699 60701 10130 20097 39586 40090 52018 84931 555 10010=
36619 42999 63602 10111 20070 86050 555 10009=
36622 42998 80000 10074 20057 39342 40109 52007 8807/ 555 10006=
36639 42584 80000 10145 20114 39518 40081 58004 889//==
36643 42599 62602 10097 20059 39469 40095 52011 86900 555 10008=
36665 41699 82003 10139 20050 39410 40087 52028 70282 889// 555 11010=
36666 41599 72906 10156 20078 39624 40080 52004 70182 85970=
36729 42598 83301 10175 20103 39635 40079 53006 8397/ 333 91115 555 10017=
36736 41599 70000 10123 20112 39591 40112 52003 70282 86950 555 11010=
36744 42698 80203 10127 20060 39700 40125 52008 885// 333 91104 555 10012=
36770 41599 80000 10152 20115 39407 40098 53005 70282 889// 333 91112 555 11014=
36786 41699 80000 10135 20096 39225 40084 53008 70282 889// 333 91109=
36796 41598 80000 10087 20065 38958 48446 57009 70282 889// 333 91103=
36803 42599 80904 10190 20119 39671 40083 51001 889// 333 91114=
36806 42999 70000 10175 20050 39648 40080 52010 87050 333 91118=
36819 425// 83604 10168 20088 39517 40086 57009 8497/ 333 91114=
36821 425// 80601 10158 20034 39625 40082 57002 889// 333 90760 91110==
36839 41599 82702 10148 20092 39018 40071 57004 70282 82941 333 91110=
36843 416// 82402 10157 20079 38983 40076 57001 70282 83932 333 91114=
36846 416// 80902 10105 20074 38555 48456 57009 70282 889// 333 91114=
36859 42584 70000 10155 20106 39344 40073 57003 82945 333 90760 91117==
36870 42/// 20000 10146 20072 39117 40065 53007 82030 333 90760 91102==
36874 42697 63402 10124 20063 39348 40081 53004 86500 333 91116=
36877 42999 20901 10091 20048 39167 40101 53003 82030 333 91107=
36885 42999 22002 10137 20049 39018 40079 54000 82030 333 91106=
36889 42999 00000 10051 21049 37050 47072 57007 333 91104=
36894 42999 70000 10150 20074 39377 40068 57006 84072 333 91104=
36905 42999 21203 10141 20011 38674 48436 57017 82040 333 91108=
36911 429// 00000 10113 20067 39165 40096 53018 555 10009=
36927 42697 22702 10116 20061 38297 48460 58010 82100 333 91120=
36934 42697 30000 10122 20037 38215 48342 54000 82530=
36953 42999 00000 10062 20023 38174 48508 53007 333 91106 555 1/004=
36963 427// 61603 10079 21064 37049 48/// 57005 82550 555 10005=
36974 429// 40902 10096 37963 48490 54000 84030 555 10006=
36982 42999 13503 11006 21059 36569 47122 54000 81030=
37018 42660 60504 10222 20190 30043 40114 57001 85901==
37031 42560 80602 10207 20102 39969 40154 52003 8353/==
37054 42660 80000 10180 20108 39809 40176 52009 885//==
37061 42/60 30503 10179 20129 30026 40188 52005 82031==
37085 42540 80505 10207 20171 30207 40181 52001 885//==
37171 42540 10805 10222 20166 30093 40110 52001 81500==
37228 41440 80801 10150 20143 39365 40167 57003 76186 8872/==
37235 41560 80000 10174 20167 39862 40165 57005 70282 885//==
37472 42560 80000 10213 20171 30185 40164 57001 8558/==
38149 42570 50204 10156 20056 30091 40165 52011 85900==
38178 42/// 53604 10140 20025 39847 40123 52004 8507/==
38262 425// 50704 10158 20048 30067 40146 53006 85500==
38264 42970 03504 10146 20029 30059 40150 52012==
38345 42798 80000 10106 20032 38743 48449 58005 889// 555 10008=
38353 429// 22601 10152 20015 39224 40077 57003 82030=
38388 42998 00503 10254 20084 30034 40100 52003 555 18023=
38392 42997 60205 10154 20050 30032 40131 52012 86030 555 10014=
38396 42960 20306 10157 20032 30013 40133 52014 80001==
38403 429// 00203 10174 20051 30024 40139 52007==
38413 429// 00802 10166 21030 39824 40102 52007==
38457 42960 12502 10160 20051 39507 40067 52002 80001==
38462 426// 60000 10132 20013 38703 48448 54000 84950==
38462 426// 60000 10132 20013 38703 48448 54000 84950==
38507 42996 00807 10229 20041 39998 40095 52011 333 91006 555 10015=
38545 42998 00101 10198 20119 39928 40094 52010 555 10019=
38565 129// 00000 10156 20076 39512 40081 53010 60002==
38579 129// 00000 10159 20077 39680 40080 52008 60002==
38583 12960 22702 10137 20071 39766 40075 53006 60002 80001==
38599 42997 02804 10184 20049 39576 40063 51005=
38611 42960 03303 10183 20073 39523 40062 52005==
38613 429// 00202 10172 20025 40073 54000 555 10015=
38616 429// 00901 10144 20112 39112 40082 53001=
38618 429// 21101 10158 20090 39403 40059 52003 80001==
38647 42997 01302 10249 20177 30057 40096 52017 555 10023=
38656 42998 00506 10220 21059 39995 40098 52017 555 10021=
38683 42960 43607 10187 20045 39807 40069 52012 80001==
38687 42997 00205 10195 20068 39850 40072 52010 555 10019=
38696 129// 00903 10175 20048 39249 40061 53001 60002==
38713 429// 01802 10136 20023 38973 48470 56002=
38750 42997 02605 10266 20226 30140 40114 52013 555 10025=
38763 42597 70102 10260 20074 30004 40102 52014 87200 333 87830 555 10026=
38774 42995 03401 10252 20058 39911 40093 52012 555 10023=
38799 42997 00501 10196 20041 39851 40070 52012 555 10018=
38806 42997 03601 10164 20071 39794 40042 52009 555 10014=
38812 42960 01301 10198 20036 39615 40042 53009==
38836 439// 00000 10192 20092 39142 40023 52003=
38880 42997 03406 10240 20072 39848 40086 52018 555 10023=
38886 42997 00902 10176 20048 39861 40079 52010 555 10014=
38895 42996 00703 10204 20036 39802 40077 53011 555 10017=
38911 42997 03403 10184 20065 39773 40052 53009 555 10017=
38915 42997 02701 10184 20090 39745 40052 53008 555 10018=
38927 12960 01502 10197 20086 39692 40047 51010 60002==
38933 429// 03601 10176 20131 39575 40064 53008=
38944 429// 03603 10224 20077 39494 49993 52009=
38954 429// 00000 10152 20019 37878 48450 52004=
38974 42998 03401 10193 20040 39759 40078 52007 555 10020=
38987 42996 02201 10158 21014 39372 40087 52010 555 10011=
40030 32970 00000 10240 20187 40086 58002=
40080 32965 02205 10204 20174 39390 4//// 54000=
40100 43/60 01304 10270 20212 30075 40090 56005 6///1 333 58///=
40180 12560 11401 10251 20197 30034 40081 57004 60001 81500 333 70000==
40199 12/// /3504 10293 20173 30053 40077 52001 60001 333 70000==
40255 36/// /2805 10217 29087 3//// 4//// 5////=
40265 31957 00000 10182 20172 39332 40086 57002 71000=
40270 31958 00000 10197 20149 39223 40074 57002 70500=
40272 31950 03304 10184 20148 39286 40079 57003 70500=
40296 36/// /0000 10313 29053 4//// 5////=
40310 36/// /0000 10192 29066 4//// 5////=
40340 32960 03509 10284 20181 30004 40065 57020=
40356 32960 03510 10237 20110 39127 48481 333 59016 555 04410 50037=
40357 32960 00000 10294 20040 39425 40011 333 59019=
40360 32960 03112 10226 20150 39502 40057 333 59020=
40361 32960 00104 10283 20060 39306 40058 333 59017=
40362 32960 01405 10289 20030 39542 40017 333 59014=
40373 32960 00403 10293 20040 39632 40018 333 59010=
40375 32960 03209 10265 20100 39211 40029 333 59004=
40394 32960 01302 10314 20090 38964 48480 333 59021 555 04410 50000=
40394 32960 01302 10314 20090 38964 48480 333 59021 555 04410 50000=
40400 32960 00103 10268 20220 30024 40051 333 58003=
40405 32960 02402 10284 20060 39330 40017 333 59011=
40417 32960 03003 10278 20130 39992 40006 333 59006=
40420 32960 03106 10303 20170 39812 40009 333 59004=
40430 22660 32010 10334 20120 39336 40036 83500 333 59002 60005 83640==
40437 32960 02904 10288 20000 39369 40023 333 59003=
40439 32960 22612 10308 20230 30008 40026 82030 333 58004 82360=
40582 32960 03410 10348 20108 40011 53001 333 00033 55300 00000 10185 20000 30000 41218 51403 60000 55407 40000 90467 91011 91119 91213 91309=
40703 12960 00000 10198 20062 38863 40030 52011 60001 333 70000 555 10126 29041=
40706 12962 01005 10200 20014 38619 40038 52003 60001 333 70000 555 10109 29029=
40712 12960 02002 10150 20059 38629 40027 52012 60001 333 70000 555 10103 29054=
40713 12962 01007 10202 20037 38610 40003 51002 60001 333 70000 555 10118 29034=
40718 12960 02503 10215 20144 30150 40123 53003 60001 333 70000 555 10173 29064=
40723 11459 13103 10199 20140 38923 40067 53007 60001 70500 81500 333 70000 81620 555 10163 29069=
40726 12960 00000 10171 20030 38606 40016 54000 60001 333 70000 555 10101 29039=
40727 12960 01701 10100 21027 38448 40043 53001 60001 333 70000 555 10048 29041=
40732 12960 02703 10230 20175 30126 40103 52003 60001 333 70000 555 10196 29071=
40736 12560 20000 10245 20210 30134 40110 52004 60001 82600 333 70000 82725 555 10222 29081=
40737 12960 01902 10225 20196 30092 40109 52004 60001 333 70009 555 10207 29084=
40738 12660 42205 10245 20196 30120 40122 52007 60001 82570 333 70000 82640 83359 555 10213 29074=
40739 12965 00203 10192 20125 38650 40025 52007 60001 333 70000 555 10152 29065=
40741 12960 00000 10184 20003 39750 40059 53006 60001 333 70000 555 10103 29030=
40743 12965 01005 10237 21064 39000 40022 52008 60001 333 70000 555 10109 29013=
40745 12962 00000 10181 20039 38993 40060 53007 60001 333 70000 555 10111 29039=
40747 12960 00000 10147 20012 38592 40021 52006 60001 333 70000 555 10084 29040=
40754 12962 12805 10222 20051 38761 40021 53002 60001 81030 333 70000 81361 555 10132 29033=
40762 12965 00000 10156 21133 38511 40020 53003 60001 333 70000 555 10055 29012=
40766 12960 00000 10182 21032 38645 40014 53007 60001 333 70000 555 10088 29023=
40768 12965 01201 10143 21049 38228 40004 54000 60001 333 70000 555 10063 29026=
40769 12960 02001 10188 21060 38261 49984 53001 60001 333 70000 555 10082 29018=
40780 12960 00501 10189 21021 38636 40029 56001 60001 333 70000 555 10094 29024=
40782 12960 01402 10192 20021 38801 40006 52005 60001 333 70000 555 10109 29032=
40785 12960 00000 10233 21128 38995 49998 52013 60001 333 70000 555 10097 29008=
40791 12965 00502 10246 21215 39238 49993 53006 60001 333 70000 555 10097 29004=
40792 12962 00502 10206 21144 38658 40001 53002 60001 333 70000 555 10080 29008=
40798 12960 00000 10112 21081 37947 40016 54000 60001 333 70000 555 10038 29025=
40800 12960 00000 10168 21092 38420 40009 53004 60001 333 70000 555 10067 29016=
40809 12960 00104 10141 21198 38448 40004 53004 60001 333 70000 555 10040 29008=
40811 12960 02802 10299 20100 39959 49983 56003 60001 333 70000 555 10185 29029=
40812 12960 01402 10308 20093 39630 49973 57004 60001 333 70000 555 10184 29026=
40818 12965 03302 10132 21236 37964 40013 54000 60001 333 70000 555 10029 29006=
40821 12970 01302 10207 21154 38718 49998 53002 60001 333 70000 555 10080 29008=
40829 12960 03406 10286 21067 39457 49981 54000 60001 333 70000 555 10133 29010=
40831 12960 02702 10272 20113 39994 40002 58004 60001 333 70000 555 10180 29037=
40833 11958 01402 10279 20225 39969 49998 55002 60001 70500 333 70000 555 10242 29073=
40835 12960 00000 10259 20122 39226 49996 55003 60001 333 70000 555 10177 29042=
40841 12970 00000 10116 21150 38212 40019 53001 60001 333 70000 555 10030 29014=
40848 12960 02702 10240 20160 38465 49961 53001 60001 333 70000 555 10188 29061=
40851 12960 00000 10218 20021 38224 49971 53002 60001 333 70000 555 10117 29027=
40854 12960 02805 10255 21182 38863 49972 54000 60001 333 70000 555 10101 29005=
40856 12960 01602 10158 21131 38581 40010 53002 60001 333 70000 555 10057 29012=
40859 12960 03502 10210 20034 38629 49976 54000 60001 333 70000 555 10120 29031=
40875 11550 20302 10304 20261 39993 40004 53003 60001 70500 82500 333 70000 82625 555 10273 29078=
40879 12960 00502 10286 20031 39366 49993 53003 60001 333 70000 555 10154 29019=
40882 11956 02802 10298 20272 39957 49990 53002 60001 71000 333 70000 555 10279 29086=
40883 11950 00000 10294 20266 39972 49994 53003 60001 71000 333 70000 555 10274 29085=
40893 11957 01202 10299 20260 39993 49999 55001 60001 70500 333 70000 555 10271 29079=
40898 11556 31703 10288 20257 30002 40011 51006 60001 71000 83600 333 70000 83720 555 10266 29084=
41024 22660 32710 10326 20260 30021 40046 83500 333 58015 60005 83640==
41036 22960 00000 10254 20130 38538 48489 333 58001 60005==
41055 22560 22904 10262 20080 38342 48481 82400 333 59002 60005 82630==
41061 22960 01404 10299 20010 39341 49998 333 59006 60005==
41084 22960 02703 10278 20070 38805 48477 333 58001 60005==
41112 22960 00000 10185 20120 37935 48486 333 58003 60005==
41114 22960 00000 10191 20150 37968 48482 333 58002 60005==
41128 22960 02606 10276 20030 38757 48477 333 58000 60005==
41136 12660 20000 10321 20100 39239 49997 69942 82500 333 58000 82635==
41140 21550 60000 10322 20290 30037 40042 71011 84440 333 58012 60005 84630 84360==
41150 32962 03005 10324 20275 40005 333 59006=
41170 31956 02204 10329 20273 39989 40002 70500 333 59008=
41176 34/30 /3103 10284 20253 39997 40003 333 59008=
41184 31958 02503 10258 20226 40002 70600 333 59014=
41194 12960 00805 10336 20226 39991 49996 60001 333 59013 70000=
41196 12960 01303 10288 20253 39963 40003 60001 333 59012=
41216 32960 00703 10310 20280 39998 40002 333 59007=
41217 32960 00703 10307 20250 39971 49999 333 59006=
41244 36/// /1004 10312 20173 39593 49989 333 0E035 55300 25022 59015=
41255 36/// /1302 10271 20215 39513 40005 333 0E030 59012=
41256 32960 01605 10284 20230 39985 40002 333 59011 55000 55407 55408 55507 55508=
41257 36/// /2008 10299 20205 39537 40011 333 0E031 55300 20000 59013=
41258 36/// /0900 10280 20258 39994 49997 333 0E/// 55300 20000 59010=
41267 36/// /0000 10297 20217 39990 40002 333 0E029 59015=
41275 36/// /1105 10269 20228 39870 40034 333 0E027 55300 20000 59014=
41316 31358 81802 10252 20247 30018 40047 70522 886// 333 59001 55000 55407 55408 55507 55508 83708 88620=
41398 20214 10310 20297 40110 51010 70222 81242 22263 06300 20402 80300=
41480 11957 32510 10311 20223 30029 40038 60002 70544 83030 333 58005 83360=
41497 70512 10320 20293 40064 52020 70522 87677 22254 00280 20301 316// 40803 80300=
41498 41805 10290 20248 40149 52020 70211 84145 22200 00270 299// 30000 80260=
41506 12920 00000 10190 20159 38442 48400 60001 333 59016==
41508 12420 30000 10200 20169 38592 48670 60001 83500 333 56800 58006==
41515 12940 00000 10207 20130 38473 48370 60001 333 59026==
41523 12440 20000 10230 20200 38999 48400 60001 82500 333 56800 59021==
41535 12940 00000 10200 20185 38650 48270 60001 333 58012==
41536 12940 00000 10205 20182 38936 48270 60001 333 59013==
41560 12940 00000 10190 20151 38231 48490 60001 333 58004==
41571 11640 41305 10255 20204 39469 40029 60002 70511 83830 333 56880 58013==
41598 11440 30000 10280 20259 39749 40009 60001 70400 83500 333 56800 58006==
41600 11440 80000 10280 20259 39712 49996 60011 76092 85520 333 56880 59013==
41620 12940 02301 10215 20168 38497 48020 60001 333 59001==
41624 11940 30000 10290 20255 39802 49993 60001 70401 83020 333 56080 58005==
41630 11940 20000 10280 20259 30000 40013 60001 70400 82030 333 56080 58006==
41640 11440 50000 10275 20261 39776 40015 60001 70400 83000 333 56880 58008==
41660 12900 01302 10195 20102 38373 48600 60001 333 58002==
41678 11940 00000 10280 20213 30000 49994 60001 70500 333 59012==
41696 12940 00000 10140 20096 37977 48860 60001 333 59004==
41697 12940 00000 10290 20255 39846 49995 60001 333 58000==
41700 11940 00000 10300 20258 39850 49969 60001 70400 333 59011==
41710 12940 03101 10285 21036 39243 49975 60002 333 59024==
41712 12940 00000 10255 20048 39097 48400 60002 333 59021==
41715 11940 00000 10290 20248 39929 49992 60001 70500 333 59016==
41718 11940 00000 10290 20248 39898 49997 60001 70400 333 58003==
41725 12940 00000 10310 20261 39913 49987 60001 333 59008==
41739 12940 00000 10270 20152 38971 48510 60001 333 59009==
41744 12940 00000 10205 20063 38705 48360 60002 333 59018==
41749 12940 01303 10285 20257 39948 49980 60001 333 59030==
41756 11220 62301 10260 20231 39959 40023 60001 70500 86600 333 56800 59012==
41759 11920 30000 10260 20231 30009 40015 60001 71011 83030 333 56080 59026==
41764 12940 02304 10270 20241 39951 40000 60001 333 59007==
41768 12340 12303 10270 20256 30005 40012 60001 84600 333 56800 58005==
41780 12340 62503 10280 20252 39991 40018 60001 86600 333 56800 59011==
41785 12940 42302 10280 20259 30008 40021 60001 84030 333 56080 59005==
41859 02/40 33601 10260 20260 30004 40041 83030 333 58009 70618 83362==
41883 21450 40000 10246 20240 30019 40039 70162 82520 333 58010 60035 70042 82618 88458==
41891 01430 61502 10275 20270 30000 40038 70522 84330 333 59008 70000 83616 85365 81930==
41907 11945 30000 10246 20240 30020 40034 60146 70162 80001 333 58008 70140 83080==
41923 01440 60000 10280 20270 30033 40043 70522 82530 333 58009 70001 82615 85360==
41936 42420 30000 10264 20250 30020 40027 58002 83362==
41943 21330 80000 10244 20230 30036 40045 76162 8772/ 333 58011 60357 70350 83709 84613 88458==
41950 01340 80000 10270 20270 30032 40034 79695 8692/ 333 58005 70020 82708 84616 88458 81928==
41978 21450 80208 10257 20250 30032 40039 72166 8432/ 333 58002 60559 70568 84612 88459 81925==
41992 41425 60000 10270 20250 30034 40036 70522 84520 333 58000 84615 86460==
42001 06001 99259 70897 46/// /1002 10304 20284 30113 40116 92340 22200 00306 333 91203 555 11023 22024 8//03 92333=
42027 32596 81401 10184 20162 38363 48446 8651/ 333 58013 86628=
42044 32596 60000 10150 20137 38230 48462 83510 333 58010=
42045 32596 80000 10174 20165 38275 48399 8452/ 333 58012=
42056 21596 80000 10234 20222 39594 71796 8432/ 333 58010 6003/=
42071 31995 09902 10278 20275 40016 71000 333 58007=
42097 06001 99257 70837 46/// ///// 1//// 90026 22200 00302 10502 20502 70008=
42101 32596 60000 10264 20261 40021 85520 333 58008 85630 83458=
42111 21594 70000 10246 20237 39332 40010 71022 84830 333 58008 6001/ 83620 84830 87360=
42123 32996 00000 10274 20257 40010 333 58003=
42131 22696 30000 10254 20248 40018 83500 333 58005 6019/=
42165 32696 40000 10280 20257 40003 84500 333 59001 84640=
42182 21595 40000 10276 20270 40011 71022 82330 333 58002 6990/ 82630 81935 83359=
42189 31695 20000 10280 20266 40015 71021 82500 333 58004 82635=
42309 31596 40201 10262 20259 40053 71021 82530 333 58008=
42314 31596 73603 10272 20258 40049 71022 84530 333 58012 84620 87360=
42328 31595 62306 10270 20256 49988 70520 84530 333 58001 84625 85360=
42339 21595 30000 10266 20252 40014 70500 83700 333 58002 6991/ 83720=
42348 21595 69902 10254 20245 40017 71022 84530 333 58002 6010/ 84630 85360=
42361 21596 60000 10258 20255 40018 70562 84530 333 58003 6004/ 84620 86360=
42369 31596 80000 10275 20261 40027 71022 8432/ 333 58015 82620 81925 84458=
42379 21495 80702 10266 20255 40034 71095 8572/ 333 58023 6990/ 83712 84618 88458=
42410 21495 60000 10276 20265 40054 71022 83530 333 58014 6004/ 83618 86360=
42415 32596 60000 10274 20254 40061 83430 333 58013 82620 84360=
42452 21595 70000 10260 20246 40008 71022 85520 333 59004 6003/=
42492 21494 80708 10256 20247 40038 79596 8592/ 333 58019 6045/ 82710 83618 81930 88458=
42559 32596 60000 10248 20233 40007 84530 333 59001 84620 86360=
42571 22596 70000 10262 20251 40018 83530 333 58008 6992/ 83625 86360=
42623 31496 50000 10248 20237 39202 40050 71022 83530 333 58012 83618 85360=
42634 32496 40000 10264 20247 40031 82601 333 58003 82718 84075=
42647 21494 82705 10260 20254 40030 76162 8677/ 333 5669/ 58005 6021/ 83715 83618 88458=
42667 21495 62005 10240 20234 39448 40024 70522 84730 333 58000 6014/ 82710 85620 85360=
42675 21596 60000 10266 20249 40013 70522 83530 333 58002 6990/ 83625 85360=
42701 21495 70000 10242 20236 39314 40027 71022 84530 333 58011 6021/ 84618 86360=
42724 21495 70000 10272 20269 40046 71022 85330 333 56390 58013 6032/ 81709 83618 81930 85360=
42737 22496 62305 10262 20248 40037 83630 333 58003 6028/ 83712 86358=
42754 31595 52505 10236 20224 39399 40025 70522 83530 333 59001 83620 83360=
42779 22495 80000 10228 20219 39340 40028 8472/ 333 58006 6008/ 81712 83620 88458=
42798 21495 50000 10270 20256 40021 71022 82530 333 58003 6990/ 82615 84360=
42809 21595 60000 10296 20268 40029 70562 81531 333 58001 6001/ 81620 83360=
42840 22596 62902 10272 20261 40041 83530 333 58002 6017/ 83620 85360=
42867 31495 62701 10256 20244 40028 70522 83520 333 59001 83618 85458=
42874 21596 80000 10252 20246 40032 70522 8253/ 333 58009 6033/ 82620 88360=
42886 31595 50000 10256 20244 40030 70522 83530 333 58004 83620 85360=
42895 22596 60000 10284 20270 40024 83530 333 58000 6993/ 83620 84360=
42971 21496 40000 10270 20262 40029 71021 82430 333 58003 6010/ 82618 84360=
43003 21495 62304 10280 20254 40051 70522 84830 333 58002 6008/ 82618 83825 84358=
43014 21595 52502 10232 20223 39399 40038 71042 83530 333 58001 6001/ 83620 85360=
43041 21595 80000 10244 20241 39427 40034 71060 8552/ 333 58011 6006/ 85620 88458=
43063 21596 70000 10232 20223 39435 40054 70265 87700 333 56600 58001 6006/ 82722 85626=
43086 32596 30000 10256 20235 39852 40028 83500 333 58001=
43110 21496 52902 10266 20243 40063 70262 85700 333 59003 6017/ 81712 85618=
43117 22996 32302 10234 20222 40053 83030 333 58000 6006/=
43128 21596 49901 10236 20224 39443 40044 70552 8253/ 333 59005 6013/ 82620 84360=
43150 22596 40000 10258 20252 39963 40024 83801 333 58006 6010/ 82620=
43185 22596 62703 10266 20245 30019 40022 84531 333 59014 6990/ 84620=
43189 32596 70000 10274 20248 30014 40023 83870 333 59003=
43192 21596 53202 10264 20260 40067 70250 82730 333 59004 6998/=
43201 22496 62002 10224 20212 39324 40046 84630 333 56690 59008 6002/ 83710 83612 85358=
43213 21596 62303 10246 20234 39721 40036 70261 83871 333 59008 6027/=
43237 32596 82505 10254 20218 39643 40031 8357/ 333 59003 83620 87360=
43245 21596 82703 10272 20246 30016 40042 70296 8487/ 333 59001 6994/=
43279 21495 80000 10262 20251 30039 40056 76096 8527/ 333 57810 57820 57830 57840 58001 6003/ 84618 81825 86458=
43284 21195 80903 10244 20226 39964 40080 76065 8472/ 333 58001 6016/ 82703 83612 86458=
43295 32496 72705 10214 20193 39064 48474 84631 333 56599 59006 82710 83612 85358=
43314 32596 40000 10272 20261 40083 81431 333 59001=
43321 31496 32304 10240 20225 39623 40069 71021 82501 333 59007 82612 83070=
43329 22596 80000 10262 20259 30033 40046 8457/ 333 59006 6008/=
43333 21495 82308 10272 20252 40054 76062 8542/ 333 56599 59005 6992/ 83618 85820 88458=
43344 31496 52710 10286 20224 39956 40055 70522 82531 333 59007 82616 83360=
43353 21396 49902 10254 20248 40085 71021 81520 333 56790 59008 6009/ 81706 83612=
43369 32596 33202 10274 20251 40093 83500 333 58001 83620=
43371 22597 33202 10252 20246 30008 40081 81502 333 59005 6002/ 81620 83075=
43404 22470 42003 10283 20267 30049 40052 5/005 83000 333 553// 20000 59006 60008 91006 555 60008==
43410 22470 4//// 10275 20229 30051 40054 57/// 83000 333 59008 60008==
43413 22/70 72105 10280 20251 30059 40064 5/005 333 59005 60008 82818 91008==
43418 22470 52302 10269 20231 30020 40061 55004 82000 333 59007 60008 555 69968==
43421 22470 62402 10259 20000 39962 40067 54000 83000 333 59005 60008 91006 555 60008==
43422 22470 52303 10264 20237 39937 40070 82106 333 55001 59005 60008 555 60008==
43424 22470 12104 10281 20247 30066 40068 57001 81100 333 59003 60008 555 60008==
43436 22470 30000 10264 20244 30056 40059 57003 82000 333 59010 60008 555 60008==
43441 22/70 42102 10257 20239 39943 40076 57003 333 59004 60008 555 69908==
43444 22470 82301 10224 20215 39553 40080 53001 88000 333 58000 60008 555 69908==
43450 21460 62704 10281 20247 30080 40092 54000 70381 84000 333 58000 69908 555 69908==
43466 21/70 52302 10277 20234 30077 40085 56001 70282 333 55001 58000 60008 84/18 91004==
43467 22470 32303 10282 20247 30080 40086 54000 83000 333 58000 60008 555 60028==
43473 21220 82806 10150 20150 38109 48475 53000 70285 88000 333 553// 20000 59002 60008 91010 555 69918==
43475 22/70 32202 10267 20227 30061 40066 57000 83010 333 553// 20000 59007 60008 91004 555 69978==
43476 22470 72702 10180 20157 38750 48493 82000 333 55001 59005 60008 555 69908==
43486 21440 80001 10240 20240 39987 40088 56001 78082 87000 333 553// 20000 59106 60008 91003==
43495 21470 52504 10276 20247 30071 40084 54000 72522 84000 333 58000 69988 555 69998==
43497 22470 8//// 10265 20251 30055 40073 85000 333 553// 20000 58005 60008==
44212 42684 60802 10105 20016 39012 40092 52005 86500 333 20074 3/007 55080==
44213 42/84 61903 10181 21108 38695 40045 57002 86010 333 20103 3/009==
44214 42/70 40000 10119 21053 38219 40091 53005 84070 333 20098 3/007==
44215 42670 73501 10059 21030 38348 40140 52007 81548 333 20059 3/005==
44217 32698 82302 10118 21072 37826 40119 56005 8850/ 333 20063 91204 555 30027=
44218 42/84 71404 10186 21075 38531 40055 55001 84086 333 20137 3/010==
44219 32999 30605 10121 21084 38567 40119 52007 82049 333 20095 91206 555 30066=
44265 42984 12902 10129 21040 38793 40130 53010 80001 333 20116 3/006==
44266 32999 23405 10099 21072 37777 40162 53002 80009 333 20071 91207 555 30047=
48010 42540 83601 10260 20253 39909 40060 8577/ 333 20253 58027==
48020 42350 70000 10266 20256 85930 333 20257==
48025 12320 70000 10271 20236 39920 40058 59028 60002 84870==
48031 41905 01401 10190 20175 74744 89/// 333 20170==
48048 41556 70000 10264 20260 39984 40040 71796 85950 333 20258 58004==
48052 32450 50000 10254 20205 83530 333 20250 56990 60002=
48062 42550 60904 10272 20256 30017 40024 84930 333 20216 59003==
48064 42450 52301 10270 20240 39969 40026 84801 333 20258 58011==
48071 42450 80000 10270 20256 30021 40029 84970 333 20245 59004==
48094 42456 80000 10260 20255 30028 40038 85970 333 20230 59006==
48109 41440 82301 10270 20256 30055 40059 75165 8697/ 333 20226 58001==
50557 14/80 /2705 10176 20068 39779 40064 57002 60001 333 10233 20099 3/007 59020 70000 90761 91109==
51076 14/80 /3101 10169 20046 39246 40072 52017 60001 333 10259 20092 3/014 59035 70000 90761 91106==
51087 14/74 /3102 10176 20016 39113 40061 52007 60001 333 10287 20158 3/013 59034 70000 90761 91107==
51156 14/78 /2907 10132 20056 38636 40079 52011 60001 76000 333 10212 20072 3/011 59023 70000 90761 91110==
51243 14/80 /3104 10200 20074 39547 40056 52003 60001 333 10279 20161 3/018 59037 70000 90761 91110==
51334 14/80 /0803 10186 20086 39686 40064 52001 60001 333 10262 20099 3/015 59032 70000 90761 91107==
51379 14/80 /1502 10100 20048 39177 40066 52007 60001 333 10302 20076 3/009 59031 70000 90761 91104==
51463 14/80 /1208 10221 20051 38944 40043 52012 60001 333 10266 20183 3/015 59027 70000 90761 91124==
51573 14/80 /1001 10228 20066 30036 40082 52011 60001 333 10333 20181 3/020 59050 70000 90761 91105==
51644 14/60 /0001 10128 20117 38905 40100 52002 60001 333 10249 20121 3/014 59034 70000 90761 91105==
51656 14/62 /0502 10118 20102 39098 40107 52002 60001 333 10259 20117 3/007 59039 70000 90761 91105==
51709 14/63 /3202 10170 20082 38596 40078 52002 60001 333 10262 20144 3/015 59030 70000 90761 91105==
51711 14/58 /0000 10099 20091 38016 40069 54000 60001 333 10201 20099 3/009 59023 70000 90761 91105==
51716 14058 00000 10145 20117 38865 40082 52003 60001 333 10282 20137 3/014 59037 70000 90761 91102==
51765 14/68 /0300 10113 20092 39161 40110 52007 60001 333 10278 20113 3/010 59041 70000 90761 91102==
51811 14058 00000 10134 20108 38747 40086 52005 60001 333 10275 20131 3/011 59033 70000 90761 91102==
51818 14/64 /2700 10128 20112 38605 40084 52002 60001 333 10276 20119 3/011 59036 70000 90761 91102==
51828 14/60 /2302 10175 20097 38602 40071 52004 60001 333 10265 20147 3/014 59040 70000 90761 91103==
51886 14/79 /3501 10033 21022 37173 40169 52006 60001 333 10128 20026 3/000 59003 70000 90761 91103==
52203 14/76 /0802 10151 20056 39275 40118 52004 60001 333 10274 20109 3/009 59036 70000 90761 91105==
52602 14/80 /3402 10027 21024 37326 40176 52008 60001 333 10152 20009 3/102 58019 70000 90761 91107==
52681 14/61 /2801 10120 20117 38668 40186 52010 60101 76060 333 10161 20117 3/013 59011 70112 90761 91105==
52818 14/66 /2800 10056 20023 37301 40164 52007 60001 333 10164 20053 3/002 58028 70001 90761 91107==
52908 14/80 /2904 11011 21036 35853 40174 52007 60001 333 10077 21018 3/103 58029 70019 90761 91112==
53463 14/77 /2901 10139 20134 38891 40181 52007 69941 76050 333 10215 20135 3/014 59021 70004 90761 91104==
54857 14/80 /0104 10236 20161 30057 40147 52009 60001 333 10308 20217 3/021 58063 70000 90761 91111==
55228 14/80 /2602 10089 20013 36063 49906 52007 60001 333 10210 20087 3/007 58010 70000 90761 91108==
55299 14/64 /0602 10048 20030 35918 40043 52005 60021 76050 333 10139 20039 3/005 58023 70087 90761 91113==
55578 14/80 /0000 10103 20068 36411 49982 52012 60001 333 10209 20100 3/010 58016 70001 90761 91105==
55591 14/67 /2602 10126 20085 36560 49964 52018 60001 76000 333 10234 20107 3/012 58009 70024 90761 91106==
55664 14/80 /1402 10089 20033 36058 49987 52009 60001 333 10182 20079 3/007 58014 70000 90761 91106==
55773 14/80 /0801 10043 20034 36068 40073 52005 69931 333 10125 20041 3/002 58018 70018 90761 91110==
56004 14/80 /1800 10001 21013 35908 40105 52010 60001 333 10157 21003 3/103 58038 70001 90761 91112==
56018 14/80 /1301 10086 20062 36242 40009 52011 69911 333 10159 20081 3/009 58021 70054 90761 91111==
56116 14/66 /3501 10096 20072 36391 49998 52007 60011 72100 333 10186 20094 3/010 58017 70029 90761 91109==
56299 70000 81820 81921 85360=
56312 14/80 /1903 10146 20112 37119 40031 52012 60001 76000 333 10238 20146 3/014 58019 70000 90761 91108==
57494 14/59 /0304 10277 20235 30075 40103 52018 60001 333 10379 20270 3/027 58039 70000 90761 91112==
58847 14/66 /3602 10302 20246 39982 40078 52020 60001 333 10326 20282 3/027 58026 70000 90761 91106==
62306 42560 42808 10275 20223 40110 57006 84500==
62309 42560 23203 10270 20210 40092 57008 82500==
62332 42560 32506 10278 20231 40087 57006 83500==
62366 45960 03603 10268 20211 40089 57006==
62387 42960 03307 10255 20176 40091 57002==
62393 42960 03605 10262 20146 40116 57002==
62405 42960 01403 10283 20144 40075 57005==
62414 42960 03006 10298 20112 40084 57002==
62419 42960 00000 10296 20107 40076 57001==
62420 42960 00202 10267 20146 40100 57004==
62432 42960 02906 10274 20148 40114 57002==
62435 42960 00203 10277 20121 40082 57004==
62458 42960 00000 10284 20170 40068 57002==
