SMPK OPKC 060600=
41504 02997 00000 10260 20094 37790 48385 60001 333 59009 60007 RH35%=
41505 22697 20000 10230 20073 38/// 48/// 60002 82400 333 56900 58/// 82840 36%=
41506 02697 31802 10295 20170 38449 48445 60001 83100 333 56900 58010 60007 83830 47%=
41507 02997 00000 10300 20214 39193 49680 60001 333 58022 60007 60%=
41508 02697 30000 10272 20188 38609 48487 60001 83200 333 56900 58008 60007 83835 61%=
41509 02697 12304 10305 20178 38679 48435 60001 81200 333 56900 58004 60007 81840 RH47%=
41510 02697 21302 10230 20151 37879 48449 60001 82200 333 56090 58008 60007 82840 62%=
41515 02697 20000 10282 20145 38469 48431 60001 82200 333 56900 59015 60007 82850 44%=
41516 02696 30000 10265 20136 38473 48431 60001 83400 333 56900 59004 60007 83840 RH45%=
41517 02697 70000 10265 20101 37756 48418 60001 83570 333 56990 59006 60007 83640 87460 36%=
41518 02696 73602 10261 20119 38/// 48/// 60001 84920 333 56990 5//// 60007 81935 83640 86462 41%=
41519 02697 50000 10305 20159 38687 48442 60001 83520 333 56990 59001 60007 83640 85462 RH41%=
41520 02697 70000 10215 20105 37598 48176 60001 83570 333 56990 58001 60007 83640 86762 50%=
41523 02697 32704 10290 20211 39020 48471 60001 83500 333 56900 58009 60007 83640 62%=
41524 02697 42302 10320 20221 39240 40045 60001 82520 333 56990 58007 60007 82640 82460 RH 56%=
41525 12697 60000 10190 20134 37670 48349 60001 82420 333 56990 58010 82640 84460 70%=
41528 02697 50000 10280 20199 39147 48472 60001 82520 333 56990 58009 60007 82640 83460 62%=
41529 02996 33102 10330 20261 39682 40041 60001 83030 333 56090 58016 60007 83360 67%=
41530 01696 51306 10320 20250 39638 40027 60001 70511 82430 333 56990 58011 60007 82840 83360 67%=
41534 20902 10325 20255 39640 40030 60001 82500 333 56900 58012 60007 82640 67%=
41535 02697 50000 10250 20206 38670 48449 60001 85600 333 56900 58013 60007 85835 RH 77%=
41536 02597 60000 10280 20223 38974 48473 60001 86200 333 56900 58012 60007 86830 71% =
41560 02997 00000 10270 20196 38261 48474 60001 333 58013 60007 Rh53%=
41562 02997 41802 10330 20246 39590 40028 60001 84030 333 56090 58008 60007 84360 RH 61%=
41565 02996 8000 10256 20221 38627 48501 60001 83520 333 56990 58018 60007 83635 85460 RH 77%=
41567 01696 20000 10330 20261 39614 40007 60001 70400 82500 333 56900 58010 60007 82640 67%=
41571 11696 43106 10310 20226 39491 40043 60001 70500 83830 333 56990 58016 RH61%=
41572 01696 20906 10320 20252 39428 40015 60001 70400 82500 333 56900 58014 60007 82640 RH67%=
41573 02091 80000 10205 20190 37962 48466 60001 886// 333 569// 58014 60007 88700 91%=
41574 02697 52302 10235 20192 38311 48480 60001 85400 333 56900 58002 60007 85640 77%=
41576 01997 11306 10305 20255 40061 60001 70299 81500 333 56900 58019 60007 81640 62%=
41577 01696 22302 10320 20237 39454 40033 60001 70400 82200 333 56900 58013 60007 82840 RH 62%=
41593 01996 20000 10350 20268 39830 40029 60001 70410 82030 333 56090 58014 60007 82360 63%=
41597 01997 40000 10310 20254 40056 69901 70196 84030 333 56090 58021 60007 84362 72%=
41598 01997 00000 10300 20235 39783 40042 69901 70295 333 58023 69907 68%=
41599 01696 70904 10270 20241 39773 40052 60151 70422 83470 333 56990 58020 60157 83640 84460 84%=
41600 01696 60000 10270 20241 39763 40048 60021 70422 8352/ 333 5699/ 58019 69907 83645 85460 84%=
41620 32996 03602 10280 20155 38527 48433 60001 333 58008 60007 47%=
41624 02997 30000 10340 20257 39836 40027 60001 83030 333 56090 58011 60007 83460 62%=
41625 02997 01304 10340 20265 39842 40031 60001 333 58031 60007 65%=
41630 01696 42302 10345 20270 40042 60001 70400 84500 333 56900 58015 60007 84640 65%=
41633 02997 30000 10360 20249 4//// 60001 83030 333 56090 5//// 60007 83360 53%=
41634 02697 31302 10310 20256 3//// 4//// 60001 83500 333 56900 5//// 60007 83640 73%=
41635 01996 20902 10355 20266 3//// 4//// 60001 70400 82030 333 56090 5//// 60007 82362 60%=
41636 01996 20000 10360 20256 39858 40028 60001 70400 82030 333 56090 58003 60007 82362 55%=
41638 01996 00000 10340 20257 4//// 60001 70400 333 5//// 60007 62%=
41639 01696 71304 10280 20237 3//// 4//// 60001 70420 83570 333 56990 5//// 60007 83640 85460 77%=
41640 01696 60502 10315 20267 39805 40042 60001 70420 83520 333 56990 58018 60007 83540 86460 76%=
41641 01695 50610 10310 20261 39785 40047 60001 70421 83470 333 56990 58020 60007 83640 84460 75%=
41642 01696 40000 10305 20256 3//// 4//// 60001 70410 81530 333 56990 5//// 60007 81640 83360 75%=
41643 01696 30000 10310 20254 39774 40036 69901 70461 83400 333 56900 58024 60007 83640 72%=
41644 02997 30000 10310 20254 3//// 4//// 60001 83020 333 56090 5//// 60007 83460 72%=
41646 01696 40000 10350 20261 39842 40042 60001 70400 84500 333 56900 58007 60007 84640 60%=
41652 01996 00904 10345 20270 39862 40030 60001 70400 333 58013 60007 65%=
41660 02997 03110 10290 20006 38395 48479 60001 333 58011 60007 16%=
41661 02996 03102 10300 20028 38349 48466 60001 70500 333 58011 60007 18%=
41670 01996 20000 10340 20279 3//// 4//// 60001 70400 82030 333 5//// 56090 60007 82360 71%=
41674 01996 01304 10340 20257 3//// 4//// 60001 70400 333 5//// 60007 62%=
41675 01996 21806 10350 20245 39888 40023 60001 70400 82030 333 56090 58009 60007 82362 55%=
41676 01996 00000 10350 20290 39896 40047 60001 70400 333 58014 60007 71%=
41677 01996 00000 10350 20268 39854 40011 60001 70400 333 58016 60007 63%=
41678 01996 00000 10350 20220 40019 60001 70500 333 59004 60007 47%=
41679 01696 50502 10320 20265 4//// 60001 70411 82570 333 56990 5//// 60007 82640 83460 75%=
41680 01696 21304 10345 20270 39842 40028 60001 70400 82400 333 86900 58006 60007 82840 65%=
41685 01696 21302 10290 20203 38840 48444 60001 70500 82200 333 56900 58001 60007 82840 RH.59%=
41696 02997 00000 10240 20064 37984 48475 60001 333 59002 60007 Rh32%=
41697 02697 42304 10360 20272 40025 60001 84500 333 56900 58012 60007 84640 RH61%=
41700 01696 10000 10360 20264 40016 60001 70400 81030 333 56090 58014 60007 81360 58%=
41701 01696 33104 10350 20268 39893 40028 60001 70400 83500 333 56900 58010 60007 83640 63%=
41710 12997 00000 10375 21107 39258 49968 60001 333 58003 R.H04%=
41712 12997 00502 10350 20007 39110 48471 60001 333 58003 RH11%=
41715 21996 20000 10350 20283 39963 40024 60001 70500 82500 333 56900 58013 60007 82635 RH68%=
41716 01996 02304 10350 20283 39934 40031 60001 70400 333 58013 60007 68%=
41718 01996 00000 10360 20279 39925 40022 60001 70400 333 58006 60007 63%=
41724 02996 01304 10350 20276 40039 60001 333 58012 60007 RH65%=
41725 02996 00000 10345 20263 39943 40017 60001 333 58005 60007 RH62%=
41726 02996 00000 10345 20277 39957 40023 60001 333 58002 60007 RH68%=
41738 02996 62305 10320 20234 39881 40053 60001 86030 333 56090 59005 60007 86460 RH61%=
41739 02996 02704 10320 20169 38973 48461 60001 333 58013 60007 RH40%=
41742 12697 42302 10330 20261 40030 60001 82130 333 56990 58004 82830 82360 RH 67%=
41743 01996 00000 10340 20257 60001 70500 333 60007 RH 62%=
41744 12996 00000 10295 20061 38719 48456 60001 333 59022 RH 23%=
41745 01996 01304 10330 20268 60001 70500 333 60007 RH 70%=
41745 01996 01304 10330 20268 60001 70500 333 60007 RH 70%=
41746 02996 01304 10340 20279 39975 40026 60001 333 58004 60007 RH71%=
41747 02996 01306 10355 20251 40008 60001 333 58003 60007 RH55%=
41748 02996 02304 10340 20257 40025 60001 333 59016 60007 RH62%=
41749 02996 00908 10330 20268 39997 40030 60001 333 58010 60007 RH70%=
41756 01496 61806 10305 20249 39981 40044 60001 70504 84630 333 56990 58000 60007 84715 82358 RH72% =
41757 11596 62304 10305 20249 30037 40049 60001 70400 86600 333 56900 58000 86720 RH72%=
41759 01696 32302 10315 20252 30041 40046 60001 70511 83500 333 56900 58004 60007 83640 RH69%=
41760 01596 32314 10310 20246 30035 40048 60001 70500 83600 333 56900 58005 60007 83720 RH 69%=
41764 02996 02310 10320 20250 39984 40032 60001 333 58015 60007 RH67%=
41765 02996 22304 10330 20261 39992 40026 60001 82030 333 56090 58007 60007 82360 RH67%=
41766 22696 22306 10325 20263 40017 82500 333 56900 58005 60007 82635 RH 70%=
41767 02996 5//// 10320 20258 60001 85830 333 56990 60007 83835 82360 RH70%=
41768 02596 42304 10315 20274 30033 40040 60001 84600 333 56500 58018 60007 84720 RH79%=
41780 01596 72708 10295 20253 30023 40050 69901 70400 87600 333 56900 58016 60007 84720 86630 RH78%=
41783 02696 72306 10300 20258 39995 40024 60007 84530 333 56990 59007 60007 84635 83360 RH 78%=
41785 02697 52304 10300 20258 30029 40042 60001 83530 333 56590 58007 60007 83640 82360 RH 78%=
41786 02696 62304 10310 20239 30000 40035 60001 84530 333 56990 58016 60007 84630 86362 RH 66%=
41BAG 02697 42302 10220 20058 84500 333 60007 84640 35%=
41BKI 02996 33604 10320 20234 39634 40029 60001 83030 333 56090 58012 60007 83360 RH 61%=
41SKP 01696 30904 10315 20260 3//// 4//// 60001 70400 83400 333 56900 5//// 60007 83640 72%=
43532 02697 60000 10295 20216 39230 49987 60001 82520 333 56990 59010 60007 83640 83460 63%=
43533 02997 40000 10305 20220 39140 48454 60001 84020 333 58016 60007 84460 61%=
43563 02697 80000 10278 20223 39386 40045 60001 83530 333 56990 58020 60007 83640 85360 71%=
=======
41526 Not Received
41533 Not Received
41564 Not Received
41568 Not Received
41592 Not Received
41594 Not Received
41669 Not Received
41672 Not Received
41781 Not Received
========
UPPK OPKC 060600=
PPAA 5606/ 41675 MISDA DUE TO TECHNICAL ISSUE=
PPAA 5606/ 41739 no acent due to security risk=
PPAA 5606/ 41749 MISDA DUE TO TECHNICAL FAULT=
PPAA 5606/ 41515 MISDA DUE TO TECHNICAL FAULT=
PPAA 56051 41506 55270 18003 20503 77999=
PPAA 5606/ 41764 NO ASCENT DUE PAF FLYING=
PPAA 5606/ 41678 MISDA DUE TO TECHNICAL PROBLEM=
PPAA 5606/ 41600 MISDA DUE TO TECHNICAL PROBLEMS=
PPAA 5606/ 41646 MISDA DUE TO TECHNICAL PROBLEM =
PPAA 5606/ 41718 MISDA DUE TO TECHNICAL PROBLEM=
PPAA 5606/ 41598 MISDA DUE TO TECHNICAL PROBLEM=
PPAA 5606/ 41640 MISDA DUE TO TECHNICAL REASON=
PPAA 5606/ 41517 MISDA DUE TO AIR MOVEMENT=
PPAA 5606/ 41768 NO ASCENT DUE TO SHORTAGE OF STAFF=
PPAA 56051 41715 55285 12508 28511 77999=
PPAA 56051 41780 MISDA NO ASCENT DUE TO SHORTAGE OF RED BALOON=
PPAA 5606/ 41516 MISDA DUE TO AIR MOVEMENT=
PPAA 5606/ 41624 MISDA DUE TO TECHNICAL PROBLEM=
PPBB 56051 41715 90/12 00000 11004 11005 9037/ 11506 17507 9125/ 25506 19008=
PPBB 56051 41506 90/7/ 00000 18001 9125/ 02005 17502 920// 20503=




Data Generated from File : D:\all data handling\Rmc_lhr\2024090606.FSU.txt
06/09/24 06:59:39
______________________________________________________________
15007 05570 63601 10157 20131 39743 40203 52007 60002 7000/ 84840 333 10163 20139 30012 4/000 55300 0//// 20250 3//// 60007 70000 91002 91102=
15020 04570 52902 10174 20122 30003 40196 52010 69912 83830 333 10188 20146 31014 55306 20531 60007 70002 91003 90760 91103==
15023 05570 73102 10166 20125 39767 40182 52011 69902 7000/ 87500 333 10171 20146 30016 4/000 55300 0//// 20148 3//// 60007 70002 91003 91104=
15056 05570 83404 10170 20126 39848 40190 53009 60032 7000/ 8457/ 333 10185 20155 31014 4/000 55300 0//// 20179 3//// 60007 70025 91005 91106=
15069 05599 70605 10141 20095 39139 42822 53009 60002 7000/ 83571 333 10170 20124 30010 4/000 55300 0//// 20277 3//// 60007 70000 91007 91107=
15073 05598 73202 10172 20131 39740 40195 50007 60032 7000/ 84570 333 10174 20147 31013 4/000 55301 0//// 20262 3//// 69927 70027 91005 91105=
15090 01568 53001 10167 20160 30098 40189 53011 60122 70198 85800 333 10175 20158 31016 55300 00010 20235 30210 60007 70133 91001 90760 91102==
15107 05570 71302 10161 20112 39400 42825 52009 60002 7000/ 86370 333 10195 20117 30011 55300 0//// 20131 3//// 60007 70000 91003 91103 95000=
15108 01/00 90904 10065 20065 38133 48534 52009 60022 74564 89/// 333 10078 20062 55300 20092 69967 70021 91006 90760 91107==
15109 05598 82902 10159 20137 39769 40195 53011 60062 7000/ 8457/ 333 10177 20142 31014 4/000 55300 0//// 20121 3//// 69927 70057 91003 91104=
15111 01570 63304 10165 20152 39922 40179 51007 60102 7258/ 8337/ 333 10166 20155 31015 4/000 55302 0//// 20350 3//// 60047 70105 91006 91106=
15113 07563 82502 10157 20157 30022 40183 52010 60342 7818/ 8437/ 333 10169 20153 31016 4//// 55300 0//// 20109 3//// 60177 70361 91002 91103=
15127 05570 83502 10159 20117 39324 42819 52007 60002 7000/ 883// 333 10186 20106 30008 4/000 55300 0//// 20199 3//// 60007 70000 91004 91104 95000=
15148 05470 70504 10107 20102 38739 48515 52006 60002 7000/ 87600 333 10134 20102 30/// 55300 0//// 20049 3//// 60007 70000 91006 91106=
15150 01570 73403 10166 20152 39978 40186 53010 60172 72162 84520 333 10166 20151 31015 55300 20128 60017 70165 91006 90760 91106==
15154 01561 83002 10159 20156 30037 40177 52012 60262 7806/ 8637/ 333 10172 20153 31015 4/000 55300 0//// 20157 3//// 60027 70276 91003 91103=
15168 05/70 /1901 10138 20096 39566 42807 52010 60002 7000/ 333 10195 20103 3/009 4/000 55302 0//// 20309 3//// 60007 70000=
15170 04570 71801 10151 20119 39414 42811 53005 60002 85370 333 10173 20089 30013 55300 20227 60007 70000 91002 90760 91102==
15194 01570 82901 10166 20150 39896 40184 53010 60062 7258/ 8432/ 333 10179 20151 31016 55300 0//// 20034 3//// 60027 70059 91004 91104=
15197 07570 73604 10166 20149 39968 40173 53010 60102 7818/ 84370 333 10185 20160 31016 4/000 55300 0//// 20171 3//// 60037 70102 91006 91107=
15215 05998 42401 10115 20090 39589 42810 52011 60002 7000/ 84070 333 10193 20090 39007 55300 0//// 20220 3//// 60007 70000 91002 91102=
15217 05570 70602 10164 20130 39518 42812 53007 60002 7000/ 84570 333 10186 20125 30012 55300 0//// 20188 3//// 60007 70000 91003 91103=
15219 07/60 /3205 10167 20157 30051 40172 52012 60082 7828/ 333 10199 20155 3/015 4/000 55300 0//// 20069 3//// 60027 70079=
15238 02698 70700 10142 20111 39569 42810 52007 60002 87500 333 10185 20089 30007 55300 0//// 20242 3//// 60007 70000 91001 91102=
15261 02597 71501 10124 20100 39379 42825 52008 60002 85360 333 10171 20073 30006 55300 0//// 20144 3//// 60007 70000 91001 91101 95000=
15262 01/90 90406 10081 20081 38239 48/// 52007 60002 74542 333 10094 20071 30/// 55300 0//// 20158 3//// 60007 70000 91010 91110=
15265 07570 73305 10177 20163 30093 40166 51012 60112 723// 84370 333 10198 20167 31016 4/000 55300 0//// 20120 3//// 60117 70110 91007 91107=
15280 02/70 13607 10058 20018 37549 47120 53008 60002 81030 333 10066 20049 30/// 55308 20632 60007 70000 91011 90760 91112==
15300 05999 50800 10143 20091 39556 42810 52010 60002 7000/ 83570 333 10195 20108 30009 55300 0//// 20276 3//// 60007 70000 91001 91101=
15301 05970 10201 10127 20088 38653 48535 52006 60002 7000/ 81040 333 10140 20092 30/// 55304 0//// 20486 3//// 60007 70000 91003 91104 95000=
15302 05670 50300 10132 20107 38948 48523 52009 60002 7000/ 85300 333 10153 20088 30/// 55300 0//// 20313 3//// 60007 70000 91003 91103 95000=
15307 05570 73604 10189 20145 39977 40157 51009 60002 7000/ 83370 333 10204 20180 30021 4//// 55300 0//// 20100 3//// 60007 70000 91008 91109=
15310 07563 83602 10173 20166 30069 40153 52010 60102 7818/ 8697/ 333 10193 20171 31017 55300 00030 20246 30225 60107 70104 91006 90760 91108==
15324 05970 02700 10155 20098 39379 42799 52004 60002 7000/ 333 10210 20103 30010 55305 0//// 20429 3//// 60007 70000 91001 91102=
15325 05970 03601 10114 20091 38504 48515 52007 60002 7000/ 333 10135 20094 30/// 4/000 55303 0//// 20441 3//// 60007 70000 91003 91104=
15328 05970 41700 10163 20121 39820 40162 51005 60002 7000/ 84070 333 10190 20097 30013 4//// 55304 0//// 20450 3//// 60007 70000 91001 91102=
15336 07/65 /0401 10211 20200 30128 40130 52006 69982 7238/ 333 10211 20182 3/019 4/000 55300 0//// 20258 3//// 69967 70008=
15349 05970 01800 10183 20112 39622 40157 52007 60002 7000/ 333 10202 20113 30009 4/000 55302 0//// 20411 3//// 60007 70000 91001 91102=
15350 04570 73603 10193 20131 30046 40162 51008 60002 87500 333 10214 20171 30018 55300 20134 60007 70000 91005 90760 91105==
15360 04/70 51102 10232 20199 30120 40137 52019 60022 83032 333 10236 20186 60007 70123 91006 90760 91108==
15375 05968 03502 10170 20100 39811 40161 52006 60002 7000/ 333 10221 20116 30011 4/000 55304 0//// 20485 3//// 60007 70000 91004 91104=
15377 05997 00302 10176 20109 39948 40158 52006 60002 7000/ 333 10214 20101 30009 55300 0//// 20237 3//// 60007 70000 91003 91103=
15387 05570 71404 10210 20194 30131 40134 53019 60012 7000/ 87900 333 10210 20182 30018 4/000 55300 0//// 20313 3//// 60007 70013 91006 91106=
15402 05570 52901 10181 20113 30088 40161 51012 60002 7000/ 84570 333 10211 20146 30013 4/000 55301 0//// 20380 3//// 60007 70000 91002 91102=
15405 05570 80107 10192 20156 30099 40160 52006 60002 7000/ 885// 333 10195 20166 30017 4/000 55300 0//// 20210 3//// 60007 70000 91010 91110=
15406 05470 83303 10190 20158 30101 40147 50006 60002 7000/ 886// 333 10193 20164 30016 4/000 55300 0//// 20210 3//// 60007 70000 91005 91106=
15408 01470 73205 10174 20160 39885 40145 52007 60002 700// 87600 333 10175 20152 30015 4/000 55300 0//// 20209 3//// 60007 70000 91007 91108=
15409 01570 63107 10208 20180 30087 40133 52005 60002 700// 86900 333 10208 20175 30018 4/000 55304 0//// 20463 3//// 60007 70000 91010 91110=
15419 05960 12800 10170 20115 39978 40169 52008 60002 7000/ 80001 333 10225 20125 30011 4/000 55300 0//// 20245 3//// 60007 70000 91001 91102=
15420 04970 00301 10179 20129 30051 40159 51008 60002 333 10222 20115 30010 55302 20462 60007 70000 91002 90760 91102==
15421 05970 00101 10179 20122 30062 40170 52009 60002 7000/ 333 10218 20136 30/// 55300 00101 20415 30466 60007 70000 91002 91102=
15422 05970 00601 10186 20136 30059 40158 52008 60002 7000/ 333 10229 20152 30014 55300 0//// 20207 3//// 60007 70000 91003 91103=
15425 05570 83504 10187 20155 30092 40154 50006 60002 7000/ 8357/ 333 10192 20169 30017 4/000 55300 0//// 20186 3//// 60007 70000 91007 91107=
15434 02966 00702 10183 20118 39957 40161 51008 60002 333 10245 20130 30013 4/000 55302 0//// 20441 3//// 60007 70000 91004 91104=
15444 05/70 /3403 10189 20158 30081 40151 52005 60002 7000/ 333 10194 20169 3/015 4/000 55300 0//// 20312 3//// 60007 70000=
15455 05970 00802 10181 20131 30033 40161 52007 60002 7000/ 333 10249 20141 30016 4/000 55303 0//// 20477 3//// 60007 70000 91004 91104=
15460 04470 83502 10192 20151 30132 40155 52006 60002 886// 333 10203 20158 30013 55300 20250 60007 70000 91004 90760 91104==
15462 05470 83205 10181 20157 30063 40148 52005 60002 7000/ 8672/ 333 10204 20161 30015 4/000 55300 0//// 20264 3//// 60007 70000 91008 91108=
15470 04970 20804 10182 20127 30032 40155 50007 60002 80001 333 10260 20164 30015 55302 20454 60007 70000 91006 90760 91106==
15475 02997 50801 10199 20153 30138 40158 51006 60002 85050 333 10226 20134 30014 4/000 55305 0//// 20557 3//// 60007 70000 91002 91103=
15479 05962 53104 10177 20151 39962 40150 52003 60002 7000/ 85070 333 10195 20154 31014 4/000 55300 0//// 20305 3//// 60007 70000 91007 91107=
15480 04570 13002 10196 20163 30123 40140 52003 60002 81100 333 10213 20165 31016 55304 00130 20489 30478 60007 70000 91005 90760 91108==
15489 05970 00905 10192 20133 30065 40156 53009 60002 7000/ 333 10253 20165 30017 55305 0//// 20462 3//// 60007 70000 91007 91108=
15491 05970 00802 10200 20143 30126 40155 52006 60002 7000/ 333 10254 20171 30018 55301 0//// 20456 3//// 60007 70000 91005 91106=
15499 05970 02803 10195 20158 30134 40143 52005 60002 7000/ 222//=
15549 12970 00702 10172 20137 39747 40148 52008 60002 333 10222 20142 70000 555 30011 580//=
15552 12965 02501 10201 20156 30099 40146 52007 60002 222// 00288 10201 333 10245 20171 50432 55107 70000 555 30014 575// 92023 92427=
15640 12776 10000 10215 20138 39844 40141 52007 60002 81200 333 10258 20180 55082 70000 555 30016 562//=
15655 12965 02301 10204 20148 30113 40145 52011 60002 222// 00253 10000 333 10238 20191 70000 555 30/// 570// 92021 92427=
15730 12970 30000 10184 20147 39765 40146 52011 60002 80005 333 10236 20158 55101 70000 555 39/// 579//=
16627 12960 20000 10222 20128 30126 40131 52011 60002 80001 333 20194 30/// 55102 70000 90730 91104==
16650 12960 10000 10240 20183 30119 40127 52010 60002 80001 333 20208 30/// 55106 70000 90730 91106==
16667 12960 03505 10262 20166 30116 40127 52014 60002 333 20238 30/// 55116 70000 90730 91107==
16706 12960 00112 10284 20142 30102 40109 52015 60002 333 20280 30/// 55110 70000 90730 91119==
16723 12960 00109 10276 20127 30082 40095 53011 60002 333 20264 30/// 70000 90730 91114==
16732 26/// /3607 10273 20196 30104 40115 52009 333 20256 60005 90730 91109==
16742 12960 03611 10276 20172 39945 40091 52016 60002 333 20254 30/// 70000 90730 91119==
16749 12960 02308 10284 20213 30066 40079 52013 60002 333 20256 30/// 55111 70000 90730 91111==
16754 12960 00003 10276 20172 30073 40118 52008 60002 333 20230 30/// 55110 70000 90730 91111==
16757 12960 03116 10278 20196 39980 40106 52011 60002 333 20262 30/// 55083 70000 90730 91122==
16760 12960 00307 10268 20129 40121 52008 60002 333 20241 30/// 55110 70000 90730 91112==
17022 12670 41103 10245 20180 39987 40145 52010 60002 84200 333 20187 30017 55119 22244 84834 90760 91107==
17024 12970 02005 10233 20224 30059 40133 52009 60002 333 20179 30016 55071 90760 91116==
17026 12570 22903 10265 20209 30105 40142 52008 60002 82100 333 20205 30016 55056 21541 82833 90760 91104==
17031 11670 42803 10241 20205 30130 40136 52005 60242 70182 84200 333 20196 32018 70238 84835 90760 91113==
17034 11670 72501 10250 20199 30098 40142 52004 60022 70282 83250 333 20209 32020 55000 70377 83835 87360 90760 91109==
17038 11470 72303 10244 20205 30088 40133 52011 60052 72598 87900 333 20226 32/// 70052 87833 81918 90760 91116==
17042 11560 71402 10205 20192 30101 40139 50006 60522 79599 86950 333 20200 32020 55000 70515 84830 87358 83928 90760 91113==
17050 12970 03501 10221 20157 30093 40152 52009 60002 333 20191 30016 55109 90760 91104==
17056 12970 00604 10244 20172 30135 40139 52010 60002 333 20199 30019 55115 22131 90760 91106==
17060 12960 00707 10242 20177 30105 40144 52009 60002 333 20206 30016 55000 90760 91109==
17070 12965 01101 10155 20099 39307 40145 52008 60002 333 20106 31007 55/// 22173 90760 91103==
17074 12570 70000 10192 20183 39241 40129 52008 60002 84270 333 20152 30011 55096 22119 84833 87357 90760 91102==
17084 12970 02802 10197 20160 39268 40131 52006 60002 333 20132 30011 55098 22638 90760 91104==
17085 12670 13204 10217 20148 39666 40131 51005 60002 81100 333 20171 30017 55102 81840 90760 91107==
17092 12660 11602 10217 20132 38847 48501 52008 60002 81100 333 20155 30014 55072 21876 81845 90760 91106==
17096 12660 62703 10165 20113 38254 48507 52017 60002 84150 333 20093 30008 55071 20703 84840 86358 90760 91108==
17098 12660 30305 10171 20124 38211 48504 52009 60032 83100 333 20110 31010 70028 83840 90760 91114==
17100 12970 00000 10265 20132 39153 40080 52012 69962 333 20210 30019 55099 22901 70009 90760 91111==
17112 12970 00000 10261 20135 30122 40124 52008 60002 333 20223 30020 55091 22232 90760 91105==
17115 12960 01304 10233 20167 30094 40143 52011 60002 333 20197 30019 55089 22102 90760 91109==
17116 12960 00000 10244 20142 30023 40138 52009 60002 333 20174 30017 55114 90760 91103==
17124 12960 02406 10189 20128 39260 40136 51007 60002 333 21851 30009 90760 91110==
17128 12970 00803 10196 20135 39077 40117 52009 60002 333 20155 30015 55062 20783 90760 91112==
17135 12970 01501 10210 20149 39285 40114 52008 60002 333 20172 30014 55087 24212 90760 91105==
17140 12965 00000 10187 20128 38709 48506 52006 60002 333 20139 30013 90760 91107==
17150 12960 00000 10210 20148 30019 40137 52013 60002 333 20152 30014 55087 22056 90760 91104==
17160 12970 03503 10208 20112 39008 48508 52005 60002 333 20172 30015 55086 21884 90760 91114==
17170 12660 13106 10225 20120 38325 48487 52008 60002 81100 333 20122 30/// 81840 90760 91108==
17175 12965 00701 10268 20124 30114 40118 52015 60002 333 20223 30019 55107 22165 90760 91105==
17184 12970 00000 10254 20132 30018 40123 52015 60002 333 20199 31018 55117 22399 90760 91107==
17190 12970 03501 10184 20105 38990 48515 52009 60002 333 20132 30011 55106 90760 91106==
17190 12970 03501 10184 20105 38990 48515 52009 60002 333 20132 30011 55106 90760 91106==
17195 12970 00502 10196 20121 38961 48509 52010 60002 333 20122 30010 55090 21993 90760 91109==
17200 12960 01704 10268 20106 39148 40059 52009 60002 333 20167 30/// 90760 91109==
17202 12670 32203 10279 20118 39089 40049 52010 60002 81140 333 20203 30/// 70002 81835 83360 90760 91109==
17203 12970 00501 10244 20112 38845 48524 52011 60002 333 20185 30016 55082 21972 90760 91105==
17210 12970 00000 10286 20098 39085 40038 52010 60002 333 20232 30021 55100 90760 91104==
17219 12965 03511 10280 20119 39975 40110 52013 60002 333 20238 30024 55105 22290 90760 91119==
17234 12970 00502 10270 20122 30041 40104 52016 60002 333 20221 30019 55096 22219 90760 91104==
17237 12970 00000 10263 20123 39638 40110 52013 60002 333 20203 30015 55102 90760 91103==
17240 12970 03403 10235 20128 39022 40096 52009 60002 333 20174 31012 55090 22173 90760 91107==
17244 12970 03610 10236 20080 38985 48512 52007 69902 333 20185 30/// 90760 91120==
17248 12970 02503 10206 20101 38967 48505 52011 60002 333 20165 30015 55000 90760 91108==
17250 12970 00505 10217 20112 38797 48507 52007 60002 333 20153 30013 55091 22098 90760 91110==
17260 12960 01801 10288 20157 39264 40020 52009 69902 333 20195 30018 90760 91107==
17270 12970 01601 10300 20138 39448 40046 52010 60002 333 20242 30020 90760 91104==
17275 12970 02003 10281 20101 38942 48496 52010 60002 333 20247 30020 55113 90760 91106==
17280 12960 01005 10287 20145 39314 40041 52012 60002 333 20198 30017 55089 22098 90760 91108==
17290 12970 02301 10291 20144 30061 40091 53009 60002 333 20270 30022 55111 90760 91108==
17292 12970 02802 10246 20096 39372 40085 52010 60002 333 20194 30018 55053 21570 90760 91108==
17300 12970 03208 10307 20148 30018 40084 52013 60002 333 20265 30024 90760 91114==
17310 12970 01401 10311 20233 30059 40066 52012 60002 333 20277 30024 55000 90760 91104==
17330 12970 03003 10317 20148 30059 40076 52007 60002 333 20260 30024 90760 91112==
17350 12560 22803 10285 20230 39992 40065 54000 60002 82200 333 20242 30/// 82830==
17370 12670 50000 10296 20251 30074 40078 52008 60092 85200 333 20258 32026 55085 70090 85835 90760 91109==
17375 12970 00000 10304 20175 30066 40068 52011 60002 333 20241 30020 55103 22399 90760 91103==
33088 32997 11003 10186 20130 30051 40235 52009 81040 333 20154 555 10024=
33135 32998 00604 10160 20078 30128 40272 52010 333 20134 555 10019=
33177 32998 20803 10178 20127 39987 40216 52008 80001 333 20132 555 10021=
33317 32997 01204 10182 20120 39898 40222 52007 333 20130 555 10023=
33393 32960 50802 10185 20085 39824 40200 52009 80001 333 20145=
33415 32998 00802 10177 20094 39826 40209 52008 333 20153 555 10023=
33429 32697 50704 10175 20113 39802 40208 52008 82531 333 20127 555 10020=
33466 32998 61003 10195 20068 30054 40234 52012 80009 333 20174 555 10026=
33506 32997 00904 10178 20054 30063 40253 52010 333 20138 555 10025=
33562 32960 50902 10181 20120 39931 40224 52012 85030 333 20135 555 10020=
33587 32998 31102 10211 20089 39962 40213 52011 83030 333 20186 555 10025=
33658 32975 43302 10159 20123 39911 40201 52009 84030 333 20140 555 10019=
33663 32598 30401 10172 20135 30108 40201 52011 82530 333 20147 555 10021=
33664 32598 50804 10197 20099 39890 40193 52011 82230 333 20158 555 80016=
33678 32898 41902 10192 20104 30011 40211 52010 84030 333 20154 555 80013=
33679 12497 50503 10213 20112 30012 40193 52010 60022 82531 333 20170=
33711 32960 50807 10210 20080 30012 40212 52011 80001 333 20190 555 10026=
33745 12597 60903 10187 20122 30022 40200 52018 69962 83930 333 20142 555 80012=
33748 12597 21104 10190 20103 39907 40180 52012 60112 82300 333 20156 555 80012=
33754 12998 50803 10201 20131 30049 40189 52015 60022 85030 333 20165=
33761 12970 10604 10193 20121 39985 40198 52013 69992 81040 333 20171 555 11021=
33791 32984 20606 10224 20094 30088 40209 52010 80001 333 20197 555 10029=
33815 11598 60703 10184 20095 39975 40174 52014 60182 70292 83930 333 20163=
33837 32970 50809 10212 20148 30116 40165 52012 83031 333 20205 555 11021=
33881 11597 60203 10179 20129 39982 40171 52016 60092 70298 85330 333 20153 555 80011=
33883 11598 80103 10170 20119 30005 40165 52017 60172 70398 883// 333 20160 555 80016=
33885 11596 73503 10162 20161 30044 40171 52018 60042 71082 84340 333 20150 555 80013=
33892 12998 60605 10179 20120 39967 40168 52014 60082 86030 333 20158 555 80021=
33902 32897 70303 10210 20101 30125 40182 52009 86051 333 20158 555 11018=
33924 12/70 60905 10223 20160 30143 40155 52009 60002 86070 333 20182==
33946 12/86 50706 10233 20123 39941 40149 52013 60002 83081 333 20165==
33983 12/60 60710 10249 20126 30088 40145 52004 60002 83031 333 20222 91016 90760 91116==
34300 32997 00904 10180 20031 30105 40277 52013 333 20132 555 10016=
34336 42970 00602 10119 20027 30198 40286 52014==
34344 42970 01601 10177 20066 30208 40293 51013 333 20078==
34356 42960 00903 10181 20020 30158 40301 52011==
34357 42970 00903 10180 20032 30143 40293 52013==
34398 12970 00704 10168 20019 30286 40296 52007 60002 333 20050==
34415 32970 01103 10194 20049 30163 40256 52009 333 20130 555 10018=
34438 42960 00806 10194 20036 30089 40273 52017 333 91010 90760 91111==
34445 42970 00905 10191 20026 30178 40288 52011==
34461 42960 00903 10193 20015 30243 40296 51010==
34473 32997 00904 10174 20019 30263 40300 52011 333 20077=
34476 42970 00704 10182 20012 30291 40298 52013==
34504 32980 00706 10187 20059 30060 40227 52011 333 20170=
34535 42970 00907 10203 20017 30191 40260 52015 333 91011 90760 91112==
34545 42970 00806 10192 20021 30162 40269 52012 333 91013 90760 91113==
34555 42970 00706 10184 20051 30196 40284 51012 333 20152 91010 90760 91111==
34560 42960 00909 10183 20025 30103 40286 52012 333 20126==
34578 42960 01404 10186 20019 30274 40281 52014==
34579 42970 00504 10182 20012 30244 40287 52014==
34644 42960 00806 10206 20031 30175 40249 52016 333 91011 90760 91111==
34646 42970 00806 10186 20067 30178 40256 52014 333 20174 91010 90760 91111==
34655 42960 00608 10194 20012 30204 40261 51012 333 91012 90760 91112==
34662 42970 00604 10193 20016 30264 40275 52010==
34691 12970 00704 10180 20038 30295 40283 52016 60002 333 20096==
34720 42/70 10604 10208 20072 30184 40222 51018 81030 333 20180 91011 90760 91112==
34727 42960 20906 10215 20092 30173 40202 52013 80001 333 20187 91011 90760 91112==
34743 42960 00706 10195 20019 30161 40246 52012 333 20148 91011 90760 91111==
34759 42960 10606 10194 20053 30116 40242 52009 80001 333 91010 90760 91111==
34772 42970 00506 10187 20014 30262 40265 52013 333 90760 91110==
34785 42970 00606 10193 20008 30283 40262 51013==
34798 12970 00506 10191 20097 30288 40260 53019 60002 333 20130==
34824 42960 80805 10232 20105 30176 40181 52011 80001 333 91011 90760 91111==
34838 42660 60504 10214 20083 30101 40192 52017 83439 333 20195 90760 91112==
34845 42970 00905 10204 20046 30114 40216 51013 333 20160 91010 90760 91112==
34858 42960 00703 10192 20044 30122 40225 52011 333 20148 90760 91110==
34861 42/70 20907 10183 20031 30004 40237 52011 82030 333 90760 91110==
34866 42970 00707 10203 20058 30247 40239 52013 333 91010 90760 91111==
34880 42960 00604 10197 20090 30274 40249 52015==
34887 42/70 10403 10210 20109 30259 40241 52014 81030==
34949 42670 60710 10182 20113 39672 40193 52013 83530 333 91013 90760 91114==
34954 42570 30703 10213 20087 30043 40207 52012 82501 333 20172==
34958 42570 70904 10206 20105 30018 40207 52011 87500 333 90760 91110==
34975 42/70 30905 10221 20102 30225 40221 52012 80031 333 20152 90760 91110==
34984 42570 50507 10223 20122 30258 40229 52014 82531 333 91010 90760 91111==
35217 12960 00503 10166 20035 30251 40290 52002 60002 333 20035==
35302 12970 00503 10164 20055 30276 40296 52004 60002 333 20072==
35315 32998 00000 10171 20042 30228 40282 52004 333 20042=
35344 32599 70108 10126 20043 39971 40248 52007 84370 333 20067=
35345 36/// /0206 10113 20056 39930 40242 51005=
35358 12660 73405 10139 20051 30050 40212 52006 60002 87500 333 20103==
35368 32599 83305 10122 20043 39942 40198 52004 885// 333 20071=
35386 11597 83303 10090 20046 39656 40156 52004 69900 76162 885// 333 20048=
35394 12570 72605 10090 20036 39490 40139 52002 69932 86930 333 20050==
35404 32998 00603 10166 20048 30286 40294 52009 333 20076=
35406 12960 00603 10157 20058 30287 40289 52009 60002 333 20091==
35416 12970 01402 10154 20044 30162 40278 52008 60002 333 20065==
35426 12/84 80102 10124 20056 39988 40269 51006 60002 8807/ 333 20042==
35437 32598 70507 10146 20066 39956 40255 52005 82253 333 20046=
35449 32698 73506 10148 20063 30127 40225 52016 82203 333 20104=
35497 12570 63203 10102 20025 39376 40137 54000 69902 86900 333 20058==
35498 11598 53204 10096 20034 39296 40134 52004 69990 70262 85900 333 20046=
35514 32998 00703 10174 20038 30284 40280 52011 333 20070=
35519 32998 00703 10170 20034 30206 40274 52009 333 20083=
35522 32998 00503 10149 20038 30027 40268 52010 333 20069=
35542 32699 63506 10145 20051 30092 40232 52007 86200 333 20078=
35563 32598 73505 10112 20007 39439 40174 52005 87800 333 20065=
35576 12670 63403 10132 20041 39735 40161 52006 60002 86200 333 20073==
35582 32698 63605 10114 20052 39590 40162 52014 86200 333 20054=
35594 32599 63306 10103 20018 39338 40136 52002 86900 333 20047=
35605 32998 00404 10180 20025 30293 40272 52013 333 20089=
35633 32698 23607 10144 20039 30037 40241 52009 82200 333 20080=
35671 12570 60304 10134 20027 39761 40168 52004 60002 86900 333 20103==
35699 12660 60201 10132 20015 39407 40119 54000 60002 86200 333 20062==
35700 12970 00803 10176 20040 30289 40266 52013 60002 333 20112==
35715 32999 01204 10176 20025 30276 40262 52015 333 20108=
35739 32699 13603 10156 20039 30101 40234 51011 81100 333 20088=
35746 12670 23607 10166 20048 30150 40213 52007 60002 82200 333 20083==
35777 32597 63205 10144 20041 39818 40143 57004 86500 333 20050=
35796 12660 73502 10146 20041 39713 40121 52004 60002 82531 333 20106==
35816 36/// /0703 10198 20018 30262 40273 51013=
35849 12970 00505 10165 20058 30122 40202 52011 60002 333 20104==
35895 32598 73603 10138 20052 39715 40133 52005 82342 333 20092=
35907 32998 00908 10193 20084 30258 40230 52018 333 20162=
35925 12970 10706 10183 20017 30136 40241 52012 60002 81100 333 20088==
35927 32998 00904 10188 20019 30239 52019 333 20119=
35953 12684 23507 10174 20060 30059 40180 52010 60002 82200 333 20090==
35969 12984 03601 10186 20023 39997 40160 52005 60002 333 20118==
35997 32598 80501 10154 20064 39713 40119 52002 8637/ 333 20118=
36259 41584 82301 10138 20016 38175 48431 57008 71582 86902==
36335 31599 62605 10078 20025 39151 40129 52003 70282 86300 333 20040=
36358 32699 70000 10091 20009 39149 40115 52003 87500 333 20052=
36394 32597 72705 10137 20034 39719 40115 52003 87300 333 20074=
36397 12684 62902 10126 20040 39585 40115 52001 60002 85440 333 20079==
36403 32698 72002 10144 20069 39773 40110 52003 87900 333 20080=
36418 32699 71504 10182 20053 39518 40083 52002 83933 333 20077=
36421 32699 71802 10197 20096 39562 40077 58004 85202 333 20110=
36428 11570 72102 10163 20088 39628 40091 51002 60002 71522 86950 333 20132==
36439 31698 81106 10158 20063 38895 48456 58008 71792 8695/ 333 20109=
36467 32699 53205 10112 21014 39229 40121 58001 85500 333 20024=
36498 32698 72603 10134 20035 39362 40102 58004 82509 333 20025=
36501 32699 70000 10106 20025 39400 40112 58001 87500 333 20065=
36535 12584 63104 10157 20027 39517 40104 52001 60002 82330 333 20079==
36546 32699 62002 10162 20103 39596 40095 52005 84943 333 20124=
36619 32599 62901 10170 20008 84950 333 20110=
36622 32998 70402 10147 20048 39347 40095 58006 86041 333 20074=
36639 12584 80000 10183 20119 39530 40086 58001 60002 889// 333 20140==
36643 32699 72802 10159 20070 39482 40095 58001 82505 333 20091=
36665 11596 82702 10148 20121 39420 40094 52013 69970 78082 889// 333 20120=
36666 12599 82902 10155 20088 39640 40097 52002 69900 889// 333 20129=
36729 11598 81102 10170 20144 39643 40087 58008 60010 72582 889// 333 20153=
36736 11596 83001 10171 20138 39604 40116 52004 60030 78082 889// 333 20121=
36744 32998 83402 10171 20038 39692 40110 53004 88070 333 20125=
36770 11598 83302 10180 20152 39421 40090 52011 69990 72582 8697/ 333 20134=
36786 11597 82302 10168 20098 39239 40090 52002 60020 78082 889// 333 20135=
36796 11598 80000 10136 20076 38973 48463 58005 60030 70282 889// 333 20051=
36803 32599 80903 10194 20120 39687 40099 54000 889// 333 20185=
36806 32599 83405 10240 20083 39661 40084 51003 85950 333 20148=
36819 12598 83403 10188 20001 39521 40087 58004 69900 8395/ 333 20156=
36821 12570 70202 10190 20047 39647 40099 52010 60002 85932 333 20139==
36839 12999 83605 10217 20080 39022 40050 58006 69930 83045 333 20148=
36843 12698 81502 10191 20068 38990 40071 58008 60040 82935 333 20116=
36846 12699 80903 10173 20036 38557 48457 58007 69940 82559 333 20092=
36859 12/84 22702 10271 20058 39330 40029 57012 60002 82040 333 20151==
36870 12560 20101 10236 20112 39118 40035 58012 60002 82900 333 20137==
36874 32999 63208 10220 20055 39350 40059 58006 80008 333 20121=
36877 32999 50701 10230 20070 39168 40056 58013 82031 333 20091=
36885 32699 32504 10217 20070 39022 40053 58005 81101 333 20132=
36889 32699 43603 10079 20001 37049 47072 58001 85100 333 20041=
36894 32699 62702 10256 20074 39377 40043 58008 83101 333 20149=
36905 32999 10602 10200 20053 38674 48446 53001 80002 333 20131=
36911 42999 32303 10224 20118 39193 40089 58019 83030 333 20100=
36927 42699 31802 10220 20089 38296 48453 53001 82150 333 20115=
36934 42699 81602 10204 20096 38224 48332 53009 83332 333 20120=
36953 32999 00301 10182 20011 38150 48508 57015 333 20040=
36963 42799 51605 10155 21060 37040 48/// 57005 82550 333 20069=
36974 42798 12303 10254 20019 37925 48429 57017 81100 333 20090=
36982 42599 32207 10113 21057 36561 47103 57008 82230 333 21011=
37018 42670 50503 10253 20163 30051 40122 52014 82202==
37031 42460 80805 10209 20143 39992 40176 52014 8583/ 333 20193==
37054 42560 80602 10188 20147 39829 40195 52014 884//==
37061 42560 60805 10215 20122 30047 40207 52012 84531 333 90760 91110==
37085 42570 60608 10230 20136 30233 40207 53016 86500 333 91012 90760 91112==
37171 42670 50904 10262 20169 30101 40118 52003 81903==
37228 41420 83001 10151 20146 39384 40186 52014 76162 8872/ 333 20145==
37235 41440 83101 10181 20173 39883 40185 52013 71022 886//==
37472 42560 81304 10245 20176 30210 40189 52015 8657/==
38149 42970 20406 10182 20038 30132 40205 52028 80002 333 20130==
38178 42/70 23505 10183 20030 39873 40145 53012 82080 333 20135==
38262 12970 00806 10184 20058 30114 40192 52020 69902 333 20137==
38264 42/70 20207 10195 20015 30101 40191 52018 82030 333 20144==
38345 42799 32702 10192 20050 38746 48465 58004 82230 333 20101=
38353 42598 62802 10214 20046 39246 40082 52004 82931 333 20141=
38392 72997 60406 10201 20041 30075 40173 52017 86030 333 20143 6////=
38396 42/60 50307 10208 20040 30055 40173 52017 85030 333 20142==
38403 42960 00504 10215 20055 30041 40155 52003 333 20168==
38413 42/70 20404 10217 21009 39860 40134 53024 82030 333 20166==
38457 12560 62101 10244 20070 39535 40080 52009 60002 82441 333 20155==
38462 42684 42302 10233 21054 38705 48465 52001 82551 333 20129==
38462 42684 42302 10233 21054 38705 48465 52001 82551 333 20129==
38507 72997 00708 10267 20082 30036 40129 52010 333 20212 6//// 91006 555 50282=
38545 32998 00504 10229 20051 39985 40150 52032 333 20153=
38565 12970 03604 10224 20088 39532 40103 51007 60002 333 20150==
38579 12984 00301 10232 20059 39699 40090 52004 60002 333 20158==
38583 12/60 32703 10233 20051 39794 40095 52009 60002 82041 333 20127==
38599 32998 02411 10241 20045 39599 40078 50002 333 20169 91116=
38611 42/60 72003 10235 20110 39535 40056 52012 87040 333 20173==
38613 42999 61901 10255 20059 40043 58002 80002 333 10172 2////=
38616 42598 42002 10249 20061 39116 40052 53011 83501 333 20140=
38618 12960 62701 10276 20076 39416 40047 52006 60002 80001 333 20148==
38647 72998 00805 10252 20067 30097 40137 52018 333 20219 6////=
38656 72998 50504 10252 20048 30039 40141 52014 85080 333 20196 6////=
38683 42/60 23607 10252 20032 39846 40103 52020 82030 333 20170==
38687 32997 00205 10257 20045 39893 40112 52025 333 20181=
38696 12/84 20704 10243 20088 39279 40074 52009 60002 82080 333 20156==
38713 32998 03203 10224 20036 38992 48490 51005 333 20130=
38750 72597 32707 10290 20230 30165 40133 53020 83100 333 20262 6////=
38763 72597 60905 10254 20064 30054 40152 52026 86200 333 20232 6//// 86830=
38774 72898 60902 10245 20082 39968 40151 52024 86080 333 20223 6////=
38799 32997 00503 10273 20041 39902 40117 52032 333 20188=
38806 32997 03203 10272 20065 39840 40081 52021 333 20162=
38812 42960 03003 10260 20080 39652 40072 52017 333 20192==
38836 31996 00901 10299 20299 20140 39149 49998 58005 70500 333 20188=
38880 02997 03403 10246 20050 39903 40142 53003 60002 333 20214 6////=
38886 72997 03601 10262 20059 39918 40131 52025 333 20154 6////=
38895 32996 00401 10276 20112 39847 40115 52024 333 20192=
38911 32998 03404 10254 20081 39809 40083 52016 333 20180=
38915 72997 00000 10286 20124 39786 40085 52019 333 20171 6////=
38927 12960 02502 10292 20085 39725 40070 52015 60002 333 20179==
38933 32998 02302 10299 20192 39609 40079 52017=
38944 32997 01302 10298 20136 39518 40005 52008 333 20217=
38954 32999 00000 10228 20043 37920 48470 52003 333 20123=
38974 72997 03210 10303 20061 39790 40098 52015 333 20188 6//// 91015=
38987 32996 00000 10297 20043 39412 40096 52020 333 20144=
40030 32970 00000 10282 20191 40099 52010 333 20228 30///=
40066 32570 30000 10256 20210 4//// 5//// 83400 333 20220 30/// 83626=
40080 32965 02205 10226 20171 39410 4//// 52020 333 20171 30///=
40100 43/70 12208 10288 20222 30085 40100 51007 6///1 333 58///=
40155 58007 70000 81070 333 81340=
40180 12560 51602 10277 20205 30043 40090 52006 60002 85800 333 10280 20244 70000==
40199 12/// ///// 10296 20191 30063 40087 52002 60002 333 10342 20271 70000==
40265 31650 83205 10226 20193 39343 40096 52007 70522 88190 333 20162 30012 83840 85360=
40270 31550 13203 10270 20160 39231 40083 52005 70500 81100 333 20189 30013 81835=
40272 31950 02705 10220 20163 39298 40095 52006 70500 333 20150 30014=
40340 32960 03607 10286 20187 30036 40097 52009 333 20252 30024=
40356 42960 03012 10256 20140 39137 48489 333 20217 59008 555 04410 500053=
40357 42960 00111 10337 20050 39434 40018 333 20265 59021=
40360 42960 03012 10244 20160 39517 40078 333 20196 59004=
40361 42960 02705 10302 20080 39321 40069 333 20264 59014=
40362 42960 01412 10359 20060 39557 40031 333 20268 59014=
40373 42960 03606 10352 20060 39657 40045 333 20284 59002=
40375 42960 00000 10270 20130 39232 40055 333 20243 59003=
40394 42960 02006 10332 20080 38980 48494 333 20342 59012 555 04410 50022=
40394 42960 02006 10332 20080 38980 48494 333 20342 59012 555 04410 50022=
40400 42960 00000 10314 20240 30043 40070 333 20259 58008=
40405 42960 01505 10351 20060 39349 40039 333 20260 59009=
40417 42960 03207 10364 20150 30013 40027 333 20272 58002=
40420 42960 03513 10385 20070 39834 40027 333 20295 59001=
40430 42960 02205 10353 20080 39357 40055 333 20320 58005=
40437 42960 03403 10355 20010 39390 40046 333 20272 58000=
40439 42960 22907 10340 20160 30043 40061 81031 333 20286 58023 81360=
40582 32960 03512 10389 20097 40029 51010 333 55306 00703 10000 21996 30773 41469 51901 62769 55407 41223 90401 91017 91117 91213 91309=
40703 12960 00000 10242 20064 38888 40062 52009 60001 333 30015 50881 70000 555 10145 29032=
40706 12962 00808 10222 21025 38638 40075 52007 60001 333 30015 51341 70000 555 10108 29019=
40712 12960 00205 10225 20033 38658 40074 52015 60001 333 30006 50981 70000 555 10126 29028=
40713 12962 01009 10234 20035 38633 40049 52011 60001 333 30018 51121 70000 555 10130 29027=
40718 12960 03003 10288 20153 30176 40149 52013 60001 222// 0//// 20202 333 30018 51051 70000 555 10205 29044=
40723 12560 12507 10240 20132 38947 40102 52005 60001 81100 333 30018 50871 70000 81823 555 10174 29051=
40726 12960 00505 10226 20056 38636 40057 52017 60001 333 30007 51041 70000 555 10134 29033=
40727 12965 00000 10247 20036 38463 40050 52006 60001 333 30006 51181 70000 555 10135 29025=
40732 12965 03207 10290 20166 30148 40125 52009 60001 333 30020 50531 70000 555 10212 29047=
40736 12560 62603 10286 20211 30158 40134 52012 60001 84230 333 30023 50531 70000 84827 84359 555 10236 29064=
40737 12560 42503 10299 20201 30114 40131 52008 60001 84100 333 30020 50301 70007 84830 555 10234 29056=
40738 12560 42603 10287 20197 30141 40143 51008 60001 84100 333 30022 50461 70000 84825 555 10228 29058=
40739 12965 10505 10248 20098 38673 40068 51011 60001 81030 333 30017 50851 70000 81360 555 10160 29039=
40741 12960 02810 10310 20077 39792 40104 52016 60001 333 30015 51101 70000 555 10180 29023=
40743 12965 01407 10296 20049 39029 40058 51008 60001 333 30019 51441 70000 555 10162 29021=
40745 12960 00702 10280 20111 39018 40088 51008 60001 333 30011 51081 70000 555 10179 29035=
40747 12960 00000 10254 21007 38608 40044 52003 60001 333 30009 51161 70000 555 10126 29018=
40754 12660 11203 10293 21019 38791 40037 52015 60001 81100 333 30017 50801 70000 81840 555 10140 29013=
40762 12965 01003 10291 21072 38536 40037 52012 60001 333 30011 51021 70000 555 10127 29009=
40766 12981 03103 10261 21025 38662 40040 52006 60001 333 30008 51281 70000 555 10125 29015=
40768 12965 00701 10270 21028 38239 40027 51003 60001 333 30007 50981 70000 555 10125 29014=
40769 11958 00902 10266 21031 38283 40011 52010 60001 70500 333 30012 51001 70000 555 10123 29014=
40780 12960 03105 10298 20022 38652 40043 52009 60001 333 30014 50921 70000 555 10152 29017=
40782 12960 03003 10279 20048 38818 40032 52007 60001 333 30014 51041 70000 555 10154 29023=
40785 12960 00000 10288 21014 39030 40048 52010 60001 333 30017 5113/ 70000 555 10141 29014=
40791 12970 02801 10346 21208 39268 40023 52011 60001 333 30016 51681 70000 555 10142 29002=
40792 12965 02701 10332 21123 38681 40024 51008 60001 333 30013 51461 70000 555 10138 29005=
40798 12960 01002 10262 21051 37962 40037 51004 60001 333 30007 51181 70000 555 10115 29012=
40800 12960 01601 10323 21121 38438 40025 51008 60001 333 30009 50811 70000 555 10133 29005=
40809 12962 00000 10335 21175 38464 40015 51002 60001 333 30011 51301 70000 555 10133 29003=
40811 12960 01501 10358 20127 39985 40009 52012 60001 333 30026 51001 70000 555 10217 29025=
40812 12960 02201 10380 20106 39655 49999 52013 60001 333 30023 51251 70000 555 10214 29019=
40818 12965 03102 10264 21090 37973 40022 57003 60001 333 30007 50801 70000 555 10109 29009=
40821 12970 01101 10302 21166 38743 40027 52010 60001 333 30017 51101 70000 555 10122 29004=
40829 11959 03513 10356 21025 39488 40019 51011 60001 70700 333 30014 51841 70000 555 10169 29009=
40831 12960 03506 10378 20117 30011 40019 52009 60001 333 30025 51771 70000 555 10220 29021=
40833 12960 01503 10355 20227 39984 40013 51005 60001 333 30022 50861 70000 555 10266 29048=
40835 11959 00000 10347 20192 39242 40008 52008 60001 70500 333 30022 51031 70000 555 10241 29040=
40841 12970 00802 10288 21110 38231 40018 50006 60001 333 30008 50791 70000 555 10118 29007=
40845 12960 01303 10344 20284 30009 40014 52009 60003 333 30027 50671 70000 555 10300 29071=
40848 11957 00902 10298 20152 38487 49994 51009 60001 70500 333 30014 51211 70000 555 10202 29041=
40851 12960 00000 10302 20021 38248 40014 51013 60001 333 30012 51141 70000 555 10150 29017=
40854 12960 00802 10364 21121 38887 49999 52011 60001 333 30022 51141 70000 555 10153 29004=
40856 12962 00902 10325 21083 38599 40019 51006 60001 333 30010 51051 70000 555 10140 29007=
40859 11958 02402 10310 20087 38660 40007 52014 60001 70500 333 30017 51061 70000 555 10178 29025=
40875 11950 01703 10365 20271 30015 40026 51008 60001 70500 333 30029 50911 70000 555 10296 29059=
40879 11958 02102 10348 20163 39393 40022 51007 60001 70500 333 30026 51251 70000 555 10227 29033=
40882 11950 03202 10346 20262 39988 40021 51012 60001 70500 333 30027 50691 70000 555 10285 29062=
40883 11956 02003 10339 20277 30003 40025 52012 60001 70500 333 30027 50561 70000 555 10293 29070=
40893 11457 21305 10318 20261 30019 40025 53006 60001 70500 82600 222// 00310 20301 333 30031 50841 70000 82715 555 10276 29072=
40898 11958 01704 10317 20263 30012 40021 50006 60001 70500 222// 00306 20900 333 30026 50881 70000 555 10278 29073=
41024 42660 63005 10335 20250 30053 40078 86500 333 20319 58030 86640==
41036 42560 33310 10297 20030 38556 48508 82410 333 20230 58008 82630==
41055 42960 03114 10294 20030 38361 48502 333 20245 58004==
41061 42960 03104 10340 20000 39372 40036 333 20275 58003==
41084 42960 02810 10317 20100 38824 48494 333 20249 58003==
41112 42960 03408 10251 20070 37954 48507 333 20167 58005==
41114 42960 00000 10250 20090 37986 48502 333 20167 58006==
41128 42960 00306 10330 20020 38786 48506 333 20240 58014==
41136 42960 01904 10362 20100 39259 40020 333 20297 58002==
41140 41556 52503 10337 20290 30067 40072 70522 85800 333 20308 58016 85830==
41150 42966 03211 10355 20244 40027 333 20324 30032 59002=
41176 44/66 /2906 10353 20232 30018 40024 333 20276 59003=
41184 42960 09902 10363 20204 40027 333 20240 59004=
41194 12960 03605 10365 20240 30019 40024 60001 333 20308 59002=
41196 12960 02704 10356 20239 39991 40029 60001 333 20269 59003=
41216 42960 02203 10365 20215 30022 40026 333 20304 59005=
41217 42960 09905 10374 20163 39994 40022 333 20296 30027 59006=
41244 36/// /1611 10358 20186 39620 40011 333 0E034 20291 55300 25022 59008=
41246 36/// /0808 10332 20279 30022 40024 333 0E030 20284 55300 25022 59008=
41255 36/// /1803 10326 20210 39533 40018 333 0E028 20262 59006=
41256 31959 00505 10340 20207 30010 40027 70500 333 20277 59006 55407 55408 55507 55508=
41263 26/// /1604 10316 20214 39478 40014 333 0E026 20257 55300 22032 59005 70000=
41267 36/// /0003 10301 20260 30022 40034 333 0E029 20289 59000=
41275 36/// /1507 10329 20219 39890 40051 333 0E026 20258 55300 21805 59011=
41288 36/// /2504 10286 20241 30035 40056 333 0E027 20258 59005=
41316 32480 79904 10283 20248 30039 40068 87600 333 20251 58002 55407 55408 55507 55508 82714 87625=
41397 61702 10260 2//// 40223 53021 70222 83778 22200 00259 20200 314// 40604=
41398 71306 10220 20172 40185 54000 71922 87778 22254 04230 20502 317// 41004 80190=
41480 41657 62406 10324 20238 30059 40066 70544 82530 333 20280 30/// 59009 82625 85360=
41497 43314 10310 20160 40030 54000 7//// 84256 22200 02360 20500 6//// 8/210 ICE /////=
41498 50814 10290 20248 40130 52010 70211 83141 22264 04310 20202 313// 40202 80260=
41506 12460 31801 10295 20170 38449 48450 60001 83100 333 56800 58010==
41508 12460 30000 10272 20188 38609 48870 60001 83200 333 56800 58008==
41515 02697 20000 10282 20145 38469 48431 60001 82200 333 56900 59015 60007 82850=41523 12460 32702 10290 20211 39020 48710 60001 83500 333 56800 58009==
41535 12460 50000 10250 20206 38670 48490 60001 85600 333 56800 58013==
41536 12460 60000 10280 20223 38974 48730 60001 86200 333 56800 58012==
41560 12960 00000 10270 20196 38261 48740 60001 333 58013==
41571 11640 43103 10310 20226 39491 40043 60001 70500 83830 333 56880 58016==
41598 11960 00000 10300 20235 39783 40042 69901 70295 333 58023==
41600 11440 60000 10270 20241 39763 40048 69901 70422 8552/ 333 5688/ 58019==
41620 12940 03601 10280 20155 38527 48330 60001 333 58008==
41624 12960 30000 10340 20257 39836 40027 60001 83030 333 56080 58011==
41630 11440 42301 10345 20270 30000 40042 60001 70400 84500 333 56800 58015==
41640 11440 60501 10315 20267 39805 40042 60001 70420 86520 333 56880 58018==
41660 12960 03105 10290 20006 38395 48790 60001 333 58011==
41678 11940 00000 10350 20220 30000 40019 60001 70500 333 59004==
41696 12960 00000 10240 20064 37984 48750 60001 333 59002==
41697 12460 42302 10360 20272 30000 40025 60001 84500 333 56800 58012==
41700 11640 10000 10360 20264 30000 40016 60001 70400 81030 333 56080 58014==
41710 12960 00000 10375 21107 39258 49968 60001 333 58003==
41712 12960 00501 10350 20007 39110 48710 60001 333 58003==
41715 11440 20000 10350 20283 39963 40024 60001 70500 82500 333 56800 58013==
41718 11940 00000 10360 20279 39925 40022 60001 70400 333 58006==
41725 12940 00000 10345 20263 39943 40017 60001 333 58005==
41739 12940 02702 10320 20169 38973 48610 60001 333 58013==
41744 12940 00000 10295 20061 38719 48560 60001 333 59022==
41749 12940 00904 10330 20268 39997 40030 60001 333 58010==
41756 11240 61803 10305 20249 39981 40044 60001 70504 82630 333 56880 58000==
41759 11440 32301 10315 20252 30041 40046 60001 70511 83500 333 56800 58004==
41764 12940 02305 10320 20250 39984 40032 60001 333 58015==
41768 12340 42302 10315 20274 30033 40040 60001 84600 333 56800 58018==
41780 11440 72704 10295 20253 30023 40050 60001 70400 86600 333 56800 58016==
41785 12460 52302 10300 20258 30029 40042 60001 82530 333 56880 58007==
41859 02950 20502 10342 20260 30009 40046 333 59001 70018 82030 82362==
41883 02456 20000 10353 20250 30022 40042 82500 333 59005 70032 82616==
41891 01450 61204 10340 20250 39998 40034 70522 84370 333 59009 70000 83616 84458 81930==
41898 21022 10190 20160 40190 54000 70222 82002 22253 06240 21002 80180=
41907 02956 01302 10340 20260 30026 40040 333 58002 70140==
41923 11456 70000 10310 20230 30037 40047 69946 70262 83430 333 58006 70005 83615 86360==
41936 01420 60303 10316 20280 30032 40040 70522 85630 333 58007 70000 83710 83615 86362==
41943 11440 61802 10314 20250 30030 40037 60106 70162 83530 333 59002 70450 83616 84362==
41950 21350 80000 10305 20270 30033 40035 70296 8562/ 333 59009 60048 70064 82708 84616 88458==
41978 02459 62204 10307 20270 39994 40000 82301 333 10337 59015 70000 82618 85080 81930==
41992 41435 31508 10330 20260 30035 40037 70522 82530 333 59003 82616 83362==
41997 12107 10310 20257 40084 52030 702 00 80002 22283 00310 20100 30000 80270=
42001 06061 99259 70897 46/// /1106 10301 20289 30106 40109 90540 22200 00305 333 91207 555 11061 22065 8//06 90531=
42027 31595 71603 10228 20161 38382 48464 70562 84521 333 58021=
42044 32596 31401 10256 20159 38250 48474 82210 333 58018=
42045 32596 41402 10260 20167 38288 48406 84400 333 58020=
42056 32696 51403 10296 20238 39623 82501 333 58021 82635 85070=
42071 31596 40904 10324 20300 40042 71091 82410 333 58019 82625 83459=
42097 06061 99257 70837 46/// ///// 1//// 90556 22200 00301 10502 20502 70008=
42101 32696 50702 10320 20285 40051 85500 333 58014 85635=
42111 31595 51402 10318 20237 39359 40023 70521 83830 333 58015 82620 83830 85360=
42123 32596 30501 10338 20254 40034 83500 333 58013 83630=
42131 32696 50901 10320 20267 40038 85400 333 58010=
42165 32696 40000 10338 20251 40019 84100 333 58002 84840=
42182 31595 70508 10276 20262 40046 71096 84320 333 58014 84630 81935 86459=
42189 21595 80000 10284 20270 40047 70562 8351/ 333 58016 6002/ 83620 88458=
42309 32596 30903 10338 20278 40047 83200 333 58004=
42314 32596 39902 10344 20270 40042 82130 333 58003 82825=
42328 31695 22304 10306 20255 40010 70521 82500 333 58011 82635=
42339 31695 81401 10300 20258 40041 70522 8451/ 333 58013 84635 88456=
42348 31595 80904 10280 20257 40042 71022 8593/ 333 58008 85625 81935 88358=
42361 31596 60000 10308 20272 40037 70522 82530 333 58005 82620 86360=
42369 31596 60902 10316 20266 40049 71022 84450 333 58021 84620 86360=
42379 31595 60902 10316 20263 40047 70522 84531 333 58020 84620 82360 82071=
42410 31596 32304 10344 20264 40044 70520 82430 333 59007 82620 83360=
42415 32596 30000 10344 20273 40053 81430 333 59004 81620 83360=
42452 31596 63601 10298 20259 40024 71022 83230 333 58003=
42492 21496 60901 10296 20277 40048 71096 83630 333 58017 6992/ 82710 83618 85360=
42559 32596 71802 10300 20243 40027 85230 333 58007 85825 87358=
42571 31596 70000 10292 20249 40037 70262 84530 333 58014 84625 86360=
42591 31495 70504 10318 20283 40045 71022 84430 333 58013 84618 86360=
42623 31496 62302 10312 20237 39202 40030 70522 84530 333 59002 84618 86360=
42634 22440 62303 10302 20242 40060 81700 333 58013 60005 81715 83620 83825==
42647 41440 80000 10280 20266 40060 71062 8472/ 333 567// 58014 82715 83620 88458==
42667 31596 61804 10278 20230 39475 40048 70522 83830 333 58004 82620 83825 85360=
42675 31596 70000 10290 20247 40042 70522 83830 333 58012 82620 83830 86360=
42701 31596 61403 10294 20253 39331 40033 71022 84430 333 58015 83620 83825 84360=
42724 31496 70701 10320 20267 40039 70522 84430 333 59001 83618 83825 85360=
42737 22540 62308 10296 20254 40061 83530 333 58011 60005 83620 85358==
42754 32396 62305 10283 20237 39420 40036 83630 333 58001 81708 83618 86360=
42779 32596 50000 10300 20235 39363 40036 85800 333 58014 82620 84825=
42798 31496 51106 10330 20254 40031 70522 83930 333 57943 58013 83615 81930 85360=
42809 31596 60204 10333 20268 40037 70522 84432 333 58005 82620 83825 84360 84075=
42840 22540 72903 10300 20258 40069 84830 333 58013 60005 82620 83825 86360==
42867 31496 63204 10318 20241 40044 70522 83520 333 58003 83618 85458=
42874 31496 73202 10314 20264 40040 70522 84630 333 58012 81612 83618 86359=
42886 32596 60902 10318 20271 40043 84530 333 58015 84620 86360=
42895 31595 60503 10340 20271 40035 70262 85401 333 58000 85630 83075=
42909 22540 52708 10306 20270 40071 81230 333 58013 60005 81825==
42971 31496 73601 10328 20255 40039 70521 85330 333 57922 58008 84618 81930 86360=
43003 21495 72305 10312 20259 40077 76065 84830 333 58007 6990/ 83618 84825 85358=
43014 31596 72705 10276 20237 39424 40056 70542 85830 333 58012 83620 84825 85360=
43041 21596 60504 10290 20248 39437 40037 79596 86900 333 58007 6995/ 84620 86825 81930=
43063 21597 62702 10264 20227 39459 40075 72052 83730 333 56690 58006 6990/ 81722 83626 85356=
43086 32597 63202 10300 20269 39876 40050 83830 333 58008=
43110 41440 72506 10296 20254 40098 70162 85730 333 58007 83712 84618 86358==
43117 22560 72303 10284 20254 40070 85630 333 58008 60005==
43128 31496 72903 10282 20234 39467 40059 70522 84730 333 56690 58006 81710 84615 86360=
43150 31596 51804 10326 20262 39979 40039 72911 83931 333 57961 58007 83620 81930=
43185 21596 72905 10302 20254 30039 40042 75051 83870 333 58006 6990/ 82620 84458=
43189 32597 40000 10336 20269 30032 40041 82530 333 58004=
43192 32596 53203 10306 20270 40098 82732 333 58008=
43198 32396 62910 10264 20215 39268 40077 84631 333 56699 58006 83707 83612=
43201 32497 62702 10270 20215 39349 40061 85430 333 58006 83612 83818 85358=
43213 32597 62902 10288 20238 39749 40060 84430 333 58009=
43233 32497 72512 10264 20227 39289 40094 84631 333 56699 58012=
43237 32497 72508 10312 20220 39666 40047 82872 333 56699 58010 81615 84360=
43245 32597 82705 10310 20241 30038 40064 83837 333 58013=
43279 31596 83204 10304 20241 30053 40070 70522 8453/ 333 58009 84620 86360=
43284 21296 72708 10284 20259 39987 40101 72162 84671 333 58005 6998/ 82706 83612 86358=
43295 32497 72702 10246 20175 39087 48501 84631 333 56699 58005 82710 83615 85358=
43314 31596 80000 10310 20254 40109 70262 8487/ 333 58002=
43321 31496 62310 10304 20218 39645 40082 70521 82807 333 58007 82612 86270=
43329 32597 70000 10316 20257 30059 40072 83531 333 58011=
43333 31495 82308 10292 20255 40062 70562 8541/ 333 56599 59002 82618 84820 88458=
43344 31496 62912 10344 20211 39976 40073 70522 82531 333 58004 82616 83360=
43353 21496 43207 10290 20253 40109 71021 81720 333 56790 58003 6990/ 81710 83614=
43369 32497 63203 10310 20266 40119 83430 333 58008 83618 85358=
43371 21497 63206 10294 20254 30033 40105 72121 85401 333 56709 58001 6001/ 84615=
43404 22470 62203 10323 20275 30070 40073 55006 86000 333 553// 20417 58006 60008 91006 555 60008==
43410 22470 8//// 10334 20230 30071 40074 52011 87000 333 58005 60008 70000==
43413 22/70 72106 10305 20257 30080 40084 5/006 333 553// 20527 58005 60008 82818 91009 555 60008==
43415 22470 72302 10330 20245 39977 40085 56013 83000 333 59001 60008 70000 555 60008==
43418 22470 62305 10336 20231 30033 40074 56006 86000 333 58006 60008 555 60008==
43421 22470 72503 10324 20239 39983 40086 57007 83000 333 553// 20410 58012 60008 91008 555 60008==
43422 21460 72304 10300 20230 39959 40091 57003 78022 86200 333 58016 69908 555 69908==
43424 22470 52304 10305 20253 30091 40093 52004 85200 333 58014 60008 555 60008==
43436 22/70 42702 10350 20219 30068 40071 57009 333 58004 60008 70000 555 60008==
43441 21470 72303 10296 20251 39961 40092 57006 70382 81000 333 58013 60038 70031 555 60038==
43444 21470 82704 10270 20224 39567 40095 58006 70382 87000 333 58007 60008 555 60008==
43450 21/65 62507 10308 20255 30094 40106 56002 70282 333 58007 69918 84/16 555 69918==
43466 22470 72303 10312 20238 30099 40107 5/002 85000 333 553// 20523 58012 60008 91005==
43467 22468 62504 10321 20255 30103 40109 52001 84000 333 58013 60008 555 60008==
43473 22266 82806 10180 20158 38125 48488 52001 88000 333 553// 20347 58006 60008 91011 555 60008==
43475 22/70 32402 10365 20195 30069 40073 57009 333 553// 20554 58004 60008 91006 555 60008==
43476 22470 52704 10272 20181 38772 48523 51004 83000 333 58010 60008 555 60008==
43479 22470 51502 10318 20195 39245 57005 84000 333 58007 60008 555 60008==
43486 21460 63203 10299 20236 30005 40104 57005 70582 86000 333 553// 20455 58015 60008 91006==
43495 22470 72505 10296 20260 30091 40104 5/020 84000 333 58110 60008 70009 555 60008==
43497 22470 72205 10307 20000 30074 40091 5/002 85000 333 553// 20488 58012 60008 91008==
44212 42584 70403 10193 20013 39008 40053 57004 87500==
44213 42/84 63304 10226 21053 38697 40025 57002 86010==
44214 42670 82710 10180 20013 38210 40038 58013 88500==
44215 42670 73105 10198 21038 38337 40033 57007 85548==
44217 32698 62304 10133 20010 37824 40102 58006 86800 333 91112 91208=
44218 42684 62102 10273 21064 38512 49986 57019 83540==
44219 32999 21205 10261 21066 38546 40015 57024 80008 333 91206=
44265 42984 11303 10256 21029 38772 40046 58015 80001==
44266 32999 62308 10214 21104 37761 40031 58017 85040 333 91112 91208=
48010 42560 41801 10305 20253 39913 40060 83830 333 59001==
48020 42460 30402 10325 20262 82330==
48025 42458 53201 10331 20258 39929 40064 59005 84340==
48031 41905 01801 10210 20195 74744 89///==
48048 41557 72201 10300 20253 30004 40060 70296 85950 333 58014==
48052 21456 70000 10320 20215 76322 85370 333 56990=
48062 42558 51402 10320 20253 30038 40039 83930 333 59010==
48064 42458 51401 10320 20248 39980 40036 83830 333 59004==
48071 41457 81803 10295 20266 30040 40048 70362 8697/ 333 58005==
48094 41457 81801 10290 20260 30040 40050 70366 8597/ 333 58009==
48109 41440 82302 10290 20274 30059 40063 70265 8697/ 333 59002==
50557 14/80 /3104 10234 20058 39773 40057 54000 60001 333 10234 20099 3/007 59007 70000 90761 91113==
51076 14/80 /0000 10189 20110 39252 40080 52005 60001 333 10259 20143 3/014 59017 70000 90761 91106==
51087 14/80 /1703 10279 21020 39101 40047 57017 60001 333 10287 20158 3/013 59031 70000 90761 91107==
51156 14/80 /2807 10195 20028 38631 40069 57002 60001 333 10212 20127 3/011 59017 70000 90761 91110==
51243 14/80 /1801 10277 20070 39544 40050 57012 60001 333 10279 20199 3/018 59025 70000 90761 91110==
51334 14/80 /3503 10265 20075 39683 40061 57004 60001 333 10267 20159 3/015 59020 70000 90761 91107==
51379 14/80 /2903 10267 20026 39168 40051 57015 60001 333 10302 20097 3/009 59022 70000 90761 91107==
51463 14/80 /3403 10251 20013 38935 40030 57022 60001 333 10266 20183 3/019 59024 70000 90761 91124==
51573 14/71 /1202 10336 20068 30015 40060 57025 60001 333 10336 20227 3/020 59051 70000 90761 91106==
51644 14/60 /2301 10256 20068 38903 40088 57008 60001 333 10257 20126 3/014 59036 70000 90761 91104==
51656 14/61 /2403 10254 20101 39093 40090 57013 60001 333 10259 20117 3/007 59035 70000 90761 91105==
51709 14/72 /1501 10261 20067 38589 40063 57010 60001 333 10262 20154 3/015 59031 70000 90761 91105==
51711 14/61 /1001 10200 20101 38004 40033 57013 60001 333 10201 20097 3/009 59022 70000 90761 91104==
51716 14059 02301 10272 20061 38864 40078 57010 60001 333 10282 20143 3/014 59033 70000 90761 91104==
51765 14/69 /0302 10280 20088 39150 40088 57015 60001 333 10282 20113 3/010 59042 70000 90761 91103==
51811 14/66 /2901 10261 20081 38744 40074 57011 60001 333 10275 20131 3/011 59030 70000 90761 91103==
51818 14/62 /0702 10262 20078 38602 40069 57012 60001 333 10276 20127 3/011 59030 70000 90761 91103==
51828 14/57 /1202 10265 20055 38600 40066 57010 60001 333 10266 20156 3/014 59028 70000 90761 91105==
51886 14/80 /2702 10176 21077 37163 40095 57015 60001 333 10176 20026 3/000 59022 70000 90761 91104==
52203 14/73 /3302 10281 20031 39262 40096 57012 60001 333 10282 20126 3/009 59037 70000 90761 91105==
52602 14/80 /0403 10186 21048 37319 40127 57013 60001 333 10187 20009 3/102 59005 90761 91106==
52681 14/80 /2801 10165 20117 38663 40176 57011 69981 333 10166 20117 3/013 58006 70119 90761 91104==
52818 14/80 /3201 10179 21013 37292 40101 57012 60001 333 10179 20053 3/002 58006 70000 90761 91105==
52908 14/75 /2904 10065 21046 35859 40121 57003 60001 333 10077 21018 3/103 58037 70014 90761 91108==
53463 14/80 /0301 10137 20129 38881 40173 57013 60031 72150 333 10215 20133 3/014 59017 70035 90761 91104==
54857 14/80 /3404 10285 20161 30044 40133 57011 60001 333 10288 20217 3/021 58049 70000 90761 91109==
55228 14/80 /2803 10169 20001 36067 49902 57007 60001 333 10210 20087 3/007 58010 70000 90761 91108==
55299 14/80 /3002 10119 20034 35920 40023 57008 60001 333 10135 20039 3/005 58027 70084 90761 91104==
55578 14/80 /2502 10198 20035 36413 49952 57012 60001 333 10209 20100 3/010 58021 70000 90761 91107==
55664 14/80 /1402 10164 20021 36057 49959 57013 60001 333 10182 20079 3/007 58017 70000 90761 91105==
55773 14/80 /1305 10123 20043 36074 40022 57005 60001 333 10128 20041 3/002 58018 70014 90761 91108==
56004 14/80 /3104 10091 21019 35912 40078 57006 60001 333 10157 21003 3/103 58048 70000 90761 91108==
56018 14/80 /2702 10159 20040 36241 49989 57009 60001 333 10159 20081 3/009 58017 70028 90761 91106==
56116 14/80 /0304 10181 20069 36385 49970 57013 60001 333 10186 20095 3/010 58016 70028 90761 91108==
56299 82816 81917 85361=
56312 14/80 /1703 10219 20081 37112 49998 57016 60001 333 10238 20144 3/014 58027 70000 90761 91107==
57494 14668 /0204 10339 20242 30062 40090 57018 60001 333 10379 20270 3/027 58037 70000 90761 91109==
58847 14/67 /0604 10312 20248 39984 40080 57005 69951 72100 333 10326 20284 3/027 58037 70005 90761 91109==
62306 42560 32610 10280 20229 40116 52009 83200 333 20249==
62309 42560 22302 10270 20221 40100 82200 333 20245==
62332 42560 22508 10281 20233 40096 52011 82100 333 20262==
62337 42560 32502 10294 20214 40093 52006 83500 333 20227==
62366 45560 43105 10267 20215 40096 52008 84500 333 20260==
62387 42960 03309 10264 20207 40108 52012 333 20225==
62393 42960 03508 10268 20180 40130 52010 333 20232==
62405 42960 00000 10309 20152 40092 52012 333 20263==
62414 42960 03007 10308 20139 40106 52011 333 20276==
62419 32960 00000 10324 20159 40096 52010 333 20269=
62420 42960 03503 10263 20198 40116 52008 333 20236==
62435 42960 00602 10301 20146 40100 52014 333 20231==
62440 32560 20000 10274 20218 40103 52010 82100 333 20234=
62455 42960 03204 10286 20216 40079 333 20255==
62458 42960 03106 10288 20183 40087 52007 333 20264==
62459 41956 03015 10295 20222 40071 52013 70700 333 20283==
62465 32960 03611 10316 20211 40076 52012 333 20273=
63210 32980 01808 10355 20220 40051 333 20308 59004=
