SIPK OPKC 110900=
41504 22997 00000 10280 20077 37784 48373 333 58003 60007 28%=
41505 22697 42702 10290 20081 38/// 48/// 82470 333 56990 58/// 60007 82840 83760 27%=
41516 22697 52304 10320 20139 38456 48412 83410 333 56990 58016 60007 83840 82460 33%=
41517 21696 60000 10240 20064 37748 48415 75025 83430 333 56990 58020 69907 83835 83460 32%=
41518 22697 43602 10339 20057 38/// 48/// 83230 333 56990 5//// 60007 83840 81362 17%= 
41519 22697 32702 10355 20124 38665 48422 83200 333 56900 58015 60007 83840 25%=
41520 22697 50902 10240 20051 37603 48176 82470 333 56990 58019 60007 82840 83762 29%=
41530 22697 20510 10350 20173 39616 40001 81301 333 56909 58015 60007 81840 35%=
41620 32696 22702 10330 20052 38512 48417 82500 333 56900 58015 60007 82640 18%=
41660 21995 02712 10300 21082 38382 48464 70600 333 58012 60007 08%=
41661 21995 03102 10315 20009 38340 48457 70544 333 58016 60007 14%=
41685 22697 41302 10315 20199 38828 48435 84200 333 56900 58001 60007 84840 50%=
41696 22997 01302 10280 20020 37980 48464 333 59013 60007 19%=
41697 22997 00000 10410 20226 40002 333 58017 60007 35%= 
41710 21996 01302 10350 21109 49990 70600 333 58006 60007 05%=
41712 21996 00502 10360 21034 39118 48481 70500 333 58014 60007 08%=
41715 21996 00000 10365 20270 40008 70500 333 58013 60007 58%=
41724 21996 00000 10385 20262 40023 70500 333 59014 60007 50%=
41725 22996 00504 10370 20252 40002 333 58009 60007 51%=
41726 22996 00000 10385 20262 39943 40010 333 58002 60007 50%=
41738 22996 00908 10410 20011 40007 333 58010 60007 08%=
41739 21996 03110 10330 20017 38991 48480 70500 333 58013 60007 14%=
41742 22997 02302 10360 20249 40012 333 59026 60007 53%=
41743 21996 05002 10375 20266 70500 333 60007 54%= 
41744 21996 00000 10340 20057 38704 48444 70600 333 59020 60007 18%=
41745 21996 01802 10370 20252 70500 333 60007 51%=
41746 22996 03604 10370 20260 40004 333 58012 60007 54%=
41747 22996 03108 10375 20258 49999 333 58013 60007 52%=
41748 22996 03106 10355 20266 40014 333 58016 60007 60%=
41749 22996 21304 10375 20266 40010 82500 333 56060 58006 60007 82635 54%=
41756 21996 02308 10325 20248 40018 70504 333 58002 60007 64%=
41757 21995 02312 10330 20246 30023 40035 70500 333 58013 60007 61%= 
41759 21996 02304 10340 20241 40027 70500 333 58014 60007 56%=
41760 21596 22012 10320 20250 40020 70500 82600 333 56900 58010 60007 82720 67%=
41764 22996 01808 10360 20249 39959 40006 333 58002 60007 53%=
41765 22996 02304 10365 20246 39981 40014 333 58015 60007 51%=
41766 22996 02306 10355 20256 49997 333 58004 60007 70000 60%=
41767 22996 0//// 10355 20266 333 60007 60%=
41768 22596 21802 10350 20268 30005 40012 82600 333 56400 58014 60007 82720 63%=
41780 21696 22308 10340 20249 39991 40017 70400 82500 333 56900 58007 60007 82625 59%=
41783 22996 32304 10340 20249 39977 40005 83030 333 56090 59003 60007 83360 50%=
41785 22597 22304 10325 20255 30008 40021 83600 333 56500 58002 60007 82730 67%= 
41786 22696 42704 10325 20240 40005 84500 333 56900 58012 60007 84630 61%=
41BAG 22697 42302 10250 20123 60002 84500 333 56900 60007 84640 45%=

41506 22697 31808 10325 20089 38431 48429 83600 333 56900 58014 60007 83830 23%=
41507 22997 01802 10340 20167 39151 49631 333 59008 60007 36%=
41508 22697 23102 10308 20156 38602 48481 82200 333 56900 58007 60007 82835 RH 39%=
41509 22697 32304 10340 20120 38670 48428 83500 333 56900 58018 60007 83640 RH 27%=
41510 22697 10902 10250 20091 37870 48433 81200 333 56900 58005 60007 81840. 36%=
41515 22697 22704 10310 20124 38477 48440 82200 333 56900 59002 60007 82850 32%=
41523 22997 02304 10320 20205 39004 48460 333 58007 60007 51%=
41524 22697 22302 10355 20147 39221 40016 82100 333 56900 58007 60007 82845 RH 29%=
41525 22697 30000 10215 20136 37655 48323 83200 333 56900 58001 60007 83840 61%=
41525 22697 30000 10215 20136 37655 48323 83200 333 56900 58001 60007 83840 61%=
41528 22997 00000 10355 20196 39139 48482 333 58006 60007 39%=
41529 22996 23602 10365 20194 39654 40007 82030 333 56090 58006 60007 82360 37%=
41534 22697 00000 10335 20235 39630 40018 333 58024 60007 56%=
41535 22997 02302 10290 20128 38656 48437 333 58044 60007 RH37%=
41536 22997 00000 10330 20173 38956 48463 333 58008 60007 39%=
41560 22997 01304 10290 20136 38248 48457 333 58009 60007 Rh39%=
41562 22997 01302 10360 20224 39576 40009 333 58009 60007 45%=
41565 22997 20000 10289 20249 38624 48500 82030 333 56090 59001 60007 82360 RH 79 %=
41567 21996 00000 10335 20235 39630 40021 70400 333 58014 60007 56%=
41571 22997 12310 10345 20143 39470 40012 81030 333 56090 58018 60007 RH30%=
41573 22997 01302 10240 20148 37958 48453 333 58015 60007 66%=
41574 22997 01302 10265 20177 38302 48468 333 58008 60007 59%=
41576 22697 10000 10345 20239 40035 81100 333 56900 58010 60007 81835 54%=
41577 21996 00000 10345 20192 39439 40014 70500 333 56000 58007 60007 RH 41%=
41577 21996 00000 10345 20192 39439 40014 70500 333 56000 58007 60007 RH 41%=
41593 21996 30902 10360 20264 39806 40003 70411 83030 333 56090 58012 60007 83360 58%=
41597 22997 30000 10335 20274 40028 83030 333 56090 58012 60007 83362 70%=
41598 22997 00000 10340 20249 39749 40004 333 58007 60007 59%=
41599 21996 00000 10345 20231 39752 40024 70400 333 58010 60007 52%=
41600 21996 03102 10345 20239 40013 70400 333 58001 60007 54%=
41624 22997 00502 10360 20249 40010 333 58019 60007 53%=
41625 21996 03604 10360 20232 39811 49998 70500 333 58021 60007 48% =
41630 21696 60504 10350 20253 40012 70420 83530 333 56990 58005 60007 83640 83360 57%=
41633 22997 00000 10370 20260 4//// 333 5//// 60007 54%=
41635 22997 02302 10380 20270 3//// 4//// 333 5//// 60007 52% =
41636 21696 33602 10370 20260 39849 40021 70400 83500 333 56900 58016 60007 83640 54%=
41638 21996 00000 10365 20246 4//// 70400 333 5//// 60007 51%=
41639 22997 01302 10350 20253 4//// 333 5//// 60007 57%=
41640 21696 40502 10350 20261 39774 40008 70410 84500 333 56900 59003 60007 84640 60%=
41641 21696 30608 10350 20237 39754 40011 70411 83500 333 56900 58000 60007 83640 52%=
41642 22997 00000 10350 20268 4//// 333 5//// 60007 RH.63%=
41643 21996 20000 10340 20249 3975 40010 70400 82030 333 56090 58002 60007 82360 59%=
41644 22997 00000 10340 20257 4//// 333 5//// 60007 62%=
41646 21696 20506 10360 20249 40020 70400 82500 333 56900 58002 60007 82640 53%=
41652 21996 01304 10365 20255 39850 40017 70400 333 58017 60007 53% =
41669 22997 02702 10390 20252 3//// 4//// 333 5//// 60007 46%=
41670 21996 00000 10365 20255 4//// 70400 333 5//// 60007 53%=
41674 21696 61810 10305 20249 3//// 4//// 75061 83570 333 56990 5//// 60027 83640 84460 72% =
41675 21695 43106 10375 20242 39872 40006 70500 84400 333 56900 58015 60007 84840 47%=
41676 21996 03104 10365 20285 39887 40035 70400 333 59002 60007 64%=
41677 21996 20000 10370 20244 39944 40001 70500 82030 333 56090 58016 60007 82362 49%=
41677 21996 20000 10370 20244 39944 40001 70500 82030 333 56090 58016 60007 82362 49%=
41678 21996 00000 10370 20244 40007 70500 333 58010 60007 49%=
41680 21696 30000 10355 20266 40006 70410 83400 333 56900 58009 60007 83840 60%=
41700 21696 20000 10385 20246 49993 70500 82500 333 56900 58013 60007 82640 45%=
41701 21696 40504 10385 20262 40017 70400 84400 333 56900 58026 60007 84640 50%=
41716 21996 02704 10380 20240 40012 70500 333 58012 60007 45%=
41718 21996 00000 10380 20272 49996 70400 333 58008 60007 54%=
41BKI 22996 36004 10360 20215 39613 40002 333 58014 60007 RH 43%=
41SKP 22997 03602 10345 20255 4//// 333 5//// 60007 60%=
43532 22997 00000 10365 20172 39219 49958 333 59003 60007 32%=
43533 22997 03104 10355 20214 39126 48455 333 58006 60007 44%=
43563 22997 00502 10333 20233 40017 333 58019 60007 57%=

Data Generated from File : D:\all data handling\Rmc_lhr\2024091109.FSU.txt
11/09/24 10:04:14
______________________________________________________________
15007 25570 73503 10188 20137 39638 40088 54001 7000/ 84870 333 55308 0//// 21483 3//// 60007 91006 91106=
15020 24569 82803 10213 20136 39895 40084 50001 8227/ 333 55303 21208 60007 91004 90730 91106==
15023 25570 83203 10194 20135 39662 40069 50002 7000/ 8587/ 333 55301 0//// 21156 3//// 60007 91005 91106=
15056 25570 83502 10205 20132 39745 40080 50004 7000/ 8457/ 333 55301 0//// 21029 3//// 60007 91003 91105=
15069 25570 80604 10148 20122 39044 42733 52003 7000/ 8457/ 333 55300 0//// 20760 3//// 60007 91006 91108=
15073 25598 83402 10188 20134 39641 40089 51005 7000/ 8587/ 333 55300 0//// 20554 3//// 60007 91004 91105=
15090 24570 72301 10219 20155 39997 40085 50005 85870 333 55309 00950 21619 31126 60007 91003 90730 91104==
15107 21560 80901 10150 20137 39305 42739 52003 78082 8437/ 333 55300 0//// 20518 3//// 69917 91002 91102 95050=
15108 21/00 91105 10092 20092 38055 48450 52004 74564 89/// 333 55300 20340 69947 91006 90730 91108==
15109 25598 83503 10184 20129 39668 40086 51006 7000/ 8487/ 333 55300 0//// 20586 3//// 60007 91004 91105=
15111 25569 83502 10202 20137 39824 40076 50004 7000/ 8587/ 333 55300 0//// 20809 3//// 60007 91004 91105=
15113 25569 80101 10210 20147 39924 40080 50005 7000/ 8457/ 333 55300 0//// 20648 3//// 60007 91002 91103=
15127 21063 83101 10143 20133 39233 42736 52003 78082 8637/ 333 55300 0//// 20477 3//// 69967 91001 91102 95070=
15148 21450 80403 10114 20111 38656 48436 52005 76162 8657/ 333 55300 0//// 20319 3//// 60027 91004 91104=
15150 27570 83502 10201 20144 39882 40086 50005 723// 8687/ 333 55300 20508 69907 91004 90730 91106==
15154 21570 72802 10212 20168 39941 40077 50004 70362 83870 333 55303 0//// 21146 3//// 69917 91003 91103=
15168 27/58 /2300 10155 20143 39476 42729 52003 7616/ 333 55300 0//// 20319 3//// 69987=
15170 21566 83201 10150 20137 39324 42730 52003 78082 8637/ 333 55300 20415 69987 91002 90730 91102==
15194 21569 82701 10183 20152 39801 40085 52002 78082 8437/ 333 55300 0//// 20394 3//// 69957 91002 91102=
15197 25570 70402 10225 20182 39878 40078 50003 7000/ 85870 333 55304 0//// 21300 3//// 60007 91004 91104=
15215 21597 83000 10156 20141 39493 42730 52002 72582 8437/ 333 55300 0//// 20420 3//// 69947 91001 91102=
15217 21597 80406 10170 20129 39424 42729 50002 72582 8537/ 333 55300 0//// 20589 3//// 69907 91008 91108=
15219 25/69 /3304 10204 20143 39956 40075 50003 7000/ 333 55300 0//// 20580 3//// 60007=
15238 21597 82101 10159 20144 39474 42728 50001 78082 8537/ 333 55300 0//// 20395 3//// 69957 91002 91103=
15261 21557 81800 10157 20141 39285 42741 54001 71082 8437/ 333 55300 0//// 20376 3//// 69907 91001 91101 95090=
15262 21/90 90906 10089 20086 38161 48439 54001 76164 333 55300 0//// 20209 3//// 60047 91010 91112 96045=
15265 25570 83602 10220 20174 30002 40073 50003 7000/ 8487/ 333 55300 0//// 20481 3//// 60007 91003 91106=
15280 21/00 91106 10060 20060 37470 47037 52004 78084 89/// 333 55300 20497 60087 91008 90730 91111==
15300 21496 83503 10150 20144 39462 42727 51003 78082 883// 333 55300 0//// 20311 3//// 60027 91004 91104=
15301 21/02 93601 10109 20107 38567 48451 52004 76186 333 55300 0//// 20276 3//// 60037 91002 91105 96047=
15302 21/93 93301 10123 20122 38858 48436 52003 78084 333 55300 0//// 20247 3//// 60027 91002 91102 96043=
15307 27/69 /0202 10186 20169 39892 40071 51005 7616/ 333 55300 0//// 20318 3//// 60067=
15310 27561 80801 10223 20195 39989 40071 51005 7616/ 8557/ 333 55300 00220 20530 30498 69927 91003 90730 91104==
15324 21563 81001 10145 20142 39290 42719 50002 78088 8637/ 333 55300 0//// 20195 3//// 60067 91003 91104=
15325 21395 80300 10111 20109 38422 48434 52004 78088 883// 333 55300 0//// 20194 3//// 60107 91001 91103=
15328 21570 83301 10178 20171 39734 40072 50005 72162 8552/ 333 55300 0//// 20506 3//// 60037 91003 91103=
15335 27565 71303 10220 20199 30069 40076 50009 7818/ 85960 333 55300 20332 69927 91004 90730 91104==
15336 25/67 /1602 10220 20193 30071 40073 50011 7000/ 333 55300 0//// 20434 3//// 69927=
15349 21540 80402 10158 20152 39534 40069 52006 78182 883// 333 55300 0//// 20166 3//// 60037 91005 91106=
15350 21557 80104 10180 20177 39957 40073 51004 78188 883// 333 55300 20079 60187 91007 90730 91108==
15360 21570 71805 10241 20224 30060 40076 52015 71722 82970 333 55304 21373 60007 91005 90730 91105==
15375 21470 80604 10186 20167 39715 40060 50003 72162 8672/ 333 55300 0//// 20624 3//// 60027 91006 91107=
15377 21597 80202 10186 20178 39853 40061 51005 78082 883// 333 55300 0//// 20325 3//// 60017 91004 91104=
15387 25570 62505 10231 20181 30075 40078 51015 7000/ 86200 333 55300 0//// 20727 3//// 60007 91007 91109=
15402 21561 80405 10196 20186 39988 40060 52002 70282 8397/ 333 55300 0//// 20463 3//// 69947 91008 91109=
15405 25570 60804 10224 20209 30005 40065 52002 7000/ 84360 333 55300 0//// 21077 3//// 60047 91006 91107=
15406 27570 40907 10236 20191 30010 40055 57006 7238/ 84900 333 55305 0//// 21426 3//// 60037 91010 91111=
15408 27970 60908 10199 20176 39805 40060 58007 72582 80006 333 55300 0//// 20706 3//// 60077 91011 91112=
15409 21568 70704 10186 20178 30021 40067 50000 78092 87900 333 55300 0//// 20100 3//// 60077 91007 91107=
15419 21597 80603 10185 20181 39876 40063 51003 78182 883// 333 55300 0//// 20136 3//// 60047 91006 91108=
15420 21560 80602 10205 20196 39949 40056 52006 72582 8437/ 333 55300 20317 60017 91006 90730 91106==
15421 21565 80703 10206 20193 39960 40066 51005 72582 8536/ 333 55300 00135 20424 30398 69917 91005 91106=
15422 21557 82102 10202 20187 39957 40054 51005 72582 8537/ 333 55300 0//// 20364 3//// 69957 91003 91104=
15425 25570 70805 10222 20196 39996 40057 54000 7000/ 83370 333 55301 0//// 20820 3//// 60097 91007 91108=
15434 21565 83201 10181 20174 39858 40060 52006 72582 8437/ 333 55300 0//// 20351 3//// 60067 91002 91103=
15444 25/70 /1003 10227 20199 39988 40057 50000 7000/ 333 55304 0//// 21340 3//// 69967=
15455 21597 81601 10187 20183 39934 40060 52007 72582 8537/ 333 55300 0//// 20361 3//// 60067 91003 91103=
15460 24570 61203 10240 20193 30029 40053 50002 82370 333 55305 21621 69907 91006 90730 91106==
15462 25570 60907 10220 20184 39976 40059 50001 7000/ 86900 333 55308 0//// 21842 3//// 69997 91010 91110=
15470 24570 81802 10197 20180 39936 40057 52007 8337/ 333 55303 20872 60027 91003 90730 91104==
15475 22597 72602 10208 20191 30037 40056 51008 84370 333 55300 0//// 20386 3//// 60007 91003 91103=
15479 25570 70906 10219 20183 39872 40056 50003 7000/ 87900 333 55308 0//// 22029 3//// 60007 91009 91109=
15480 24570 61701 10215 20183 30046 40063 58005 83360 333 55307 01070 21813 31637 60047 91004 90730 91104==
15489 25570 82102 10192 20173 39971 40061 52009 7000/ 8537/ 333 55300 0//// 20417 3//// 60007 91005 91105=
15491 21597 82402 10196 20176 30031 40060 52008 76162 8672/ 333 55300 0//// 20356 3//// 69927 91002 91103=
15499 21570 80405 10216 20197 30051 40059 51003 71722 889// 333 55302 0//// 20714 3//// 69927 91006 91107 92438=
15549 41418 72501 10177 20172 39652 40048 53007 78082 87300 333 10186 20174 555 59706 66399=
15552 42570 80702 10248 20212 39998 40043 53006 84275 333 10249 20209 555 580// 92023 92428=
15640 41540 80000 10189 20179 39754 40051 52004 75155 886// 333 10201 20187 555 59401 69999=
15655 41565 82502 10224 20196 30017 40048 52007 78082 8635/ 333 10226 20207 555 58400 64425 92022 92427=
15730 41660 80000 10200 20183 39678 40053 52013 72162 8657/ 333 10200 20175 555 59000 61726 70903=
16627 42460 50000 10254 20199 30046 40051 51008 83730 333 81710 83820 90730 91105==
16650 42460 51809 10252 20203 30049 40056 52013 83601 333 81710 83620 90730 91117==
16667 42560 51512 10242 20164 30062 40073 52012 85800 333 82820 84625 90730 91118==
16706 42460 31608 10254 20215 30058 40065 52016 83600==
16723 42460 51608 10284 20235 30060 40074 52013 84850 333 81818 84620 90730 91113==
16732 46/// /3307 10291 20212 30063 40073 52013 333 90730 91108==
16742 42460 31908 10294 20221 39931 40076 52015 82250 333 90730 91117==
16749 42460 52904 10282 20233 30065 40078 52009 85600 333 81710 84620 90730 91113==
16754 42560 33408 10296 20213 30035 40080 52009 83100 333 90730 91113==
16760 42460 41908 10282 20172 40079 52008 84800 333 82818 83625 90730 91114==
16765 42460 12211 10292 20220 40084 52014 81100 333 90730 91115==
17022 42670 53204 10282 20192 39906 40061 50004 81101 333 81835 85070 90730 91105==
17024 42670 43004 10269 20249 39979 40052 51008 82130 333 82835 84360 90730 91106==
17026 42470 31406 10312 20242 30025 40061 52006 83600 333 83715 90730 91113==
17031 42970 00804 10308 20186 30043 40049 58007 333 90730 91107==
17034 42970 03402 10272 20213 30023 40066 50001 333 90730 91106==
17038 42970 00606 10274 20227 30012 40057 58001 333 90730 91109==
17042 42970 02902 10279 20233 30024 40061 58005 333 90730 91107==
17050 41670 62501 10230 20192 30004 40063 50006 70292 83270 333 83835 86358 90730 91104==
17056 41670 51409 10248 20192 30048 40052 52002 70282 83230 333 83835 85360 90730 91112==
17060 42660 52410 10259 20175 30027 40065 50011 82150 333 82835 85360 90730 91117==
17070 42965 12603 10288 20108 39231 40041 58006 80001 333 81070 90730 91105==
17074 42570 60000 10270 20166 39175 40055 58003 83240 333 83830 86360 90730 91103==
17084 42/70 32004 10273 20128 39211 40058 58004 83030 333 83360 90730 91107==
17085 42970 00302 10327 20115 39594 40045 58011 333 90730 91106==
17092 42970 01206 10300 20083 38822 48478 58007 333 90730 91109==
17096 42660 30810 10246 20119 38240 48490 57008 83100 333 83840 90730 91121==
17098 41960 00105 10226 20143 38212 48505 57010 70241 333 90730 91108==
17100 42970 00000 10291 20140 39150 40083 57017 333 90730 91105==
17112 41570 32308 10244 20207 30050 40052 50008 70198 83200 333 83830 90730 91118==
17115 42660 51909 10264 20160 30016 40064 50006 83250 333 83835 85360 90730 91116==
17116 41665 63101 10276 20156 39945 40059 50003 70282 84250 333 84835 86360 90730 91106==
17124 42660 62406 10256 20104 39207 40065 55002 83150 333 83840 85360 90730 91113==
17128 42670 32110 10277 20111 39029 40057 50000 81101 333 81840 83068 90730 91115==
17135 42670 22107 10282 20107 39236 40054 58002 82100 333 82840 90730 91112==
17140 42665 62603 10251 20061 38676 48474 51005 83130 333 83840 84360 90730 91111==
17150 42660 71710 10243 20171 39950 40067 52010 83250 333 83835 86360 90730 91118==
17160 42/70 21904 10267 20066 38978 48481 50000 82030 333 82360 90730 91109==
17170 42660 22808 10243 20157 38341 48503 56001 82100 333 82840 90730 91116==
17175 42665 51706 10262 20184 30056 40060 51012 83250 333 83840 85360 90730 91111==
17184 41565 71602 10181 20177 39981 40088 52017 78022 85270 333 85830 87358 90730 91108==
17190 42670 52404 10247 20112 38942 48472 58002 85200 333 85835 90730 91111==
17190 42670 52404 10247 20112 38942 48472 58002 85200 333 85835 90730 91111==
17195 42670 32705 10268 20084 38932 48483 58004 81130 333 81840 83360 90730 91111==
17200 42960 01304 10307 20065 39140 40056 58005 333 90730 91109==
17202 42670 11007 10325 20049 39086 40048 57006 81100 333 81835 90730 91112==
17203 42670 10903 10324 20065 38848 48529 58005 81100 333 81840 90730 91108==
17210 42670 23499 00234 10347 20091 39099 40033 50001 82100 333 82840==
17219 41358 61507 10223 20223 39946 40084 52015 78098 86200 333 82707 85830 90730 91114==
17234 41670 70201 10292 20184 30009 40073 58001 70282 84270 333 84835 87358 90730 91110==
17237 42670 70701 10260 20131 39603 40077 50010 83270 333 83840 87360 90730 91106==
17240 42570 41611 10250 20157 38995 40071 58003 84200 333 84830 90730 91121==
17244 42670 20904 10263 20064 38959 48487 50001 82100 333 82840 90730 91110==
17248 42970 02301 10273 20042 38945 48484 50002 333 90730 91106==
17250 42970 02307 10265 20008 38780 48493 51005 333 90730 91112==
17260 42660 12106 10311 20045 39281 40039 50001 81200 333 81840 90730 91109==
17270 42970 01002 10327 20133 39468 40064 50001==
17275 42670 21905 10338 20086 38960 48519 50004 82100 333 82840 90730 91110==
17280 42/70 21007 10344 20088 39324 40045 58003 82030 333 82360 90730 91116==
17290 42/70 31607 10290 20211 30052 40082 52006 83030 333 83360 90730 91110==
17292 41670 71602 10199 20198 39366 40088 52013 72592 84270 333 84835 87360 90730 91105==
17300 42560 41512 10287 20212 30036 40103 50003 84200 333 84825 90730 91118==
17310 42970 02204 10311 20220 30090 40097 52008 333 90730 91106==
17330 42670 22304 10314 20195 30084 40101 50004 82100 333 82840 90730 91109==
17350 42570 42305 10318 20177 30011 40085 54000 84200 333 84830==
17370 42670 32605 10305 20216 30100 40104 52007 83200 333 83835 90730 91111==
17375 42670 32107 10280 20211 30083 40085 50000 83200 333 83835 90730 91113==
33088 42/60 82802 10212 20126 39902 40082 54000 82087==
33135 42970 41202 10235 20158 39962 40100 58004 80002==
33177 41540 83401 10172 20157 39867 40093 52002 78088 889//==
33317 42570 72601 10200 20127 39765 40083 52002 85575==
33393 41360 83501 10166 20153 39718 40091 52001 76186 8672/ 333 86708==
33415 41660 80502 10188 20128 39709 40085 52003 70282 8595/==
33429 41560 83401 10194 20134 39683 40082 52005 70282 8455/ 333 84633==
33466 42570 81802 10253 20136 39916 40090 58002 82339 333 30///==
33506 42/60 60802 10245 20173 39915 40097 58005 84031==
33562 42660 61502 10257 20146 39798 40080 58004 82131==
33587 42/70 81502 10267 20133 39837 40080 58004 83051==
33658 42475 62903 10185 20150 39801 40085 52002 86500 333 86616==
33663 42570 61501 10255 20140 39984 40073 58004 83930==
33664 42598 72501 10230 20138 39774 40069 54000 84230=
33678 42698 71102 10224 20122 39896 40091 52003 82231=
33679 42597 71402 10254 20143 39906 40083 53004 83531=
33711 42760 61004 10282 20148 39888 40080 58005 82131==
33745 42597 71403 10240 20137 39907 40085 52001 85930=
33748 42597 72402 10229 20169 39804 40069 54000 86330=
33754 42698 71402 10253 20156 39939 40075 51004 82130=
33761 42670 71704 10249 20144 39873 40080 52001 82133==
33791 42681 31202 10282 20193 39972 40089 58003 82130==
33815 42598 70802 10228 20164 39879 40073 52004 86830=
33837 42581 70702 10226 20194 30032 40080 52004 85260 333 85627==
33881 42598 61103 10238 20169 39892 40075 58007 86300=
33883 42598 71104 10251 20166 39916 40070 57001 87300=
33885 42598 71204 10245 20170 39955 40081 52007 84340=
33892 42598 71002 10231 20182 39876 40073 52003 82350=
33902 42/60 70803 10268 20178 30031 40086 50000 84051==
33924 42570 60702 10256 20192 30065 40077 52001 82970==
33946 42/84 70607 10309 20154 39861 40062 57004 83039 333 91010 90730 91110==
33983 42/60 20505 10292 20160 30028 40083 52001 82030==
34300 42660 61204 10248 20131 39949 40114 58005 82530==
34336 42/70 31303 10283 20052 30047 40143 57009 82081==
34344 42970 31404 10280 20070 30060 40141 57010 80001 333 91010 90730 91110==
34356 42/60 61104 10281 20036 30028 40163 58006 86070 333 90730 91111==
34357 42570 61207 10274 20044 30009 40152 57007 81530 333 91012 90730 91112==
34398 41670 61506 10287 20065 30203 40212 54000 70732 82241==
34415 42570 61101 10253 20158 30017 40106 58006 82201==
34438 42/60 81205 10257 20148 39954 40131 58004 83042 333 90730 91111==
34445 42/70 31008 10277 20055 30038 40143 57008 82071 333 91012 90730 91112==
34461 42560 41204 10283 20041 30114 40165 56007 82530==
34473 42597 51209 10279 20038 30152 40188 58007 82162 333 91016 91117=
34476 42/70 61107 10294 20008 30177 40184 58006 83034 333 91012 90730 91113==
34504 42/75 61102 10244 20177 39936 40098 57001 86030==
34535 42/70 61006 10272 20151 30057 40123 57003 82082 333 90730 91110==
34545 42970 51107 10274 20077 30030 40133 57005 80001 333 91012 90730 91113==
34555 42570 31005 10260 20100 30067 40151 57008 81530==
34560 42/60 51108 10273 20079 39984 40160 57006 85030 333 90730 91111==
34578 42/60 21304 10291 20061 30160 40166 57008 82080==
34579 42970 20806 10302 20014 30131 40171 57009 80001 333 91010 90730 91110==
34644 42/60 21004 10264 20137 30051 40122 57002 82030==
34646 42/70 71104 10255 20133 30051 40126 57006 86071==
34655 42560 60908 10304 20023 30079 40134 57009 86400 333 91011 90730 91114==
34662 41970 20905 10298 20053 30143 40153 58008 70710 80001 333 90730 91111==
34691 42670 31602 10294 20013 30201 40190 58008 82202==
34720 42770 50702 10257 20180 30065 40102 54000 83589==
34727 42960 00304 10244 20189 30066 40094 50000==
34743 42/60 20904 10290 20086 30039 40121 57010 82030 333 91010 90730 91111==
34759 42960 30807 10290 20092 30001 40121 58010 80001 333 91013 90730 91113==
34772 41970 20907 10305 20020 30153 40156 58007 70700 80001 333 91012 90730 91113==
34785 41/70 11109 10300 20028 30187 40166 57007 70700 81080 333 91013 90730 91116==
34798 42984 20907 10289 20060 30199 40172 58005 80001==
34824 42960 03501 10300 20190 30082 40087 57002==
34838 42960 01003 10308 20156 30000 40088 57003==
34845 42970 61104 10278 20160 30003 40101 58005 80009==
34858 42/60 61004 10283 20111 30013 40112 57007 86035 333 91011 90730 91111==
34861 42670 61309 10289 20044 39898 40120 57006 82231 333 91014 90730 91114==
34866 42/70 61008 10300 20048 30139 40131 58007 80032 333 91012 90730 91112==
34880 42/60 20904 10288 20087 30182 40158 57002 82030 333 90730 91111==
34887 41/70 20605 10283 20066 30167 40149 58001 70700 81082 333 91010 90730 91112==
34949 42/70 50705 10287 20159 39585 40082 57003 82031==
34954 42970 50803 10294 20150 39937 40095 58010 80001==
34958 42570 31003 10285 20164 39918 40100 57008 80300==
34975 42/70 51205 10293 20094 30128 40124 58005 85081 333 91011 90730 91111==
34984 42/70 60708 10269 20079 30170 40142 54000 80082 333 91011 90730 91112==
35217 42/60 61105 10282 20040 30205 40242 58001 84081==
35302 42970 51307 10287 20065 30214 40233 58001 80003==
35315 42598 71004 10283 20048 30188 40240 58002 87500=
35344 42699 40705 10234 20048 39992 40260 58011 83101=
35358 42660 50205 10241 20111 30090 40248 58005 85200==
35368 42599 50503 10229 20106 39996 40244 58007 85200=
35386 41598 60105 10194 20098 39751 40237 52001 72522 86900=
35394 42670 50106 10184 20116 39603 40237 54000 83531==
35404 41598 71508 10284 20071 30209 40216 58003 70732 84504=
35406 41/60 71405 10274 20066 30223 40225 58003 70232 87030==
35416 42670 62206 10283 20068 30130 40241 56005 86200==
35426 42684 60404 10256 20127 39979 40247 58008 83101==
35437 42698 70811 10244 20068 39955 40245 58007 82134 333 91015 91115=
35449 42698 10406 10238 20099 30143 40238 58013 81100=
35497 42670 50202 10214 20058 39468 40206 58007 85500==
35498 42698 60902 10217 20032 39397 40208 57005 86500=
35514 42598 51407 10285 20040 30217 40213 58005 85200=
35522 42698 60507 10255 20077 30008 40240 58004 83101=
35542 42999 20507 10238 20065 30100 40236 57013 80001=
35563 42598 60502 10205 20074 39509 40224 58005 83230=
35576 42670 60404 10251 20055 39799 40210 58008 86200==
35582 42698 51804 10247 20053 39649 40198 58011 85100=
35594 42699 20903 10229 20037 39427 40197 57004 82100=
35605 42998 61008 10274 20030 30223 40203 58002 82084=
35633 42698 20607 10248 20074 30028 40224 57013 82100=
35671 42570 60803 10262 20077 39814 40205 52007 86900==
35699 42660 60504 10214 20034 39510 40209 57004 86200==
35700 41/40 61308 10286 20015 30220 40198 58004 73232 83075==
35715 41998 61310 10285 20048 30225 40212 58002 70733 86040=
35739 41999 50705 10256 20075 30082 40210 58010 70232 80001=
35746 42670 60804 10274 20065 30145 40206 57011 82101==
35777 42997 03605 10251 20067 39883 40198 57007=
35796 42660 31703 10199 20137 39807 40211 57002 83100==
35849 42670 40602 10282 20093 30119 40197 58012 84100==
35895 42598 30204 10200 20087 39804 40217 58005 83300=
35907 42998 21010 10267 20100 30177 40149 58005 80002=
35925 42670 80906 10276 20034 30096 40198 58003 884//==
35927 42598 70908 10277 20026 30185 58006 87500=
35953 42/84 50106 10294 20047 30071 40188 57014 85030==
35969 42984 01103 10299 20037 30035 40192 58012==
35997 42698 20203 10236 20097 39801 40200 58008 82200=
36259 42584 62604 10161 21013 38239 48494 57019 82902==
36335 42599 73505 10168 20060 39280 40239 58001 87300=
36358 42599 73602 10163 20076 39277 40230 58004 87300=
36394 42697 53609 10208 20055 39813 40204 57007 86530=
36397 42684 73606 10214 20056 39674 40194 57010 85270==
36403 42698 62502 10232 20072 39846 40175 57019 83308=
36418 42699 72305 10238 20051 39596 40155 57011 84333=
36421 42699 73102 10205 20110 39646 40164 57016 83501=
36428 42784 71904 10213 20088 39708 40167 57016 82249==
36439 42698 72705 10173 20053 38977 48533 57012 83331=
36498 42598 73609 10199 20054 39476 40208 57001 87300=
36501 41699 70000 10131 20118 39515 40220 57004 72582 87300=
36535 42584 63103 10212 20033 39593 40173 57012 84330==
36546 42699 50302 10221 20059 39671 40164 57015 82343=
36619 42599 63202 10232 20093 83950=
36622 42598 73204 10200 20051 39447 40189 57009 85341=
36639 42584 60000 10246 20064 39604 40154 57013 85301==
36643 42599 63005 10216 20061 39562 40168 57010 86900=
36665 42999 52703 10211 20039 39496 40162 57010 80001=
36666 42599 73604 10206 20113 39718 40170 57011 83981=
36729 42998 82002 10233 20077 39734 40174 57010 8807/=
36736 42599 72501 10230 20081 39662 40168 57016 86966=
36744 42698 30703 10242 20049 39780 40191 57010 83100=
36770 42599 63201 10205 20088 39516 40187 57011 86900=
36786 42699 82701 10174 20076 39334 40192 57004 889//=
36796 41598 60000 10140 20085 39060 48546 57007 72522 86900=
36803 42599 60303 10234 20105 39776 40186 58008 86901=
36806 42999 63604 10223 20011 39748 40179 57011 80002=
36819 42998 33604 10224 20041 39620 40184 58013 80001=
36821 42584 50402 10220 20078 39744 40196 57008 83902==
36839 42699 60503 10193 20074 39135 40185 58017 86200=
36843 42698 61002 10192 20058 39085 40177 57007 83932=
36846 42699 62204 10155 20032 38647 48546 58005 86900=
36859 42584 20000 10230 20067 39445 40163 57019 82900==
36870 42660 30901 10222 20121 39228 40160 57008 82101==
36874 42699 23601 10224 20013 39460 40179 57008 82200=
36877 42699 30902 10214 20052 39277 40181 58008 82201=
36885 42999 13204 10200 20037 39128 40179 58007 80001=
36889 42499 63602 10031 20000 37114 47138 52004 84630=
36894 42699 33202 10223 20050 39496 40179 57011 82102=
36905 42699 73202 10161 20074 38776 48546 58006 83232=
36911 42699 12502 10253 20109 39253 40146 57001 81100=
36927 42699 30906 10171 20045 38362 48515 58021 83900=
36934 41599 31603 10149 20044 38290 48405 58008 702// 82230=
36953 42699 70000 10134 20052 38236 48508 57007 84943=
36963 42798 63203 10062 21046 37077 48/// 57003 84550=
36974 42798 52702 10173 20017 38001 48523 53003 82501=
36982 42599 33305 10024 21059 36575 47135 58008 83300=
37018 42970 02201 10373 20155 39994 40062 57005==
37031 42960 61401 10308 20176 39901 40077 57008 80001==
37054 42/70 30603 10278 20176 39739 40091 57006 80031==
37061 42960 21105 10293 20176 39948 40102 58009 80009==
37085 42970 60808 10288 20137 30143 40118 57004 80001 333 91012 90730 91112==
37171 42970 03103 10310 20195 30041 40058 58003==
37228 42/84 20102 10293 20157 39304 40061 57008 81039==
37235 42970 00704 10279 20195 39800 40089 57008==
37472 41940 21103 10265 20221 30130 40109 58005 71000 80001==
38149 42970 71004 10300 20041 30113 40184 58004 80002==
38178 42970 00405 10300 20058 39906 40169 58013==
38262 42/70 60503 10297 20071 30106 40181 58007 86032==
38264 42970 60303 10308 21027 30082 40167 57008 80003==
38345 42799 22602 10229 20015 38821 48537 57004 82200=
38353 42698 23501 10240 20023 39325 40162 57005 82100=
38392 42997 60907 10308 20011 30070 40165 58008 82032=
38396 42960 61003 10295 20023 30048 40163 58012 80001==
38403 42960 60505 10311 20090 30056 40166 58010 80001==
38413 42970 00505 10293 20011 39874 40141 57013==
38457 42960 02401 10282 20029 39593 40135 57009==
38462 42984 02305 10247 21054 38758 48514 57018==
38462 42984 02305 10247 21054 38758 48514 57018==
38507 42998 31604 10316 21022 30019 40113 54000 82031=
38545 42998 70604 10300 20038 39986 40148 57012 80003=
38565 12970 00306 10280 20090 39569 40141 58012 60002==
38579 12984 00502 10280 20067 39746 40132 57012 60002==
38583 12960 01801 10298 20073 39843 40139 58015 60002==
38599 42998 00806 10277 20020 39657 40133 57017=
38611 42960 01702 10274 20060 39610 40128 57019==
38613 42999 02501 10271 20000 40128 57014=
38616 42999 01801 10251 20040 39196 40149 58005=
38618 42960 03101 10273 20064 39490 40127 57017==
38647 42998 00908 10334 20009 30060 40099 57011=
38656 42998 01106 10314 21030 30034 40135 58012=
38683 42960 20205 10312 21005 39871 40124 58016 80001==
38687 42997 70903 10301 20002 39913 40129 58010 80001=
38696 12984 00703 10277 20053 39320 40110 57012 60002==
38713 42999 00503 10254 20032 39038 48540 58006=
38750 42997 01802 10319 20237 30138 40112 54000=
38763 42998 00906 10322 20002 30008 40104 57011=
38774 42998 00806 10322 20019 39955 40133 58011=
38799 42997 20702 10304 20043 39913 40127 57016 80002=
38806 42997 01802 10309 20081 39875 40114 58003=
38812 42960 03103 10301 20027 39709 40126 52001==
38836 42999 02502 10288 20081 39185 40043 57022=
38880 42997 01005 10315 21015 39878 40112 57015=
38886 42997 01502 10315 20041 39923 40132 57013=
38895 42996 00301 10302 20068 39867 40134 58015=
38911 42998 00000 10296 20122 39855 40126 58010=
38915 42997 01202 10317 20040 39824 40120 58014=
38927 12960 00902 10312 21014 39760 40105 57022 60002==
38933 42999 00901 10306 20169 39654 40124 57009=
38944 42997 01801 10287 20025 39555 40047 57019=
38954 42999 00000 10242 20019 37929 48490 58018=
38974 42998 01401 10301 20006 39815 40124 57009=
38987 42996 00303 10275 21025 39421 40111 58016=
40030 42970 00000 10320 20102 40113 50000=
40080 42965 02204 10324 20015 39941 40/// 57010=
40100 43970 02607 10289 20218 30110 40125 51011 333 58///=
40180 02960 03303 10332 20143 30053 40099 57002 333 70000==
40199 02/// /1602 10379 20170 30065 40088 57011 333 70000==
40255 46/// /2705 10298 29023 3//// 4//// 5////=
40265 41956 00000 10310 21008 39355 40105 52001 70500=
40270 41956 02409 10304 21012 39248 40095 52001 70500=
40272 41950 02810 10314 20084 39312 40097 54000 70500=
40296 46/// /3604 10353 29042 4//// 5////=
40310 42960 00000 10294 20221 48515 54000=
40340 42960 03004 10368 20125 30034 40095 57015=
40356 42960 02004 10341 20030 39162 48517 333 58018 555 04410 50071=
40357 42960 03603 10373 20050 39465 40053 333 58016=
40360 42960 02804 10335 20060 39530 40085 333 58018=
40361 42960 03003 10373 20070 39348 40081 333 58014=
40362 42960 03409 10424 20020 39570 40043 333 58009=
40373 42960 00607 10445 20000 39647 40028 333 59003=
40375 42960 00707 10337 20080 39249 40069 333 58007=
40394 42960 00608 10392 20080 39003 48517 333 58007 555 04410 50048=
40394 42960 00608 10392 20080 39003 48517 333 58007 555 04410 50048=
40400 42960 02913 10340 20220 30053 40080 333 58001=
40405 42960 00803 10430 20020 39350 40023 333 59004=
40417 42960 03610 10461 20030 39992 40006 333 59009=
40420 42960 00109 10454 20030 39819 40008 333 59008=
40430 42660 13202 10416 20010 39358 40043 81500 333 59005 81640=
40437 42960 03606 10428 21040 39376 40025 333 59007=
40439 42960 02808 10450 20140 30023 40041 333 59015=
40582 31956 20111 10475 20088 40016 58011 70500 82030 333 55310 00905 10000 22645 31021 41609 52181 63666 55407 41624 82360 90401 91019 91121 91215 91311=
40703 42660 10102 10298 20122 38882 40058 57016 81200 333 70000 81835 555 10190 29034 66666 00326 10310 20264 30272 50274 90262=
40706 42562 12403 10320 20062 38631 40040 57012 81200 333 70000 81830 555 10173 29020 66666 00369 10302 20296 30302 50299 90286=
40712 42665 11102 10298 20114 38653 40052 57011 81500 333 70000 81635 555 10185 29032 66666 00297 10237 20236 30235 50232 90224=
40713 42660 12702 10327 20105 38637 40026 58008 81100 333 70000 555 10191 29026 66666 00285 10276 20281 30280 50277 90259=
40718 42960 10502 10311 20226 30124 40097 58009 81030 222// 0//// 20301 333 70000 81359 555 10253 29061 66666 00328 10286 20282 30278 50276 90264=
40723 42970 00302 10296 21058 38938 40103 57016 333 70000 555 10135 29010 66666 00332 10288 20280 30238 50248 90242=
40726 42960 00203 10312 20106 38633 40043 57010 333 70000 555 10186 29028 66666 00296 10276 20270 30262 50262 90254=
40727 42965 02903 10328 20053 38470 40050 57012 333 70000 555 10172 29018 66666 00354 10261 20245 30251 50247 90231=
40732 42560 20503 10296 20232 30114 40091 56006 82100 333 70000 82827 555 10252 29069 66666 00316 10302 20288 30284 50276 90264=
40736 42960 03602 10311 20229 30123 40099 57012 333 70000 555 10255 29062 66666 00348 10310 20290 30290 50288 90288 77777 00/// 10026 20015 30016 50017 70/// 99///=
40737 42960 03101 10324 20218 30070 40087 57016 333 70000 555 10252 29054 66666 00289 10272 20266 30260 50253 9//// 77777 00013 10004 20012 30019 50022 70021 99///=
40738 42960 00000 10349 20176 30102 40104 51017 333 70000 555 10236 29036 66666 00324 10316 20292 30294 50292 90276=
40739 42965 01902 10304 20022 38684 40080 58011 333 70000 555 10154 29016 66666 00328 10334 20266 30272 50274 90273=
40741 42960 00205 10312 20005 39809 40126 57018 333 70000 555 10160 29014 66666 00367 10310 20301 30292 50304 90309=
40743 42970 00902 10310 21108 39040 40087 57017 333 70000 555 10134 29006 66666 00366 10311 20288 30303 50313 90314=
40745 42962 00703 10275 20045 39026 40115 57019 333 70000 555 10152 29023 66666 00338 10276 20236 30250 50256 90265=
40747 42960 01704 10350 21012 38612 40040 57017 333 70000 555 10163 29010 66666 00383 10287 20282 30296 50294 90289=
40754 42660 11903 10324 21018 38814 40062 58013 81100 333 70000 81840 555 10153 29011=
40762 42965 01402 10287 21132 38542 40078 57013 333 70000 555 10117 29006 66666 00375 10287 20245 30257 50270 90270=
40766 42960 01603 10361 21081 38674 40033 58005 333 70000 555 10155 29006 66666 00396 10326 20284 30288 50280 90280=
40768 42660 11102 10330 21027 38260 40038 57013 81100 333 70000 555 10149 29010 66666 00335 10348 20267 30278 50276 90282=
40769 42960 01103 10335 20002 38305 40033 57012 333 70000 555 10158 29012 66666 00374 10310 20290 30292 50298 90290=
40780 42960 02604 10365 20037 38667 40047 58002 333 70000 555 10181 29013 66666 00384 10330 20320 30318 50320 90302=
40782 42968 12803 10373 20019 38830 40036 57009 81030 333 70000 81359 555 10180 29011 66666 00352 10304 20296 30296 50304 90288=
40785 42960 02903 10354 21009 39050 40060 57012 333 70000 555 10169 29010 66666 00414 10365 20346 30354 50364 90374 77777 00/// 10000 20/// 30/// 50/// 70/// 99///=
40791 42970 03404 10360 21138 39293 40057 57024 333 70000 555 10153 29004 66666 00370 10346 20320 30326 50346 90350=
40792 42965 02805 10295 21095 38696 40066 57014 333 70000 555 10127 29007 66666 00348 10314 20282 30298 50326 90306=
40798 42662 10904 10290 21048 37990 40058 58013 81100 333 70000 81840 555 10127 29011 66666 00401 10303 20251 30260 50262 90253=
40800 42960 00402 10340 20017 38469 40052 57017 333 70000 555 10165 29013 66666 00444 10332 20290 30292 50300 90292=
40809 42965 03603 10309 21192 38469 40041 58012 333 70000 555 10121 29003 66666 00352 10302 20270 30286 50294 90296=
40811 42960 03102 10457 20083 39986 40010 58005 333 70000 555 10234 29011 66666 00436 10378 20364 30378 50380 90380=
40812 42960 03501 10470 20033 39663 40003 58008 333 70000 555 10222 29007 66666 00494 10480 20448 30420 50396 90388=
40818 42962 03605 10280 21020 37995 40050 57017 333 70000 555 10129 29014 66666 00299 10263 20266 30278 50292 90298=
40821 42970 03504 10333 21004 38769 40054 57015 333 70000 555 10159 29012 66666 00387 10348 20324 30331 50338 90340=
40829 42960 03510 10344 21013 39515 40051 57017 333 70000 555 10167 29010 66666 00372 10326 20306 30304 50304 90296=
40831 42960 03210 10483 20086 30010 40017 58007 333 70000 555 10243 29010 66666 00472 10406 20376 30378 50376 90368=
40833 42960 02502 10469 20062 39988 40017 58006 333 70000 555 10232 29009 66666 00442 10388 20372 30374 50384 90368=
40835 42960 01602 10425 20031 39248 40009 57012 333 70000 555 10204 29009 66666 00416 10374 20350 30359 50354 90346=
40841 42965 03202 10291 21051 38241 40041 57017 333 70000 555 10129 29010 66666 00285 10278 20270 30286 50294 90286=
40845 42960 00102 10370 20292 30007 40012 58005 333 70000 555 10311 29065 66666 00390 10374 20362 30366 50368 90360=
40848 42960 00000 10342 20019 38502 40013 57017 333 70000 555 10166 29013 66666 00322 10256 20288 30300 50298 90288=
40851 42960 03110 10314 21039 38250 40022 58017 333 70000 555 10140 29010 66666 00402 10328 20302 30312 50322 90320=
40854 42960 00604 10342 21085 38897 40013 57016 333 70000 555 10149 29006 66666 00460 10366 20354 30358 50366 90364=
40856 42960 00305 10303 21071 38599 40041 58018 333 70000 555 10133 29008 66666 00398 10314 20276 30290 50308 90308=
40859 42962 03103 10356 21007 38665 40013 57016 333 70000 555 10166 29010 66666 00406 10320 20292 30290 50296 90292=
40875 41940 01704 10427 20157 30002 40013 57017 70500 333 70000 555 10251 29021 66666 00432 10380 20370 30366 50372 90372=
40879 42960 02103 10384 21029 39380 40013 57024 333 70000 555 10178 29007 66666 00442 10406 20380 30390 50400 90400=
40882 41530 11303 10370 20274 39985 40018 58010 70500 81100 333 70000 81825 555 10299 29058 66666 00436 10388 20376 30378 50372 90364=
40883 41940 01606 10372 20269 39989 40011 58014 70500 333 70000 555 10296 29056 66666 00447 10408 20374 30380 50381 90374=
40893 41957 02403 10329 20278 30008 40013 57012 70500 333 70000 555 10291 29075 66666 00366 10367 20363 30363 50367 90367=
40898 41956 01606 10314 20267 39994 40003 57016 70500 222// 00304 20901 333 70000 555 10280 29076 66666 00494 10424 20378 30378 50380 90370=
41024 42960 02912 10376 20240 30028 40053 333 59003=
41036 42960 00606 10349 20040 38554 48506 333 58003 555 04410 50051=
41055 42560 20707 10331 21040 38358 48499 82400 333 58004 82630 555 04410 50042=
41061 42960 00202 10424 21040 39359 40017 333 59002=
41084 42560 20414 10378 21050 38815 48487 82100 333 58002 82830 555 04410 50007=
41112 42560 30614 10305 21040 37947 48494 83400 333 58004 83620 555 0 4410 50018=
41114 42560 30310 10294 21050 37978 48492 83400 333 58004 83622 555 04410 50015=
41128 42560 10310 10370 21040 38774 48495 81100 333 58009 81830 555 04410 50024=
41136 42960 01804 10406 20010 39246 40005 333 58001=
41140 41558 22108 10352 20270 30043 40052 70500 82100 333 58004 82830=
41150 42964 00109 10388 20219 40017 333 59002=
41176 44/69 /0805 10377 20225 30004 40010 333 59006=
41184 42960 00913 10433 20019 40010 333 59011=
41194 41958 03210 10388 20268 39997 40002 70600 333 59013=
41196 42960 03213 10376 20270 39971 40010 333 59014=
41216 42960 03309 10374 20238 30008 40012 333 59005=
41217 42960 03310 10372 20266 39979 40006 333 59006=
41246 32960 00607 10348 20296 30015 41016 333 58007=
41253 36/// /3506 10418 20017 39658 49993 333 0E030 55300 25022 58001=
41255 32960 01304 10428 20061 39502 40038 333 59003=
41256 32060 00311 10334 20253 30003 40020 333 58005 55407 55408 55507 55508=
41258 36/// /0005 10322 20294 30013 40016 333 0E/// 55310 23146 58006=
41262 36/// /1105 10432 20114 39813 49994 333 0E028 55300 23621 59007=
41265 36/// /0107 10420 21022 39443 49967 333 0E030 55300 23534 59000=
41267 36/// /3306 10319 20280 30006 40018 333 0E028 58010=
41268 36/// /0314 10366 20210 39959 40004 333 0E030 55300 25022 58010=
41275 36/// /1103 10416 20100 39858 40016 333 0E027 55300 23520 59008=
41288 31958 02414 10312 20256 30007 40028 70500 333 59002=
41315 26/70 /1701 10281 20233 39252 47399 333 0E025 55300 27865 58005 70000=
41316 32570 31812 10302 20258 30027 40056 81501 333 58004 55407 55408 55507 55508 81625 83175=
41396 42665 11206 10397 20065 39331 40002 81130 333 58001 81840=
41397 61319 10170 20115 40190 54000 70522 86607 22274 00141 20801 315// 41203 80140=
41398 61420 10280 20237 40140 50000 70322 867// 22214 04240 20704 313// 41003 80250=
41480 41456 21209 10343 20245 30046 40055 70544 82530 333 58005 82618=
41497 23426 10290 20263 40150 54000 70299 82108 22233 06270 20306 80270=
41498 33206 10190 20175 40290 54000 7//// 83060 22200 06190 2//// 80180=
41506 12460 31804 10325 20089 38431 48290 60001 83600 333 56800 58014==
41508 12460 23101 10308 20156 38602 48810 60001 82200 333 56800 58007==
41515 12460 22702 10310 20124 38477 48400 60001 82200 333 56800 59002==
41523 12960 02302 10320 20205 39004 48600 60001 333 58007==
41535 12960 02301 10290 20128 38656 48370 60001 333 58044==
41536 12960 00000 10330 20173 38956 48630 60001 333 58008==
41560 12960 01302 10290 20136 38248 48570 60001 333 58009==
41571 12960 12305 10345 20143 39470 40012 60001 81030 333 56080 58018==
41598 12960 00000 10340 20249 39749 40004 60001 333 58007==
41600 11940 03101 10345 20239 30000 40013 60001 70400 333 58001==
41620 12440 22701 10330 20052 38512 48170 60001 82500 333 56800 58015==
41624 12960 00501 10360 20249 30000 40010 60001 333 58019==
41630 11440 60502 10350 20253 30000 40012 60001 70420 83530 333 56880 58005==
41640 11440 40501 10350 20261 39774 40008 60001 70410 84500 333 56800 59003==
41660 11920 02706 10300 21082 38382 48640 60001 70600 333 58012==
41678 11940 00000 10370 20244 30000 40007 60001 70500 333 58010==
41696 12960 01301 10280 20020 37980 48640 60001 333 59013==
41697 12960 00000 10410 20226 30000 40002 60001 333 58017==
41700 11440 20000 10385 20246 30000 49993 60001 70500 82500 333 56800 58013==
41710 11940 01301 10350 21109 30000 49990 60001 70600 333 58006==
41712 11940 00501 10360 21034 39118 48810 60001 70500 333 58014==
41715 11940 00000 10365 20270 30000 40008 60001 70500 333 58013==
41718 11940 00000 10380 20272 30000 49996 60001 70400 333 58008==
41725 12940 00502 10370 20252 30000 40002 60001 333 58009==
41739 11940 03105 10330 20017 38991 48800 60001 70500 333 58013==
41744 11940 00000 10340 20057 38704 48440 60001 70600 333 59020==
41749 12440 21302 10375 20266 30000 40010 60001 82500 333 56080 58006==
41756 11940 02304 10325 20248 30000 40018 60001 70504 333 58002==
41759 11940 02302 10340 20241 30000 40027 60001 70500 333 58014==
41764 12940 01804 10360 20249 39959 40006 60001 333 58002==
41768 12340 21801 10350 20268 30005 40012 60001 82600 333 56800 58014==
41780 11340 22304 10340 20249 39991 40017 60001 70400 82500 333 56800 58007==
41785 12460 22302 10325 20255 30008 40021 60001 82600 333 56800 58002==
41859 02450 60000 10362 20260 39971 40007 83430 333 58005 70000 83618 85362==
41883 02456 41302 10350 20260 39985 40005 84400 333 58002 70000 83616==
41891 01450 73203 10335 20270 39968 40005 70522 84370 333 58000 70040 84615 86460 81930==
41907 02456 51802 10351 20270 39985 40000 85800 333 58006 70070 82615 83825==
41923 02450 60000 10338 20260 39996 40006 85330 333 58004 70000 82615 83824 81930==
41936 01440 41806 10340 20270 39988 49994 70522 83830 333 58002 70120 83615 83362==
41943 02450 41802 10345 20260 39997 40004 82501 333 59006 70000 82616 83074==
41950 01330 80000 10298 20290 30004 40006 76122 8572/ 333 58006 70141 82708 84616 88458==
41978 02458 72108 10320 20270 30003 40009 84320 333 59005 70014 83617 87460 81928==
41992 01420 80000 10285 20270 30011 40013 76165 8592/ 333 59005 70330 84614 88458 81925==
42001 11091 99259 70897 46/// /1410 10296 20286 30059 40062 90840 22200 00299 333 91213 555 11104 22111 8//11 90832=
42027 32596 22301 10284 20135 38365 48443 82100 333 58023=
42044 32596 32701 10280 20141 38234 48455 83200 333 58015=
42045 32596 12302 10288 20128 38274 48389 81200 333 59004=
42056 32696 22302 10336 20219 39593 82200 333 59003 82840=
42071 32596 20206 10330 20247 40008 82400 333 59004 82630=
42097 11091 99257 70837 46/// ///// 1//// 90856 22200 00303 11101 20501 70006=
42101 31596 50000 10336 20270 40011 71791 83330 333 59002 82625 81930 83360=
42111 32596 62702 10340 20250 39316 49971 84830 333 59020 83620 84830 86360=
42123 32596 40501 10354 20244 40002 82230 333 58007 82830 83360=
42131 32696 40901 10326 20256 40004 82501 333 58003=
42165 32696 50000 10354 20244 49984 85800 333 58000 83635 85840=
42182 21595 80000 10322 20264 49999 76022 85520 333 58012 6002/ 85630 88459=
42189 21595 70000 10314 20278 49985 70522 87800 333 56100 58001 6994/ 86620=
42309 22596 62005 10306 20270 40019 82830 333 58026//6001/=
42314 22596 49902 10334 20252 40011 82430 333 58023 6994/ 82825 84360=
42328 31995 02903 10366 20228 49980 70500 333 58009=
42339 31595 62702 10348 20256 49993 70522 85830 333 58002 82630 83835=
42361 21495 80000 10260 20260 40004 76296 8672/ 333 59012 6040/ 84714 86618 88458=
42369 21596 70904 10292 20275 49964 71066 83320 333 59017 6006/ 82620 81930 85458=
42379 31595 61108 10338 20263 49975 70522 85850 333 56390 59008 82620 84825=
42410 21495 73204 10290 20262 40031 71062 83330 333 58028 6996/ 83618 81925 86360=
42415 21596 70000 10272 20249 40029 70162 84510 333 58021 6018/ 84620 87459=
42452 31596 80000 10288 20239 49982 71022 8552/ 333 58000=
42492 31496 61110 10342 20270 49987 70522 86400 333 58009 83618 84825=
42559 21596 82701 10258 20255 49967 70262 8572/ 333 59002 6004/ 82715 84620 88458=
42571 21496 80000 10264 20261 49948 76065 8672/ 333 59012 6002/ 82715 85625 87458=
42591 21495 60505 10300 20281 49990 71796 83330 333 58008 6030/ 81710 84616 81930 86360=
42623 31496 72302 10302 20238 39160 71722 83530 333 58007 85618 81925 87360=
42634 32896 50000 10326 20231 40030 85030 333 59013 85360=
42647 31495 82902 10302 20257 40023 70522 8577/ 333 5679/ 58004 82718 83620 87358=
42667 21394 82509 10246 20237 39414 49989 76062 8492/ 333 58008 6048/ 84706 85618 81930 88458=
42675 21495 72306 10276 20247 49973 70520 85630 333 58013 6006/ 83710 84620 86360=
42701 31496 72308 10294 20232 39293 49991 70522 85830 333 58032 83618 83825 85360=
42724 31496 62501 10352 20273 40003 70522 84330 333 58001 83618 83825 81930=
42737 32596 62506 10320 20233 40031 84430 333 58010 83620 85358=
42754 21496 72710 10264 20244 39380 49998 70562 85730 333 58010 6996/ 83710 84618 85360=
42779 21495 81402 10274 20252 39309 49982 76062 8572/ 333 58035 6994/ 82710 84620 88458=
42798 31496 72905 10344 20254 49990 70522 84530 333 58028 84615 86360=
42809 31596 71402 10340 20274 49998 70522 83431 333 58013 81620 83825 85360=
42840 32596 72702 10310 20251 40039 85830 333 58010 82620 83825 86360=
42867 31496 72505 10300 20252 40006 70522 84720 333 58024 82710 83618 87458=
42874 32496 52304 10298 20253 40007 85700 333 58052 82710 83620 85825=
42886 32596 52506 10332 20271 40001 84530 333 58038 84620 85360=
42895 32596 62302 10332 20274 40002 84530 333 58028 84620 85360=
42909 32596 32704 10310 20268 40036 82831 222// 20000 333 58009 81620=
42971 21495 70000 10320 20287 40012 72162 85330 333 57933 58032 6004/ 85616 81930 87360=
43003 21495 62304 10304 20256 40044 70562 84830 333 58011 6996/ 82618 83825 84358=
43014 31596 72705 10284 20211 39390 40017 70542 87800 333 59018 83620 86825=
43041 21596 52504 10300 20238 39420 40016 70522 85400 333 58034 6991/ 85620 85825=
43063 21597 72703 10288 20216 39427 40034 70262 87700 333 56600 58009 6990/ 82722 85626=
43086 32597 43202 10322 20254 39845 40017 83530 333 58027=
43110 21496 82704 10264 20247 40062 72162 8677/ 333 58008 6004/ 83712 85618 87456=
43117 32597 62302 10304 20227 40028 84430 333 58020=
43128 31497 52704 10298 20207 39443 40032 70521 83730 333 56690 58024 81710 85360=
43150 32596 42006 10322 20272 39956 40016 83801 333 58032 82620=
43185 32597 42704 10338 20250 30022 40025 84400 333 58030 83620=
43189 32597 32002 10344 20275 30018 40027 83400 333 58027=
43192 21596 72302 10298 20279 40064 70282 83732 333 58013 6004/=
43198 21396 72514 10250 20199 39240 40052 72162 85631 333 56699 58015 6990/ 84707 84612 85358=
43201 21497 52006 10290 20199 39320 40025 70262 84830 333 58010 6996/ 83612 83818=
43213 32497 52708 10332 20199 39715 40021 84430 333 56690 58013=
43233 32497 62506 10280 20226 39256 40054 83631 333 56699 58013=
43237 32597 72306 10340 20187 39631 40009 85530 333 58016 85620 87360=
43245 32597 32705 10376 20212 30004 40030 82401 333 58025=
43279 31597 72004 10342 20233 30034 40051 70522 82136 333 56400 58031 81620 83360 86270=
43284 21396 72305 10294 20254 39960 40073 70262 84631 333 56599 58014 6002/ 81708 83612 85358=
43295 32497 62706 10286 20166 39058 48482 84831 333 58013 82612 83818=
43314 32597 32303 10322 20264 40086 81401 333 58013=
43321 31496 62315 10306 20227 39622 40058 70522 82431 333 58020 82612 85358=
43329 32597 50902 10334 20249 30031 40044 82531 333 58023=
43333 21495 72708 10294 20257 40071 70562 86401 333 58016 6990/ 84618 85820=
43344 31496 62308 10366 20217 39950 40046 70522 83931 333 57922 57952 58020 82616 83820 81925=
43353 32496 72506 10296 20257 40085 83720 333 56790 58010 83712 80825 83459=
43369 21496 82702 10262 20256 40098 76062 8452/ 333 58017 6004/ 84618 88458=
43371 21495 73206 10280 20263 30017 40089 72121 84431 333 58010 6003/ 84615 85356=
43404 22470 52205 10318 20266 30053 40056 57024 83000 333 553// 20449 58015 60008 91010 555 60008==
43410 22470 4//// 10351 20213 30052 40055 56026 84200 333 58019 60008 555 60008==
43413 22470 52107 10303 20254 30067 40071 57020 83202 333 553// 20349 58000 60008 91012==
43415 22470 52303 10344 20232 39969 40077 53021 85000 333 58015 60008 555 60008==
43418 22470 62304 10352 20216 30021 40062 57022 86200 333 58016 60008 555 60008==
43421 22470 22503 10337 20228 39968 40071 57021 82000 333 553// 20386 58000 60008 91009 555 60008==
43422 22470 62503 10316 20237 39942 40073 57020 85202 333 58015 60008 555 60008==
43424 22470 52304 10306 20225 30081 40083 58018 85000 333 58018 60008 555 60008==
43436 21469 70903 10310 20254 30063 40067 57017 78082 86/// 333 58022 69908 81920 555 69908==
43441 21470 62302 10297 20249 39950 40081 56013 70362 86000 333 58013 69918 555 69918==
43444 21470 72703 10274 20216 39556 40081 58018 70382 86000 333 58018 69918 555 69918==
43450 22470 61804 10300 20255 30090 40102 58016 85200 333 58015 60008 555 60008==
43466 22470 52303 10295 20238 30086 40094 5/018 82000 333 553// 20368 58007 60008 91006==
43467 22570 72502 10305 20248 30088 40094 57020 85000 333 58012 60008 555 60088==
43473 21/68 82807 10181 20155 38114 48475 57018 72155 333 553// 20364 58000 60008 85706 88810 91011 555 69908==
43475 22470 52003 10331 20234 30053 40057 57028 85200 333 553// 20333 58009 60008 91010 555 60008==
43476 22470 82702 10248 20181 38757 48506 5/017 85000 333 58017 60008 555 60008==
43479 22470 63102 10298 20201 39235 57022 86000 333 58014 60008 555 60008==
43486 21470 6//// 10296 20251 30003 40101 57011 70386 84266 333 58013 69988 555 60138==
43495 21456 82505 10250 20239 30081 40094 57016 78182 88000 333 58017 60178 555 60178==
43497 22470 72207 10305 20000 30058 40075 5/025 82000 333 553// 20505 58000 60008 91010==
44212 42684 63503 10208 21005 39088 40137 57015 82179==
44213 42/84 63602 10186 21018 38772 40131 57011 84048==
44214 42/70 72706 10188 21081 38262 40097 57019 86031==
44215 42670 62905 10189 21092 38394 40108 57016 86200==
44217 32698 62302 10141 21045 37875 40161 57010 85840 333 91206=
44218 42684 20902 10216 21026 38578 40095 57019 82100==
44219 32999 42904 10225 21063 38593 40090 56016 81048 333 91206=
44265 42/84 72002 10229 21036 38822 40116 56017 87070==
44266 32699 72605 10165 21098 37798 40127 57005 84820 333 91110 91207=
44404 42358 50904 10260 20206 38084 48403 83250 333 59004=
44416 42559 62604 10315 20263 39247 49973 84410 333 59002=
44424 41458 63605 10246 20165 37618 47049 71522 82232 333 58000=
44434 42560 41806 10320 20234 39138 48447 82101 333 58009=
44438 42510 61025 10350 20263 39870 49991 82131 333 58000=
44449 42562 21210 10344 20301 39849 49998 82200 333 58007=
44454 42460 42111 10306 20232 38594 48434 84200 333 58011=
44462 42358 40903 10255 20202 38209 48415 84400 333 58009=
44474 41030 50604 10282 20215 38204 48428 70544 85500 333 59001=
44477 41550 42502 10306 20249 38750 48468 71000 84200 333 58004=
44478 42560 20909 10348 20264 39920 40002 82100 333 59009=
48010 42560 53201 10345 20275 39830 49976 83830 333 59008==
48020 41256 80401 10270 20256 79596 8697/==
48025 41320 83202 10276 20268 39912 40049 79596 8597/ 333 58049==
48031 41256 80000 10200 20200 72196 888//==
48048 41450 81801 10265 20265 39937 49993 79596 8692/ 333 59012==
48052 21456 80000 10278 20250 70295 86970 333 56990=
48062 41456 83205 10270 20256 30018 40024 75055 86970 333 59004==
48064 41456 83601 10263 20246 39951 40008 75065 8572/ 333 59022==
48071 41356 82307 10260 20248 30030 40038 76366 8692/ 333 59008==
48094 42457 82201 10290 20260 30038 40048 85970 333 58011==
48109 42460 52303 10312 20267 30070 40073 85900 333 58010==
50557 14/80 /2307 10238 20066 39841 40127 57009 60001 333 10264 20094 3/007 58051 70000 90761 91112==
51076 14/80 /2504 10207 20055 39316 40160 57015 60001 333 10231 20080 3/008 59019 70000 90761 91108==
51087 14/78 /2808 10221 20022 39174 40146 57018 60001 333 10237 20116 3/010 59015 70000 90761 91112==
51156 14/80 /1903 10177 20008 38705 40168 57008 60001 333 10187 20083 3/008 59013 70000 90761 91108==
51243 14/80 /1702 10237 20051 39643 40160 57012 60001 333 10240 20159 3/015 59022 70000 90761 91105==
51334 14/77 /0103 10227 20081 39788 40175 57013 60001 333 10228 20108 3/010 59015 70000 90761 91105==
51379 14/80 /2702 10228 20006 39257 40151 57013 60001 333 10250 20128 3/011 59003 70000 90761 91106==
51463 14/80 /0306 10202 20034 39024 40159 57010 60001 333 10208 20130 3/010 59012 70000 90761 91110==
51573 14/80 /0701 10293 20025 30050 40096 57018 60001 333 10338 20233 3/022 59008 70000 90761 91108==
51644 14/60 /1802 10231 20091 38923 40114 57009 60001 333 10240 20117 3/012 59012 70000 90761 91104==
51656 14/67 /2303 10280 20022 39100 40094 57017 60001 333 10285 20121 3/010 59015 70000 90761 91108==
51709 14/65 /1602 10228 20057 38609 40107 57021 60001 333 10230 20132 3/014 59005 70000 90761 91107==
51711 14/80 /2503 10178 20013 38018 40083 57017 60001 333 10179 20064 3/006 59012 70038 90761 91108==
51716 14/59 /2003 10253 20039 38882 40100 57018 60001 333 10258 20163 3/016 59010 70001 90761 91106==
51765 14/78 /0702 10221 20127 39166 40112 57014 60001 333 10295 20161 3/016 58013 70000 90761 91105==
51811 14059 01602 10236 20068 38773 40112 57017 60001 333 10242 20159 3/016 58006 70000 90761 91104==
51818 14/59 /0202 10233 20038 38632 40111 57008 60001 333 10236 20159 3/016 58011 70000 90761 91106==
51828 14/57 /3102 10214 20049 38623 40105 57008 60001 70500 333 10225 20170 3/015 58006 90761 91110==
51886 14/78 /2102 10152 20034 37114 40013 57014 60011 333 10220 20089 3/011 59005 70021 90761 91107==
52203 14/71 /3304 10247 20016 39270 40100 52003 60001 333 10312 20147 3/012 58007 70000 90761 91109==
52602 14/77 /3007 10213 20021 37234 49954 57019 60001 333 10238 20117 3/010 59033 70000 90761 91114==
52681 14/23 /0903 10143 20140 38613 40120 57017 69941 75000 333 10144 20128 3/013 59049 70035 90761 91108==
52818 14/80 /0702 10273 20096 37183 49889 57027 60001 333 10274 20098 3/009 59054 70000 90761 91106==
52908 14/80 /2108 10137 20056 35810 49936 57016 69921 333 10146 20045 3/004 59014 70035 90761 91112==
53463 14/80 /1701 10174 20121 38907 40200 57012 60001 333 10208 20118 3/012 58008 70015 90761 91104==
54857 14/77 /1102 10286 20221 30057 40146 57004 60001 333 10301 20245 3/024 58019 70000 90761 91108==
55228 14/80 /2505 10166 21035 36047 49916 57017 60001 333 10184 20051 3/002 58006 70000 90761 91112==
55299 14/80 /2002 10149 20014 35892 49937 57020 69911 333 10163 20052 3/005 59002 70043 90761 91109==
55578 14/80 /3602 10225 20009 36383 49901 57028 60001 333 10229 20083 3/009 59010 70000 90761 91106==
55591 14/80 /2202 10216 20051 36537 49931 57027 60001 333 10219 20102 3/011 58004 70065 90761 91106==
55664 14/80 /2206 10180 21018 36032 49935 57024 60001 333 10196 20049 3/005 58002 70000 90761 91110==
55773 14/80 /1007 10118 20045 36057 40011 57016 60001 72100 333 10141 20014 3/101 58005 70000 90761 91113==
56004 14/80 /0902 10134 20046 35863 49934 57020 60051 333 10141 20052 3/000 59011 70050 90761 91113==
56018 14/80 /0903 10156 20049 36218 49954 57014 69911 333 10178 20070 3/007 59004 70098 90761 91110==
56116 14/80 /2501 10207 20034 36359 49923 57025 60001 333 10212 20071 3/005 59001 70000 90761 91104==
56312 14/80 /1204 10224 20066 37095 49985 57025 60001 333 10228 20137 3/014 58014 70001 90761 91111==
57494 14867 /0306 10259 20202 30088 40117 57005 60001 333 10364 20253 3/026 58052 70000 90761 91111==
58847 14/60 /1403 10351 20234 39953 40049 57003 60001 333 10379 20264 3/026 58001 70000 90761 91105==
62306 42560 52911 10308 20239 40102 52016 85800==
62309 42560 32214 10378 20049 40079 52002 83500==
62325 42960 00000 10362 20227 40098 52004==
62332 42960 00506 10329 20204 40105 52007==
62337 42960 00000 10363 20114 40099 54000==
62366 45960 00000 10381 20088 40089 52002==
62387 42960 01305 10368 20121 40101 52003==
62393 42960 01804 10377 20100 40131 52002==
62405 42960 00703 10375 20120 40100 52003==
62414 42960 00107 10386 20079 40103 52002==
62419 42960 00708 10372 20080 40086 52001==
62420 42960 01505 10391 20096 40086 57002==
62435 42960 01002 10374 20113 40093 52001==
62440 42960 01608 10336 20216 40099 52004==
62455 42960 02604 10335 20197 40100 54000==
62458 42960 03106 10316 20187 40098 52005==
62459 43956 02912 10314 20221 40087 52006==
62465 42960 03211 10336 20220 40092 52007==
