SIPK OPKC 190900=
41504 22995 00000 10075 21053 37869 48515 333 58018 60007 RH40%=
41505 22696 40000 10065 20051 38/// 48/// 80030 333 56990 58/// 84360 43%=
41506 22997 03604 10120 21049 38533 48531 333 58015 60007 30%=
41507 22997 00000 10150 20049 39265 49783 333 59001 60007 51%=
41508 22997 02302 10144 21084 38662 48534 333 59011 60007 RH 20%=
41509 22997 00000 10130 21096 38766 48508 333 58000 60007 RH20%=
41510 22997 00000 10100 21090 37907 48509 333 59010 60007 25%=
41515 22997 00000 10107 21134 38566 48528 333 58005 60007 17%=
41516 21696 10000 10110 21090 38574 48531 70400 81100 333 56900 58011 60007 81840 RH24%=
41517 21696 20000 10045 21108 37816 48542 70411 81530 333 56990 58000 60007 81640 32%=
41518 22697 23602 10100 21115 38/// 48/// 82200 333 56900 5//// 60007 82840 21%=
41519 22997 00000 10110 21044 38795 48532 333 59001 60007 RH34%=
41523 22997 02304 10150 21010 39091 48513 333 59002 60007 33%=
41524 22997 03604 10175 21061 39368 40224 333 59010 60007 19%=
41525 12997 00000 10085 21037 37670 48380 333 59032 60007 42%=
41528 22997 00000 10140 21010 39225 48514 333 59010 60007 36%=
41529 21995 03102 10155 20035 39792 40178 70500 333 58004 60007 45%=
41530 21995 00000 10160 21025 39753 40170 70500 333 58003 60007 28%=
41534 22997 00000 10155 20050 39755 40173 333 59003 60007 RH 49%=
41535 22997 01302 10150 21099 38716 48488 333 59004 60007 RH17%=
41536 22997 00000 10160 21028 39041 48515 333 59009 60007 RH27%=
41560 22997 00000 10155 21144 38286 48509 333 59009 60007 RH11%=
41562 22997 01302 10200 21025 39691 40151 333 58001 60007 RH22%=
41567 21996 00000 10160 20028 39726 40146 70500 333 59008 60007 41%=
41571 21996 02706 10180 21008 39586 40168 70500 333 58006 60007 RH28%=
41572 21996 00910 10180 21027 39524 40147 70500 333 58003 60007 RH 24%=
41573 22997 01302 10110 21014 37971 48492 333 59005 60007 42%=
41574 22997 01304 10115 21006 38369 48547 333 58022 60007 43%=
41576 21995 02304 10195 20053 40185 70500 333 58014 60007 39%=
41577 21996 00000 10190 20010 39553 40165 70500 333 56000 58006 60007 RH 30%=
41593 21996 00502 10170 20070 39942 40159 70400 333 58008 60007 52%=
41597 21996 00000 10185 20078 40176 70400 333 58019 60007 50%=
41598 21996 01302 10185 20078 39883 40156 70400 333 58009 60007 50%=
41599 21994 00906 10185 20065 39877 40169 70500 333 58012 60007 46%=
41600 21996 01302 10195 20091 40162 70400 333 58013 60007 51%=
41620 31996 03602 10140 21098 38580 48484 70500 333 58001 60007 18%=
41624 22996 00902 10195 20067 40153 333 58000 60007 43%=
41625 21996 00000 10195 20053 39939 40139 70400 333 59002 60007 39%=
41630 21995 01304 10185 20078 40163 70400 333 58000 60007 50%=
41633 22997 00000 10195 20038 4//// 333 5//// 60007 35%=
41634 22997 00000 10170 20024 3//// 4//// 333 5//// 60007 37%=
41635 21996 00902 10185 20065 3//// 4//// 70500 333 5//// 60007 46%=
41636 21996 00000 10200 20074 39981 40166 70500 333 59001 60007 44%=
41638 21996 00000 10200 20074 4//// 70500 333 5//// 60007 44%=
41639 21996 00000 10180 20044 4//// 70500 333 5//// 60007 41%=
41640 21996 01302 10190 20085 39913 40162 70400 333 58011 60007 50%=
41641 21995 01408 10180 20083 39886 40161 70400 333 58007 60007 53%=
41642 21996 03102 10185 20090 4//// 70400 333 5//// 60007 54%=
41643 21996 00000 10185 20101 39889 40167 70400 333 58013 60007 58%=
41644 21996 00000 10210 20100 4//// 70400 333 5//// 60007 49%=
41646 21995 01308 10180 20106 40178 70400 333 58000 60007 62%=
41652 21996 01304 10210 20100 40158 70500 333 58003 60007 49%=
41660 22997 01306 10100 21148 38424 48514 333 59008 60007 RH16%=
41661 21996 03102 10105 21133 38378 48506 70540 333 59009 60007 17%=
41669 22997 00902 10200 20086 3//// 4/// 333 5//// 60007 48%=
41670 21996 00000 10190 20045 4//// 70500 333 5//// 60007 38%=
41674 21995 01804 10205 20054 3//// 4//// 70500 333 5//// 60007 37% =
41675 21995 00000 10205 20023 30010 40153 70500 333 58004 60007 30%=
41676 21996 00000 10210 20062 30022 40179 70500 333 56090 58000 60007 38%=
41676 21996 00000 10210 20062 30022 40179 70500 333 56090 58000 60007 38%=
41677 21996 00000 10210 20048 39983 40149 70500 333 58003 60007 34%=
41678 21996 00000 10210 20048 40150 70500 333 59008 60007 34%=
41679 21996 01302 10190 20096 4//// 70400 333 5//// 60007 55%=
41680 21994 00000 10200 20098 40158 70400 333 59001 60007 52%=
41685 22997 00000 10175 21087 38915 48502 333 59008 60007 RH16%=
41696 22997 03102 10110 21030 38049 48567 333 58007 60007 RH 37%=
41697 22997 00000 10230 20023 40154 333 58002 60007 RH19%=
41700 21995 00000 10205 20054 40144 70500 333 58000 60007 37%=
41701 21994 00504 10205 20104 40165 70400 333 58008 60007 52%=
41710 22997 00000 10130 21127 40166 333 59017 60007 RH15%=
41712 22997 01304 10110 21090 39215 48518 333 59016 60007 RH24%=
41715 21996 02702 10210 20062 40147 70500 333 59007 60007 RH38%=
41716 21995 00502 10210 20048 30057 40160 70500 333 59006 60007 34%=
41718 21995 00000 10210 20088 40145 70500 333 58001 60007 45%=
41724 21996 00000 10230 20092 40161 70500 333 59010 60007 RH41%=
41725 22996 03604 10210 20048 40136 333 59013 60007 RH34%=
41726 21995 00000 10240 20038 30094 40165 70500 333 59011 60007 RH27%=
41739 21996 03604 10155 21060 39077 48532 70500 333 59014 60007 RH22%=
41742 22997 01802 10255 20033 40137 333 59009 60007 RH 24%=
41743 21996 00502 10220 20113 70400 333 60007 RH 51%=
41744 22996 00000 10195 21024 38801 48529 333 59008 60007 RH 16%=
41745 21996 00504 10225 20043 70400 333 60007 RH30%=
41746 22996 036002 10220 20049 40150 333 59009 60007 RH33%=
41747 21995 00000 10220 20090 40133 70400 333 59013 60007 RH43%=
41748 22996 03104 10220 20064 40154 333 59008 60007 RH36%=
41749 21996 03606 10235 20086 40158 70400 333 58003 60007 RH39%=
41757 22996 33604 10230 21000 30146 40159 80001 333 56009 59003 60007 83070 RH22%=
41759 21996 23604 10240 21043 40145 70500 82030 333 56090 59010 60007 82360 RH15%=
41760 01996 23602 10220 20064 30147 40160 60001 70500 80001 333 56009 59018 60007 82080 RH 36%=
41764 22996 03608 10230 20035 30086 40137 70400 333 59007 60007 Rh28%=
41765 22996 03604 10240 20081 30101 40136 333 59057 60007 RH36%=
41766 21996 03602 10230 20066 40155 70500 333 58000 60007 RH31%=
41767 22996 00506 10235 20028 3//// 4//// 333 60007 RH26%=
41768 22996 03604 10265 20035 40146 333 59016 60007 RH23%=
41780 21996 43608 10260 21015 30105 40132 80001 333 59008 60007 84070 RH16%=
41783 22996 00504 10235 20028 30110 40139 333 58001 60007 RH 26%=
41785 22996 43604 10230 20019 30128 40141 60001 80001 333 56009 59015 60007 84070 RH 25%=
41786 22996 23606 10240 20002 30082 40118 80001 333 56009 59016 60007 82072 RH 21%=
41BAG 22697 42302 10050 21098 60002 84500 333 56900 60007 84640 33%=
41BKI 21996 00000 10160 20028 39742 40163 70400 333 59004 60007 RH 41%=
41SKP 21995 01802 10185 20065 4//// 70500 333 5//// 60007 46%=
43532 22997 00000 10130 20007 39335 40146 333 59016 60007 43%=
43533 22997 03102 10160 20023 39226 48505 333 59010 60007 40%=
43563 22997 02302 10194 20019 40156 333 58006 60007 31%=
41738 22996 00508 10220 21152 39979 40158 333 59009 60007 RH07%=


41520 Not Received
41756 Not Received





Data Generated from File : D:/all data handling/Rmc_lhr/2024121909.FSU.txt
19/12/2024   09:57:22
____________________________________________________________________________________________
15020 24/64 11201 10077 20013 39953 40152 58008 81040 333 55308 20598 60007 91002 90730 91102==
15090 21/04 80902 10021 20021 30074 40169 57009 74244 85077 333 55302 00190 20411 30391 60007 91004 90730 91104==
15108 22/84 33009 11021 21031 38060 48474 58004 82041 333 55310 21082 60007 91011 90730 91112==
15150 21940 01402 10033 20006 39954 40172 57008 71011 333 55310 20836 60007 91003 90730 91103==
15170 21/04 93401 11012 21015 39407 42796 57008 74544 89/// 333 55300 20142 60007 91002 90730 91102==
15280 22/84 3//// 10010 21063 37495 47053 54001 83030 333 55310 20982 60007==
15310 21458 51903 10049 20030 30088 40175 57011 71042 81630 333 55309 00400 20917 30501 60007 91006 90730 91107==
15335 24/70 41703 10090 20039 30171 40178 58012 84070 333 55310 20998 60007 91005 90730 91105==
15350 24/66 21402 10049 20017 30054 40176 57011 82040 333 55310 20588 60007 91003 90730 91103==
15360 24/67 22006 10090 20068 30164 40181 58015 82030 333 55310 20869 60007 91007 90730 91108==
15420 24962 12302 10064 20023 30066 40179 57013 80001 333 55310 20859 60007 91003 90730 91104==
15460 24/65 22201 10075 20029 30158 40183 58013 81071 333 55310 21001 60007 91003 90730 91103==
15470 21957 01901 10051 20036 30056 40185 57013 71040 333 55310 20852 60007 91002 90730 91102==
15480 24566 62201 10065 20029 30169 40187 58010 86500 333 55305 00190 20553 30480 60007 91003 90730 91103==
15549 42970 41802 10107 20030 39761 40173 57015 82042 333 10108 20047 555 559//=
15552 42540 62301 10089 20048 30135 40184 57017 82539 333 10101 20043 555 576// 92022 92426=
15640 42976 22501 10093 20058 39886 40198 57009 80002 333 10095 20033 555 579//=
15655 42960 52302 10075 20040 30156 40189 57018 83081 333 10078 20030 555 579// 92022 92427=
15730 42970 60000 10051 20027 39806 40208 57011 83036 333 10051 20006 555 584//=
16627 41358 50000 10090 20069 30189 40194 58006 71010 81606 333 81708 85070 90730 91104==
16650 42460 50000 10134 20119 30189 40198 56006 81601 333 81715 85070 90730 91101==
16667 42960 00604 10158 20084 30194 40205 57009 333 90730 91107==
16706 42960 10000 10152 20090 30182 40189 56007 80001==
16723 42960 01504 10138 20082 30182 40195 57007 333 90730 91106==
16742 42460 30003 10174 20120 30035 40189 57003 83100 333 90730 91105==
16749 42460 10002 10170 20107 30173 40187 57001 81100 333 90730 91105==
16754 42560 23004 10170 20115 30153 40201 58006 82100 333 90730 91109==
16760 42560 30306 10140 20090 40201 57007 83100 333 90730 91114==
16765 42460 33107 10172 20105 40192 57005 83800 333 81818 83625 90730 91109==
17022 42970 00301 10127 20051 30037 40203 57015 333 90730 91105==
17024 42970 01002 10158 20113 30122 40199 57019 333 90730 91116==
17026 42970 01306 10132 20061 30182 40221 57020 333 90730 91112==
17031 42970 01207 10129 20039 30220 40226 57020 333 90730 91110==
17034 42970 00503 10114 20057 30196 40242 57020 333 90730 91106==
17038 42970 00804 10116 20050 30197 40245 57015 333 90730 91106==
17042 41670 50904 10105 20078 30219 40259 58010 70282 83250 333 83835 85360 90730 91109==
17050 41102 90000 10055 20041 30144 40208 57010 74544 333 90730 91102==
17056 41/50 31201 10095 20077 30198 40202 57010 71000 83030 333 83360 90730 91106==
17060 42960 01102 10124 20068 30163 40203 57011 333 90730 91107==
17070 41510 70001 10004 20000 39341 40237 57014 72844 87600 333 87725 90730 91103==
17074 42570 42301 10039 20032 39281 40238 58014 84500 333 84627 90730 91103==
17084 41658 62801 10034 20028 39325 40257 57013 71022 83550 333 83635 86360 90730 91103==
17085 42670 31403 10081 20029 39743 40241 57017 83500 333 83640 90730 91106==
17092 42660 21603 10050 21009 38907 48535 58009 82500 333 82645 90730 91105==
17096 42660 22608 10000 21051 38263 48530 58002 82500 333 82635 90730 91111==
17098 42660 42511 10024 21083 38206 48515 58004 84500 333 84640 90730 91119==
17100 42/70 10000 10109 21064 39213 40203 58005 81030 333 81360 90730 91106==
17112 41225 40204 10098 20098 30192 40194 57011 71042 83750 333 83705 84360 90730 91107==
17115 41960 31503 10086 20053 30157 40209 57013 70340 80001 333 83070 90730 91105==
17116 42965 21004 10111 20034 30082 40205 57019 80001 333 82070 90730 91110==
17124 41104 90705 11013 21013 39312 40264 57008 74944 333 90730 91108==
17128 41002 92601 11016 21021 39125 40267 57012 74544 333 90730 91105==
17135 41205 92101 10015 20010 39353 40257 57012 74722 333 90730 91103==
17140 42665 32603 10055 20017 38735 48518 57013 83100 333 83840 90730 91108==
17150 41102 90000 10019 20019 30087 40215 57011 74544 333 90730 91102==
17160 41/57 33404 10016 21013 39062 48520 57012 72800 83030 333 83360 90730 91108==
17170 42660 32704 10037 21036 38356 48527 58009 83100 333 83840 90730 91107==
17175 42665 21601 10143 20067 30186 40190 57007 82100 333 82840 90730 91106==
17184 41958 00000 10090 20042 30092 40206 58012 71000 333 90730 91102==
17190 41930 00801 10014 20013 39024 48514 58009 72844==
17195 42970 00405 10058 21002 39010 48524 57016 333 90730 91107==
17200 42960 00705 10078 21016 39242 40245 58011 333 90730 91108==
17202 42670 11104 10057 20004 39188 40256 58008 81500 333 81635 90730 91108==
17203 42970 00701 10054 21035 38915 48560 58015 333 90730 91105==
17210 41670 22802 10030 20019 39182 40252 58011 72841 82100 333 82840 90730 91104==
17219 41959 01603 10109 20062 30055 40202 57009 71000 333 90730 91106==
17234 42970 00803 10124 20044 30137 40206 58004 333 90730 91108==
17237 42970 00000 10117 20035 39700 40207 57015 333 90730 91102==
17240 42970 00503 10076 20029 39058 40218 58017 333 90730 91106==
17244 41002 90406 11007 21009 39032 48516 58013 74944 333 90730 91108==
17248 42960 02601 10051 20002 39015 48517 57012 333 90730 91103==
17250 42970 00703 10053 20002 38835 48522 57012 333 90730 91113==
17260 42960 01704 10119 20002 39372 40199 58008 333 90730 91109==
17270 42970 01201 10114 21009 39576 40230 57012 333 90730 91104==
17275 42970 00504 10082 21037 39023 48538 58004 333 90730 91115==
17280 41102 90603 11021 21026 39442 40272 58008 74944 333 90730 91105==
17290 42970 01902 10178 20116 30164 40196 57006 333 90730 91103==
17292 42970 00000 10086 20038 39438 40205 58007==
17300 42960 00303 10156 20054 30127 40199 58011 333 90730 91107==
17310 42970 22102 10191 20099 30179 40186 58003 80001 333 82070 90730 91104==
17330 42970 52602 10171 20030 30179 40197 57017 80001 333 85070 90730 91108==
17350 42970 00409 10180 21009 30113 40192 57011==
17370 42/70 21302 10176 20007 30190 40194 58014 82030 333 82360 90730 91110==
17375 42670 50000 10169 20067 30185 40187 58010 85200 333 85834 90730 91103==
33088 42597 82304 10078 20041 39900 40089 57009 885// 555 1/006=
33135 41540 82104 10033 20023 39949 40097 57020 71062 883// 333 86923==
33177 42598 62304 10078 20039 39864 40098 57011 83531 555 1/008=
33317 42/60 72603 10061 20036 39780 40115 57011 87050==
33393 42960 52104 10074 20023 39728 40116 57015 80001==
33415 42997 50000 10078 20021 39731 40125 57012 82051 555 1/008=
33429 41697 72204 10047 20024 39708 40131 57017 70282 86530 333 86633 555 1/005=
33466 42564 82306 10051 20021 39941 40129 57018 8455/ 555 11004=
33506 41440 81702 10006 20000 39966 40166 57019 76176 8772/==
33562 42560 62402 10053 20018 39839 40144 57013 83530 555 1/004=
33587 42960 01801 10058 20026 39886 40149 57012==
33658 42967 21302 10080 20027 39842 40139 57015 80001==
33663 42970 01601 10061 20022 30051 40147 57013==
33664 42998 21802 10054 20024 39825 40142 57004 82030=
33678 42998 52802 10042 20020 39960 40173 57009 85030=
33679 42997 31401 10067 20036 39973 40164 57002 82031=
33711 42560 71906 10044 20027 39953 40164 57015 83530 333 83620==
33745 42897 61502 10060 20040 39975 40169 57009 83031=
33748 42997 22401 10071 20017 39874 40158 57006 80001=
33754 42998 20000 10056 20032 30011 40158 57013 80002=
33761 42960 62105 10049 20032 39936 40160 58015 80004 555 1/008=
33791 42982 62104 10052 20019 30058 40187 57010 80001==
33815 41/93 92303 10023 20020 39950 40161 57010 74541=
33837 42261 72202 10088 20073 30118 40170 57017 87600 333 87704==
33881 41/93 92202 10020 20019 39969 40169 57010 74544=
33883 41/92 91702 10025 20025 30000 40168 57012 74540=
33885 41/92 92003 10015 20015 30041 40181 57013 74542=
33892 41996 52102 10041 20030 39954 40171 57016 71022 85030=
33902 41597 81502 10078 20060 30126 40185 57017 70242 82551 555 1/008=
33924 42570 72005 10114 20063 30183 40196 57015 81270 333 90730 91110==
33946 42/86 32005 10110 20040 39987 40206 57015 83030==
33983 42560 61803 10072 20029 30157 40218 58012 82530==
34300 41440 82002 11021 21054 30002 40185 57012 77172 8572/==
34336 42970 52703 11073 21134 30094 40203 50004 80009==
34344 42970 22602 11076 21128 30104 40197 50005 80001==
34356 42960 02903 11101 21150 30031 40187 51013==
34357 42970 23202 11095 21149 30023 40187 52011 80001 333 90730 91112==
34398 41570 73206 11061 21092 30085 40098 52024 70132 83930==
34415 42970 71802 11017 21082 30099 40199 58006 87040 555 1/101=
34438 42960 62903 11062 21104 30007 40207 50003 80001==
34445 42970 12706 11084 21126 30083 40203 51010 80001==
34461 42560 63002 11081 21141 30127 40185 52014 84530 333 90730 91110==
34473 42997 82908 11064 21096 30104 40144 52020 8807/ 333 91115=
34476 42570 82907 11061 21099 30142 40150 52021 885// 333 90730 91113==
34504 42/77 82004 10016 21006 30014 40191 57011 8805/==
34535 42970 02702 11024 21087 30136 40211 50000==
34545 42970 22906 11056 21112 30090 40207 53005 80001 333 90730 91111==
34555 42970 03005 11064 21121 30112 40208 53012 333 90730 91112==
34560 42460 22909 11078 21122 39979 40179 52014 82600 333 91012 90730 91112==
34578 42560 82805 11058 21089 30162 40169 51016 8296/ 333 90730 91110==
34579 41540 62706 11063 21080 30117 40162 52016 71022 86500 333 91010 90730 91111==
34644 42/60 23005 11024 21083 30133 40212 52004 82030==
34646 42570 22905 11029 21078 30122 40206 52008 82500 333 90730 91110==
34655 42/60 22705 11039 21093 30145 40208 51006 82030 333 90730 91110==
34662 42970 02705 11052 21106 30175 40186 53024 333 91011 90730 91112==
34691 42570 83210 11047 21083 30306 40293 52025 8655/==
34720 42570 71802 10001 21038 30179 40220 50001 86610==
34727 42560 82303 10027 21004 30193 40224 58005 85530==
34743 42660 32804 11023 21074 30122 40214 52006 83200 333 90730 91110==
34759 42460 12604 11027 21063 30076 40211 52001 81500==
34772 42/70 22808 11046 21094 30179 40182 52015 8204/ 333 91012 90730 91113==
34785 42470 82806 11046 21079 30192 40169 52019 886// 333 91010 90730 91111==
34798 41560 62708 11033 21072 30194 40164 53015 73673 86500==
34824 42560 82302 10054 20007 30225 40230 57003 8653/==
34838 42960 62403 10023 21013 30134 40233 50001 80005==
34845 42/70 52803 10005 21029 30114 40224 51002 80031==
34858 42/60 62805 10006 21050 30108 40219 50002 83035 333 90730 91110==
34861 42/70 23107 11037 21089 39956 40208 52004 80030 333 91010 90730 91111==
34866 42970 03008 11022 21094 30208 40199 51005 333 91012 90730 91113==
34880 41560 82706 11048 21086 30202 40175 52015 70282 889// 333 91011 90730 91112==
34887 42570 12906 11026 21075 30201 40178 52036 81500 333 91010 90730 91112==
34949 42570 62608 10005 21036 39673 40230 52001 85530 333 91012 90730 91113==
34954 42570 52603 10018 21046 30054 40231 52002 85500 333 90730 91111==
34958 42570 22805 10019 21051 30023 40226 50002 82500 333 91011 90730 91111==
34975 42/70 23106 10000 21065 30210 40206 51010 80030 333 91013 90730 91114==
34984 42570 22707 11007 21067 30225 40194 52007 82100 333 91011 90730 91114==
35217 41560 73205 11040 21070 39993 40033 52037 70172 87500==
35302 41/70 83407 11056 21099 30043 40064 52045 73673 8807/==
35315 41598 83202 11061 21080 39964 40021 52026 70272 885//=
35344 41599 82003 11026 21042 39704 49990 58006 70272 885//=
35358 42/60 52002 11009 21051 39855 40024 58005 85040==
35368 41996 81807 10001 21008 77172 8802/=
35386 41998 61505 11030 21064 39582 40102 57026 73633 86070=
35394 42670 81605 11018 21051 39453 40127 58025 8655/==
35404 41596 83310 11060 21095 30080 40088 52028 73873 885// 333 91117=
35406 41560 83207 11066 21082 30052 40054 52022 73673 885//==
35416 41570 52203 11097 21128 39902 40026 52011 70272 85500==
35426 41584 62104 11113 21142 39733 40033 51014 70272 82531==
35437 41597 82705 11086 21109 39718 40037 52013 77172 8802/=
35449 42998 61804 11028 21062 39917 40019 58007 86030=
35497 41570 81409 11055 21084 39499 40318 57029 73733 885// 333 91017 90730 91118==
35498 42998 81603 11053 21105 39266 40152 57024 8802/=
35514 41598 72911 11071 21088 30150 40146 52016 73783 87900 333 91115=
35522 41598 82604 11108 21128 39774 40032 52007 70277 8802/=
35542 41598 72305 11011 21040 39869 40015 57008 70272 87500=
35563 41596 82009 11013 21029 39265 40021 57022 73683 885//=
35576 42/70 81608 11030 21079 39636 40084 57031 8807/ 333 91016 90730 91117==
35582 41698 81411 11026 21081 39518 40117 57028 73632 885// 333 91118=
35594 41999 81307 11074 21107 39298 40148 57027 70232 8802/=
35605 42598 82916 11054 21096 30113 40091 52017 885// 333 91018 91118=
35633 41496 82805 11043 21062 39818 40032 52015 71072 8802/=
35671 41520 81506 11008 21020 39623 40046 57022 77173 885//==
35699 42960 63603 11071 21117 39411 40181 57018 80001==
35700 41570 83111 11048 21088 30132 40108 52020 70273 885// 333 90730 91116==
35715 41598 83009 11054 21100 30095 40080 52010 73633 885// 333 91115=
35739 42699 82708 11036 21093 39917 40057 52013 885//=
35746 41420 82207 11001 21007 39978 40045 58004 78682 883//==
35777 41496 81409 11005 21026 39751 40093 57024 77073 8802/=
35796 42960 60603 11069 21111 39742 40187 57014 80001==
35849 41570 62406 10013 21009 39986 40071 52002 70381 86300==
35895 42998 70405 11071 21084 39714 40167 57029 87050=
35907 42598 73215 11027 21053 30195 40164 52026 87500 333 91015 91117=
35925 41560 62909 11046 21050 39991 40104 52019 72683 86704 333 90730 91113==
35927 41598 63210 11038 21055 30108 52019 70372 85502=
35953 41584 62210 10021 21019 39956 40083 52016 70162 83502==
35969 42584 82005 10036 21065 39921 40091 53006 885//==
35997 42698 81102 10014 21071 39705 40134 57018 8657/=
36259 42984 62301 11312 21348 38291 48583 57006 80002==
36335 42999 81204 11017 21076 39151 40166 58035 8805/=
36358 42999 62004 11088 21129 39176 40215 57023 80002=
36394 42997 21510 11056 21155 39798 40228 57028 80001=
36397 42/84 31618 11076 21140 39648 40223 57028 82041 333 91020 90730 91124==
36403 42998 20807 11027 21150 39860 40223 57032 80002=
36418 42999 21701 11087 21184 39651 40286 57022 80003=
36421 42999 01502 11182 21214 39710 40315 57025=
36428 42/84 22401 11114 21189 39769 40292 57022 81041==
36439 41998 21109 11082 21157 38964 48474 57032 73633 80001=
36498 42998 70000 11038 21142 39405 40200 57025 82031=
36501 42999 51104 11050 21136 39438 40197 57027 80002=
36535 42984 23201 11111 21171 39636 40295 57021 80001==
36546 42999 02401 11077 21136 39727 40281 57027=
36619 42999 20503 11040 21116 82030=
36622 42998 20502 11069 21142 39403 40225 57027 82041=
36639 42984 10000 11013 21155 39585 40188 57029 80001==
36643 42999 02902 11138 21186 39597 40293 57018=
36665 42999 23201 11114 21165 39519 40274 57023 80002=
36666 42999 01402 11121 21165 39768 40283 57026=
36729 42998 01406 11044 21095 39839 40332 58055 333 91116=
36736 42999 41402 10006 21115 39654 40203 57032 80001=
36744 42998 80901 11027 21072 39715 40168 57028 8807/=
36770 42999 70000 10046 21062 39420 40126 57027 80002=
36786 42999 52302 10022 21090 39235 40135 57023 80002=
36796 42998 20000 11096 21167 38967 48425 57021 80001=
36803 42999 21111 11042 21087 39721 40173 57029 80002 333 91119=
36806 42999 01612 11154 21242 39774 40271 57027 333 91018 91122=
36819 42998 80907 10033 21062 39530 40130 57031 83024=
36821 42/84 72502 10016 21068 39666 40150 57015 85032==
36839 42999 82702 10062 21077 39017 40107 57023 82041=
36843 42998 50602 10067 21086 38980 40113 57017 80004=
36846 42999 80503 10024 21117 38544 48436 57012 85072=
36859 42/84 62001 10048 21075 39401 40165 57030 82045==
36870 42660 80501 10019 21064 39124 40121 57016 8327/==
36874 42999 61802 11043 21119 39424 40213 57016 80008=
36877 42699 63201 11005 21081 39425 40423 57026 86931=
36885 42999 60000 10031 21077 39016 40122 57017 85031=
36889 42999 81603 11014 21173 36995 47013 57002 8805/=
36894 42999 70904 10023 21100 39425 40155 57014 83032 333 91118=
36905 42999 71301 10025 21107 38685 48456 57024 82076=
36911 42999 72706 10126 20062 39245 40180 52015 82054=
36927 42699 61402 10037 21092 38321 48487 57015 84950=
36934 42599 80702 10009 21040 38248 48381 57012 87932=
36953 42899 60000 11046 21120 38162 48508 57017 83041=
36963 42799 51404 11045 21202 36987 48/// 57010 82551=
36974 42998 61801 11070 21138 37979 48524 53002 80002=
36982 42999 80701 11090 21229 36493 47053 57008 80007=
37018 42670 61603 10080 20021 30168 40243 57008 85830==
37031 42460 52804 10046 21007 30037 40235 57004 83109==
37054 42670 32505 10035 21035 39843 40232 58002 83500 333 91011 90730 91112==
37061 42560 32908 10025 21031 30056 40228 52002 83500 333 91012 90730 91112==
37085 42570 62808 10013 21039 30249 40221 52004 86500 333 91012 90730 91113==
37171 42570 20703 10088 21019 30227 40245 58008 82100==
37228 42/70 40000 10042 21040 39377 40216 57005 82031==
37235 42670 62804 10026 21034 39916 40238 57003 8650/ 333 90730 91110==
37472 42570 62706 10051 21032 30237 40215 52001 84571 333 91011 90730 91115==
38149 42570 62508 10044 21004 30051 40128 52001 86500==
38178 42570 62608 10043 21051 39821 40106 52012 83570==
38262 42670 62707 10052 21030 30041 40122 54000 86200==
38264 42770 52308 10053 21043 30043 40136 57002 83530==
38345 42698 82501 10113 21009 38725 48440 57009 82536=
38353 42998 62702 10059 21067 39243 40129 53009 82031=
38388 42998 62506 10071 21009 30119 40190 52018 86030=
38392 42597 72709 10065 20015 30042 40145 58002 87500 333 87627=
38396 42560 72510 10064 21014 30033 40157 54000 87500 333 87631==
38403 42/60 72305 10055 21052 30017 40138 52012 87070==
38413 42/70 82605 10046 21005 39849 40139 52044 8807/==
38457 42560 80501 10054 21058 39563 40149 52005 885//==
38462 42584 82304 10043 21095 38721 48460 53007 8792/==
38507 41698 63205 10075 20013 30120 40223 52009 701// 83530=
38545 42598 72702 10041 20023 39993 40170 58001 85550=
38565 12/70 81810 10068 20024 39546 40117 52008 60002 8807/==
38579 12584 71802 10102 21033 39727 40137 54000 60002 83971==
38583 12660 80902 10069 20009 39823 40142 58006 60002 86571==
38599 41996 80704 10037 21055 39638 40156 57017 71022 82032=
38611 41/10 71202 11010 21049 39599 40184 57017 74444 87070==
38613 42998 70101 10030 21066 40587 58016 87020=
38616 42599 71801 10016 21031 39154 40177 58011 87500=
38618 42670 71001 10016 21035 39468 40199 57016 82571==
38647 42699 52605 10086 20021 30160 40202 54000 85800=
38656 41697 82702 10032 20022 30085 40196 52027 725// 885//=
38683 41660 82705 10056 20007 39900 40178 52015 78082 8533/ 333 85940==
38687 42997 73204 10063 20021 39950 40186 52006 87900=
38696 12584 62703 10085 21036 39311 40157 52010 60002 83987==
38713 42999 20000 10118 21122 38982 48460 58008 82030=
38750 42997 71802 10084 20032 30270 40241 52006 80001=
38763 41597 82403 10058 20024 30107 40213 52009 702// 889// 333 88927=
38774 42897 83204 10050 20023 30035 40233 52026 8807/=
38799 42997 53605 10090 20029 39955 40186 54000 83033=
38806 42997 62704 10124 21007 39896 40151 58002 80002=
38812 42960 02206 10120 21025 39711 40157 58002==
38836 41698 50000 10116 21027 39212 40128 58017 71000 84202=
38880 42697 70105 10082 20013 39951 40207 51009 83930=
38886 42597 83305 10063 20040 39972 40201 52005 885//=
38895 42996 33002 10114 20029 39895 40181 58001 80002=
38911 42998 02601 10128 21025 39881 40171 58009=
38915 42997 01203 10133 21050 39855 40172 58015=
38927 12960 00801 10132 21027 39800 40169 57019 60002==
38933 41996 01802 10055 20012 39689 40208 58019 71040=
38944 41993 01101 10035 20030 39609 40151 58009 74440=
38954 42999 20000 10013 21136 37964 48550 58025 80001=
38974 42998 23405 10100 21027 39845 40177 54000 82080=
38987 42996 32103 10166 21067 39427 40145 58022 80002=
40100 43/80 09904 10204 20069 30164 40180 58016 333 58///=
40180 02960 03101 10219 21048 30093 40141 57020 333 70000==
40199 02/// /0205 10209 21031 30118 40143 57023 333 70000==
40265 41940 01416 10138 21139 39404 40202 57015 70700=
40270 41957 00907 10126 21145 39285 40185 57016 70500=
40272 41940 00818 10130 21083 39360 40205 57035 70500=
40340 42960 03611 10198 21046 40151 57023=
40356 42960 01216 10140 21150 39216 48515 333 59034 555 04410 50205=
40357 42960 01806 10134 21150 39568 40217 333 59026=
40360 42960 01208 10116 21170 39597 40200 333 59045=
40361 42960 00809 10151 21200 39424 40225 333 59033=
40362 42960 01003 10144 21110 39699 40227 333 59020=
40373 42960 03606 10144 21060 39803 40230 333 59010=
40375 42660 50000 10137 21090 39278 40160 85200 333 59044 85840=
40394 42960 02112 10178 21070 39060 48533 333 59024 555 04410 50192=
40400 42660 42306 10255 20110 30104 40132 84100 333 59034 84840=
40405 42960 01105 10172 21150 39460 40206 333 59012=
40417 42960 53313 10193 20050 30184 40200 80002 333 59010 85070=
40430 42960 21007 10241 21030 39434 40167 80001 333 59027 82070=
40437 42960 00302 10170 21190 39504 40219 333 59005=
40439 42660 61610 10298 20150 30113 40131 84530 333 59011 84640=
40582 32960 23413 10170 21010 40213 58020 80001 333 55308 00989 10000 22214 30696 41013 51484 62911 55407 41518 82070 90401 91017 91117 91213 91309=
40703 42962 00905 10086 21053 38929 40190 58006 333 70000 555 10034 29037 66666 00042 10034 20030 30052 50086 90126=
40706 42960 12903 10064 21069 38664 40233 58009 80001 333 70000 81070 555 10017 29038 66666 00004 11005 20026 30047 50070 90105=
40712 42970 01402 10087 21065 38684 40207 58008 333 70000 555 10031 29033 66666 01009 11007 20012 30021 50052 90082=
40713 42964 02302 10090 21052 38666 40196 58009 333 70000 555 10036 29036 66666 00012 10036 20057 30072 50095 90134=
40718 41460 81202 10117 20098 30244 40215 58004 72162 8531/ 333 70004 82912 84615 88457 555 10107 29088 66666 00100 10094 20092 30100 50122 90148=
40723 42665 53108 10041 21039 38957 40218 51012 81570 333 70000 81635 85358 555 10012 29056 66666 01002 11004 20018 30032 50058 90096=
40726 42960 00000 10086 21050 38664 40192 57012 333 70000 555 10034 29038 66666 00012 10018 20042 30052 50072 90116=
40727 42965 00000 10083 21048 38492 40199 57013 333 70000 555 10032 29039 66666 01011 10002 20017 30032 50057 90107=
40732 41310 81602 10110 20102 30237 40212 50001 78062 8832/ 333 70100 85707 83917 88557 555 10106 29095 66666 00080 10082 20086 30096 50112 90142=
40736 41459 80704 10103 20070 30248 40222 50005 70262 8632/ 333 70005 85719 81927 88458 555 10088 29080 66666 00078 10076 20080 30092 50110 90148 77777 00/// 10025 20035 30033 50035 70/// 99///=
40737 41558 80504 10086 20073 30202 40220 52008 71062 8352/ 333 70002 83627 88457 555 10080 29092 66666 00090 10082 20092 30094 50126 90148 77777 00030 10016 20028 30038 50060 70/// 99072=
40738 41556 70000 10096 20066 30244 40246 55003 71021 83570 333 70000 83630 87458 555 10082 29081 66666 00080 10074 20078 30090 50116 90152=
40739 42565 10902 10042 21053 38685 40222 58003 81100 333 70000 81830 555 10008 29050 66666 00018 10020 21002 30014 50038 90103=
40741 42960 03410 10102 20036 39843 40177 50001 333 70000 555 10073 29064 66666 00095 10073 20076 30079 50102 90143=
40743 42970 02804 10056 21051 39071 40216 54000 333 70000 555 10018 29046 66666 00061 10038 20048 30081 50122 90164=
40745 42960 00000 10111 21010 39019 40178 58006 333 70000 555 10060 29043 66666 00000 10000 20024 30048 50070 90130=
40747 42965 01802 10094 21087 38654 40221 58015 333 70000 555 10030 29027 66666 00025 10012 20036 30060 50081 90129=
40754 41957 03303 10117 21087 38812 40168 58014 70500 333 70000 555 10044 29023=
40762 42965 00000 10063 21086 38543 40200 58009 333 70000 555 10012 29034 66666 00008 10006 20008 30032 50072 90122=
40766 42960 02004 10097 21157 38721 40233 58015 333 70000 555 10021 29015 66666 00036 10040 20058 30090 50142 90140=
40768 42965 01302 10113 21129 38261 40186 57009 333 70000 555 10032 29017 66666 00049 10032 20019 30040 50049 90088=
40769 42960 00000 10079 21059 38302 40192 58012 333 70000 555 10027 29037 66666 00010 10024 20038 30046 50086 90142=
40780 42960 01602 10140 21074 38708 40222 58011 333 70000 555 10058 29022 66666 00054 10040 20056 30060 50090 90132=
40782 42965 02501 10107 21071 38895 40226 58017 333 70000 555 10042 29028 66666 00046 10032 20054 30062 50104 90146=
40785 42960 00803 10111 21054 39089 40205 57012 333 70000 555 10049 29031 66666 00092 10061 20076 30074 50116 90176 77777 00/// 10000 20/// 30/// 50/// 70/// 99///=
40791 42965 01501 10111 21150 39367 40207 57017 333 70000 555 10033 29015 66666 00098 10090 20086 30106 50136 90190=
40792 42968 01802 10124 21165 38717 40176 57015 333 70000 555 10035 29012 66666 00088 10074 20060 30074 50116 90166=
40798 42960 02002 10085 21141 37967 40217 57022 333 70000 555 10012 29019 66666 00002 11012 20005 30034 50071 90112=
40800 42960 01002 10125 21112 38474 40213 57017 333 70000 555 10042 29018 66666 00106 10042 20046 30084 50112 90156=
40809 42970 02802 10121 21199 38495 40189 57018 333 70000 555 10029 29009 66666 00095 10043 20041 30074 50114 90166=
40811 42960 03201 10147 20029 30169 40196 57018 80001 333 70000 81070 555 10094 29045 66666 00128 10122 20146 30162 50192 90234=
40812 42960 03502 10176 21001 39798 40176 57020 3333 70000 555 10099 29030 66666 00146 10126 20126 30148 50176 90224=
40818 42978 03602 10110 21235 37990 40180 57021 333 70000 555 10017 29007 66666 00048 10030 20044 30065 50068 90070=
40821 42965 01202 10157 21161 38789 40190 57019 333 70000 555 10054 29010 66666 00126 10090 20087 30104 50130 90176=
40829 42960 00302 10116 21096 39640 40232 56025 333 70000 555 10045 29022 66666 00104 10068 20082 30084 50144 90202=
40831 42960 02907 10164 20013 30203 40211 58014 333 70000 555 10098 29036 66666 00180 10142 20162 30174 50204 90354=
40833 41958 02602 10160 21004 30170 40203 58017 70500 333 70000 555 10091 29033 66666 00170 10154 20158 30160 50216 90242=
40835 42960 00000 10174 21030 39350 40194 57022 333 70000 555 10088 29025 66666 00140 10120 20116 30136 50160 90196=
40841 42970 01902 10137 21168 38242 40187 57022 333 70000 555 10039 29011 66666 00068 10058 20080 30114 50150 90190=
40845 42960 03106 10173 20073 30190 40195 57019 333 70000 555 10123 29052 66666 00180 10170 20166 30174 50198 90226=
40848 42960 20602 10114 21070 38534 40199 57019 80001 333 70000 82070 555 10044 29027 66666 00088 10068 20070 30092 50116 90154 77777 00/// 10/// 20/// 30/// 50/// 70/// 99///=
40854 42960 00203 10154 21174 38950 40158 57015 333 70000 555 10052 29009 66666 00180 10110 20112 30140 50180 90238=
40856 42965 01505 10144 21348 38643 40201 57023 333 70000 555 10035 29002 66666 00104 10064 20064 30098 50134 90180=
40859 42960 11902 10158 21143 38713 40184 58020 80001 333 70000 81070 555 10056 29011 66666 00170 10112 20106 30134 50152 90187=
40875 41957 41904 10233 20015 30153 40164 57020 70511 80005 333 70000 84270 555 10131 29024 66666 00202 10188 20204 30216 50252 90282=
40879 42970 20000 10180 21188 39490 40181 57029 80002 333 70000 82070 555 10068 29007 66666 00200 10174 20176 30192 50214 90268=
40882 42960 42403 10244 20118 30124 40159 58020 80001 333 70000 84070 555 10172 29045 66666 00262 10228 20226 30238 50248 90280=
40883 41956 00403 10224 20039 30148 40171 58010 70500 80000 333 70000 555 10134 29030 66666 00189 10178 20204 30250 50252 90282=
40893 41958 53006 10238 21017 30141 40146 57026 70500 80001 333 70000 85068 555 10125 29018 66666 00221 10221 20234 30237 50258 90241=
40898 42960 01503 10242 21031 30123 40132 58042 222// 00244 20900 333 70000 555 10124 29016 66666 00322 10270 20252 30272 50282 90300=
41024 41658 22004 10317 20180 30107 40132 70500 82500 333 59011 82640=
41036 42960 00000 10230 20060 38576 48526 333 59014 555 04410 50146=
41055 42960 01205 10221 21040 38379 48527 333 59014 555 04410 50150=
41061 42960 01412 10215 21130 39472 40182 333 59008=
41084 42960 00702 10213 21060 38874 48526 333 59009 555 04410 50146=
41112 42960 02004 10203 21040 37960 48529 333 59006 555 04410 50117=
41114 42960 02506 10223 21120 37996 48531 333 59006 555 04410 50119=
41128 42960 01004 10195 21090 38842 48542 333 59008 555 04410 50187=
41136 42960 00606 10216 21100 39376 40200 333 58001=
41140 42560 21410 10301 20210 30137 40142 82100 333 59002 82830=
41150 42966 53016 10189 20106 40191 80001 333 59011 85080=
41170 42967 23111 10217 20094 30169 40182 80001 333 59011=
41176 44/70 /3507 10218 20098 30180 40186 333 59010=
41184 42660 39903 10234 20106 40166 82501 333 58002 82640=
41194 42660 42907 10245 20109 30156 40162 81101 333 59002 81845 83075=
41196 42660 42909 10242 20106 30125 40166 81101 333 59001 81845 83075=
41216 42660 43113 10237 20137 30164 40168 84500 333 59008 84640=
41217 42660 43013 10245 20126 30134 40163 84500 333 59009 84645=
41246 31558 40308 10248 20126 30148 41131 70600 83401 333 59008 83630=
41254 26/// /1804 10131 20047 38036 49812 333 0E001 55300 25022 59003 70002=
41255 36/// /1404 10235 20063 39620 40126 333 0E015 59003=
41257 36/// /0303 10233 20080 39654 40147 333 0E015 55300 21479 59007=
41263 36/// /2405 10234 20061 39561 40119 333 0E015 55300 22598 59003=
41265 36/// /0203 10229 20084 39555 40118 333 0E017 55300 22532 59004=
41267 36/// /0007 10250 20151 30134 40147 333 0E022 59005=
41268 32560 40306 10253 20132 30092 41122 84500 333 59005 84625=
41275 36/// /3314 10249 20096 39997 40166 333 0E014 55300 22638 59004=
41288 31958 02807 10242 20135 30135 40157 70544 333 59004=
41304 36/// /3215 10225 20041 39855 40172 333 0E009 55300 22827 59009=
41315 36/70 /3334 10192 20032 39320 48033 333 0E015 55300 27865 59018=
41316 32986 03615 10258 20040 30139 40169 333 59001 55407 55408 55507 55508=
41396 42960 10406 10216 21036 39454 40179 80001 333 58000 81070=
41480 41458 20912 10276 20161 30156 40165 70544 82100 333 58001 82818=
41506 12960 03602 10120 21049 38533 48310 60001 333 58015==
41508 12960 02301 10144 21084 38662 48340 60001 333 59011==
41516 11440 10000 10110 21090 38574 48310 60001 70400 81100 333 56800 58011==
41517 11440 20000 10045 21108 37816 48420 60001 70411 81530 333 56880 58000==
41518 12460 23601 10100 21115 30001 48010 60001 82200 333 56800 58000==
41519 12960 00000 10110 21044 38795 48320 60001 333 59001==
41523 12960 02302 10150 21010 39091 48130 60001 333 59002==
41535 12960 01301 10150 21099 38716 48880 60001 333 59004==
41536 12960 00000 10160 21028 39041 48150 60001 333 59009==
41560 12960 00000 10155 21144 38286 48090 60001 333 59009==
41571 11940 02703 10180 21008 39586 40168 60001 70500 333 58006==
41598 11940 01301 10185 20078 39883 40156 60001 70400 333 58009==
41600 11940 01301 10195 20091 30000 40162 60001 70400 333 58013==
41620 11940 03601 10140 21098 38580 48840 60001 70500 333 58001==
41624 12940 00901 10195 20067 30000 40153 60001 333 58000==
41630 11920 01302 10185 20078 30000 40163 60001 70400 333 58000==
41640 11940 01301 10190 20085 39913 40162 60001 70400 333 58011==
41660 12960 01303 10100 21148 38424 48140 60001 333 59008==
41678 11940 00000 10210 20048 30000 40150 60001 70500 333 59008==
41696 12960 03101 10110 21030 38049 48670 60001 333 58007==
41697 12960 00000 10230 20023 30000 40154 60001 333 58002==
41700 11920 00000 10205 20054 30000 40144 60001 70500 333 58000==
41710 12960 00000 10130 21127 30000 40166 60001 333 59017==
41712 12960 01302 10110 21090 39215 48180 60001 333 59016==
41715 11940 02701 10210 20062 30000 40147 60001 70500 333 59007==
41718 11920 00000 10210 20088 30000 40145 60001 70500 333 58001==
41725 12940 03602 10210 20048 30000 40136 60001 333 59013==
41739 11940 03602 10155 21060 39077 48320 60001 70500 333 59014==
41744 12940 00000 10195 21024 38801 48290 60001 333 59008==
41749 11940 03603 10235 20086 30000 40158 60001 70400 333 58003==
41757 12940 33602 10230 20000 30146 40159 60001 80001 333 56008 59003==
41759 11940 23602 10240 21043 30000 40145 60001 70500 82030 333 56080 59010==
41764 11940 03604 10230 20035 30086 40137 60001 70400 333 59007==
41768 12940 03602 10265 20035 30000 40146 60001 333 59016==
41780 12940 43604 10260 21015 30105 40132 60001 80001 333 59008==
41785 12940 43602 10230 20019 30128 40141 60001 80001 333 56008 59015==
41859 01950 00502 10271 20140 30090 40127 70500 333 58016 70000==
41883 02956 00000 10272 20140 30103 40123 333 58013 70000==
41891 01450 21802 10265 20160 30078 40117 70511 82500 333 58010 70000 82616==
41907 01940 03102 10268 20130 30106 40121 70500 333 58010 70000==
41923 01440 50000 10262 20150 30113 40122 70522 82530 333 58012 70000 82615 85360==
41936 01/30 23603 10268 20150 30112 40119 70511 82030 333 58012 70000 82362==
41943 01440 61302 10268 20120 30114 40121 70522 83530 333 58011 70000 83616 84362==
41950 01945 30000 10271 20130 30119 40121 70522 80001 333 58008 70000 83080==
41978 02458 42707 10287 20150 30111 40118 82501 333 58018 70000 82618 83074==
41992 01930 43308 10310 20180 30114 40116 70521 84001 333 58013 70000 84080==
42027 31994 23202 10069 21024 38429 48516 70521 80001 333 59010=
42101 31995 02003 10196 20129 40164 70500 333 58016=
42111 31995 02301 10212 20116 39447 40138 70500 333 58025=
42123 32996 00501 10200 20043 40150 333 58002=
42131 31995 00902 10196 20104 40148 70500 333 58000=
42165 32996 00000 10212 21020 40134 333 59001=
42182 31994 09902 10224 20090 40147 70400 333 58013=
42189 31995 00000 10216 20103 40155 70500 333 58024=
42309 32596 10201 10256 20120 40126 81100 333 58004=
42314 32996 23603 10268 20114 40124 82030 333 58005 82360=
42328 31995 03603 10218 20001 40115 70500 333 59005=
42339 31995 00902 10240 20083 40113 70500 333 59013=
42348 31994 00710 10212 20088 40141 70400 333 59006=
42361 31994 00501 10240 20117 40135 70500 333 58002=
42369 31995 00902 10238 20105 40147 70500 333 58016=
42379 31995 00000 10246 20111 40137 70500 333 58012=
42410 31596 10000 10256 20162 40126 70500 81500 333 58014 81620=
42415 32996 00000 10264 20118 40130 333 58007=
42452 31995 00903 10246 20065 40111 70500 333 59011=
42492 31995 00000 10256 20106 40135 70500 333 58010=
42559 32996 01402 10254 20089 40105 333 59002=
42571 31996 00000 10254 20099 40119 70500 333 58003=
42591 31995 00000 10254 20122 40134 70500 333 58005=
42623 31496 31403 10244 20140 39253 40106 70510 82530 333 58016 826180 83360=
42634 32996 00503 10250 20042 40126 333 58002=
42647 31996 03403 10292 20116 40106 70400 333 58001=
42667 31995 01102 10264 20048 39529 40106 70500 333 59004=
42675 31996 03602 10264 20109 40110 70500 333 59005=
42701 31996 01402 10252 20100 39390 40107 70500 333 58007=
42724 31595 53401 10268 20161 40118 70522 82530 333 58010 82620 84360=
42737 32996 03205 10300 20109 40110 333 58000=
42754 32996 01404 10288 20114 39470 40090 333 59001=
42779 32996 31802 10288 20193 39422 40102 80001 333 58002 83075=
42798 31995 00000 10268 20132 40120 70500 333 58009=
42809 31595 33602 10264 20147 40127 70522 84530 333 58013 83360=
42840 32996 03602 10302 20149 40099 333 58001=
42867 31995 10503 10294 20129 40104 70500 80001 333 59002 81075=
42874 31596 40902 10284 20192 40109 70520 82530 333 58000 82620 84360=
42886 31596 21104 10284 20166 40121 70500 81530 333 58009 81620=
42909 32996 02505 10278 20166 40103 222// 20000 333 58000=
42971 31595 70202 10268 20132 40132 70522 84530 333 58017 84620 87360=
43003 31995 00000 10302 20165 40092 70400 333 58004=
43014 31996 03504 10292 20154 39448 40078 70544 333 58003=
43041 31596 80703 10272 20195 39489 40093 70522 8451/ 333 58006 84625 88458=
43063 32997 00000 10314 20117 39468 40071 333 59006=
43086 32597 20000 10302 20161 39913 40087 81530 333 59005=
43110 31995 02703 10314 20173 40092 70544 333 59001=
43117 32997 51402 10330 20177 40073 80001 333 59001=
43128 32597 49902 10294 20179 39486 40077 82530 333 59004 82620 84360=
43150 21596 80509 10256 20220 30046 40107 75052 8457/ 333 58006 6990/ 84618 88458=
43185 22597 80708 10288 20238 30076 40079 8557/ 333 58000 6990/ 85620 86360=
43189 32597 83602 10272 20237 30088 40097 8387/ 333 58003=
43192 32996 22303 10320 20199 40080 80002 333 59007=
43198 32496 41404 10296 20163 39261 40075 83501 333 56309 59002 83612=
43201 32497 40502 10292 20180 39346 40053 83501 333 59002 83612=
43213 32597 60000 10310 20211 39755 40065 83870 333 58000=
43233 32497 51105 10292 20217 39275 40071 83830 333 59006=
43237 32597 50702 10300 20206 39665 40049 83870 333 59005 82620 83360=
43245 21596 80906 10260 20251 30052 40078 72152 84872 333 59005 6996/=
43279 21596 70504 10280 20243 30055 40072 72022 84430 333 59008 6994/ 83620 84360=
43284 31496 32508 10320 20243 39953 40066 70500 81801 333 59005 81618 83075=
43295 32497 70502 10260 20191 39073 48490 84831 333 59004 82612 83818 85358=
43314 32997 02304 10334 20240 40073 333 59007=
43321 31496 51104 10330 20204 39624 40057 70522 82501 333 59004 82612 85070=
43329 32597 80503 10298 20282 30053 40066 8357/ 333 59001=
43333 31496 50704 10290 20235 40088 70522 83401 333 58009 81618 83070=
43344 31496 63205 10312 20234 39970 40068 70522 84801 333 59003 83616 83820=
43353 31905 02705 10306 20230 40071 70521 333 56590 59007=
43369 32597 41402 10318 20280 40079 82432 333 58001 82620=
43371 31596 42702 10328 20246 30003 40074 70500 82501 333 59006 82620=
43404 22470 63502 10310 20262 30059 40062 55033 81000 333 553// 20355 59003 60008 91004 555 60008==
43410 22470 70302 10299 20248 30062 40065 57032 85000 333 59002 60008==
43413 22/70 73603 10295 20253 30068 40072 5/034 333 553// 20349 59003 60008 81818 91005==
43415 22470 42903 10314 20239 39969 40077 56030 84000 333 59001 60008 555 60008==
43418 22470 63201 10290 20249 30028 40069 57029 86100 333 59001 60008 555 60008==
43421 21470 63102 10294 20259 39966 40070 57032 70328 86000 333 553// 20115 59001 60008 91004 555 69958==
43422 21460 72701 10257 20247 39939 40073 58027 78088 86200 333 58000 60098 555 60098==
43424 22470 13202 10295 20237 30071 40073 57023 81100 333 59003 60008 555 60008==
43436 22/70 50501 10297 20255 30064 40067 57033 333 58001 60008 555 60008==
43441 22470 62302 10312 20234 39932 40062 56032 86200 333 59007 60008 555 60008==
43444 22470 72301 10286 20232 39540 40069 57031 85201 333 59006 60008 555 60008==
43450 22470 52305 10312 20255 30078 40090 57018 83000 333 58007 60008 555 60028==
43466 22470 62802 10301 20233 30065 40073 5/033 84201 333 553// 20392 59002 60008 91004 555 69918==
43467 22470 52701 10310 20249 30069 40075 57032 85200 333 58000 60008 555 60068==
43473 22470 83102 10188 20168 38106 48479 53024 88000 333 553// 20119 58000 60008 91004 555 60008==
43475 22470 41602 10306 20256 30061 40065 57037 84000 333 553// 20257 58000 60008 91004 555 60008==
43476 21460 70901 10232 20196 38748 48496 5/027 70521 86000 333 58000 60008 555 60008==
43479 22/70 73502 10264 20213 39233 57025 333 58002 60008 84/16 555 60008==
43486 21465 83102 10301 20235 39971 40069 51037 70552 83000 333 553// 20339 58002 60008 91004==
43495 22470 42902 10292 20257 30059 40072 56/// 83000 333 58005 60008==
43497 22470 72205 10312 20000 30047 40064 5/033 83000 333 553// 20361 58001 60008 91008==
44212 42984 30000 11227 21268 39256 40522 52008 80004==
44213 42/84 50000 11237 21288 38886 40517 52006 85010==
44214 42970 62704 11197 21274 38309 40468 58003 80008==
44215 41970 41801 11253 21283 38464 40535 52003 70271 80004==
44217 32998 50000 11224 21280 37859 40525 57007 85070 333 91202=
44218 41984 22501 11220 21262 38680 40508 53006 77600 80004==
44219 32999 01501 11251 21284 38694 40528 52006 333 91202=
44265 42984 40801 11171 21216 38885 40409 57012 80004==
44266 32999 00000 11165 21228 37780 40447 54000 333 91202=
44404 42358 10909 10137 20024 38139 48471 81100 333 58011=
44416 42560 11805 10214 20124 39375 40157 81100 333 58019=
44424 42960 02108 10168 21078 37651 47063 80000 333 58002=
44434 41560 11403 10202 20118 39240 48516 70140 81100 333 58021=
44438 42958 01804 10258 20091 30023 40151 80000 333 58022=
44449 42560 11501 10256 20210 39975 40132 81100 333 58017=
44454 42457 22204 10174 20074 38664 48498 82100 333 58011=
44462 42360 30902 10140 20063 38260 48479 83400 333 58018=
44474 42256 20504 10163 20066 38252 48492 82100 333 58018=
44477 42558 31901 10190 20116 38820 48526 83100 333 58015=
44478 42958 02402 10280 20190 30037 40119 80000 333 58011=
48010 42557 43601 10265 20160 39971 40122 82802 333 58008==
48020 42460 33601 10255 20160 81402==
48025 42456 52202 10272 20191 39996 40135 83840 333 58008==
48048 42560 20401 10306 20237 30061 40116 82800 333 58012==
48052 32958 00000 10341 20206 333=
48062 42558 40905 10320 20281 30093 40099 82831 333 58005==
48064 42958 21401 10290 20230 30029 40085 80002 333 58008==
48094 42559 50402 10320 20220 30093 40103 82846 333 58013==
48109 42460 30401 10310 20254 30109 40110 83800 333 58022==
51076 14/77 /2600 11090 21168 39393 40342 57025 60001 333 11083 21189 3/104 4/008 59033 70000 90761 91103==
51087 14/71 /1501 11111 21184 39246 40354 57019 60001 333 11101 21203 3/107 4/007 59028 70000 90761 91104==
51156 14/80 /0501 11094 21172 38698 40327 57010 60001 333 11060 21190 3/115 4/001 59029 70000 90761 91104==
51243 14/64 /0700 11143 21194 39751 40352 57015 60001 333 11116 21195 3/113 4/001 59028 70000 90761 91103==
51334 14/57 /2001 11138 21190 39903 40346 57012 60001 70500 333 11095 21218 3/111 4/007 59032 70000 90761 91103==
51379 14/56 /0701 11119 21170 39309 40349 57024 60001 70500 333 11119 21258 3/107 4/014 59039 70000 90761 91104==
51463 14/59 /3101 11117 21161 39047 40333 57016 60001 333 11103 21185 3/101 4/025 59036 70000 90761 91104==
51573 14/59 /1801 11026 21140 30304 40357 57017 60001 333 11023 21105 3/117 59016 70000 90761 91103==
51644 14/50 /3501 11068 21137 39013 40354 57022 60001 70500 333 11055 21164 3/106 4/005 59011 70000 90761 91105==
51656 14/56 /2202 11060 21106 39231 40357 57021 69911 70500 333 11059 21106 3/110 4/003 59016 70001 90761 91105==
51709 14/57 /1502 11027 21110 38663 40322 57024 60001 333 11021 21112 3/112 59015 70000 90761 91104==
51711 14/69 /1003 11045 21152 38017 40257 57015 60001 333 11042 21168 3/122 59011 70000 90761 91106==
51716 14/56 /0301 11012 21108 38966 40323 57024 60001 70500 333 11009 21111 3/114 59016 70000 90761 91103==
51765 14/61 /2503 11058 21123 39301 40378 57017 60001 333 11055 21172 3/118 59012 70000 90761 91106==
51811 14/60 /1301 11014 21115 38837 40327 57021 60001 333 11012 21128 3/119 59018 70000 90761 91103==
51818 14/62 /0702 11022 21123 38680 40321 57017 60001 333 11019 21134 3/120 59014 70000 90761 91104==
51886 14/80 /2101 11050 21229 37111 40314 57007 60001 333 11019 21173 3/122 58000 70000 90761 91103==
52203 14/59 /1802 11058 21148 39421 40372 57009 60001 333 11039 21157 3/121 59008 70000 90761 91104==
52602 14/80 /3402 11024 21198 37271 40334 57007 60001 333 11007 21216 3/125 58001 70000 90761 91104==
52818 14/80 /2902 11005 21134 37238 40293 57001 60001 333 11003 21153 3/120 59014 70000 90761 91105==
52908 14/65 /2911 11039 21311 35754 40238 57005 60001 333 11032 21191 3/123 59011 70000 90761 91123==
55228 04980 /2207 10010 21396 36012 40094 57019 60002 70000 333 10015 21124 3/120 54405 59020 60001 70000 90720 91117=
55299 14/80 /2706 10038 21306 35853 40207 57016 60001 333 10041 21209 3/125 59024 70000 90761 91119==
55578 04980 /3402 10092 21286 36375 40171 57034 60002 70000 333 10102 21144 3/116 54415 59013 60001 70000 90720 91104=
55591 14/80 /1401 10099 21281 36514 40086 57037 60001 333 10126 21058 3/114 59007 70000 90761 91105==
55664 04980 /2305 10074 21352 36013 40160 57025 60002 70000 333 10078 21146 3/117 54405 59013 60001 70000 90720 91113=
55773 04980 /2008 10068 21239 36018 40149 57018 60002 70000 333 10077 21144 3/121 54415 58002 60001 70000 90720 91112=
56004 14/58 /2907 11023 21310 35815 40262 57006 60001 333 11010 21221 3/128 59012 70000 90761 91124==
56018 14/62 /2607 10042 21303 36163 40177 57023 60001 333 10044 21175 3/120 59010 70000 90761 91116==
56312 04980 /2404 10103 21099 37068 40141 57039 60002 70000 333 10114 21067 3/107 58001 60001 70000 90720 91106=
62306 21560 62710 10147 20128 40194 57003 70262 86800 333 69947==
62309 42560 83206 10156 20142 40170 57005 8322/==
62325 42960 00105 10208 20106 40162 57015==
62332 42560 10209 10200 20127 40154 57013 81100==
62337 42960 00000 10194 20096 40150 57013==
62366 42560 30707 10191 20111 40148 57018 83200==
62387 41920 01503 10148 20105 40165 57005 71000==
62393 42960 02313 10154 20090 40186 57006==
62405 41956 00602 10203 20061 40155 57010 70500==
62414 41957 03605 10219 20032 40154 57008 70500==
62419 42960 03304 10217 20068 40158 57002==
62420 42/60 53503 10165 20110 40181 57002 85050==
62423 N=
62435 42960 21002 10176 20082 40172 57005 80001==
62440 42960 00306 10196 20095 40157 57012==
62455 42960 03409 10183 20106 40151 57013==
62458 42960 03104 10191 20044 40151 57010==
62459 42560 43204 10210 20099 40139 57015 82140==
62465 42960 03406 10230 20071 40124 57010==
41256 31558 53410 10242 20147 30133 40150 70511 83830 90845 333 59008 55407 55408 55507 55508 83825 85360=
40420 42960 03412 10178 20000 39994 40204 90849 333 59007=
