SMPK OPKC 091200=
41504 02697 32704 10270 20060 37756 48344 60002 83200 333 10300 56900 59042 60007 83845 26%= 
41505 12697 40000 10270 20129 38/// 48/// 60002 82430 333 10320 56990 58/// 60007 82840 83360 42%=
41506 02697 61810 10300 20085 38403 48397 60002 84520 333 10343 56990 59022 60007 84640 84460 26%=
41507 02997 00000 10335 20195 39181 49662 60002 333 10340 59019 60007 44%=
41508 02697 22702 10300 20152 38588 48466 60002 82200 333 10325 59021 60007 82835 41%=
41509 02697 62306 10315 20142 38647 48403 60002 82520 333 10345 56990 59018 60007 82640 83460 35%=
41510 02697 32302 10230 20085 37861 48427 60002 81230 333 10262 56990 59014 60007 81840 82360 39%=
41515 02697 32314 10310 20156 38463 48425 60002 83500 333 10335 56900 58024 60007 83650 39%=
41516 02696 40000 10310 20165 38425 48379 60002 84400 333 10335 56900 59026 60007 84840 42%=
41517 02697 40000 10255 20119 37722 48380 60002 83530 333 10286 56990 59035 60007 83635 81360 43%=
41518 02697 31802 10356 20095 38/// 48/// 60002 82230 333 10361 56990 5//// 60007 82840 81362 20%=
41519 02697 30000 10370 20100 38640 48397 60002 83200 333 10375 56900 59003 60007 83840 19%=
41520 02697 31802 10250 20054 37582 48149 83400 333 10275 56900 59018 60007 83840 28%=
41523 02997 00000 10330 20209 38992 48450 60002 333 10350 59009 60007 49%=
41524 02997 01802 10350 20171 39199 49992 60002 333 10370 59031 60007 35%=
41525 12697 23604 10230 20145 37663 48329 60002 82200 333 10240 56900 59025 82840 59%=
41528 02997 00000 10340 20195 39131 48470 60002 333 10349 59004 60007 43%=
41529 02696 40502 10355 20243 39640 49994 60002 82530 333 10370 59017 60007 82640 82360 52%=
41530 01696 73608 10340 20216 39591 49976 60002 71322 84930 333 10365 56990 59027 60007 81930 83840 85360 49%=
41534 02997 00000 10355 20243 39596 49980 60002 333 10365 59025 60007 52%=
41535 02997 01302 10280 20183 38637 48417 60002 333 10306 59025 60007 55%=
41536 02997 00000 10290 20203 38937 48440 60002 333 10335 59027 60007 59%=
41560 02997 01304 10270 20154 38244 48457 60002 333 10290 59014 60007 48%=
41562 02997 20906 10360 20240 39552 49984 60002 82030 333 10370 59032 60007 82360 50%=
41565 02696 40000 10272 20220 38639 48414 60002 82520 333 10300 56990 58018 60007 82635 82460 74%=
41567 01996 00000 10350 20237 39643 40033 60002 70400 333 10355 58013 60007 52%=
41571 12697 23112 10330 20200 39439 49983 60002 82030 333 10352 56090 59031 46%=
41572 01696 22706 10335 20239 39378 49959 60002 70400 82500 333 10347 56900 59030 60007 82640 57%=
41573 02495 61302 10215 20186 37946 48446 60002 86600 333 10250 56900 59009 60007 82710 84640 83%=
41574 02697 32302 10270 20175 38294 48460 60002 83400 333 10290 56900 59014 60007 83640 56%=
41576 02697 20000 10355 20259 40002 60002 82400 333 10360 56900 59026 60007 82840 58%=
41577 01696 12302 10335 20239 39420 49996 60002 70400 81030 333 10355 56090 59018 60007 81360 57%=
41593 01996 20000 10370 20260 39781 49977 60002 70411 82030 333 10383 56090 59029 60007 82360 54%=
41597 02997 30000 10350 20283 39718 49995 60002 83030 333 10360 56090 59026 60007 83362 68%=
41598 01996 00000 10355 20274 39724 49977 60002 70400 333 10367 59027 60007 63%=
41599 01696 22304 10350 20261 39719 49990 60002 70410 82400 333 10361 56900 59027 60007 82640 60%=
41600 01996 33102 10350 20253 39705 49980 60002 70412 83070 333 10355 56090 59026 60007 83363 57%=
41620 32696 20502 10350 20007 38485 48389 60002 82500 333 10355 56900 59023 60007 82640 11%=
41624 02997 00504 10365 20246 39793 40980 60002 333 10375 59028 60007 51%=
41625 01996 00000 10370 20260 39780 49965 60002 70400 333 10385 59035 60007 54%=
41630 01696 40000 10360 20264 49989 60002 70410 84400 333 10372 56900 59030 60007 84640 58%=
41633 02997 30000 10375 20266 4//// 60002 83030 333 10395 56090 5//// 60007 83360 54%=
41634 02697 20000 10340 20229 3//// 4//// 60002 82600 333 10345 56900 5//// 60007 82640 52%=
41635 02697 12702 10385 20254 3//// 4//// 60002 81100 333 10390 56900 5//// 60007 81840 48%=
41636 01996 00000 10375 20274 39815 49987 60002 70400 333 10385 59036 60007 56%=
41638 01696 30000 10365 20256 4//// 60002 70400 83500 333 10382 56900 5//// 60007 83640 55%=
41639 02997 20502 10370 20244 3//// 4//// 60002 82030 333 10375 56090 5//// 60007 82360 49%=
41640 01696 33102 10350 20237 39751 49983 60002 70400 83530 333 10363 56990 59029 60007 83640 52%=
41641 01696 23208 10350 20211 39729 49986 60002 70511 82400 333 10362 56900 59029 60007 82640 45%=
41642 02697 20000 10340 20286 3//// 4//// 60002 82500 333 10346 56900 5//// 60007 82640 74%=
41643 01696 32702 10345 20263 39726 49985 60002 70410 83400 333 10364 56900 59028 60007 83640 62%=
41644 02997 10000 10350 20276 4//// 60002 81030 333 10355 56090 5//// 60007 81362 65%=
41646 01996 00000 10375 20250 39804 40000 60002 70500 333 10380 59028 60007 49%=
41652 01696 20000 10360 20264 39822 49989 60002 70400 82500 333 10375 56900 59031 60007 82640 58%=
41660 02797 12318 10310 21109 38371 48453 60002 81400 333 10325 56900 59019 60007 81850 08%=
41661 02997 02302 10320 20002 38326 48441 60002 333 10345 59017 60007 13%=
41669 02997 00000 10390 20260 3//// 4//// 60002 333 10405 5//// 60007 48%=
41670 01996 00000 10355 20266 3//// 4//// 60002 70400 333 10370 5//// 60007 60%=
41674 01696 21804 10360 20264 3//// 4//// 60002 70400 8240/ 333 10375 5690/ 5//// 60007 82840 58%=
41675 01696 31804 10370 20236 39847 49980 60002 70500 83400 333 10382 56900 59030 60007 83800 46%=
41676 01996 20000 10375 20289 39884 40030 60002 70400 82030 333 10385 56090 59020 60007 82361 62%=
41677 01996 00000 10370 20252 39821 49977 60002 70400 333 10385 59030 60007 51%=
41678 01996 00000 10380 20240 49984 60002 70500 333 10390 59036 60007 45%=
41679 01996 30000 10335 20274 4//// 60002 70411 83030 333 10352 56090 5//// 60007 83360 70%=
41680 01696 20000 10365 20262 39802 49986 60002 70410 82400 333 10375 56900 59025 60007 82840 56%=
41685 02697 22302 10335 20205 38819 48429 60002 82200 333 10345 56900 59024 60007 82840 47%= 
41696 02997 00000 10260 20043 37995 48483 60002 333 10290 58006 60007 RH25%=
41697 02997 02308 10390 20235 39829 49975 60002 333 10420 59028 60007 41%=
41700 01996 32704 10390 20244 39857 49975 60002 70500 83030 333 10402 56090 59031 60007 83360 44%=
41701 01696 31806 10380 20248 39850 49983 60002 70500 83020 333 10384 56900 59036 60007 83640 47%=
41710 11996 03116 10380 21082 39247 49956 60002 70700 333 10410 59018 05%=
41712 11996 00508 10405 21043 39088 48463 60002 70600 333 10415 59017 06%=
41715 01996 01302 10365 20265 39922 49983 60002 70500 333 10380 59028 60007 56%=
41716 01996 02706 10375 20258 39894 49990 60002 70400 333 10385 59028 60007 52%=
41718 01996 00000 10380 20287 39898 49994 60002 70400 333 10401 58030 60007 59%=
41724 02996 02706 10400 20248 39923 49996 60002 333 10405 59029 60007 42%= 
41725 02996 00000 10390 20244 39900 49973 60002 333 10395 59033 60007 44%=
41726 02996 00000 10400 20264 39959 40026 60002 333 10410 59007 60007 47%=
41738 02996 02318 10400 20203 39823 49990 60002 333 10405 59028 60007 32%= 
41739 01996 03116 10380 20003 38964 48462 60002 70500 333 10385 59002 60007 09%=
41742 12997 01808 10380 20240 39888 49985 60002 333 10384 59022 45%=
41743 21696 02302 10395 20266 60002 70500 333 10400 60007 48%=
41744 12996 00000 10340 20057 38695 48435 60002 333 10355 59012 17%=
41745 01996 01804 10365 20262 60002 70500 333 10380 60007 56%=
41746 02996 01802 10370 20276 39930 49981 60002 333 10385 59030 60007 59%=
41747 02996 01306 10380 20256 39931 49986 60002 333 10395 59022 60007 50%=
41748 02996 01304 10380 20256 39935 49995 60002 333 10390 59029 60007 50%=
41749 02996 01306 10370 20268 39957 49990 60002 333 10380 59028 60007 56%=
41756 01996 02310 10325 20248 39945 40008 60002 70504 333 10330 59029 60007 64%=
41757 11996 02318 10315 20260 30010 40022 60002 70400 333 10340 58032 72%= 
41759 01996 02310 10315 20260 39999 40004 60002 70500 333 10350 59030 60007 72%=
41760 01595 22316 10305 20249 31000 40013 60002 70600 82600 333 10333 56900 59027 60007 82720 72%=
41764 02996 02110 10345 20249 39946 49993 60002 333 10358 59035 60007 59%=
41765 02996 02106 10355 20251 39958 49992 60002 333 10365 59034 60007 55%=
41766 02996 02306 10335 20266 39962 49990 60002 333 10355 59028 60007 67%=
41767 02996 0//// 10345 20270 60002 333 10355 60007 65%=
41768 02996 02306 10345 20277 39986 49993 60002 333 10355 59030 60007 68%=
41780 02596 62510 10305 20249 39984 40011 60002 86600 333 10328 56900 59022 60007 83720 86630 72%=
41783 02996 32304 10320 20250 39981 40010 60002 83030 333 10333 56090 58003 60007 83360 67%=
41785 22597 42302 10325 20263 30009 40022 60002 84600 333 10330 56500 59020 60007 84730 70%=
41786 02996 02306 10350 20245 39972 40007 60002 333 10360 59015 60007 55%=
41BAG 02696 42302 10250 20123 60002 84500 333 10285 60007 84640 45%=
41BKI 11696 50506 10350 20220 39592 49981 60002 70420 82520 333 10360 56990 59019 82640 83460 47%=
41SKP 01996 20000 10340 20272 3//// 4//// 60002 70400 82030 333 10347 56090 5//// 60007 82362 68%=
43532 02996 20000 10350 20190 39199 49939 60002 333 10360 59036 60007 39%=
43533 02997 00000 10345 20235 39106 48434 60002 333 10360 59025 60007 53%=
43563 02997 00000 10328 20248 39343 49988 60002 333 10344 59025 60007 62%=



UPPK OPKC 091200=
PPAA 5912/ 41506 MISDATA DUE TO CLOUDY WEATHER=
PPAA 5912/ 41515 MISDA DU TO STRONG WIND=
PPAA 5912/ 41646 MISDA DUE TO TECHNICAL FAULT=
PPAA 59121 41600 55185 30004 77999=
PPAA 59121 41624 55285 06005 08012 77999= 
PPAA 59121 41678 55285 01008 05003 77999=
PPAA 59124 41598 55285 33003 04504 77999 =
PPAA 5912/ 41715 NO ASENT DUE TO PAF FLYING=
PPAA 5912/ 41739 no acent due to security risk=
PPAA 5912/ 41764 NO ASCENT DUE PAF FLYING=
PPBB 59111 41718 90/12 00000 26007 25508 9037/ 25508 26008 9125/ 24505 20507=
PPBB 59121 41600 90/12 31502 32002 32502 9037/ 32503 27504=
PPBB 59121 41678 90/12 00000 04004 05005 9037/ 04005 35003 912// 09503=
PPBB 59121 41598 90/12 00000 27503 28504 9037/ 29504 35003=
PPBB 59121 41624 90/12 04504 04505 05005 9037/ 05006 07008 912// 09512=
PPAA 5912/ 41517 MISDA DUE TO AIR MOVEMENT=
PPAA 59111 41718 55285 26006 25506 77999=




Data Generated from File : D:\all data handling\Rmc_lhr\2024090912.FSU.txt
09/09/24 13:06:21
______________________________________________________________
15007 05970 21404 10258 20013 39662 40102 57022 60001 7000/ 80001 333 4/000 55310 0//// 22843 3//// 60007 91010 91110=
15020 04970 41205 10272 20008 39924 40109 57029 60001 80006 333 55310 22681 60007 91009 90760 91109==
15023 05970 21108 10262 20016 39686 40085 57027 60001 7000/ 80001 333 4/000 55310 0//// 22749 3//// 60007 91012 91112=
15056 05970 11104 10264 20039 39778 40107 57028 60001 7000/ 80001 333 4/000 55310 0//// 22776 3//// 60007 91008 91109=
15069 05998 30904 10234 20004 39062 42746 57023 60001 7000/ 80001 333 4/000 55310 0//// 22617 3//// 60007 91007 91107=
15073 05998 61503 10254 20029 39668 40107 57025 60001 7000/ 80008 333 4/000 55310 0//// 22868 3//// 60007 91008 91109=
15090 04970 11503 10275 20028 30033 40119 57028 60001 80001 333 55310 01590 22806 30311 60007 91006 90760 91107==
15107 05970 51805 10256 20028 39327 42761 56027 60001 7000/ 80002 333 55310 0//// 22556 3//// 60007 91008 91108 95000=
15108 02/84 51203 10126 20030 38092 48484 57012 60001 83041 333 55310 22698 60007 91006 90760 91107==
15109 05998 31304 10250 20042 39698 40107 57028 60001 7000/ 81041 333 4/000 55310 0//// 22776 3//// 60007 91008 91109=
15111 05970 31304 10275 20025 39855 40101 57030 60001 7000/ 82041 333 4/000 55310 0//// 22829 3//// 60007 91008 91108=
15113 05/70 /1103 10267 20021 39959 40112 58028 60001 7000/ 333 4/000 55310 0//// 22734 3//// 60007=
15127 05999 61305 10233 20040 39258 42759 58020 60001 7000/ 80006 333 4/000 55310 0//// 22768 3//// 60007 91008 91111 95000=
15148 05970 72103 10195 20010 38688 48471 57016 60001 7000/ 81048 333 55309 0//// 22489 3//// 60007 91006 91108=
15150 04970 31603 10269 20068 39913 40113 57031 60001 80001 333 55310 22600 60007 91006 90760 91106==
15154 05970 11303 10267 20013 39978 40113 58026 60001 7000/ 80001 333 4/000 55310 0//// 22710 3//// 60007 91006 91107=
15170 04970 71603 10246 20042 39350 42757 57027 60001 80008 333 55310 22762 60007 91007 90760 91107==
15194 05970 31004 10264 20060 39831 40108 57029 60001 7000/ 80001 333 55310 0//// 22857 3//// 60007 91008 91108=
15197 05970 21302 10265 21006 39919 40117 58027 60001 7000/ 80001 333 4/000 55310 0//// 22922 3//// 60007 91005 91107=
15215 05970 61404 10277 20051 39517 42760 57026 60001 7000/ 80006 333 4/000 55310 0//// 22364 3//// 60007 91008 91109=
15217 05998 62005 10262 20042 39456 42763 57028 60001 7000/ 80008 333 55310 0//// 22581 3//// 60007 91008 91110=
15219 05/70 /1502 10270 20016 39992 40109 57031 60001 7000/ 333 4/000 55310 0//// 22784 3//// 60007=
15238 05998 51303 10267 20045 39503 42761 57026 60001 7000/ 80006 333 55310 0//// 22346 3//// 60007 91006 91107=
15261 05967 51504 10246 20064 39324 42778 57021 60001 7000/ 80005 333 55310 0//// 22684 3//// 60007 91007 91108 95000=
15262 02998 61304 1//// 2//// 38211 48/// 57012 60001 80006 333 55310 0//// 22853 3//// 60007 91008 91110=
15265 05970 30902 10283 20055 30041 40111 57030 60001 7000/ 80001 333 4/000 55310 0//// 22792 3//// 60007 91003 91106=
15280 02984 81911 10068 20014 37514 47085 58014 60001 80007 333 55310 23072 60007 91015 90760 91115==
15300 05999 72207 10270 20044 39487 42758 56026 60001 7000/ 80006 333 55310 0//// 22771 3//// 60007 91011 91114=
15301 05970 62002 10184 20032 38614 48500 57017 60001 7000/ 80008 333 55310 0//// 23067 3//// 60007 91007 91110 95000=
15302 05970 61601 10215 20051 38900 48487 57018 60001 7000/ 80006 333 55310 0//// 22746 3//// 60007 91006 91108 95000=
15307 05/70 /1001 10273 20043 39937 40112 57024 60001 7000/ 333 4//// 55310 0//// 22749 3//// 60007=
15310 04970 10402 10269 20086 30035 40115 58026 60001 80001 333 55310 01470 22789 31324 60007 91005 90760 91105==
15324 05970 81802 10241 20035 39341 42767 57023 60001 7000/ 82047 333 55310 0//// 22692 3//// 60007 91006 91106=
15325 05970 40900 10182 20039 38472 48483 57014 60001 7000/ 80001 333 4/000 55310 0//// 22774 3//// 60007 91006 91106=
15328 05570 41702 10286 20075 39776 40102 57026 60001 7000/ 84200 333 4//// 55310 0//// 22806 3//// 60007 91005 91106=
15335 04570 10704 10255 20144 30113 40120 58024 60001 81200 333 55310 22691 60007 91007 90760 91107==
15349 05970 21603 10263 20049 39584 40102 57023 60001 7000/ 80002 333 4//// 55310 0//// 22846 3//// 60007 91007 91107=
15350 04970 21202 10280 20045 30005 40117 57024 60001 80001 333 55310 21963 60007 91005 90760 91107==
15360 04570 20305 10230 20175 30107 40124 57013 60001 82200 333 60007 91006 90760 91106==
15375 05999 31203 10266 20047 39768 40106 58025 60001 7000/ 80002 333 4/000 55310 0//// 22805 3//// 60007 91005 91107=
15377 05997 31101 10282 20050 39905 40107 57024 60001 7000/ 80002 333 55310 0//// 22176 3//// 60007 91005 91106=
15387 05570 30703 10243 20179 30120 40124 56016 60001 7000/ 83200 333 4/000 55310 0//// 22684 3//// 60007 91006 91106=
15402 05970 61702 10291 20069 30040 40110 57028 60001 7000/ 80001 333 55310 0//// 22836 3//// 60007 91005 91105=
15405 05970 20601 10279 20056 30060 40119 57026 60001 7000/ 80002 333 4/000 55310 0//// 22771 3//// 60007 91005 91107=
15406 05970 10602 10279 20081 30068 40112 57026 60001 7000/ 80001 333 4/000 55310 0//// 22762 3//// 60007 91004 91106=
15408 05570 21003 10253 20119 39862 40113 57022 60001 7000/ 81202 333 4/000 55310 0//// 22849 3//// 60007 91006 91107=
15409 05570 20603 10250 20143 30073 40118 58020 60001 7000/ 81101 333 4/000 55310 0//// 22643 3//// 60007 91006 91106=
15419 05970 61402 10283 20071 39930 40113 58026 60001 7000/ 80006 333 4/000 55310 0//// 22727 3//// 60007 91006 91106=
15420 04970 51703 10293 20074 30004 40108 57026 60001 80006 333 55310 22769 60007 91005 90760 91107==
15421 05970 41402 10284 20067 30015 40119 57026 60001 7000/ 80004 333 4/000 55310 01640 22831 30436 60007 91004 91106=
15422 05970 40501 10303 20078 30013 40107 57027 60001 7000/ 80004 333 55310 0//// 22756 3//// 60007 91004 91104=
15425 05970 21801 10281 20052 30054 40114 57024 60001 7000/ 80001 333 4/000 55310 0//// 22812 3//// 60007 91004 91106=
15444 05/70 /1102 10286 20053 30046 40114 57027 60001 7000/ 333 4/000 55310 0//// 22806 3//// 60007=
15455 05970 51303 10289 20063 39983 40105 58026 60001 7000/ 80004 333 4/000 55310 0//// 22648 3//// 60007 91006 91107=
15460 04970 41102 10284 20077 30089 40113 57026 60001 80001 333 55310 22808 60007 91005 90760 91107==
15462 05970 10503 10268 20086 30033 40114 57022 60001 7000/ 80001 333 4/000 55310 0//// 22781 3//// 60007 91006 91106=
15470 04/70 61005 10287 20064 39979 40097 58029 60001 83041 333 55310 22738 60007 91008 90760 91110==
15475 02997 50802 10287 20088 30089 40108 57029 60001 80001 333 55310 0//// 22706 3//// 60007 91006 91106=
15479 05/70 /0400 10268 20069 39930 40112 57025 60001 7000/ 333 55310 0//// 22801 3//// 60007=
15480 04570 21401 10245 20168 30103 40120 57019 60001 81101 333 55310 01720 22827 32703 60007 91004 90760 91104==
15489 05970 50905 10291 20062 30012 40100 58028 60001 7000/ 83042 333 4/000 55310 0//// 22611 3//// 60007 91009 91110=
15491 05970 40802 10309 20070 30073 40101 57030 60001 7000/ 80004 333 55310 0//// 22579 3//// 60007 91007 91107=
15499 05970 00604 10237 20162 30110 40119 58017 60001 7000/ 222// 06243 2//// 333 4/000 60007 91005 91106 92428=
15549 12970 61403 10276 20062 39710 40096 57023 60001 80001 333 10288 20178 555 526//=
15552 12970 31602 10287 20164 30068 40113 57019 60001 80001 222// 00248 10301 333 10296 20197 555 547// 92033 92438=
15640 12976 32303 10281 20155 39810 40099 57026 60001 80004 333 10284 20199 555 546//=
15655 12970 20708 10251 20120 30082 40113 57024 60001 80001 222// 00254 10301 333 10259 20184 555 544// 92035 92438=
15730 12670 81801 10295 20075 39720 40086 57029 60001 82237 333 10299 20145 555 525//=
16627 12575 31006 10302 20154 30100 40106 57023 60001 82101 333 82820 83070 90730 91113==
16650 12460 20208 10272 20155 30100 40109 57016 60001 81101 333 90730 91115==
16667 12960 03510 10310 20199 30086 40096 57024 60001 333 90730 91116==
16706 12960 10407 10280 20169 30082 40089 57013 60001 80001 333 90730 91117==
16723 12960 01809 10308 20149 30073 40086 55013 60001 333 90730 91117==
16732 26/// /3614 10261 20196 30086 40096 57012 333 60005 90730 91124==
16742 12960 02807 10288 20175 39938 40085 58008 60001 333 90730 91124==
16749 12460 12610 10296 20206 30069 40082 58004 60001 81100 333 90730 91116==
16754 12560 23310 10286 20180 30061 40107 57016 60001 81101 333 90730 91118==
16757 12960 03114 10272 20196 39973 40099 57011 60001 333 90730 91122==
16760 12960 13605 10268 20116 40102 57015 60001 80001 333 90730 91119==
16765 12960 02818 10284 20186 40095 58002 60001 333 90730 91132==
17022 12670 13206 10254 20191 39962 40119 57014 60001 81100 333 81834 90760 91115==
17024 12670 33402 10274 20259 30039 40113 57002 60001 83100 333 83835 90760 91108==
17026 12570 33404 10288 20209 30086 40123 57006 60001 83200 333 83830 90760 91108==
17031 12570 40607 10274 20213 30103 40109 57014 60001 84200 333 84833 90760 91115==
17034 12670 60302 10275 20217 30078 40122 57009 60001 83250 333 83835 86360 90760 91107==
17038 12670 50503 10268 20217 30072 40117 57009 60001 85200 333 85835 90760 91108==
17042 12970 33003 10281 20220 30088 40125 58007 60001 80001 333 83070 90760 91107==
17050 12970 01802 10302 20138 30052 40111 57026 60001 333 90760 91107==
17056 12970 01607 10255 20192 30103 40107 57021 60001 333 90760 91110==
17060 12660 30410 10285 20166 30071 40109 57024 60001 83100 333 83840 90760 91118==
17070 12665 12003 10275 20118 39260 40081 57021 60001 81100 333 81840 90760 91108==
17074 12570 30201 10247 20191 39209 40093 57017 60001 83200 333 83830 90760 91106==
17084 12670 42801 10272 20159 39241 40098 57015 60001 84200 333 84835 90760 91106==
17085 12670 13601 10306 20168 39628 40088 57022 60001 81100 333 81840 90760 91108==
17092 12670 40602 10302 20097 38841 48494 57020 60001 82230 333 82845 84358 90760 91109==
17096 12660 42309 10256 20030 38253 48505 57012 60001 84100 333 84840 90760 91125==
17098 12660 42806 10263 20098 38224 48516 57016 60001 82140 333 82840 84358 90760 91118==
17100 12670 42401 10289 20145 39164 40096 57023 60001 82230 333 82835 84357 90760 91106==
17112 12670 30308 10297 20165 30084 40086 57029 60001 83200 333 83835 90760 91117==
17115 11/60 20215 10272 20166 30056 40104 57028 69901 70281 82030 333 82360 90760 91125==
17116 12670 10602 10296 20160 39978 40093 57028 60001 81100 333 81840 90760 91108==
17124 12660 33404 10277 20114 39224 40091 57020 60001 83100 333 83840 90760 91109==
17128 12660 42307 10269 20100 39050 40090 57015 60001 84100 333 84840 90760 91117==
17135 12670 31202 10286 20124 39256 40080 57018 60001 83100 333 83840 90760 91108==
17140 12665 42903 10254 20090 38694 48492 57009 60001 84200 333 84835 90760 91110==
17150 12660 10105 10299 20137 39968 40085 57028 60001 81100 333 81835 90760 91117==
17160 12670 32303 10280 20092 38987 48489 57015 60001 83200 333 83840 90760 91108==
17170 11560 62707 10250 20096 38358 48520 58004 60001 71711 84950 333 84840 86357 81925 90760 91119==
17175 12665 23605 10306 20166 30076 40080 57021 60001 82100 333 82840 90760 91113==
17184 12670 23501 10325 20121 39971 40075 57026 60001 82200 333 82840 90760 91108==
17190 12670 31502 10261 20102 38950 48478 57020 60001 83100 333 83840 90760 91111==
17190 12670 31502 10261 20102 38950 48478 57020 60001 83100 333 83840 90760 91111==
17195 12670 32907 10297 20069 38936 48487 57017 60001 83100 333 83840 90760 91113==
17200 12660 51604 10312 20116 39150 40077 57023 60001 83130 333 83840 85360 90760 91111==
17202 12670 42014 10343 20063 39094 40061 57021 60001 84200 333 84835 90760 91122==
17203 12670 51804 10320 20093 38861 48540 57014 60001 83150 333 83840 85360 90760 91115==
17210 11570 60301 10332 20088 39102 40056 57020 60001 71792 84930 333 83840 86360 81927==
17219 12565 13610 10315 20149 39947 40083 57018 60001 81100 333 81830 90760 91123==
17234 12670 31902 10354 20123 30009 40072 57022 60001 83200 333 83840 90760 91107==
17237 12670 33101 10325 20136 39600 40069 57016 60001 83200 333 83840 90760 91108==
17240 12570 31510 10286 20111 38995 40066 57007 60001 83200 333 83830 90760 91127==
17244 12670 21604 10267 20086 38969 48494 57016 60001 82100 333 82840 90760 91113==
17248 12670 22603 10289 20114 38949 48487 57014 60001 82100 333 82840 90760 91112==
17250 12970 02205 10291 20052 38780 48491 57013 60001 333 90760 91115==
17260 12660 41807 10337 20115 39279 40038 57016 60001 81101 333 81840 84068 90760 91115==
17270 12670 31303 10351 20121 39465 40061 57017 60001 81230 333 81840 83360 90760 91109==
17275 12670 31803 10345 20081 38960 48519 57017 60001 83100 333 83840 91014 90760 91114==
17280 11670 53607 10353 20103 39329 40059 57019 60001 70291 83230 333 83840 85360 90760 91117==
17290 12970 02004 10308 20175 30054 40084 58009 60001 333 90760 91108==
17292 12570 31502 10315 20132 39358 40063 57010 60001 83200 333 83830 90760 91109==
17300 12560 41710 10312 20217 30024 40091 57011 60001 84200 333 84830 90760 91114==
17310 12570 22105 10342 20252 30074 40081 57006 60001 82200 333 82830 90760 91108==
17330 12970 11602 10332 20223 30071 40088 57010 60001 80001 333 81070 90760 91110==
17350 12670 32207 10358 20115 39995 40068 57016 60001 82101 333 82835 83070==
17370 12670 22703 10317 20224 30080 40084 57016 60001 82200 333 82835 90760 91107==
17375 12670 32004 10291 20232 30076 40078 58003 60001 83200 333 83835 90760 91110==
33088 32997 11205 10262 20035 39948 40126 57023 80001 555 1/041=
33135 32998 61303 10242 20061 30033 40172 57008 86030 555 1/031=
33177 32998 31405 10270 20041 39877 40097 57021 80001 555 1/043=
33317 32999 21606 10257 20030 39805 40119 57022 80001 555 1/038=
33393 32960 61607 10260 20027 39723 40086 57020 80001=
33415 32998 21207 10263 20005 39731 40100 57020 80005 555 1/040=
33429 32998 21505 10263 20029 39717 40109 57024 80001 555 1/045=
33466 32598 21005 10262 20048 39970 40145 57016 81130 555 10043=
33506 /1597 80702 10170 20089 39987 40176 57008 78082 889// 555 1/017 69961=
33562 32960 01403 10276 20044 39846 40128 57027 555 1/044=
33587 32998 31303 10263 20056 39885 40130 57023 82051 555 1/047=
33658 32984 51107 10272 20030 39823 40100 57022 80001 555 1/034=
33663 32998 01403 10293 20015 30027 40115 57026 555 1/052=
33664 42998 01205 10273 21025 39808 40101 57028=
33678 42998 02802 10269 20004 39936 40133 57024=
33679 42997 01402 10277 21014 39945 40122 57028=
33711 32960 71204 10266 20065 39934 40129 57016 87030 555 1/041=
33745 42997 51303 10265 21006 39942 40129 57028 80001 555 10048=
33748 42997 11603 10266 20031 39850 40115 57024 80001=
33754 42998 00702 10275 20046 39982 40117 57031=
33761 32970 21101 10261 20072 39914 40121 57024 82030 555 1/045=
33791 32985 81004 10258 20059 30017 40136 57016 8805/ 555 1/035=
33815 42598 21303 10256 20041 39918 40112 57025 82100 555 10040=
33837 32983 00000 10236 20110 30073 40122 58018 555 1/040=
33881 42998 00602 10283 20036 39928 40110 57026=
33883 42998 00903 10266 20083 39959 40114 57022 555 10047=
33885 42998 01602 10266 20057 39989 40119 57025=
33892 42998 20302 10260 20077 39916 40117 57023 80001=
33902 32598 70902 10272 20131 30080 40135 57009 87500 555 1/038=
33924 42570 33603 10241 20196 30102 40114 57014 83200==
33946 41682 80703 10217 20193 39903 40111 57005 71798 8635/ 333 86639 90760 91110==
33983 42560 40903 10282 20195 30055 40111 57010 82531==
34300 /1597 70803 10239 20027 30009 40176 57020 78082 85330 555 1/030 69901=
34336 42970 31303 10278 21032 30097 40193 57018 80001 333 90760 91110==
34344 42970 21403 10280 20002 30111 40192 57017 80009 333 90760 91110==
34356 42960 61204 10273 21010 30073 40210 57013 80009 333 90760 91111==
34357 42/70 61204 10257 21017 30057 40202 57015 82034 333 90760 91112==
34398 42/70 61402 10289 20097 30213 40222 57014 86089==
34415 32570 61103 10266 20008 30067 40157 58023 82586 555 1/036=
34438 42/60 61107 10275 20003 39999 40176 57018 82049 333 91011 90760 91113==
34445 41/70 61005 10262 21006 30090 40196 57014 70731 84072 333 90760 91110==
34461 42/60 61103 10272 21031 30157 40209 57016 83039==
34473 42597 71203 10276 20076 30183 40219 57015 82103 555 10035=
34476 42570 71204 10280 20056 30210 40217 57016 81934 333 90760 91110==
34504 32680 71004 10237 20094 39980 40143 57016 85530=
34535 42670 61107 10266 21009 30105 40172 57012 83181 333 91011 90760 91116==
34545 42670 70904 10261 21021 30079 40183 57014 81331 333 90760 91113==
34555 42570 71004 10254 20074 30115 40200 57012 84544 333 90760 91110==
34560 42/60 61106 10248 20013 30031 40209 57013 86030 333 90760 91111==
34578 42/60 81403 10278 20050 30201 40208 57015 8807/==
34579 42570 60904 10283 20060 30169 40210 57015 86500==
34644 42560 61004 10239 20032 30099 40171 57012 85830==
34646 42670 80903 10244 20092 30096 40172 57015 8355/==
34655 42560 80708 10284 21028 30124 40180 57015 883// 333 91011 90760 91114==
34662 41970 81005 10274 21014 30188 40199 57015 70722 80007 333 91011==
34691 42/70 51602 10295 20061 30230 40219 57017 83032==
34720 42570 70903 10250 20126 30107 40144 57014 87500==
34727 42560 60906 10265 20131 30106 40134 57011 83501 333 91010 90760 91111==
34743 42560 71005 10277 21013 30082 40165 57018 82930 333 91010 90760 91113==
34759 41/60 80906 10283 20034 30041 40162 57016 70732 86031 333 91012 90760 91114==
34772 41/70 71006 10290 20025 30194 40197 57014 70722 87071 333 91011 90760 91113==
34785 41970 81207 10285 20074 30226 40205 57012 70722 80009 333 91011 90760 91113==
34798 42970 61307 10258 20065 30245 40218 57008 80001==
34824 42560 81301 10276 20169 30122 40127 57009 88400==
34838 41960 60903 10256 20136 30050 40140 57010 70282 80009==
34845 41570 81303 10293 20103 30041 40140 57012 70182 82531 333 90760 91111==
34858 42/60 71005 10287 20076 30046 40145 57020 87030 333 91012 90760 91113==
34861 41560 81310 10271 21013 39936 40160 57010 70732 8693/ 333 91014 90760 91115==
34866 42770 71107 10284 21015 30180 40172 57010 84974 333 91012 90760 91114==
34880 41/60 61105 10274 20104 30225 40201 57010 70722 83031 333 91010 90760 91112==
34887 41970 70805 10267 20037 30214 40196 57007 70722 80006 333 91010 90760 91112==
34949 42/70 50806 10237 20132 39625 40133 57013 85030 333 91010 90760 91111==
34954 42570 60903 10286 20124 39974 40133 56025 82500==
34958 42570 21104 10283 20125 39950 40133 57020 82500 333 90760 91110==
34975 41/20 51308 10280 20057 30169 40165 57008 73131 80031 333 91014 90760 91115==
34984 41960 50808 10252 20095 30215 40187 57009 70711 80001 333 91012 90760 91115==
35217 42960 61405 10275 20028 30214 40251 57011 80003==
35302 42970 51405 10280 20052 30222 40241 57012 80001==
35315 42998 51104 10276 20055 30198 40250 57010 82032 555 10039=
35344 42699 20702 10255 20074 39982 40247 58014 82200 555 10035=
35345 46/// /0502 10259 20089 39947 40243 57007=
35358 42660 20202 10253 20099 30078 40235 57011 82200==
35368 42599 33603 10228 20090 39988 40236 57009 83100 555 10026=
35386 42598 33001 10186 20063 39737 40224 53002 83500 555 10022=
35394 42670 33603 10188 20045 39584 40216 53004 81280==
35404 42998 61806 10293 20095 30220 40227 57013 80009 555 10044=
35406 42960 41502 10279 20077 30240 40242 57009 80001==
35416 42970 63103 10261 20047 30145 40256 57008 80005==
35426 42984 50000 10264 20075 39983 40250 57010 80001==
35437 42998 30701 10261 20064 39958 40246 57013 80002 555 10039=
35449 42998 03101 10244 20102 30154 40249 57008 555 10039=
35497 42970 13603 10200 21046 39459 40201 53003 80001==
35498 42998 22302 10200 21006 39381 40196 52003 80001 555 10022=
35514 42998 41402 10277 20015 30250 40246 57011 80001 555 10043=
35519 42998 41404 10266 20038 30191 40256 57007 80001 555 10034=
35522 42998 40902 10253 20062 30022 40254 57008 80001 555 10037=
35542 42999 00503 10257 20064 30110 40245 57009 555 10035=
35563 42598 63405 10191 21004 39502 40221 57003 84102 555 10028=
35576 42670 33404 10224 20033 39798 40213 57001 83200==
35582 42698 23206 10215 20094 39679 40236 52008 82200 555 10033=
35594 42999 23302 10214 21009 39417 40191 53001 82042 555 10028=
35605 42998 81405 10268 20084 30251 40231 57009 83089 555 10041=
35633 42998 20204 10250 20076 30046 40243 57013 80001 555 10037=
35671 42970 20402 10233 20015 39819 40215 57002 80001==
35699 42960 20501 10206 20004 39488 40188 54000 80004==
35700 42970 61507 10272 20043 30254 40232 57009 80005==
35715 42999 61304 10279 20034 30258 40244 57010 80001 555 10036=
35739 42999 30503 10252 20068 30112 40240 56012 80001 555 18041=
35746 42970 20406 10242 20078 30178 40240 57008 80001==
35777 42997 00000 10263 20086 39877 40190 57004 555 10030=
35796 42960 22305 10204 20095 39782 40185 54000 80002==
35816 46/// /0806 10260 20045 30248 40259 58009=
35849 42970 00303 10244 20061 30152 40232 57007==
35895 42998 40902 10207 20015 39789 40202 53003 80002 555 10030=
35907 42998 60805 10263 20160 30228 40200 57012 80001=
35925 42970 50905 10258 20056 30132 40234 57014 80002==
35927 42998 61104 10264 20051 30232 57012 80002=
35953 42984 03504 10270 20059 30094 40213 57007==
35969 42984 00701 10284 20034 30044 40201 57003==
35997 42698 63603 10210 20071 39786 40188 53002 85570 555 10028=
36259 12584 43203 10136 21039 38258 48517 54000 60002 83902 333 10149==
36335 42699 13604 10178 20021 39258 40212 53004 81100 555 10024=
36358 42999 60000 10174 20044 39261 40209 53007 86030 555 10025=
36394 42697 70204 10197 20036 39820 40212 53004 87500=
36397 42684 30204 10200 20023 39682 40205 53001 82430==
36403 42698 63602 10182 20089 39873 40209 53004 86900 555 10018=
36418 42799 22707 10202 20022 39619 40186 54000 82503 555 10021=
36421 42699 11701 10187 20051 39667 40190 57005 81500 555 10021=
36428 42/84 21303 10196 20082 39728 40191 56004 81041==
36439 42798 62602 10155 20050 39000 48550 56004 84530 555 11016=
36467 42999 33605 10198 20029 39316 40189 53002 83030 555 10024=
36498 42698 10307 10208 20022 39453 40181 53004 81500 555 10024=
36501 42999 73204 10190 20015 39502 40200 57003 87030 555 10025=
36535 42584 62702 10212 20048 39607 40188 57003 83330==
36546 42999 00000 10230 20100 39684 40175 57006 555 10030=
36619 42999 00000 10240 20052 555 10030=
36622 42798 51602 10216 20006 39421 40157 57007 82140 555 10022=
36639 42584 20000 10244 20043 39597 40147 57001 81101==
36643 42999 11702 10201 20045 39575 40185 53002 80001 555 10021=
36665 42999 00000 10173 20056 39503 40178 54000 555 10020=
36666 42999 03202 10196 20061 39731 40186 57003=
36729 42998 80602 10223 20083 39713 40154 53003 82032 555 10026=
36736 42699 61801 10242 20038 39652 40156 57001 82101 555 10026=
36744 42998 70301 10237 20020 39764 40176 53003 87040 555 10029=
36770 42599 83601 10217 20060 39489 40157 53006 82978 555 10024=
36786 42999 73401 10218 20044 39304 40146 53002 80002=
36796 42998 50000 10202 20038 39035 48538 53004 85040=
36803 42999 61003 10225 20118 39747 40158 54000 80001=
36806 42999 51506 10237 20056 39731 40159 54000 80002=
36819 42598 82504 10214 21009 39610 40176 53006 8495/=
36821 42584 70000 10231 20046 39720 40169 53006 83942==
36839 42599 80103 10190 20058 39109 40157 53014 8394/=
36843 42998 80401 10194 20069 39064 40153 53006 83032=
36846 42699 83203 10161 20000 38632 48526 53010 8497/=
36859 42584 72701 10234 20071 39411 40125 53005 83975==
36870 41560 82302 10134 20107 39241 40205 53027 78082 889//==
36874 41597 82312 10152 20083 39457 40191 53012 70282 889//=
36877 41597 83002 10127 20093 39286 40218 52018 78088 889//=
36885 42699 62706 10159 20042 39127 40193 53019 82531=
36889 41497 80000 11012 21016 37104 47127 53002 78582 889//=
36894 42599 72306 10205 20035 39476 40162 53013 83970=
36905 42699 70000 10180 20067 38752 48516 53004 82382=
36911 42999 70703 10162 20143 39291 40215 53010 87050 555 11017=
36927 41699 72712 10095 20082 38361 48520 57008 78082 8//// 333 91120=
36934 42599 82802 10154 20076 38287 48405 53003 8693/=
36953 42699 60901 10172 20039 38204 48508 53002 82942 555 1/017=
36963 41593 92902 10013 20013 37075 48/// 53012 74342 333 96047 555 12002=
36974 42798 72705 10159 20058 37968 48492 53021 87900 555 10019=
36982 42598 62906 10060 21037 36571 47107 57006 84360=
37018 42670 71902 10292 20203 30051 40121 57004 84932==
37031 42560 60703 10271 20158 39945 40125 57015 82531==
37054 42670 80000 10241 20134 39781 40140 57014 882//==
37061 42660 51105 10291 20146 39978 40133 57017 82130==
37085 42970 50910 10260 20145 30183 40158 56008 80001 333 91014 90760 91117==
37171 42670 33002 10288 20186 30098 40115 57007 81130==
37228 42670 73002 10253 20138 39344 40115 57008 82271==
37235 42/70 21402 10252 20166 39840 40133 57012 8004/==
37472 42/60 31305 10245 20201 30167 40146 54000 82071 333 91011 90760 91114==
38149 42970 00303 10259 20036 30154 40226 57009==
38178 42970 00703 10256 20036 39930 40196 57004==
38262 42970 00503 10248 20080 30153 40230 57004==
38264 42970 03506 10249 20040 30131 40218 57007==
38345 42799 82703 10184 20041 38831 48542 52005 83936 555 10022=
38353 42598 80501 10199 20077 39326 40173 52010 8293/=
38388 42998 00701 10274 20059 30141 40207 57015 555 18044=
38392 42997 00505 10259 20058 30112 40209 57008 555 10038=
38396 42960 00703 10251 20048 30094 40211 57008==
38403 42960 00202 10262 20059 30090 40203 57004==
38413 42970 03202 10266 21012 39931 40202 57003==
38457 42660 12402 10249 20023 39625 40175 52003 81100==
38462 42684 52307 10180 21014 38780 48533 53016 82551==
38462 42684 52307 10180 21014 38780 48533 53016 82551==
38507 42998 01405 10316 20004 30081 40176 57013 333 91003 555 10048=
38545 42998 00302 10254 20086 30041 40206 52012 555 10043=
38565 12970 00302 10231 20015 39607 40182 56004 60002==
38579 12984 00602 10237 20050 39785 40178 57002 60002==
38583 12960 00902 10249 20058 39882 40184 54000 60002==
38599 41998 10704 10209 20049 39706 40195 51001 70181 81030=
38611 41760 82506 10171 20081 39654 40203 52009 70282 889//==
38613 41999 81701 10140 20104 39347 40223 52044 78082 8802/ 555 11016=
38616 41598 82702 10137 20098 39254 40240 52050 76186 8////=
38618 41660 82301 10181 20095 39554 40215 52025 72582 8357/==
38647 42998 00906 10307 21014 30120 40159 57019 555 10042=
38656 42998 00902 10290 20004 30092 40194 57012 555 10045=
38683 42960 03606 10248 20038 39923 40183 57005==
38687 42997 00207 10255 20021 39970 40191 57009 555 10038=
38696 12984 00702 10234 20051 39353 40157 53001 60002==
38713 41998 03602 10190 20038 39071 48560 53006 70281=
38750 42997 02904 10306 20231 30192 40166 57009 555 10045=
38763 42999 00905 10304 21038 30083 40180 57025 555 10042=
38774 42998 00904 10301 21002 30001 40183 57016 555 10044=
38799 42997 00703 10273 21017 39974 40191 57010 555 10041=
38806 42997 03205 10262 20023 39919 40163 57005 555 10038=
38812 42960 03205 10264 21017 39729 40152 57006==
38836 42699 21102 10265 20050 39208 40075 54000 82100=
38880 42997 00804 10292 21007 39943 40180 57012 555 10040=
38886 42997 03602 10298 21007 39987 40201 57010 555 10041=
38895 42996 00502 10276 20045 39918 40189 57007 555 10046=
38911 42998 00203 10276 20073 39904 40179 54000 555 10045=
38915 42997 02703 10291 20034 39860 40160 57010 555 10040=
38927 11960 42508 10282 21017 39786 40135 56008 60002 70230 80001==
38933 42998 01802 10276 20150 39673 40146 57008=
38944 42997 01104 10282 21012 39581 40076 57004=
38954 42999 02903 10240 20027 37907 48460 57001=
38974 42998 03402 10281 20034 39869 40181 53006 555 10046=
38987 42996 00404 10278 21041 39457 40149 57013 555 10036=
40030 32570 62801 10365 20150 40085 57020 81950 333 81926 85360=
40080 32965 02505 10362 20063 39390 4//// 57020=
40100 43/70 02707 10310 20238 30089 40104 58007 6///1 333 58///=
40155 50005 70000 81030 333 20231 81356=
40180 12960 23106 10312 20215 30036 40082 57006 60001 81031 333 70000==
40199 12/// /1103 10403 20156 30031 40054 57025 60001 333 70000==
40255 36/// /2708 10335 29029 3//// 4//// 5////=
40265 31956 13104 10340 20285 39331 40078 57015 70510 81030 333 81310=
40270 31957 12808 10333 20075 39226 40069 57012 70500 80002 333 81070=
40272 31950 02711 10340 20081 39288 40068 57014 70500=
40296 36/// /0000 10397 29023 4//// 5////=
40310 32960 00000 10332 20245 48489 57016=
40340 32960 03406 10392 20136 30000 40060 57028=
40356 32960 00604 10374 20010 39122 48479 333 59012 555 04410 50026=
40357 32960 02106 10426 21010 39425 40007 333 59012=
40360 32960 02906 10384 20040 39491 40041 333 59011=
40361 32960 02114 10412 20020 39312 40034 333 59007=
40362 32660 23007 10445 20030 39543 40012 82100 333 58003 82840=
40373 32660 70000 10428 20040 39648 40032 87500 333 58001 87635=
40375 32960 02807 10362 20060 39217 40033 333 59008=
40394 32660 42908 10396 20070 38978 48492 84200 333 58005 84845 555 04410 50020=
40394 32660 42908 10396 20070 38978 48492 84200 333 58005 84845 555 04410 50020=
40400 32960 02511 10349 20220 30039 40066 333 59008=
40405 22960 01706 10440 20040 39331 40001 333 58002 60005==
40417 32960 00307 10446 20060 30008 40022 333 59016=
40420 32960 00703 10450 20010 39828 40017 333 59009=
40430 32660 12812 10415 20020 39345 40029 81500 333 59005 81640=
40437 32960 00707 10420 21050 39375 40027 333 59005=
40439 32660 12620 10408 20150 30027 40045 81500 333 59006 81640=
40582 32660 23410 10471 20051 40021 56020 82400 333 00055 55310 00583 10000 22168 30765 41353 51837 62933 55407 41404 82640 90400 91013 91117 91211 91307=
40703 12660 40105 10314 20101 38894 40071 56022 60001 84300 333 70000 81935 83640 555 10186 29027=
40706 12565 22903 10325 20043 38651 40077 57017 60001 82100 333 70000 82832 555 10168 29017=
40712 12660 31002 10302 20076 38668 40080 57019 60001 83300 333 70000 81935 83640 555 10171 29024=
40713 12662 12502 10331 20063 38659 40061 56014 60001 81100 333 70000 555 10177 29019=
40718 12460 11502 10295 20206 30180 40153 57017 60001 81100 222// 0//// 20301 333 70000 555 10236 29059=
40723 12970 00303 10285 20026 38965 40136 56016 60001 333 70000 555 10150 29019=
40726 12660 10404 10320 20049 38655 40078 57015 60001 81100 333 70000 81835 555 10168 29018=
40727 12665 10902 10326 20052 38490 40088 57014 60001 81100 333 70000 81840 555 10170 29018=
40732 12560 70601 10272 20199 30172 40149 57012 60001 87300 333 70000 82923 86626 555 10224 29064=
40736 12960 00202 10302 20218 30181 40157 57014 60001 333 70000 555 10245 29061=
40737 12560 73503 10286 20208 30132 40149 57011 60001 84270 333 70000 84827 87459 555 10234 29063=
40738 12660 30000 10330 20191 30156 40158 57019 60001 83100 333 70000 83835 555 10238 29044=
40739 12965 00706 10290 20075 38700 40104 57012 60001 333 70000 555 10167 29026=
40741 12960 03408 10296 20000 39857 40177 56013 60001 333 70000 555 10153 29015=
40743 12970 01405 10321 20002 39052 40099 57018 60001 333 70000 555 10158 29013=
40745 12965 00905 10264 20048 39057 40156 55007 60001 333 70000 555 10149 29025=
40747 12960 02103 10352 21040 38623 40065 57018 60001 333 70000 555 10158 29008=
40754 12665 12102 10326 20044 38821 40072 57019 60001 81100 333 70000 81840 555 10170 29017=
40762 12962 00604 10281 21001 38558 40089 56013 60001 333 70000 555 10138 29016=
40766 12660 62904 10353 21150 38670 40052 57018 60001 81101 333 81845 86070 70000 555 10144 29003=
40768 12660 13103 10331 21026 38265 40054 57017 60001 81100 333 70000 555 10150 29010=
40769 11659 10504 10331 20039 38309 40053 57018 60001 70600 81100 333 70000 555 10167 29016=
40780 12660 33104 10365 20037 38670 40057 57014 60001 83100 333 70000 83840 555 10181 29013=
40782 12970 02303 10374 21042 38831 40045 57017 60001 333 70000 555 10168 29007=
40785 12960 00903 10370 20029 39049 40062 57024 60001 333 70000 555 10183 29012=
40791 12962 03305 10373 21017 39296 40059 57014 60001 333 70000 555 10175 29008=
40792 12965 00204 10320 21018 38701 40063 57015 60001 333 70000 555 10151 29011=
40798 12960 01104 10305 21073 37980 40064 57017 60001 333 70000 555 10128 29008=
40800 12960 01602 10344 20009 38462 40063 57022 60001 333 70000 555 10164 29012=
40809 12962 03609 10319 21101 38477 40048 56011 60001 333 70000 555 10134 29006=
40811 12960 01502 10467 20076 39990 40014 57021 60001 333 70000 555 10235 29010=
40812 12960 02704 10440 20074 39668 40013 57015 60001 333 70000 555 10223 29011=
40818 12965 03605 10302 21035 37986 40031 57023 60001 333 70000 555 10135 29011=
40821 12964 03304 10349 20011 38768 40046 57021 60001 333 70000 555 10169 29012=
40829 11950 03417 10346 21007 39499 40033 56025 60001 70700 333 70000 555 10169 29011=
40831 12960 02904 10474 20051 30022 40029 57020 60001 333 70000 555 10231 29008=
40833 12960 03206 10464 20078 39992 40022 57023 60001 333 70000 555 10235 29010=
40835 12960 02903 10408 20034 39254 40028 57015 60001 333 70000 555 10199 29010=
40841 12660 13605 10327 21012 38233 40030 57021 60001 81400 333 70000 555 10151 29011=
40845 12960 02605 10372 20279 30020 40025 57022 60001 333 70000 555 10303 29059=
40848 12960 10000 10368 20007 38486 40007 57021 60001 81030 333 70000 81360 555 10172 29010=
40851 12660 63104 10344 20001 38240 49986 56025 60001 83502 333 70000 83640 83070 555 10160 29011=
40854 12960 00105 10371 21044 38892 40002 57015 60001 333 70000 555 10167 29007=
40856 12962 00505 10322 21031 38605 40042 56015 60001 555 10148 29010=
40859 12660 42205 10392 21023 38655 40003 57019 60001 84430 333 70000 84645 555 10176 29007=
40875 11950 02306 10372 20267 39993 40004 57027 60001 70500 333 70000 555 10295 29055=
40879 12662 12502 10438 20013 39356 49979 52027 60001 81100 333 70000 81840 555 10205 29007=
40882 11930 02805 10364 20273 39986 40019 58024 60001 70500 333 70000 555 10297 29060=
40883 11940 02603 10360 20276 39990 40012 56025 60001 70500 333 70000 555 10298 29062=
40893 11957 02407 10324 20281 39994 40000 57023 60001 70500 222// 00310 20401 333 70000 555 10292 29078=
40898 11958 01105 10315 20268 39980 49989 57020 60001 70500 222// 00308 20801 333 70000 555 10281 29076=
41024 22660 42914 10371 20220 30028 40053 82530 333 59001 60005 82640==
41036 22660 50510 10351 21010 38540 48491 85800 333 59006 60005 85840==
41055 22560 42506 10314 20010 38341 48481 84300 333 59006 60005 83630 81925==
41061 22/60 20213 10419 21020 39341 49999 82030 333 59007 60005 82358==
41084 22560 41012 10390 21030 38796 48468 84400 333 59009 60005 84630==
41112 22560 52407 10270 20160 37933 48482 85300 333 59005 60005 84620 81925==
41114 22560 40616 10300 21030 37964 48479 85300 333 59006 60005 84622 81925==
41128 22560 20606 10375 21010 38752 48471 82400 333 59010 60005 82630==
41136 22960 00705 10412 21020 39229 49994 333 59012 60005==
41140 21558 12213 10352 20270 30037 40042 70700 81100 333 59002 60005 81830==
41150 32966 00210 10387 20179 40033 333 59009=
41176 34/62 /0808 10366 20255 30017 40023 333 59005=
41184 32960 03410 10383 20216 40020 333 59010=
41194 12960 03211 10386 20249 30010 40015 60001 333 59008=
41196 12960 03110 10378 20231 39983 40021 60001 333 59009=
41216 32960 03409 10391 20208 30013 40017 333 59009=
41217 32960 03212 10399 20179 39984 40011 333 59009=
41244 36/// /3314 10426 20051 39598 49982 333 0E036 55300 25022 59020=
41246 32960 01109 10336 20290 30006 41007 333 59032=
41255 32560 41805 10420 20027 39502 40038 83130 333 59014 83830=
41256 32960 00707 10354 20201 39998 40015 91141 333 59022 55407 55408 55507 55508=
41263 26/// /1705 10419 20028 39447 49966 333 0E024 55300 23046 59022 70000=
41267 36/// /0503 10313 20270 30006 40018 333 0E028 59023=
41275 36/// /2803 10419 20142 39863 40020 333 0E025 55300 22844 59014=
41315 26/66 /0000 10245 20234 39239 47281 333 0E025 55300 27865 59010 70000=
41316 32460 82110 10290 20259 30013 40042 886// 91145 333 59012 55407 55408 55507 55508 83714 88625=
41397 30427 10250 20204 40169 5//// 701// 8//4/ 22211 06300 21004 315// 41004 80220=
41398 71610 10270 20241 40152 5//// 76088 8777/ 22263 00300 20301 80250=
41404 82640 90400 91013 91117 91211 91307=
41480 11656 32420 10372 20213 30012 40020 60002 70544 81930 333 59012 81935 82360=
41497 62210 10290 20263 40130 54000 70222 86564 22283 04290 20401 324// 40602 80270=
41498 72725 10140 20122 40210 5/000 7//22 87773 22234 06100 21503 399// 41503 80130=
41506 02697 61810 10300 20085 38403 48397 60002 84520 333 10343 56990 59022 60007 84640 84460=
41508 02697 22702 10300 20152 38588 48466 60002 82200 333 10325 59021 60007 82835=
41515 02697 32314 10310 20156 38463 48425 60002 83500 333 10335 56900 58024 60007 83650=
41523 02997 00000 10330 20209 38992 48450 60002 333 10350 59009 60007=
41535 02997 01302 10280 20183 38637 48417 60002 333 10306 59025 60007=
41536 02997 00000 10290 20203 38937 48440 60002 333 10335 59027 60007=
41560 02997 01304 10270 20154 38244 48457 60002 333 10290 59014 60007=
41571 12697 23112 10330 20200 39439 49983 60002 82030 333 10352 56090 59031=
41598 01996 00000 10355 20274 39724 49977 60002 70400 333 10367 59027 60007=
41600 01996 33102 10350 20253 39705 49980 60002 70412 83070 333 10355 56090 59026 60007 83363=
41620 32696 20502 10350 20007 38485 48389 60002 82500 333 10355 56900 59023 60007 82640=
41624 02997 00504 10365 20246 39793 40980 60002 333 10375 59028 60007=
41630 01696 40000 10360 20264 49989 60002 70410 84400 333 10372 56900 59030 60007 84640=
41640 01696 33102 10350 20237 39751 49983 60002 70400 83530 333 10363 56990 59029 60007 83640=
41660 02797 12318 10310 21109 38371 48453 60002 81400 333 10325 56900 59019 60007 81850=
41678 01996 00000 10380 20240 49984 60002 70500 333 10390 59036 60007=
41696 02997 03104 10260 20043 38001 48490 60002 333 10290 58012 60007=
41697 02997 02308 10390 20235 39829 49975 60002 333 10420 59028 60007=
41700 01996 32704 10390 20244 39857 49975 60002 70500 83030 333 10402 56090 59031 60007 83360=
41710 11996 03116 10380 21082 39247 49956 60002 70700 333 10410 59018=
41712 11996 00508 10405 21043 39088 48463 60002 70600 333 10415 59017=
41715 01996 01302 10365 20265 39922 49983 60002 70500 333 10380 59028 60007=
41718 01996 00000 10380 20287 39898 49994 60002 70400 333 10401 58030 60007=
41725 02996 00000 10390 20244 39900 49973 60002 333 10395 59033 60007=
41739 01996 03116 10380 20003 38964 48462 60002 70500 333 10385 59002 60007=
41744 12996 00000 10340 20057 38695 48435 60002 333 10355 59012=
41749 02996 01306 10370 20268 39957 49990 60002 333 10380 59028 60007=
41756 01996 02310 10325 20248 39945 40008 60002 70504 333 10330 59029 60007=
41759 01996 02310 10315 20260 39999 40004 60002 70500 333 10350 59030 60007=
41764 02996 02110 10345 20249 39946 49993 60002 333 10358 59035 60007=
41768 02996 02306 10345 20277 39986 49993 60002 333 10355 59030 60007=
41780 02596 62510 10305 20249 39984 40011 60002 86600 333 10328 56900 59022 60007 83720 86630=
41785 22597 42302 10325 20263 30009 40022 60002 84600 333 10330 56500 59020 60007 84730=
41859 02/50 31301 10340 20260 39959 49996 83030 333 10360 59015 70000 83362==
41883 02/56 20902 10330 20270 39975 49995 82030 333 10350 59011 70000 82362==
41891 01450 60000 10324 20260 39964 40001 70522 84330 333 10350 59003 70020 83616 85365 81930==
41898 21018 10260 20230 40120 54000 70222 82002 22253 06240 21002 80180=
41907 01450 30000 10300 20290 39973 49987 72161 83809 333 10352 59015 70010 82615==
41923 21450 51802 10319 20250 39992 40001 70262 82530 333 10347 59006 69925 70002 82615 85365==
41936 41450 41705 10314 20260 39979 49986 70522 83630 333 10350 59011 82615 83362==
41943 02440 61802 10324 20270 39999 40006 83530 333 10348 58000 70000 83616 84362==
41950 02450 40000 10308 20270 39997 40000 82531 333 10340 59005 70006 82617==
41978 02558 61908 10311 20260 30005 40011 82130 333 10338 59003 70025 82828 85360==
41992 01430 41505 10300 20250 30016 40018 70522 82530 333 10330 58003 70070 82616 84362==
41997 01525 10160 20108 40240 54000 7//// 80000 22273 02150 21506 315// 41006 6//// 8/130 ICE /////=
42001 09121 99259 70897 46/// /1510 10292 20285 30100 40103 91140 22200 00301 333 91213 555 11109 22117 8//11 91138=
42027 32596 22701 10294 20189 38337 48412 82200 333 10308 59023=
42044 32596 40000 10278 20192 38214 48433 84400 333 10300 59023=
42045 32596 32301 10268 20173 38254 48369 83400 333 10300 59021=
42056 32696 22302 10338 20269 39567 82100 333 10345 59027=
42071 31996 02905 10340 20301 49985 71000 333 10351 59029=
42097 09121 99257 70837 46/// ///// 1//// 91156 22200 00302 10401 20401 70006=
42101 32996 03201 10334 20299 49994 333 10357 59025=
42111 21595 50000 10288 20249 39314 49982 76096 83830 333 10334 59026 6990/ 82620 83830 85360=
42123 32996 20501 10344 20248 49981 82030 333 10366 59032 82360=
42131 32696 33202 10330 20269 49987 83500 333 10350 59028=
42165 32696 10000 10364 20236 49972 81500 333 10372 59027 81640=
42182 21595 70000 10310 20260 49994 71062 84320 333 10346 59020 6990/ 84630 81935 86459=
42189 21595 80000 10270 20270 49989 71796 889// 333 10357 59017 6028/ 87625 81935=
42309 31395 73201 10314 20276 49999 71022 84320 333 10354 58002=
42314 31996 49902 10298 20273 40002 71022 84030 333 10326 58005 84360=
42328 32596 22701 10370 20226 49963 82500 333 10380 59027 82630=
42339 21695 53201 10354 20227 49984 70552 82530 333 10357 59028 6990/ 82635 83358=
42348 31595 79902 10294 20251 49996 71022 85930 333 10338 59019 84625 81935 86359=
42361 31595 70000 10320 20276 49989 70522 84530 333 10349 59019 84620 87360=
42369 21495 73202 10280 20254 49991 71096 84520 333 10349 59017 6002/ 82618 86458=
42379 31595 60000 10332 20280 49977 70522 82440 333 10361 59014 82620 86360=
42398 32596 49902 10331 20265 49988 84900 333 10370 59016=
42410 31496 60000 10324 20286 40004 71022 83330 333 10365 59010 83618 81925 85360=
42415 32596 50000 10334 20285 40004 82431 333 10360 59005 82620 83360=
42452 21595 62002 10298 20273 49980 71022 82130 333 10308 59026 6002/=
42492 31496 50904 10320 20276 49979 71022 82530 333 10350 59025 82618 84360=
42559 21596 80000 10254 20248 49986 72196 333 10325 59016 6012/ 86620 88458=
42571 32596 53602 10320 20261 49967 83501 333 10343 59029 83625 85075=
42591 N/A=
42623 21496 70501 10248 20231 39168 40012 71096 85630 333 10332 58000 6990/ 82710 85618 87360=
42634 32596 52303 10330 20245 40016 85800 333 10348 59026 83620 83825=
42647 31596 42705 10332 20253 40006 70522 84500 333 10340 56500 59036 84620=
42667 31596 62606 10310 20246 39418 49981 70522 84930 333 10325 59029 83620 84825 81930 85360=
42675 21495 73202 10266 20249 49978 79696 85920 333 10330 59022 6009/ 82712 84620 81930 86458=
42701 21495 70904 10266 20261 39262 49972 76066 84730 333 10282 59025 6004/ 83710 83618 85360=
42724 21496 51601 10324 20275 40002 70522 83530 333 10358 59004 6990/ 83618 83360=
42737 32596 52508 10324 20244 40014 83530 333 10343 59026 83620 85358=
42754 22496 62905 10274 20231 39374 49990 84930 333 10296 59028 6992/ 81710 83618 81930 85360=
42779 32596 60000 10304 20246 39286 49951 83830 333 10322 59038 81620 83825 85360=
42798 21495 71408 10280 20257 49961 76066 85330 333 10324 57930 59034 6006/ 84615 81930 86360=
42809 21495 42302 10294 20268 49982 70562 82530 333 10335 59017 6005/ 82618 84360=
42840 32596 42702 10316 20257 40021 82530 333 10330 59030 82620 84360=
42867 21495 83204 10276 20265 49983 79596 8492/ 333 10340 59028 6005/ 84618 81930 88458=
42874 21496 82002 10294 20275 49960 71096 8272/ 333 10326 59045 6001/ 82712 83618 88458=
42886 21596 60505 10284 20267 49951 70562 84530 333 10328 59034 6003/ 84620 86360=
42895 21496 70905 10292 20270 49963 70262 86401 333 10316 59026 6010/ 86618=
42909 32996 12704 10296 20265 40022 80001 222// 20000 333 10316 59028 81070=
42971 21495 81402 10282 20271 49946 76162 8632/ 333 10310 57912 59027 6002/ 85616 81930 88459=
43003 21595 42703 10308 20248 40028 70422 83801 333 10319 59029 6003/ 82620 83825=
43014 31596 72506 10288 20222 39373 49999 70542 84830 333 10317 59020 83620 84825 85360=
43041 21495 82302 10236 20233 39374 49980 76366 8672/ 333 10247 59025 6057/ 83715 86620 88458=
43063 32597 72702 10262 20219 39416 40027 87700 333 10301 56600 59024 82722 85626=
43086 21597 80000 10266 20248 39820 49994 70262 8351/ 333 10272 59020 6006/=
43110 21496 62303 10280 20254 40047 72142 85770 333 10308 59023 6001/ 82712 83618 85456=
43117 32597 82302 10288 20237 40009 8563/ 333 10306 59027=
43128 21496 82704 10260 20223 39411 40007 75052 8472/ 333 10268 56699 59029 6991/ 82710 83615 88458=
43150 22596 72305 10280 20249 39907 49967 83538 222// 20000 333 10294 56599 59023 6990/ 83620 84360 86270=
43185 21597 82502 10286 20251 39991 49994 70252 8457/ 333 10290 59028 6995/ 84620 84360=
43189 22597 82502 10280 20251 39981 49990 8357/ 333 10291 59028 6994/=
43192 21496 82304 10270 20256 40050 76162 8477/ 333 10314 59020 6006/=
43198 21496 62712 10252 20202 39225 40033 70262 84531 333 10274 56699 59023 6993/ 84612 85358=
43201 21496 82302 10248 20225 39308 40023 76022 8567/ 333 10308 5669/ 59017 6001/ 84710 84612 87458=
43213 32597 82704 10304 20224 39694 40002 82877 333 10316 59025=
43233 21497 52512 10254 20231 39246 40050 70262 82832 333 10292 59020 6003/=
43237 21597 82508 10290 20215 39614 49997 72022 8357/ 333 10329 59021 6990/ 83620 86458=
43245 32597 82502 10320 20239 39986 40012 84877 333 10323 59030=
43279 32597 60000 10324 20247 30005 40022 84430 333 10337 59027 83620 83360=
43284 21095 81803 10260 20249 39950 40065 72162 8497/ 333 10289 56699 57932 59019 6011/ 82701 83612 81925 88458=
43295 21497 72302 10256 20162 39047 48465 70252 83831 333 10296 56599 59015 6990/ 82612 83818 85358=
43310 22596 62302 10294 20266 40055 83321 333 10298 59007 6993/=
43314 21497 62302 10288 20263 40075 70262 83431 222// 21001 333 10325 59017 6002/=
43321 21496 62015 10288 20226 39608 40046 70522 82401 333 10326 59020 6990/ 82612 85070=
43329 32997 20000 10330 20260 30009 40022 80001 333 10350 59023=
43333 21495 82306 10280 20249 40064 76062 8542/ 333 10305 56599 59008 6996/ 82617 84819 88456=
43344 21496 62715 10354 20217 39933 40030 70522 83431 333 10367 59022 6990/ 82616 83820=
43353 21396 62904 10280 20246 40075 82520 333 10302 56790 59020 6002/ 82608 83612 85459=
43369 21596 73204 10272 20249 40079 70262 84530 333 10296 59022 6007/ 84620 86358=
43371 32497 63206 10290 20253 30003 40075 84771 333 10310 59023 83715 83618=
43404 22470 22105 10299 20266 30035 40038 55006 81000 333 10332 20279 3/026 553// 20059 59021 60008 81920 91010 555 60008==
43410 22470 4//// 10332 20223 30041 40044 53001 81102 333 10357 20292 3/027 59022 60008 81/18 555 60008==
43413 22470 62107 10294 20250 30049 40053 55004 82105 333 10314 20279 553// 20090 59020 60008 91013==
43415 22470 82203 10308 20229 39954 40062 52003 84000 333 10345 20290 3/024 59020 60008 555 60008==
43418 22470 72301 10319 20217 30016 40057 52002 82106 333 10353 20296 3/025 59015 60008 555 60008==
43421 22/70 52503 10292 20229 39955 40059 54004 333 10342 20251 3/025 553// 20046 59017 60008 91009==
43422 21470 52703 10297 20239 39929 40061 57003 70128 83106 333 10317 20271 3/024 59015 60008 555 69908==
43424 22470 62104 10292 20253 30068 40070 55004 83/// 333 10315 3/025 59012 60008 81920 555 69998==
43436 21070 40502 10310 20280 30045 40048 51001 72522 82000 333 10369 59014 69908 555 69908==
43441 21470 52104 10286 20235 39937 40068 57003 70282 84000 333 10317 3/025 59017 60008 555 60038==
43444 21470 73101 10258 20224 39542 40071 56002 76082 84130 333 10289 20246 3/023 59017 69988 555 69998==
43450 21/70 52305 10294 20245 30076 40088 54000 70382 333 10308 20255 59012 60008 85/80 555 60148==
43466 21470 32302 10290 20224 30074 40082 5/000 70182 82000 333 10300 20244 553// 20062 59014 60008 91005==
43467 21/70 52103 10300 20240 30075 40081 56001 70382 333 10316 3/025 59013 60008 82/16 82/18 555 60088==
43473 21/40 82806 10158 20158 38102 48466 56002 75065 333 10195 20147 3/014 553// 20014 59015 60008 85704 88810 91010 555 69938==
43475 22470 12203 10328 20221 30047 40051 52005 81100 333 10375 20267 553// 20044 59013 60008 91007 555 60008==
43476 21470 52301 10220 20193 38747 48494 5/001 70282 82000 333 10260 20216 59016 69908 555 69908==
43479 22/70 72401 10279 20181 39223 52005 84/4/ 333 10326 20258 59012 60008 83/16 555 60008==
43486 21465 80301 10261 20261 39983 40083 5/002 75082 87000 333 10311 20240 553// 20027 59014 60008 81918 91002==
43495 22/70 52505 10290 20255 30067 40080 52001 333 10300 20270 59016 60008 82818 81920 555 60008==
43497 22470 32205 10286 20000 30054 40071 5/002 83000 333 10310 20256 553// 20056 59015 60008 91008==
44212 42584 43401 10143 20037 39117 40194 52005 82540 333 10185==
44213 42/84 20101 10141 21004 38800 40187 52003 82060 333 10168==
44214 42/70 62703 10151 21052 38289 40155 57002 86030 333 10164==
44215 42670 12903 10145 21064 38424 40173 57002 81400 333 10164==
44217 32998 20000 10112 21058 37890 40207 56003 81044 333 10135 91202=
44218 42684 10903 10159 21071 38616 40171 54000 81100 333 10177==
44219 32999 01001 10158 21071 38630 40172 57003 333 10178 91203=
44265 42984 02402 10178 21017 38842 40164 57004 333 10203==
44266 32999 01103 10112 21100 37809 40189 53003 333 10139 91206=
44404 22458 40903 10234 20198 38086 48407 83201 333 10277 59011 60008 70000=
44416 21458 61205 10270 20245 39258 49993 75095 85710 333 10342 59009 69958 70005=
44424 21458 61904 10217 20160 37622 47042 71799 83902 333 10285 59007 60008 70000=
44434 21457 73014 10262 20232 39140 48451 72162 84920 333 10320 59010 60008 70003=
44438 22560 73406 10319 20268 39867 49988 81152 333 10357 59012 60008 70000=
44449 22460 40702 10330 20305 39844 49993 82130 333 10354 59014 60008 70000=
44454 21457 62704 10240 20214 38592 48432 71596 83370 333 10306 59009 69908 79999=
44462 22460 40901 10222 20186 38207 48416 84200 333 10259 59015 60008 70004=
44474 22020 40000 10235 20195 38207 48443 82201 333 10264 59008 60008 70016=
44477 21450 52701 10254 20235 38746 48463 71020 83201 333 10314 59012 60008 70000=
44478 22558 30904 10324 20277 39907 49989 81102 333 10345 59016 60008 70000=
48010 41540 80000 10265 20253 39866 40017 70255 8577/ 333 10315 58018==
48020 41340 70000 10280 20259 70392 85930 333 10356==
48025 12456 63202 10363 20275 39870 40002 59014 60002 84320==
48031 41256 72201 10225 20205 71799 87900 333 10265==
48048 41556 61801 10315 20289 39952 40006 71795 85950 333 10370 59005==
48052 32457 51802 10355 20264 83531 333 10382 56999 60002=
48062 42456 72302 10290 20250 30019 40026 85970 333 10325 59009==
48064 42450 80000 10312 20254 39957 40013 86870 333 10335 59002==
48071 42450 82302 10290 20259 30021 40030 8697/ 333 10310 59005==
48094 41456 80000 10270 20260 30037 40047 72166 8597/ 333 10322 59005==
48109 42440 72306 10300 20266 30045 40048 85970 333 10323 59018==
50557 14/64 /2607 10207 20173 39711 49990 52013 60001 333 10246 20156 3/019 59114 70000 90761 91118==
51076 14/80 /2201 10183 20045 39341 40197 57004 60001 333 10206 20044 3/004 59037 70000 90761 91105==
51087 14/80 /2806 10183 20018 39199 40192 57005 60001 333 10200 20055 3/004 59034 70000 90761 91109==
51156 14/80 /1904 10155 20013 38715 40206 54000 60001 333 10177 20039 3/003 59028 70000 90761 91108==
51243 14/80 /1702 10212 20043 39664 40191 57004 60001 333 10224 20116 3/010 59035 70000 90761 91106==
51334 14/80 /2702 10223 20091 39793 40182 57001 60001 333 10241 20097 3/008 59034 70000 90761 91104==
51379 14/80 /3501 10201 20000 39274 40192 54000 60001 333 10227 20048 3/005 59040 70000 90761 91104==
51463 14/80 /0003 10175 20023 39042 40195 52004 60001 333 10193 20086 3/006 59034 70000 90761 91108==
51573 14/80 /2201 10283 20058 30081 40128 57006 60001 333 10302 20191 3/017 59023 70000 90761 91108==
51644 14/24 /2501 10221 20086 38922 40121 57005 60001 70600 333 10247 20113 3/014 59022 70000 90761 91106==
51656 14/58 /1202 10226 20128 39118 40126 57004 60001 333 10256 20137 3/010 59025 70000 90761 91106==
51709 14/75 /0505 10183 20038 38623 40124 52005 69901 76050 333 10250 20182 3/017 58005 90761 91107==
51711 14/79 /0201 10119 20076 38043 40129 52010 69911 76060 333 10185 20058 3/007 58005 70001 90761 91108==
51716 14/59 /0403 10226 20037 38875 40096 57013 60001 333 10270 20172 3/018 59014 70000 90761 91111==
51765 14/63 /0701 10238 20105 39169 40121 57004 60001 333 10281 20106 3/008 59032 70000 90761 91108==
51811 14050 03002 10191 20099 38766 40110 52006 69901 76060 333 10261 20172 3/018 58003 90761 91104==
51818 14/25 /2904 10211 20055 38601 40082 52001 60001 70600 333 10273 20168 3/018 59016 70000 90761 91109==
51828 14/56 /1102 10263 20064 38581 40044 57006 60001 70600 333 10280 20177 3/015 59035 70000 90761 91108==
51886 14/80 /1703 10162 20015 37145 40075 52002 60001 333 10189 20079 3/007 59023 70000 90761 91111==
52203 14/71 /3001 10201 20081 39296 40151 57003 60001 333 10271 20082 3/007 59013 70000 90761 91105==
52602 14/79 /3006 10174 21023 37291 40087 57002 60001 333 10208 20056 3/004 59017 70000 90761 91110==
52681 14/80 /1202 10177 20101 38671 40172 57003 60001 333 10202 20148 3/015 58027 70016 90761 91105==
52818 14/80 /0501 10193 20004 37256 40053 52004 60001 333 10223 20086 3/007 59026 70001 90761 91105==
52908 14/64 /2909 10030 20011 35836 40097 52006 60001 76000 333 10100 20024 3/003 59011 70016 90761 91115==
53463 14/80 /0103 10151 20101 38896 40177 52017 69961 72100 333 10218 20136 3/013 58066 70008 90761 91116==
54857 14/80 /1503 10261 20224 30037 40126 52008 60001 333 10293 20245 3/027 59015 70000 90761 91108==
55228 14/80 /2405 10190 21082 36040 49888 57009 60001 333 10201 20064 3/004 59011 70000 90761 91110==
55299 14/80 /1004 10097 20053 35908 40010 52011 60001 333 10150 20054 3/006 58001 70020 90761 91110==
55578 14/80 /1404 10155 20057 36395 49948 52004 60001 76000 333 10220 20124 3/014 58013 70002 90761 91111==
55591 14/79 /1001 10195 20056 36531 49901 52012 60001 333 10245 20152 3/014 59005 70000 90761 91110==
55664 14/80 /0104 10111 20041 36049 40002 52014 60001 76000 333 10190 20082 3/009 58012 70000 90761 91113==
55773 14/80 /1007 10090 20057 36054 40041 52001 60001 333 10144 20040 3/006 59012 70102 90761 91113==
56004 14/80 /2003 10105 20051 35874 49974 57004 69931 333 10122 20047 3/006 59018 70033 90761 91111==
56018 14/75 /1802 10127 20070 36224 49982 54000 60011 333 10180 20095 3/010 59005 70013 90761 91110==
56116 14/80 /0701 10169 20073 36357 49960 52001 60001 333 10211 20071 3/006 59024 70000 90761 91111==
56299 58010 70003 82814 555 90912=
56312 14/80 /1104 10227 20065 37072 49974 52011 60001 333 10281 20102 3/010 59012 70000 90761 91109==
57494 14/59 /0000 10298 20242 30039 40067 52016 60001 333 10373 20271 3/031 59008 70000 90761 91106==
58847 14/63 /0502 10292 20227 39992 40089 52020 60001 333 10339 20256 3/029 59016 70000 90761 91108==
62306 42560 23411 10308 20223 40109 57012 82200==
62309 42560 33606 10314 20197 40100 57007 83500==
62325 42960 03305 10318 20223 40105 57009==
62332 42960 03212 10309 20233 40097 57011==
62337 42960 03409 10320 20233 40088 57009==
62366 45960 03306 10340 20140 40082 57016==
62387 42960 03507 10362 20147 40084 57017==
62393 42960 03610 10362 20134 40113 57016==
62405 42960 02707 10381 20117 40070 52023==
62414 42960 03207 10399 20079 40076 57026==
62419 42960 00910 10371 20096 40065 57022==
62420 42560 13606 10362 20136 40085 57019 81100==
62435 42960 03503 10387 20109 40071 57022==
62440 42960 00506 10354 20218 40088 57019==
62455 42960 02708 10351 20201 40080 57019==
62458 42960 03110 10322 20225 40073 57015==
62459 41956 02912 10318 20233 40061 57015 70500==
62465 42960 03609 10322 20239 40065 57018==
63210 32980 00417 10326 20270 40024 333 10404 58001=
