SMPK OPKC 130000=
41504 02995 02704 10130 20042 37804 48334 60002 333 59009 60007 RH 55%=
41505 22595 30000 10140 20054 38/// 48/// 60001 80030 333 56090 58/// 83720 83360 RH 56%=
41516 02696 40000 10155 20111 38439 48398 60002 84400 333 56900 59045 60007 84840 RH 75%=
41517 01696 10000 10120 20074 37740 48440 60002 70400 81500 333 56900 59046 60007 81635 RH 73%= 
41518 02696 41802 10222 20015 38/// 48/// 60002 82520 333 56990 5//// 60007 82640 82462 RH 26%= 
41519 02996 00000 10275 20106 38683 48437 60002 333 59012 60007 RH 35%=
41520 02995 01802 10140 20017 37575 48178 60002 333 59031 60007 RH 43%= 
41530 016// 50506 10270 20218 39594 49989 60002 70522 83430 333 56990 59009 60007 83840 RH 73%=
41571 119// 40504 10240 20203 39445 40006 60052 70522 82830 333 56990 58002 RH 80%=
41620 32996 03602 10220 20118 38492 48397 60002 333 59016 60007 RH 52%=
41660 019// 01304 10160 21029 38370 48466 70500 333 59023 60007 RH 28%=
41661 01995 00000 10135 20023 38325 48452 60002 70540 333 59012 60007 RH 47%= 
41685 02997 01802 10245 20209 38827 48426 60002 333 59006 60007 RH.80%=
41696 02996 00000 10150 20003 37977 48484 60002 333 59008 60007 RH 37%=
41697 02996 00000 10290 20191 39820 49969 60002 333 59029 60007 RH 55%= 
41710 12996 03104 10235 21080 39279 40028 60002 333 59007 RH.12%=
41712 12996 00000 10240 20002 39124 48462 60002 333 59010 RH 21%=
41715 01996 00000 10290 20269 39925 49988 60002 70500 333 59022 60007 RH 89%=
41724 01996 00000 10290 20248 39931 40007 60002 70500 333 59018 60007 RH 78%=
41725 12996 01304 10275 20239 39904 49980 60002 333 59016 RH 81%=
41726 02996 00000 10290 20262 39948 40017 60002 333 59006 60007 RH 85%=
41738 02996 00000 10260 20191 39861 40037 60002 333 58004 60007 RH 66%=
41739 02996 00000 10240 20123 38972 48448 60002 333 59019 60007 RH 48%=
41742 12996 70000 10280 20252 39926 40027 60002 87010 333 56090 59012 87460 RH 85%=
41743 01996 00000 10250 20205 60002 70500 333 60007 RH 76%=
41744 12996 00000 10220 20073 38693 48426 60002 333 59002 RH 39%=
41745 01995 01806 10265 20236 60002 70500 333 60007 RH 84%=
41746 02996 01804 10260 20231 39930 49982 60002 333 59015 60007 RH 84%=
41747 02996 01308 10280 20244 39921 49978 60002 333 59013 60007 RH 81%=
41748 02996 01804 10280 20237 39930 49992 60002 333 59012 60007 RH 77%=
41749 01996 01304 10280 20259 39949 49981 60002 70400 333 59028 60007 RH 88%=
41756 01995 02304 10250 20235 39972 40036 60002 70104 333 58014 60007 RH 92%= 
41757 11994 00000 10270 20256 30025 40037 60002 71000 333 58010 RH 92%= 
41759 01995 00000 10250 20228 30027 40033 60002 71011 333 58018 60007 RH 88%=
41760 01595 40000 10255 20241 30020 40033 60002 71000 84600 333 56900 58000 60007 84720 RH 92%=
41764 02996 02112 10270 20234 39963 40012 60002 333 58001 60007 RH 81%=
41765 02996 02108 10270 20234 39973 40008 60002 333 59005 60007 RH 81%=
41766 21696 02308 10255 20241 39964 49994 70400 333 58002 60007 RH 92%=
41767 02996 0//// 10255 20233 60002 333 60007 RH 88%=
41768 02996 02308 10270 20249 30009 40016 60002 333 58003 60007 RH 88%=
41780 01596 52506 10275 20239 30000 40027 60002 70400 85600 333 56900 58000 60007 85720 RH 81%=
41783 02996 32304 10270 20249 39994 40023 60002 83030 333 56090 58001 60007 83360 RH 88%=
41785 02996 02302 10270 20241 30008 40021 60002 333 59001 60007 RH 84%= 
41786 02996 02306 10260 20231 39977 40012 60002 333 58004 60007 RH 84%=
41BAG 02696 40502 10140 20086 60002 84500 333 56900 60007 84640 RH 70%=

SMPK OPKC 130000=
=================
41506 02995 00000 10200 20118 38392 48386 60007 59%=
41507 02996 00000 10235 20182 39145 49642 60002 333 59022 60007 72%=
41508 02996 00000 10169 20127 38580 48455 60002 333 59028 60007 RH 76%=
41509 02996 00000 10205 20130 38679 48429 60002 333 59008 60007 RH 62%=
41510 02696 20000 10130 20104 37865 48460 60002 82500 333 56900 59010 60007 82640 84%=
41515 02996 00000 10213 20112 38468 48431 60002 333 59025 60007 52%=
41523 02996 00000 10210 20179 39006 48444 60002 333 59013 60007 83%=
41524 02996 00000 10235 20182 39247 40077 60002 333 59017 60007 RH 72%=
41525 12996 00000 10130 20095 37647 48342 60002 333 59017 79%=
41528 01996 00000 10195 20171 39114 48425 60002 70400 333 59006 60007 86%=
41529 02996 00000 10270 20234 39635 49999 60002 333 59010 60007 RH 81%=
41534 02996 60902 10250 20235 39602 40000 60002 83510 333 59013 60007 83640 83462 92%=
41535 02996 00000 10165 20122 38639 48414 60002 333 58001 60007 RH76%=
41536 02996 03602 10210 20163 38945 48436 60002 333 59012 60007 74%=
41560 02996 00000 10190 20134 38235 48453 60002 333 59006 60007 Rh70%=
41562 02996 00000 10275 20224 39545 49988 60002 333 59030 60007 RH 74%=
41565 02997 01304 10189 20166 38590 48462 60002 333 58005 60007 86% =
41567 01996 00000 10260 20215 39581 49981 60002 70400 333 59036 60007 76%=
41572 01696 20908 10230 20193 39382 49985 60002 70419 82500 333 56900 58004 60007 82640 RH79%=
41573 02997 21304 10150 20107 37941 43453 60002 333 59004 60007 76%=
41574 02997 00000 10135 20127 38284 48459 60002 333 59028 60007 95%=
41576 01696 00902 10270 20241 40021 60002 70400 81570 333 56990 59009 60007 81640 86360 84%=
41577 01696 50000 10215 20208 39415 40013 60272 70422 83530 333 56990 58001 60007 83640 83360 RH 96%=
41593 01996 00000 10285 20264 39777 49981 60002 70400 333 59001 60007 89%=
41597 01996 00000 10280 20259 39720 40003 60002 70400 333 58004 60007 88%=
41598 01996 00000 10280 20244 39735 49994 60002 70400 333 58022 60007 81=
41599 01696 70000 10275 20247 39720 49999 60002 70429 83470 333 56990 58005 60007 83640 86460 85%=
41600 01696 80000 10275 20254 39714 49999 60002 70492 8452/ 333 5699/ 58004 60007 84645 86460 88%=
41624 01996 01302 10280 20244 39786 49977 60002 70400 333 59019 60007 81%=
41625 01996 00000 10280 20252 39776 49966 60002 70400 333 59009 60007 85%=
41630 01996 21304 10270 20249 49992 60002 70400 82030 333 56090 59002 60007 82360 88%=
41633 02997 00000 10280 20259 4//// 60002 333 5//// 60007 88%=
41634 02997 00000 10260 20232 3//// 4//// 60002 333 5//// 60007 84%=
41635 01996 00000 10270 20226 3//// 4//// 60002 70400 333 5//// 60007 77%=
41636 01996 01302 10285 20257 39809 49985 60002 70400 333 59006 60007 85%=
41638 01996 00000 10275 20239 4//// 60002 70400 333 5//// 60007 81%=
41639 01996 30902 10265 20251 3//// 4//// 69902 70400 333 56090 5//// 60007 83360 92%=
41640 01996 00000 10270 20241 39754 49993 60002 70400 333 58007 60007 84%=
41641 01996 01604 10265 20236 39731 49994 60002 70400 333 58001 60007 84%=
41642 01995 00000 10255 20241 3//// 4//// 60002 71000 333 5//// 60007 92%=
41643 01695 50000 10250 20235 39728 49996 60072 70496 333 56990 58000 60007 82640 84460 92%=
41644 01996 00000 10265 20251 4//// 60002 70400 333 5//// 60007 92%=
41646 01996 00000 10260 20231 39798 40004 60002 70400 333 59010 60007 84%=
41652 01996 00504 10260 20215 39802 49974 60002 70400 333 59016 60007 76%=
41669 01996 01302 10285 20257 3//// 4//// 60002 70400 333 5//// 60007 85%=
41670 01996 00000 10280 20244 3//// 4//// 60002 70400 333 5//// 60007 81%=
41674 01996 01304 10270 20234 3//// 4//// 60002 70400 333 5//// 60007 81%=
41675 01996 01808 10295 20230 39832 49968 60002 70400 333 59013 60007 68%=
41676 01996 00000 10280 20244 39840 49992 60002 70400 333 59022 60007 81%=
41677 01996 00000 10260 20223 39795 49956 60002 70400 333 59021 60007 80%=
41678 01996 00000 10285 20219 49982 60002 70500 333 59008 60007 67%=
41679 01996 00000 10260 20238 4//// 60002 70411 333 5//// 60007 88%=
41680 01996 00000 10270 20249 39800 49990 60002 70400 333 58000 60007 88%=
41700 01996 02304 10280 20237 39849 49971 60002 70400 333 59015 60007 77%=
41701 01996 02308 10260 20231 39851 49990 60002 70400 333 59013 60007 84%=
41716 01996 02306 10275 20254 39897 49997 60002 70400 333 59007 60007 88%=
41718 01995 02306 10280 20259 39883 49983 60002 70400 333 59002 60007 88%=
41BKI 02996 02304 10280 20229 39588 49985 60002 333 59007 60007 RH74%=
41SKP 01996 00000 10265 20251 3//// 4//// 60002 70400 333 5//// 60007 92%=
43532 01996 00000 10215 20192 39221 49998 60002 70400 333 59006 60007 87%=
43533 02996 00000 10220 20190 39116 48416 60002 333 59018 60007 83%=
43563 02697 40000 10244 20216 39344 40009 60002 84500 333 56900 58007 60007 84640 84%=

41526 Not Received
41533 Not Received
41564 Not Received
41568 Not Received
41592 Not Received
41594 Not Received
41672 Not Received
41781 Not Received

UPPK OPKC 130000=
=================
PPAA 63001 41715 55185 14005 77999=
PPBB 63001 41715 90/12 00000 08002 09503 9037/ 11503 17007=
PPAA 6300/ 41739 NO ASSCENT DUE TO SECUITY RISK=
PPAA 6300/ 41516 NO ASSCENT DUE TO TECHNICAL FAULT=
PPAA 6300/ 41768 NO ASSCENT DUE TO SHORTAGE OF STAFF=
PPAA 6300/ 41517 NO ASSCENT DUE TO LOCAL AIR MOVEMENT=
PPAA 63001 41780 NO ASSCENT DUE TO RED BALOON SHORTAGE=
PPAA 6300/ 41764 NO ASSCENT DUE TO 30GM BALLOON OUT OF STOCK=

PPAA 63001 41675 55185 25029 77999=
PPBB 63001 41675 90/12 18008 18008 21014 903// 23031=
PPAA 63001 41598 55185 04502 77999=
PPBB 63001 41598 90/12 00000 00501 01001 903// 01501=
PPAA 63001 41718 55185 23013 77999=
PPBB 63001 41718 90/12 22506 21510 22012 903// 22514=
PPAA 63001 41678 55185 02503 77999=
PPBB 63001 41678 90/12 00000 32002 33503 9037/ 35505 04503=
PPAA 63001 41624 55185 13005 77999=
PPBB 63001 41624 90/12 13502 12004 10504 9037/ 08504 17507=
PPAA 6300/ 41600 MISDA DUE TO OVER CAST=
PPAA 6300/ 41646 MISDA DUE TO TECHNICAL=
PPAA 6300/ 41640 MISDA DUE TO TECHNICAL PROBLEM=

Data Generated from File : D:\all data handling\Rmc_lhr\2024091300.FSU.txt
13/09/24 01:05:21
______________________________________________________________
15007 05/61 /2602 10148 20142 39641 40098 57006 60001 7000/ 333 4//// 55300 0//// 20000 3//// 55010 0//// 20605 3//// 60007=
15020 07/58 /2900 10174 20169 39900 40090 57005 60001 7101/ 333 55300 0//// 20000 3//// 55006 0//// 20661 3//// 60007=
15023 07/20 /2001 10156 20154 39665 40078 57007 69911 720// 333 55300 0//// 20000 3//// 55008 0//// 20538 3//// 60007=
15056 05/68 /2601 10180 20159 39752 40090 57005 60001 7000/ 333 4/000 55300 0//// 20000 3//// 55019 0//// 20781 3//// 60007=
15069 07/01 /1900 10100 20100 39059 42750 57007 60001 7333/ 333 4/000 55300 0//// 20000 3//// 55012 0//// 20679 3//// 60007=
15073 05/70 /3501 10153 20145 39646 40100 57006 60001 7000/ 333 4/000 55300 0//// 20000 3//// 55018 0//// 20721 3//// 60007=
15090 01905 00601 10153 20153 30006 40096 57005 60001 74640 333 4/000 55300 10159 20000 30000 55013 00147 20630 30509 60007 91001 91101=
15107 07/04 /1900 10120 20118 39323 42755 57005 60001 7343/ 333 55300 0//// 20000 3//// 55019 0//// 20930 3//// 60007=
15108 01698 52805 10087 20052 38069 48465 57006 60001 70242 82041 333 55300 0//// 20000 3//// 55004 0//// 20350 3//// 60007=
15109 05/70 /2703 10150 20139 39674 40097 57006 69901 7000/ 333 55300 0//// 20000 3//// 55032 0//// 20838 3//// 60007=
15111 07/59 /1901 10155 20151 39831 40087 57006 60001 7101/ 333 4/000 55300 0//// 20000 3//// 55031 0//// 20843 3//// 60007=
15113 07/01 /2800 10150 20150 39934 40094 57006 60001 7343/ 333 4/000 55300 0//// 20000 3//// 55029 0//// 20824 3//// 60007=
15127 01/02 90701 10084 20082 39251 42752 57005 60001 74741 333 4/000 55300 0//// 20000 3//// 55014 0//// 20729 3//// 60007 91001 91101=
15148 05970 20701 10087 20083 38672 48449 57009 60001 7000/ 82040 333 55300 0//// 20000 3//// 55023 0//// 20871 3//// 60007 91002 91102=
15150 05966 02901 10145 20143 39889 40097 57005 60001 7000/ 333 4/000 55300 0//// 20000 3//// 55026 0//// 20768 3//// 60007 91002 91102=
15154 01404 50500 10149 20149 39952 40092 58004 60001 74641 85600 333 4/000 55300 0//// 20000 3//// 55036 0//// 21073 3//// 60007 91001 91102=
15168 05/70 /0303 10125 20113 39492 42741 57011 60001 7000/ 333 4/000 55300 0//// 20000 3//// 55025 0//// 20820 3//// 60007=
15170 01903 03001 10081 20078 39345 42747 57007 60001 74440 333 55300 0//// 20000 3//// 55028 0//// 20903 3//// 60007 91001 91101=
15194 05/70 /2904 10151 20140 39811 40098 57007 60001 7000/ 333 4/000 55300 0//// 20000 3//// 55028 0//// 21013 3//// 60007=
15197 05/66 /3401 10171 20165 39893 40097 57005 60001 7000/ 333 4/000 55300 0//// 20000 3//// 55033 0//// 21123 3//// 60007=
15215 07/02 /0901 10113 20110 39512 42742 57011 60001 7343/ 333 4/000 55300 0//// 20000 3//// 55017 0//// 20734 3//// 60007=
15217 05/68 /3504 10125 20122 39447 42746 57010 60001 7000/ 333 4/000 55300 0//// 20000 3//// 55022 0//// 20718 3//// 60007=
15219 07/59 /2903 10157 20150 39968 40089 57006 60001 7101/ 333 4/000 55300 0//// 20000 3//// 55042 0//// 21223 3//// 60007=
15238 05/65 /0101 10120 20117 39497 42745 57009 60001 7000/ 333 4/000 55300 0//// 20000 3//// 55021 0//// 20801 3//// 60007=
15261 07/02 /3401 10118 20118 39310 42762 57011 60001 7333/ 333 55300 0//// 20000 3//// 55017 0//// 20713 3//// 60007=
15262 01999 01903 10099 20097 38191 48468 57007 60001 70141 333 55300 0//// 20000 3//// 55010 0//// 20535 3//// 60007 91004 91105=
15265 07/45 /3401 10169 20169 30017 40089 57006 60001 7101/ 333 4/000 55300 0//// 20000 3//// 55042 0//// 21281 3//// 60007=
15280 01999 02108 10049 20029 37497 47063 57013 60001 70141 333 55300 0//// 20000 3//// 55008 0//// 20742 3//// 60007 91011 91111=
15300 05997 02201 10126 20124 39481 42743 57009 60001 7000/ 333 55300 0//// 20000 3//// 55014 0//// 20759 3//// 60007 91002 91103=
15301 05570 01902 10128 20107 38597 48481 57009 60001 7000/ 333 55300 0//// 20000 3//// 55018 0//// 20812 3//// 60007 91005 91105=
15302 07/43 /1401 10104 20104 38884 48459 57010 60001 720// 333 55300 0//// 20000 3//// 55013 0//// 20786 3//// 60007=
15307 05/70 /3102 10171 20149 39909 40089 57008 60001 7000/ 333 4/001 55300 0//// 20000 3//// 55049 0//// 21357 3//// 60007=
15310 05964 01800 10180 20170 30010 40093 57005 60001 7000/ 333 4/000 55300 10170 20000 30000 55020 00320 20863 30582 60007 91004 91104=
15324 05/68 /0901 10134 20130 39325 42750 56005 60001 7000/ 333 4/000 55300 0//// 20000 3//// 55044 0//// 21447 3//// 60007=
15325 01570 52003 10116 20099 38452 48464 57008 60001 70242 85300 333 4/000 55300 0//// 20000 3//// 55001 0//// 20483 3//// 60007 91006 91106=
15328 05/70 /3501 10153 20139 39761 40103 57008 60001 7000/ 333 4/001 55300 0//// 20000 3//// 55027 0//// 21068 3//// 60007=
15335 05970 01101 10183 20163 30089 40096 57006 60001 7000/ 333 55300 0//// 20000 3//// 55026 0//// 20950 3//// 60007 91001 91102=
15336 07/29 /1401 10171 20168 30092 40094 57005 60001 7101/ 333 4/000 55300 0//// 20000 3//// 55050 0//// 21361 3//// 60007=
15349 05/70 /3401 10144 20139 39563 40103 57007 60001 7000/ 333 4/000 55300 0//// 20000 3//// 55041 0//// 21402 3//// 60007=
15350 05970 03203 10177 20156 39980 40097 57006 60001 7000/ 333 4/000 55300 0//// 20000 3//// 55025 0//// 20902 3//// 60007 91003 91104=
15360 05/68 /1905 10228 20209 30083 40099 57003 69911 7000/ 222// 0//// 2//// 333 55068 69917=
15375 05970 13402 10156 20147 39747 40097 57006 60001 7000/ 80001 333 4/000 55300 0//// 20000 3//// 55071 0//// 21703 3//// 60007 91003 91103=
15377 05/70 /0301 10167 20156 39882 40091 57007 60001 7000/ 333 55300 0//// 20000 3//// 55041 0//// 21136 3//// 60007=
15387 05/66 /1802 10212 20199 30098 40101 57004 60001 7000/ 333 4/000 55300 0//// 20000 3//// 55076 0//// 21737 3//// 60007=
15402 07/58 /1401 10169 20162 30017 40090 57006 60001 7101/ 333 55300 0//// 20000 3//// 55062 0//// 21581 3//// 60007=
15405 07/59 /1402 10171 20165 30035 40096 57007 60001 7101/ 333 4/000 55300 0//// 20000 3//// 55060 0//// 21548 3//// 60007=
15406 05/65 /1401 10182 20169 30046 40092 57007 60001 7000/ 333 4/000 55300 0//// 20000 3//// 55047 0//// 21243 3//// 60007=
15408 05/61 /0902 10160 20153 39841 40101 57006 60001 7000/ 333 4/001 55300 0//// 20000 3//// 55047 0//// 21293 3//// 60007=
15409 05/64 /2601 10179 20169 30050 40097 57006 60001 7000/ 333 4//// 55300 0//// 20000 3//// 55039 0//// 21086 3//// 60007=
15419 05968 00301 10159 20153 39910 40100 55004 60001 7000/ 333 4/000 55300 0//// 20000 3//// 55063 0//// 21598 3//// 60007 91001 91103=
15420 02997 03401 10132 20131 39980 40089 57005 60001 333 4/000 55300 0//// 20000 3//// 55056 0//// 21461 3//// 60007 91001 91101=
15421 05970 02300 10154 20143 39991 40100 57005 60001 7000/ 333 4/000 55300 10200 20000 30000 55067 00838 21669 30981 60007 91001 91101=
15422 05970 00600 10155 20123 39989 40088 57005 60001 7000/ 333 55300 0//// 20000 3//// 55044 0//// 21316 3//// 60007 91000 91100=
15425 05970 01704 10199 20157 30028 40089 57009 60001 7000/ 333 4/000 55300 0//// 20000 3//// 55067 0//// 21625 3//// 60007 91006 91106=
15434 02970 00502 10153 20118 39884 40089 55004 60001 333 4/000 55300 0//// 20000 3//// 55096 0//// 21972 3//// 60007 91004 91104=
15444 07/57 /1302 10178 20172 30024 40094 57007 60001 7101/ 333 4/000 55300 0//// 20000 3//// 55068 0//// 21593 3//// 60007=
15455 05/70 /0101 10154 20122 39962 40090 57005 60001 7000/ 333 4/000 55300 0//// 20000 3//// 55062 0//// 21606 3//// 60007=
15460 05970 01501 10181 20148 30065 40089 57009 60001 7000/ 333 4/000 55300 0//// 20000 3//// 55078 0//// 21765 3//// 60007 91002 91102=
15462 05970 02003 10197 20174 30012 40096 57007 60001 7000/ 333 4/000 55300 0//// 20000 3//// 55063 0//// 21579 3//// 60007 91006 91106=
15470 05970 01002 10171 20121 39960 40082 57008 60001 7000/ 333 55300 0//// 20000 3//// 55090 0//// 21956 3//// 60007 91002 91103=
15475 06/// /3401 10158 20123 30067 40086 57008 60001 333 55300 0//// 20000 3//// 55086 0//// 21832 3//// 60007=
15479 05/70 /1803 10185 20160 39910 40097 57008 60001 7000/ 333 55300 0//// 20000 3//// 55063 0//// 21518 3//// 60007=
15480 05968 02201 10207 20190 30077 40094 57009 60001 7000/ 222// 0//// 2//// 333 4/000 55300 10204 20000 30000 55067 00766 21682 31557 60007 91003 91104 92428=
15489 05970 01501 10170 20097 39994 40085 57007 60001 7000/ 333 55300 0//// 20000 3//// 55087 0//// 21962 3//// 60007 91002 91103=
15491 05970 03301 10149 20133 30056 40085 57006 60001 7000/ 333 55300 0//// 20000 3//// 55079 0//// 21826 3//// 60007 91001 91102=
15499 05/65 /3401 10204 20195 30086 40094 57009 60001 7000/ 222// 0//// 2//// 333 55050 60007=
15549 12970 01402 10179 20108 39686 40084 58009 60001 333 10217 20176 555 563//=
15552 12960 00201 10217 20212 30040 40086 57014 60001 222// 00/// 10301 333 10227 20212 555 597// 92022 92427=
15640 12970 00000 10175 20155 39797 40097 58006 60001 333 10217 20175 555 588//=
15655 12968 00000 10206 20192 30058 40089 58007 60001 222// 00246 10201 333 10237 20206 555 592// 92022 92427=
15730 12970 02701 10169 20147 39715 40096 58010 60001 333 10224 20169 555 587//=
16627 12465 10000 10204 20191 30089 40094 58009 60001 81101 333 90730 91104 555 40000 47600 44245 50000 50196 70000 77/I/ 7/I//=
16650 12460 10000 10212 20203 30085 40093 58009 60001 81100 333 90730 91103 555 40000 47599 44255 50000 50206=
16723 12960 02802 10196 20186 30111 40125 52002 60001 333 90730 91106 555 40000 47622 44270 50000 50190=
16732 36/// /1206 10240 20198 30094 40105 57012 333 90730 91109=
16742 12460 10000 10222 20204 39962 40113 57009 60001 81100 333 90730 91106 555 40000 47510 44260 50000 50210=
16749 12960 09903 10244 20208 30095 40109 57008 60001 333 90730 91110 555 40000 47608 44250 50000 50220=
16754 12560 11810 10234 20197 30069 40115 57014 60001 81100 333 90730 91115=
16760 17/// /2004 10213 20193 39722 40122 57016 69901 7//4/ 333 90730 91107 555 60000 65555 60005=
16765 36/// /3010 10246 20203 30092 40111 57016 333 90730 91116=
17022 12970 01305 10212 20153 39954 40111 57011 60001 333 91111 92428=
17031 12470 61405 10234 20214 30119 40125 58005 60001 85250 333 82715 84830 86360 91111=
17034 11670 72203 10252 20215 30088 40131 58002 69961 70282 83250 333 83835 87360 91110 92428=
17038 12670 42204 10247 20208 30074 40119 58001 60001 84200 333 84835 91110 92428=
17050 12970 01501 10211 20186 30042 40101 58006 60001 333 91106=
17056 12970 03301 10220 20172 30095 40099 57007 60001 333 91105 92428=
17060 12960 00502 10235 20195 30067 40105 57010 60001 333 91105=
17070 12665 20000 10146 20121 39287 40110 58006 60001 82200 333 82835 91103=
17084 12970 00201 10181 20160 39260 40111 56001 60001 333 91115=
17085 12970 03106 10211 20167 39653 40109 51002 60001 333 91118=
17092 12970 00701 10136 20076 38839 48494 52004 60001 333 91108=
17096 12960 09901 10080 20027 38246 48498 52001 60001 333 91111=
17098 12660 23604 10136 20110 38209 48498 51003 60001 82100 333 82840 91116=
17100 12970 00000 10196 20136 39140 40062 52009 60001 333 91103=
17115 12960 09902 10187 20157 30060 40108 57008 60001 333 91104=
17116 12970 00000 10209 20173 39992 40106 57009 60001 333 91106=
17124 12960 00000 10139 20099 39244 40113 57002 60001 333 91109=
17128 12970 00304 10155 20105 39069 40108 58001 60001 333 91110=
17150 12960 00000 10197 20182 39988 40104 57006 60001 333 91107=
17170 12660 10904 10126 20054 38325 48487 58005 60001 81100 333 81840 91105=
17184 12970 02501 10197 20172 30002 40107 57007 60001 333 91104=
17190 12970 00000 10162 20074 38977 48505 57002 60001 333 91105=
17190 12970 00000 10162 20074 38977 48505 57002 60001 333 91105=
17195 12970 00504 10147 20081 38954 48504 58001 60001 333 91113=
17200 12960 00000 10188 20066 39140 40055 50002 60001 333 91113=
17202 12970 03006 10181 20034 39085 40051 52003 60001 333 91109=
17203 12970 00000 10174 20033 38845 48524 58001 60001 333 91104=
17219 12964 01502 10202 20199 39980 40117 58005 60001 333 91110=
17234 12970 00000 10215 20187 30049 40113 57012 60001 333 91104=
17237 12970 00000 10212 20149 39637 40110 58004 60001 333 91103=
17240 12970 00000 10164 20120 39021 40104 57005 60001 333 91106=
17244 12970 23306 10208 20076 38980 48510 57003 60001 82030 333 82360 91110=
17248 12970 00000 10187 20065 38958 48499 58005 60001 333 91106=
17250 12970 00303 10164 20076 38796 48506 58004 60001 333 91107=
17260 12960 01804 10209 20135 39267 40024 57008 60001 333 91118=
17280 12960 0//// 10202 20083 39311 40040 56001 60001=
17292 12970 00000 10164 20163 39386 40103 57011 60001 333 91102=
17300 12960 03306 10241 20209 30037 40104 57009 60001 333 91108=
17310 12970 00701 10271 20200 30081 40088 57008 60001 333 91105 92428=
17350 12670 20404 10236 20192 30013 40086 57008 60001 82100 333 82835=
17375 12970 00000 10237 20186 30089 40091 57005 60001 333 91102 92408=
33088 31594 80000 10167 20164 39903 40085 54000 74242 885// 555 1/018=
33135 /19// 00601 10180 20163 39971 40111 58006 71081 555 1/016 69931=
33177 31/93 93001 10163 20163 39868 40095 53001 74542 555 1/016=
33317 /1993 50000 10163 20163 39759 40080 57003 74498 82035 555 1/017 60071=
33393 31/02 90000 10115 20115 39715 40096 57004 74741=
33415 32997 83202 10170 20162 39708 40086 57002 8805/ 555 1/017=
33429 31/93 90000 10164 20164 39676 40078 57005 74542 555 1/017=
33466 31936 01802 10167 20162 39922 40101 57003 71011 555 11016=
33506 32597 60902 10198 20068 39935 40121 52003 84530 555 1/018=
33562 31957 50000 10169 20161 39802 40092 50000 71011 82031 555 1/017=
33587 315// 80000 10173 20166 39844 40095 54000 71011 86501 333 86626 555 1/016=
33658 31907 00000 10151 20151 39804 40091 57004 74641 555 1/013=
33663 32597 61201 10190 20170 39994 40085 53004 84530 555 1/019=
33664 41595 82501 10182 20179 39778 40078 58002 71022 885//=
33678 41896 72802 10169 20168 39898 40102 57001 71011 87070=
33679 42997 00000 10177 20167 39910 40092 52001=
33711 31950 01702 10171 20163 39905 40105 52001 71011 555 1/015=
33745 41994 50000 10163 20163 39917 40102 58001 71022 80001 555 11016=
33748 42997 01102 10152 20150 39818 40092 58002=
33754 41997 00000 10170 20162 39946 40085 54000 70281=
33761 31596 81702 10178 20172 39884 40096 52002 71000 885// 555 1/018=
33791 32980 30000 10186 20168 39994 40115 53002 80001 555 1/017=
33815 42998 00000 10172 20161 39892 40090 54000 555   11016=
33837 32964 02401 10202 20176 30050 40099 54000 555 1/018=
33881 42998 00601 10174 20166 39906 40093 58004=
33883 42997 01401 10173 20173 39937 40092 57003 555   11015=
33885 41996 01702 10171 20170 39966 40102 57017 71011=
33892 42997 00000 10171 20166 39905 40110 52001=
33902 31595 20000 10191 20183 30053 40109 57002 71011 82500 555 1/016=
33924 42997 01501 10190 20172 30101 40113 57002=
33946 42982 01703 10186 20178 39907 40117 57002=
33983 42997 00000 10186 20178 30057 40115 53007=
34300 32697 50902 10217 20043 39972 40139 56001 85500 555 1/017=
34336 42997 00402 10193 20036 30091 40190 54000=
34344 82998 01102 10164 20064 30108 40193 54001=
34356 82998 00904 10172 20043 30083 40224 52004=
34357 82998 01105 10193 20024 30055 40203 52002=
34398 429// 00805 10137 20046 30233 40243 53004 555 16012=
34415 32997 00000 10184 20090 30041 40133 53001 555 1/015=
34438 82/// /0906 10203 20063 39989 40170 52003 333 91010 91112=
34445 82998 01002 10182 20043 30086 40195 52004=
34461 82997 81103 10197 20026 30165 40218 52004 80006=
34473 429// 30704 10159 20072 30197 40235 52001 80002 555 10013=
34476 82998 00605 10168 20055 30222 40229 53002=
34504 32981 51002 10208 20165 39948 40112 57002 85030=
34535 82998 01104 10211 20053 30093 40161 51004 333 91110=
34545 82998 00703 10169 20049 30075 40182 52003=
34555 82998 50603 10184 20090 30119 40206 52004 82031=
34560 42997 71106 10194 20031 30033 40215 52005 80001 333 91112=
34578 82997 21403 10188 20040 30202 40208 57002 82030=
34579 82998 00402 10170 20046 30175 40217 52001=
34644 82997 20802 10189 20064 30089 40162 52006 80001=
34646 82998 01004 10204 20099 30094 40171 52002=
34655 82997 00504 10161 20040 30128 40186 52003=
34662 82998 80503 10186 20026 30192 40203 54001 80001=
34691 42998 20904 10167 20045 30228 40216 53001 82030 555 10015=
34720 81598 20504 10220 20113 30090 40127 52013 70298 82900 333 91111=
34727 82597 81004 10244 20090 30087 40115 53003 884//=
34743 82997 00904 10184 20056 30083 40168 52002 333 91110=
34759 82997 30804 10173 20074 30046 40172 58002 80001=
34772 82997 00504 10174 20015 30191 40194 57003=
34785 82997 20505 10182 20011 30212 40190 57002 80001=
34798 42997 00405 10172 20080 30214 40186 57001 555 10014=
34824 82997 33601 10222 20193 30104 40108 57002 80001=
34838 41997 00902 10231 20088 30029 40119 52008 70198=
34845 82998 01103 10192 20085 30044 40146 52004 333 91110=
34858 42997 00901 10176 20066 30056 40159 54001=
34861 82997 20905 10166 20053 39939 40172 57003 82030=
34866 82997 00603 10168 20064 30180 40172 57003=
34880 82997 50503 10187 20051 30202 40177 57003 80001=
34887 82998 00102 10148 20100 30191 40172 57005=
34949 82998 20803 10167 20118 39621 40142 52001 82030=
34954 82998 60902 10187 20112 39983 40148 53005 80001=
34958 42998 00000 10156 20103 39963 40154 54001=
34975 42998 00803 10166 20110 30162 40158 57004=
34984 82997 00203 10153 20118 30192 40163 57005=
35217 429// 00705 10124 20044 30225 40264 57001 555 10011=
35302 429// 00907 10133 20045 30241 40261 52001 555 10011=
35315 429// 00706 10138 20043 30206 40261 52002 555 10011=
35344 429// 00605 10094 20026 30009 40290 53006 555 10009=
35358 429// 00203 10093 20025 30112 40276 53016 555 10007=
35368 429// 00303 10072 20029 30024 40286 52007 555 10006=
35386 425// 80000 10072 20040 39758 40267 57005 885// 555 10008=
35394 42698 70000 10030 20015 39594 40265 57008 87500 555 10004=
35404 429// 00806 10144 20061 30232 40240 53002 555 10012=
35406 429// 00704 10144 20059 30236 40238 54000 555 10013=
35416 429// 01904 10161 20040 30130 40246 53006 555 10013=
35426 429// 00405 10128 20061 39977 40257 52002 555 10010=
35437 429// 20811 10136 20050 39952 40252 53003 82030 333 91015 91115 555 10012=
35449 429// 00405 10158 20089 30165 40263 52016 555 10013=
35497 429// 00000 10007 21010 39471 40268 57003 555 10102=
35498 429// 03401 10005 21006 39386 40262 57009 555 10102=
35514 42998 00504 10144 20029 30228 40224 57004 555 10012=
35522 429// 00506 10151 20035 30002 40243 53005 555 10013=
35542 429// 00904 10127 20035 30113 40255 52013 555 10012=
35563 41996 00803 10063 20050 39516 40270 53003 71000 555 10003=
35576 429// 00302 10113 20048 39818 40250 53002 555 10008=
35582 429// 23503 10034 20000 39669 40263 58005 80003 555 10002=
35594 429// 03301 10016 21020 39427 40260 57005 555 10001=
35605 42998 00306 10166 20034 30227 40207 57003 555 10014=
35633 429// 00405 10148 20096 30024 40227 58003 555 10013=
35671 42998 00605 10099 20016 39831 40247 52006 555 10008=
35699 429// 00503 10057 21017 39492 40230 57003 555 10003=
35700 42998 00803 10182 20041 30223 40201 58004 555 10015=
35715 42997 00905 10171 20080 30208 40194 54000 555 10015=
35739 429// 00502 10164 20056 30069 40200 51004 555 18014=
35746 429// 00507 10175 20030 30140 40203 53012 555 10015=
35777 429// 00505 10096 20025 39886 40220 52007 555 10007=
35796 42997 00303 10065 21014 39798 40222 57002 555 10004=
35849 429// 00000 10147 20064 30106 40188 53006 555 10010=
35895 42597 20206 10076 20018 39790 40221 53002 82200 555 10006=
35907 42998 00508 10192 20148 30194 40166 58009=
35925 429// 30705 10165 20050 30077 40183 53007 80002 555 10016=
35927 429// 00904 10183 20039 30170 53009=
35953 429// 00307 10152 20022 30058 40181 53006 555 10013=
35969 429// 00503 10144 20037 30017 40181 53005 555 10012=
35997 429// 00712 10095 20030 39780 40198 53003 333 91114 555 10007=
36259 62599 71102 10026 20013 38226 48494 54000 60002 84902 333 20023 30001 55074=
36335 429// 00000 10015 21009 39250 40263 57006 555 10001=
36358 42698 73402 10056 20021 39234 40222 57004 87500 555 10005=
36394 41695 80000 10050 20045 39788 40200 57001 71022 885//=
36397 42699 10064 20055 39647 40194 57003 86500 555 11007=
36403 42798 31801 11002 21005 39840 40198 57005 82581 555 10001=
36418 42999 72501 10051 20019 39588 40185 57006 87030 555 10004=
36421 42699 71101 10057 20046 39635 40181 57006 87500 555 10007=
36428 42699 73402 10047 20038 39699 40186 56005 84951 333 95000 555 10004=
36439 42498 82602 10052 20045 38948 48486 57008 889// 555 11007=
36498 425// 63302 10058 20025 39438 40206 57006 86300 555 10005=
36501 42699 72304 10067 20040 39474 40201 57001 87300 555 11005=
36535 42599 62401 10002 21037 39584 40210 57005 86300 555 14101=
36546 42699 60000 10015 20005 39665 40196 57008 82333 555 10001=
36619 429// 20000 10023 21004 82030 555 10002=
36622 42598 83504 10045 20029 39415 40197 56004 8697/ 555 10004=
36639 42599 70000 10030 20012 39591 40184 54000 87900 555 10004=
36643 425// 32601 10031 20021 39550 40198 56004 83900 555 10002=
36665 42698 72302 10074 20017 39474 40172 57010 87900 555 11007=
36666 42599 32702 10069 20032 39706 40181 57006 83900=
36729 42998 02503 10048 20010 39725 40195 53002 333 91112 555 10003=
36736 42599 83501 10048 21001 39656 40196 53001 8696/ 555 10003=
36744 429// 00505 10074 20010 39760 40196 57003 333 91107 555 10006=
36770 429// 00000 10026 21006 39475 40190 57001 333 91114 555 10002=
36786 42999 00000 11003 21017 39301 40215 54000 333 91107=
36796 42998 00000 11026 21047 39022 48480 56001 333 91103=
36803 42699 32703 10066 20014 39756 40192 54000 83500 333 91116=
36806 42599 83402 10105 20035 39732 40180 53003 889// 333 91111=
36819 425// 82902 10075 20015 39594 40188 53002 82941 333 91112=
36821 429// 30301 10061 20011 39715 40193 54000 80001 333 91113=
36839 42998 32901 10038 21005 39073 40178 57003 80001 333 91112=
36843 42998 02301 10023 20005 39033 40190 57002 333 91108=
36846 429// 60502 10030 20011 38591 48482 56002 81032 333 91115=
36859 42999 60000 10084 20061 39391 40143 57001 83035 333 91106 555 10008=
36870 429// 20501 10091 20048 39183 40158 53003 82030 333 91102 555 10008=
36874 429// 63203 10066 21005 39422 40178 53006 80006 333 91110=
36877 429// 00000 10054 20029 39236 40190 53003 333 91106=
36885 42999 51402 10073 20038 39072 40166 57002 83031 333 91106=
36889 426// 81801 10008 21051 37056 47081 57006 82502 333 91104=
36894 42999 62702 10113 20049 39437 40142 53002 83041 333 91104=
36905 42999 01102 10104 20048 38715 48486 57006 333 91107=
36911 429// 00000 10112 20048 39221 40158 54000 555 10010=
36927 42697 23602 10114 20058 38351 48505 57002 82900=
36934 42697 83601 10110 20038 48372 58005 82342=
36953 42999 02701 10036 20011 38186 48508 57004 333 91104 555 1/001=
36963 427// 61601 10020 21082 37038 48/// 57006 82551 555 10003=
36974 429// 30901 10063 21025 37939 48479 57005 80002 555 10004=
36982 42999 33602 11034 21081 36551 47098 57003 80001=
37018 82697 50702 10251 20217 30041 40112 51001 85600=
37031 82997 01101 10214 20144 39937 40120 52007=
37054 82697 80602 10192 20138 39775 40139 50002 885//=
37061 81997 00703 10170 20126 39998 40150 57005 70231=
37085 82596 50605 10195 20150 30170 40144 57011 85500=
37171 42596 60804 10234 20184 30095 40112 52002 86500 333 82720=
37228 82597 50000 10171 20164 39333 40125 57002 82570=
37235 82997 00101 10183 20177 39827 40128 57010=
37472 81597 81302 10219 20199 30150 40129 57018 72998 889//=
38149 42998 00402 10153 20027 30092 40166 52001 555 10012=
38178 429// 00204 10173 20041 39862 40135 53007 555 10013=
38262 429// 00303 10160 20061 30070 40149 53003 555 10013=
38264 42998 03603 10166 20030 30050 40140 52001 333 00016 555 10015=
38345 42998 01001 10086 20013 38780 48485 54000 555 10006=
38353 429// 82201 10118 20043 39267 40135 57002 80001=
38388 42998 00000 10148 20025 30058 40127 58001 555 18013=
38392 42997 00104 10158 20053 30027 40126 57001 555 10015=
38396 42997 00203 10156 20053 30007 40127 53004 333 00010 555 10010=
38403 429// 00203 10192 20045 39998 40112 57001 555 10016=
38413 429// 01001 10177 21019 39824 40101 57002 555 10013=
38457 42997 20501 10153 20055 39522 40084 54000 80001 555 10008=
38462 426// 30000 10101 20002 38710 48458 53001 82550 555 10005=
38462 426// 30000 10101 20002 38710 48458 53001 82550 555 10005=
38507 42996 20807 10244 21007 30012 40108 54000 80001 555 10020=
38545 42998 03101 10128 20062 39940 40110 53002 555 10011=
38565 329// 00000 10082 20019 39516 40085 53005 555 10006=
38579 329// 00000 10130 20086 39683 40087 52007 555 10009=
38583 32997 61101 10129 20088 39774 40085 53004 82041 333 00008 555 10009=
38599 42997 63502 10173 20043 39595 40085 53007 80001=
38611 42997 73202 10177 20074 39542 40084 52003 87040 333 00015 555 10015=
38613 429// 00102 10144 20048 39222 40098 53002 555 10012=
38616 425// 70901 10148 20045 39127 40097 56002 83501=
38618 429// 01301 10140 20076 39422 40085 52002 333 00010 555 10010=
38647 42997 00704 10199 21014 30055 40095 52002 555 10017=
38656 42998 00000 10174 21036 30008 40113 53002 555 10015=
38683 42997 03404 10143 20050 39821 40088 53006 333 00/// 555 10012=
38687 42997 03403 10158 20036 39869 40095 54000 555 10016=
38696 329// 01801 10141 20084 39267 40090 54000 333 00009 555 10009=
38713 429// 41801 10120 20015 38984 48460 56004 80001=
38750 42997 02501 10248 20232 30136 40110 53011 555 10024=
38763 42997 00000 10190 21027 30000 40100 58004 555 10015=
38774 42995 01201 10193 20025 39934 40121 52002 555 10015=
38799 42997 03401 10128 20004 39883 40109 53003 555 10013=
38806 42997 00000 10114 20077 39824 40078 53002 555 10010=
38812 42997 00902 10138 20015 39647 40084 54000 555 10010=
38836 429// 20000 10150 20058 39166 40065 58010 80001=
38880 42997 00000 10170 20040 39865 40110 54000 555 10019=
38886 42997 03101 10156 20025 39895 40115 53003 555 10012=
38895 42996 00201 10170 20048 39831 40109 54000 555 10013=
38911 42997 23102 10148 20034 39805 40089 54000 80002 555 10013=
38915 42997 00000 10171 20045 39778 40090 57004 555 10014=
38927 32960 21001 10150 20061 39724 40087 51010 82030 555 10012=
38933 429// 03601 10125 20086 39606 40106 52010=
38944 429// 00203 10167 20032 39525 40036 52004=
38954 429// 00000 10138 21022 37890 48460 52007=
38974 42998 00901 10172 20030 39781 40102 54000 555 10016=
38987 42996 02001 10132 21027 39399 40122 54000 555 10010=
40030 32970 00201 10256 20119 40109 58009=
40080 32965 00000 10223 20100 39419 4//// 57006=
40100 43/60 09902 10282 20167 30097 40112 57008 6///1 333 58///=
40180 12960 00902 10265 20223 30041 40088 57013 60001 333 70000=
40199 129// /0204 10323 20147 30051 40074 57007 60001 333 70000=
40255 36/// /0000 10258 29043 3//// 4//// 5////=
40265 32960 03603 10208 20105 39353 40101 57009=
40270 31957 00000 10248 20111 39247 40088 57010 70500=
40272 31950 02803 10222 20102 39311 40094 57006 70500=
40296 36/// /0000 10330 29047 4//// 5////=
40310 36/// /0000 10220 29044 3//// 4//// 5////=
40340 32960 00106 10308 20136 30024 40084 57004=
40356 32960 00306 10240 20060 39153 48507 333 59006 555 04410 50064=
40357 32960 00000 10274 20040 39454 40045 333 59005=
40360 32960 03010 10252 20090 39524 40075 333 59008=
40361 32960 03204 10287 20040 39330 40084 333 59009=
40362 32960 00405 10317 20040 39558 40031  333 59006=
40373 32960 03604 10298 20040 39642 40027 333 59005=
40375 32960 03005 10282 20050 39238 40055 333 59007=
40394 32960 00604 10314 20070 38989 48506  333 59010 555 04410 50026=
40394 32960 00604 10314 20070 38989 48506  333 59010 555 04410 50026=
40400 32960 03305 10294 20210 30018 40045 333 59018=
40405 32960 00503 10300 20030 39337 40019  333 59008=
40417 32960 03004 10306 20110 39996 40010 333 59001=
40420 32960 00000 10307 20070 39820 40018 333 58007=
40430 32660 43503 10364 21020 39333 40028 84500 333 59017 84640=
40437 32960 02804 10303 21010 39375 40025 333 58001=
40439 32660 22306 10330 20130 39987 40005 81530 333 59024 81640=
40582 32960 03516 10365 20105 40019 56006 333 0/035 55300 00000 10213 20000 30000 41322 51531 60000 55407 40000 90467 91021 91125 91219 91315=
40703 12960 00000 10200 20104 38864 40027 54000 60001 333 70000 555 10145 29054=
40706 12662 10602 10232 20060 38619 40027 51001 60001 81401 333 70000 81635 555 10139 29033=
40712 12960 02503 10170 20049 38638 40031 58003 60001 333 70000 555 10108 29045=
40713 12962 00803 10222 20067 38614 40004 56004 60001 333 70000 555 10137 29037=
40718 12560 22202 10242 20209 30131 40104 55002 60001 81530 333 70000 82358 555 10220 29082=
40723 12570 12802 10196 20147 38925 40070 55001 60001 81100 333 70000 81830 555 10166 29073=
40726 12960 00000 10186 20028 38616 40026 57006 60001 333 70000 555 10108 29035=
40727 12960 01201 10124 21015 38453 40042 57006 60001 333 70000 555 10063 29038=
40732 12560 10000 10242 20209 30123 40100 52003 60001 81500 333 70000 81626 555 10220 29082=
40736 12560 20000 10250 20232 30123 40099 53002 60001 81430 333 70000 81630 555 10238 29090=
40737 12660 71801 10242 20215 30078 40095 51003 60001 83570 333 70000 83635 87459 555 10224 29085=
40738 12960 52302 10250 20220 30111 40113 51007 60001 85070 333 70000 85360 555 10230 29083=
40739 12965 00303 10204 20116 38655 40032 55001 60001 333 70000 555 10152 29057=
40741 12960 00000 10160 21010 39776 40091 54000 60001 333 70000 555 10088 29031=
40743 12965 00707 10226 21094 39014 40047 58001 60001 333 70000 555 10099 29011=
40745 12962 00902 10146 20022 39002 40087 57004 60001 333 70000 555 10088 29043=
40747 12960 09901 10174 20018 38596 40025 57005 60001 333 70000 555 10098 29035=
40754 12960 00000 10254 20022 38770 40006 56004 60001 333 70000 555 10135 29022=
40762 12965 00302 10176 21041 38522 40035 58006 60001 333 70000 555 10082 29022=
40766 12960 00000 10180 21041 38650 40025 56004 60001 333 70000 555 10085 29022=
40768 12962 01401 10146 21015 38235 40016 56003 60001 333 70000 555 10074 29033=
40769 12960 02601 10187 21012 38269 40000 57003 60001 333 70000 555 10094 29026=
40780 12960 03602 10199 21007 38631 40021 58012 60001 333 70000 555 10102 29025=
40782 12960 01203 10202 21005 38805 40012 58001 60001 333 70000 555 10105 29025=
40785 12960 00000 10246 21013 38996 49996 57003 60001 333 70000 555 10124 29018=
40791 12965 00601 10260 21012 39257 40013 56004 60001 333 70000 555 10131 29017=
40792 12962 00802 10208 21013 38670 40019 55003 60001 333 70000 555 10105 29023=
40798 12960 03402 10100 21047 37957 40032 53001 60001 333 70000 555 10040 29035=
40800 12960 03101 10177 21031 38431 40025 55002 60001 333 70000 555 10085 29024=
40809 12960 01102 10136 21077 38458 40028 55003 60001 333 70000 555 10054 29022=
40811 12960 02903 10318 20075 39958 49982 56006 60001 333 70000 555 10183 29022=
40812 12960 03201 10286 20041 39629 49973 57007 60001 333 70000 555 10158 29021=
40818 12965 00000 10165 21066 37975 40017 57003 60001 333 70000 555 10068 29020=
40821 12970 01102 10247 21031 38733 40008 55005 60001 333 70000 555 10118 29016=
40829 12960 03310 10258 21049 39487 40018 56003 60001 333 70000 555 10124 29013=
40831 12960 03007 10317 20110 39988 49996 56016 60001 333 70000 555 10196 29028=
40833 12960 00000 10281 20094 39969 49998 58006 60001 333 70000 555 10176 29031=
40835 12960 00000 10233 20039 39230 40001 58003 60001 333 70000 555 10134 29028=
40841 12970 01102 10120 21111 38224 40036 55002 60001 333 70000 555 10038 29019=
40848 12960 01402 10184 20093 38474 49994 50000 60001 333 70000 555 10132 29055=
40851 12960 00000 10158 21025 38242 40017 54000 60001 333 70000 555 10076 29028=
40854 12960 02604 10272 21116 38878 49988 57005 60001 333 70000 555 10116 29007=
40856 12960 01603 10146 21116 38598 40041 55001 60001 333 70000 555 10053 29015=
40859 12960 03303 10196 21010 38644 49998 55000 60001 333 70000 555 10100 29025=
40875 11956 03202 10280 20213 30001 40012 55003 60001 70500 333 70000 555 10235 29067=
40879 12962 00102 10240 21122 39380 40015 51005 60001 333 70000 555 10104 29008=
40882 11925 00000 10294 20278 39970 40003 56002 60001 71000 333 70000 555 10282 29091=
40883 11950 01004 10316 20277 39976 49998 53001 60001 71000 333 70000 555 10287 29080=
40893 11958 01206 10292 20261 30004 40010 53002 60001 71000 333 700000 555 10270 29083=
40898 11556 11102 10282 20251 30008 40017 58001 60001 71000 81600 333 70000 81720 555 10260 29083=
41024 32960 03304 10328 20230 39992 40017  333 59019=
41036 32960 00000 10275 20110 38535 48486 333 59007 555 04410 50021 =
41055 32960 00403 10288 21070 38342 48481 333 59007 555 04410 50014=
41061 32960 01004 10312 21050 39350 40004 333 58000=
41084 32960 00000 10322 21070 38799 48472 333 59006 555 04410 59981=
41112 32960 00000 10198 21030 37936 48483 333 59006 555 04410 50009=
41114 13001 99276 70802 46/// ///// 1//// 92356 22200 00300 10802 20802 305// 41101 70011=
41128 32960 02902 10258 21050 38762 48481 333 59001 555 04410 50018=
41136 32960 00000 10304 21030 39241 40002 333 59011=
41140 31557 40000 10323 20280 30025 40032 70500 84400 333 59007 84630=
41150 32962 02907 10337 20269 40011 333 59001=
41170 31958 03005 10336 20265 39993 40006 70500 333 59005 70000=
41176 34/30 /3102 10276 20245 39997 40003 333 59007=
41184 32960 02104 10253 20088 40009 70600 333 59007=
41194 12960 01105 10344 20113 39998 40003 60001 333 59003 70000=
41196 12960 09903 10286 20115 39968 40008 60001 333 59005=
41216 32960 01203 10313 20260 30000 40004 333 58002=
41217 32960 00907 10321 20196 39971 49999 333 58001=
41265 36/// /1304 10232 20214 39468 40023 333 0E030 55300 20000 58010=
41315 36/59 /0000 10216 20213 39245 47335 333 0E026 55300 27865 59004=
41396 12965 30101 10250 20063 39336 40042 60002 83031 333 59005 83360=
41398 61510 10200 20184 40121 53004 70300 85770 22264 00190 20502 318// 41003 80190=
41480 11550 41308 10308 20280 30044 40052 60002 70644 81530 333 58007 81620 83360=
41498 42127 10160 20124 40061 54000 70200 84474 22213 00170 20106 321// 40106 80140=
41506 02995 00000 10200 20118 38392 48386 333 60007=
41508 02996 00000 10169 20127 38580 48455 60002 333 59028 60007=
41515 02996 00000 10213 20112 38468 48431 60002 333 59025 60007=
41523 02996 00000 10210 20179 39006 48444 60002 333 59013 60007=
41535 02996 00000 10165 20122 38639 48414 60002 333 58001 60007=
41536 02996 03602 10210 20163 38945 48436 60002 333 59012 60007=
41560 02996 00000 10190 20134 38235 48453 60002 333 59006 60007=
41571 119// 40504 10240 20203 39445 40006 60052 70522 82830 333 56990 58002=
41598 50824 10160 20103 40312 54000 70210 84894 22263 06180 20404 324// 41206 80130=
41600 01696 80000 10275 20254 39714 49999 60002 70492 8452/ 333 5699/ 58004 60007 84645 86460=
41624 01996 01302 10280 20244 39786 49977 60002 70400 333 59019 60007=
41630 01996 21304 10270 20249 49992 60002 70400 82030 333 56090 59002 60007 82360=
41640 01996 00000 10270 20241 39754 49993 60002 70400 333 58007 60007=
41660 019// 01304 10160 21029 38370 48466 70500 333 59023 60007=
41678 01996 00000 10285 20219 49982 60002 70500 333 59008 60007=
41696 02996 00000 10150 20003 37977 48484 60002 333 59008 60007=
41697 41215 10174 20140 40246 58000 702// 8/4// 22274 00211 20804 314// 41003 80153=
41700 01996 02304 10280 20237 39849 49971 60002 70400 333 59015 60007=
41710 12996 03104 10235 21080 39279 40028 60002 333 59007=
41712 12996 00000 10240 20002 39124 48462 60002 333 59010=
41715 01996 00000 10290 20269 39925 49988 60002 70500 333 59022 60007=
41718 01995 02306 10280 20259 39883 49983 60002 70400 333 59002 60007=
41725 12996 01304 10275 20239 39904 49980 60002 333 59016=
41739 02996 00000 10240 20123 38972 48448 60002 333 59019 60007=
41744 12996 00000 10220 20073 38693 48426 60002 333 59002=
41749 01996 01304 10280 20259 39949 49981 60002 70400 333 59028 60007=
41756 01995 02304 10250 20235 39972 40036 60002 70104 333 58014 60007=
41759 01995 00000 10250 20228 30027 40033 60002 71011 333 58018 60007=
41764 02996 02112 10270 20234 39963 40012 60002 333 58001 60007=
41768 02996 02308 10270 20249 30009 40016 60002 333 58003 60007=
41780 01596 52506 10275 20239 30000 40027 60002 70400 85600 333 56900 58000 60007 85720=
41785 02996 02302 10270 20241 30008 40021 60002 333 59001 60007=
41859 32930 00000 10282 20260 39986 40023 333 58007 70000=
41883 32950 40000 10290 20280 39981 40001 80001 333 56009 59024 70000 84080=
41891 31440 60903 10287 20230 39964 40002 70522 83340 333 56990 59010 70000 83615 81930 85365=
41898 71219 10270 20226 40096 52010 70266 878// 22243 06291 20504 309// 40702 80240=
41907 32440 60000 10285 20280 39984 49999 83530 333 56990 59017 70000 83615 85362=
41923 31335 70000 10290 20260 39987 49997 70522 84670 333 56490 59019 70000 82709 83615 86458=
41936 31416 63403 10280 20270 39984 49991 70522 84630 333 56990 59022 70100 82710 83615 85362=
41943 11435 70101 10260 20240 39975 49982 60028 70162 83520 333 56990 59032 70032 83616 85458=
41950 11350 80000 10266 20266 39982 49985 60066 70296 8562/ 333 56499 59039 70635 82708 84616 88458=
41978 11440 80515 10263 20250 39953 49960 60044 76162 8432/ 333 56999 59056 70670 83614 81928 81959=
41992 11315 82710 10260 20260 39972 49974 60639 79596 8692/ 333 56999 59042 73780 82708 84612 81925 88456=
42001 13001 99259 70897 46/// /3401 10291 20283 30075 40078 92340 22200 00300 333 91203 555 11006 22007 8//02 92331=
42027 32996 00201 10160 20132 38343 48427 333 59019=
42044 32996 00000 10134 20117 38214 48437 333 59018=
42045 32996 00000 10162 20146 38252 48376 333 59006=
42056 13001 99198 70850 46/// /1103 10302 20252 30099 40102 92340 22200 00313 333 91204 555 11032 22034 50102 72340 81104 92336=
42071 31995 20903 10252 20243 49995 71000 82030 333 58011 82359=
42097 13001 99257 70837 46/// ///// 1//// 92356 22200 00310 11103 21002 329// 41101 70013=
42101 21595 80000 10250 20244 40001 76162 8552/ 333 58010 6003/ 85630 88460=
42111 21494 82302 10224 20221 39286 49966 75052 8672/ 333 59016 6018/ 83714 85618 88458=
42123 22996 00000 10262 20245 49992 333 58005 6996/=
42165 32996 33202 10306 20237 49981 83030 333 59004 83360=
42182 21595 82907 10238 20238 49985 76165 8632/ 333 59002 6027/ 83720 85630 81935 88459=
42189 21595 81402 10248 20248 49945 76166 8452/ 333 59031 6062/ 84620 88458=
42309 32996 43402 10270 20259 40017 81031 333 59020=
42314 32996 20205 10272 20240 40016 82031 333 59014 82360=
42328 32496 32306 10254 20227 49990 83700 333 58004 83715=
42339 21995 22304 10262 20245 39768 40015 70500 80001 333 58008 6015/ 82070=
42348 31595 42910 10262 20242 40004 71022 82530 333 58006 82630 83360=
42361 21596 42305 10256 20246 49994 70310 82530 333 58063 6017/ 82620 84360=
42369 21495 80000 10264 20258 40001 71062 8532/ 333 58026 6022/ 84618 81930 88458=
42379 21595 70000 10276 20268 40010 71022 85531 333 59004 6002/ 85620 82360 82070=
42410 31495 60000 10284 20276 40015 71022 83530 333 59013 83618 85360=
42415 32596 40000 10292 20270 40019 82430 333 59015 82620 83360=
42452 31996 32304 10258 20235 39693 49996 71011 80001 333 58015=
42492 31595 32903 10286 20261 40015 71000 82530 333 59002 82620 83360=
42559 22596 82504 10236 20230 40020 8452/ 333 58042 6008/ 84620 88458=
42571 22596 70000 10256 20241 40018 84530 333 58032 6997/ 84625 85360=
42623 21495 70000 10228 20216 39184 40036 71022 84630 333 58003 82710 84618 87360=
42634 32996 00000 10258 20235 40039 333 58004=
42647 31496 62303 10274 20239 40045 70522 86700 333 56500 58012 83715 83620=
42667 31495 72008 10244 20230 39461 40039 70522 83730 333  58027 82710 84620 86360=
42675 31595 72302 10248 20227 40029 70522 84630 333 58027 84620 86360=
42701 31595 40000 10254 20248 39304 40017 71022 82530 333 59008 82620 83360=
42724 31496 50000 10270 20259 49993 71022 82530 333 59020 82618 85360=
42737 32496 32304 10254 20242 40061 83600 333 58015 83712=
42754 31396 62506 10232 20220 39415 40042 70522 85630 333 58018 83708 83620=
42779 22595 50000 10230 20227 39351 40041 82530 333 58018 6002/ 82620 84620=
42798 31495 60000 10280 20260 40014 71022 84530 333 59005 84615 85360=
42809 21495 80000 10297 20285 49998 70522 8451/ 333 59019 6990/ 84618 87459=
42840 32596 20000 10268 20239 40056 82500 333 58009 82620=
42867 21495 62502 10244 20229 40047 70522 83520 333 58016 6991/ 83618 85458=
42874 31596 82304 10262 20251 40043 70221 8553/ 333 58008 85620 88360=
42886 31595 42704 10266 20255 40036 70522 82530 333 58002 82620 84360=
42895 32596 60000 10280 20266 40009 83530 333 59014 83620 85360=
42971 31496 72704 10284 20264 40033 70522 84430 333 59001 84618 87360=
43003 21595 40000 10270 20241 40062 70552 84800 333 58003 6006/ 82620 83825=
43014 21596 72902 10218 20206 39416 40062 70544 84820 333 58009 6994/ 83620 84825 86458=
43041 31595 30000 10240 20229 39448 40058 71000 83500 333 58003 83620=
43063 22596 60000 10214 20202 39451 40075 83530 333 58010 6992/ 83626 83356=
43110 32496 21402 10246 20237 40082 82500 333 58003 81618=
43192 21496 80000 10244 20244 40083 70262 8277/ 333 58006 6008/=
43333 21495 52703 10268 20257 40076 70562 83401 333 56609 59010 6017/ 82618 83820 85070=
43404 22470 32003 10281 20266 30075 40078 5/008 82000 333 553// 20000 59007 60008 91007 555 60008==
43410 22/70 1//// 10276 20245 30080 40083 80002 333 59005 60008 555 60008==
43413 22470 42106 10282 20249 30085 40090 51009 84200 333 553// 20006 59005 60008 91009==
43418 22470 42301 10275 20233 30044 40085 52005 81101 333 59003 60008 555 60008==
43421 22470 22302 10259 20258 39992 40098 52009 81000 333 553// 20000 59001 60008 91006 555 60008==
43422 22/70 51802 10259 20237 39964 40098 333 58000 60008 555 60008==
43424 22470 52002 10282 20248 30090 40092 53005 85000 333 59006 60008 555 60008==
43436 22/70 30000 10276 20256 30080 40083 57006 333 59004 60008 555 60008==
43441 22470 32302 10258 20232 39966 40099 52009 81000 333 59003 60008 555 60008==
43444 22470 33401 10216 20209 39573 40103 53008 81000 333 59002 60008 555 60008==
43450 21458 61402 10257 20251 30099 40111 53003 71082 86100 333 59004 69938 555 69938==
43466 21470 51001 10266 20244 30099 40107 5/008 70382 85000 333 553// 20000 59005 60008 91001==
43467 22462 40000 10270 20251 30101 40107 52006 84200 333 59004 60008 555 60008==
43473 22470 72804 10150 20148 38129 48496 51005 82000 333 553// 20001 59001 60008 91006 555 60008==
43475 22470 52202 10274 20222 30083 40088 52007 85000 333 553// 20000 59005 60008 91004 555 60008==
43476 22470 60000 10194 20155 38771 48515 82000 333 55001 58002 60008 555 60008==
43486 21465 70101 10243 20243 30009 40110 53008 71022 85106 333 59004 60008 91002==
43495 22470 52506 10282 20251 30090 40103 56/// 85000 333 59002 60008==
43497 22470 82702 10264 20000 30081 40098 5/007 85000 333 553// 20012 59003 60008 91005==
44212 12498 60801 10103 20068 39091 40182 57003 69902 86500 333 20102 55011 91201 555 30102 80045=
44213 12698 60000 10082 20078 38776 40190 52001 60012 86500 333 20079 91200 555 30083 80315=
44214 32998 20000 10024 21012 38268 40225 57001 81041 333 20022 91204 555 31003=
44215 32998 22202 10034 20016 38401 40222 52002 82040 333 20026 91203 555 30007=
44217 32998 20000 10003 21027 37862 40275 56012 82040 333 21006 91200 555 31037=
44218 32999 00000 10043 20022 38594 40217 54001 333 20041 91202 555 30024=
44219 32999 20806 10101 20073 38606 40177 53002 82080 333 20096 91206 555 30067=
44265 32999 00602 10053 20025 38833 40217 53003 333 20040 91202 555 30019=
44266 32699 23602 10025 21016 37798 40260 53004 82500 333 20021 91206 555 30007=
44404 41/01 90906 10164 20164 38058 48382 760// 89/// 333 59005 =
44416 41456 80804 10236 20232 39258 49993 76366 8572/ 333 58005=
44424 42559 73401 10151 20144 37624 47024 83510 333 58000=
44434 41135 73402 10234 20223 39149 48480 710// 83410 333 59020 =
44438 41418 83106 10276 20272 39891 40013 710// 8437/ 333 59011 =
44449 42460 40702 10272 20269 39851 40001 82130 333 59030 =
44454 42457 50000 10190 20186 38604 48446 82131 333 59014 =
44462 42460 20901 10194 20156 38219 48433 82200 333 59010 =
44474 42056 50000 10178 20162 38221 48458 85500 333 59012 =
44477 42557 20000 10204 20196 38757 48475 81101 333 59016 =
44478 42958 20000 10264 20253 39920 40008 80009 333 59021 =
48010 21540 83601 10260 20253 39901 40052 70266 8577/ 333 20255 56339 58007 60062=
48020 21240 80000 10250 20241 76566 889// 333 20240 56199 60202=
48025 21210 80402 10252 20252 39902 40040 75055 8587/ 333 20215 56999 58001 60202 00358=
48031 21/02 91402 10180 20180 76364 89/// 333 20168 56999 60482=
48048 21440 80401 10253 20250 39968 40024 75055 8692/ 333 20248 56449 58011 60022=
48052 22450 80000 10228 20214 8587/ 333 20224 5699/ 60022=
48062 21450 82312 10276 20262 39992 49999 79596 86920 333 20215 56590 59014 60262=
48064 22440 83601 10260 20260 39960 40017 8572/ 333 20242 5699/ 59006 60052=
48071 21340 82307 10250 20250 30028 40036 76366 8692/ 333 20230 5659/ 58001 60332=
48094 32456 80000 10260 20255 30048 40058 8597/ 333 20229 5699/ 59005=
48109 22496 72302 10290 20259 30073 40076 85970 333 20243 56990 58002 60022=
50557 04980 /2802 10081 20001 39924 40219 52001 60002 70000 333 10159 20029 3/000 5001/ 54415 58020 60001 70000 90720 91113=
51076 04963 /2501 10070 20063 39306 40162 57008 60002 70000 333 10175 20067 3/007 5000/ 54416 59025 60001 70085 90720 91105=
51087 04972 /1802 10086 20077 39169 40157 57005 60002 70000 333 10185 20082 3/007 5001/ 54415 59022 60001 70001 90720 91104=
51156 04971 /2906 10050 20038 38673 40175 57007 60052 76000 333 10096 20050 3/005 5001/ 54415 59023 60051 70414 90720 91111=
51243 04980 /3101 10127 20070 39616 40143 57009 69912 70000 333 10224 20117 3/011 5002/ 54415 59024 60001 70016 90720 91105=
51334 04980 /1002 10116 20024 39765 40153 57002 60002 70000 333 10243 20088 3/008 5001/ 59019 60001 70000 90720 91108=
51379 04974 /1802 10088 20064 39220 40126 57012 60002 70000 333 10226 20086 3/009 5000/ 54415 59056 60001 70000 90720 91103=
51463 04973 /1402 10123 20061 38983 40124 57006 60002 70000 333 10184 20114 3/008 5001/ 54415 59054 60001 70000 90720 91105=
51573 04974 /0402 10225 20067 30060 40106 52008 60002 70000 333 10324 20225 3/019 5002/ 54415 59023 60001 70000 90720 91111=
51644 04966 /0101 10097 20076 38905 40108 54000 60002 70000 333 10251 20097 3/011 5000/ 59028 60001 70000 90720 91104=
51656 04962 /0602 10133 20086 39099 40106 52005 60002 70000 333 10269 20130 3/011 5001/ 59025 60001 70000 90720 91104=
51709 04963 /2601 10152 20096 38586 40077 57001 60002 70000 333 10245 20129 3/016 5002/ 54405 59030 60001 70000 90720 91104=
51711 04968 /2201 10074 20068 38008 40079 57004 60002 70000 333 10189 20065 3/005 5000/ 54415 59026 60001 70000 90720 91104=
51716 04962 /0501 10148 20069 38860 40081 54000 60002 70000 333 10271 20124 3/013 5002/ 54405 59032 60001 70000 90720 91104=
51765 04977 /0901 10118 20063 39154 40104 52001 60002 70000 333 10293 20118 3/008 5002/ 54415 59037 60001 70000 90720 91103=
51811 04064 02701 10117 20078 38734 40074 52001 60002 70000 333 10269 20101 3/009 5001/ 54405 59039 60001 70000 90720 91104=
51818 04963 /3600 10100 20071 38587 40071 57001 60002 70000 333 10280 20094 3/008 5000/ 59041 60001 70000 90720 91102=
51828 04958 /2601 10144 20055 38580 40053 57001 60002 70000 333 10269 20142 3/010 5001/ 54415 59046 60001 70000 90720 91104=
51886 04980 /2101 10083 21002 37153 40085 52001 60002 70000 333 10187 20081 3/006 5001/ 54415 59004 60001 79999 90720 91109=
52203 04974 /0902 10150 20080 39288 40130 52003 60002 70000 333 10252 20138 3/011 5002/ 54415 59023 60001 70000 90720 91107=
52602 04980 /0701 10071 20016 37305 40122 52001 60002 70000 333 10185 20060 3/003 54415 58015 60001 70002 90720 91111=
52681 04980 /2302 10138 20108 38655 40165 52003 69922 72160 333 10170 20132 3/012 5001/ 54415 58050 69911 70003 90720 91112=
52818 04958 /1701 10097 20075 37286 40121 52012 60022 76000 333 10155 20088 3/008 5000/ 54405 58013 60021 70019 90720 91103=
52908 04957 /0906 10014 20008 35838 40060 54000 60052 70000 333 10122 20011 3/002 54415 58012 60021 70051 90720 91110=
53463 04969 /2003 10185 20168 38819 40084 54000 60002 70000 333 10247 20168 3/018 5000/ 54405 59065 60001 70000 90720 91105=
54857 04950 /3503 10260 20240 30010 40099 52005 60002 71000 333 10285 20252 3/026 5000/ 59038 60001 70000 90720 91105=
55228 04980 /2501 10034 20024 36067 40093 57006 60042 76000 333 10083 20027 3/003 5000/ 54415 58004 60021 70081 90720 91105=
55299 04957 /0301 10042 20026 35908 40009 52004 60002 70000 333 10155 20040 3/002 5001/ 54415 59008 60001 70000 90720 91105=
55578 04980 /1501 10079 20039 36410 49993 52006 60002 70000 333 10230 20079 3/008 5001/ 54415 59006 60001 70000 90720 91107=
55591 04979 /3001 10155 20065 36553 49928 52007 60002 70000 333 10239 20129 3/014 5000/ 54405 59013 60001 70001 90720 91104=
55664 04980 /1202 10073 20012 36059 49992 52002 60002 70000 333 10192 20040 3/006 5001/ 54405 59007 60001 70000 90720 91106=
55773 04980 /0601 10056 20039 36063 40054 54000 60032 70000 333 10128 20056 3/006 5000/ 59005 60031 70034 90720 91111=
56004 04980 /2802 10057 20034 35889 40029 52001 60032 70000 333 10147 20037 3/004 54405 58006 60001 70124 90720 91108=
56018 04978 /2702 10091 20055 36240 49987 52006 60002 70000 333 10196 20075 3/008 58000 60001 70026 90720 91105=
56116 04980 /3400 10111 20052 36388 49983 52006 60002 70000 333 10207 20064 3/010 5000/ 54405 59010 60001 70000 90720 91105=
56299 58021 60007 82818 85270=
56312 04980 /3601 10120 20077 37120 40045 52005 60002 70000 333 10241 20120 3/010 5001/ 54415 59005 60001 70000 90720 91108=
57494 04471 /3301 10241 20214 30074 40103 52013 60002 70000 333 10249 20235 3/024 5001/ 59011 60001 70002 90720 91103=
58847 04965 /3603 10294 20234 39987 40084 52012 60002 70000 333 10345 20273 3/027 5000/ 59018 60001 70000 90720 91108=
62332 32960 03307 10288 20250 40113 57005=
62366 34556 43510 10273 20242 40107 57011 71000 84200=
62387 32960 03313 10282 20226 40103 57004=
62393 32960 03515 10287 20228 40127 57003=
62405 32960 01704 10317 20128 40073 57004=
62414 32960 03406 10329 20088 40080 57005=
62419 32960 03304 10322 20091 40064 57005=
62420 32960 03610 10256 20178 40118 57008=
62435 32960 03508 10324 20110 40081 52001=
62458 32960 03211 10292 20219 40071 57009=

42131 Not Received
42747 Not Received
42909 Not Received
42686 Not Received
42398 Not Received
43086 Not Received
43117 Not Received
43198 Not Received
43213 Not Received
43128 Not Received
43189 Not Received
43213 Not Received
43245 Not Received
43237 Not Received
43284 Not Received
43245 Not Received
43279 Not Received
43295 Not Received
43314 Not Received
43344 Not Received
43353 Not Received
43371 Not Received
43369 Not Received
