SMPK OPKC 190600=
41504 02697 32704 11010 21089 37882 48549 60001 83200 333 56900 59018 60007 83845 RH55%=
41505 22696 40000 11020 21039 38/// 48/// 60002 80030 333 56090 58/// 83360 90%=
41506 02997 00000 10070 21062 38555 48552 60001 333 58013 60007 39%=
41507 02997 00000 10060 20013 39269 49804 60001 333 59006 60007 72%=
41508 02997 02302 10083 21070 38669 48537 60001 333 59015 60007 RH 33%=
41509 02997 02302 10040 21044 38801 48532 60001 333 58011 60007 RH54%=
41510 02997 00000 10050 21076 37925 48541 60001 333 59001 60007 40%=
41515 02997 00000 10055 21106 38586 48547 60001 333 58016 60007 30%=
41516 02996 10000 10070 21076 38595 48550 60001 70400 80030 333 56090 58004 60007 81360 RH35%=
41517 01696 30000 10020 21065 37846 48580 60001 70421 81530 333 56990 58004 60007 81640 53%=
41519 02997 00000 10080 21038 38826 48559 60001 333 58014 60007 RH43%=
41520 02997 00000 10030 21089 37657 48303 60001 333 59001 60007 41%=
41523 02997 00000 10090 21040 39104 48512 60001 333 59007 60007 39%=
41524 22997 03104 10135 21037 39381 40251 60001 333 59007 60007 30%=
41524 22997 03104 10135 21037 39381 40251 60001 333 59007 60007 30%=
41524 22997 03104 10135 21037 39381 40251 60001 333 59007 60007 30%=
41525 12997 02302 10060 21041 37662 48380 60001 333 59035 48%=
41528 02997 00000 10070 21003 39242 48512 60001 333 59006 60007 60%=
41529 01994 03602 10060 20036 39806 40205 60001 71000 333 59006 60007 RH 85%=
41530 01994 00000 10105 20030 39769 40195 60001 70500 333 59002 60007 58%=
41534 02997 00000 10090 20045 39768 40196 60001 333 59009 60007 RH 73%=
41535 02997 00000 10125 21081 38723 48492 60001 333 59007 60007 RH23%=
41536 02997 00000 10100 21042 39056 48519 60001 333 59007 60007 36% =
41560 02997 00000 10120 21070 38298 48523 60001 333 59011 60007 RH26%=
41562 02997 00502 10160 21025 39698 40165 60001 333 59012 60007 RH28%=
41565 02997 03102 10094 21061 38680 48545 60001 333 58002 60007 34%=
41567 01996 00000 10095 20038 39720 40149 60001 70400 333 59019 60007 68%=
41572 01996 00906 10150 21028 39541 40172 60001 70500 333 58000 60007 RH 29%=
41573 02997 01304 10120 21031 37981 48501 60001 333 59016 60007 35%=
41574 02997 01304 10090 21013 38374 48553 60001 333 59004 60007 48%=
41576 01994 00000 10120 21029 40204 60001 70400 333 59001 60007 54%=
41577 01996 00000 10120 20021 39565 40192 60001 70400 333 56000 59001 60007 RH 51%=
41593 01996 00502 10130 20080 39957 40178 60001 70400 333 59004 60007 71%=
41597 01996 00000 10125 20029 40201 60001 70400 333 58001 60007 54%=
41598 01996 00902 10120 20056 39894 40172 60001 70400 333 59012 60007 65%=
41599 01994 00000 10145 20049 39890 40186 60001 70400 333 59001 60007 53%=
41600 01996 00000 10140 20091 39884 40186 60001 70400 333 58003 60007 72%=
41620 31996 03102 10065 21112 38591 48492 60001 70500 333 58000 60007 27%=
41624 01996 00502 10130 20043 39971 40176 60001 70400 333 59010 60007 55%=
41625 01996 00000 10120 20056 39957 40163 60001 70400 333 59006 60007 65%=
41630 01994 01306 10140 20080 40183 60001 70400 333 59012 60007 67%=
41633 02997 00000 10150 20043 4//// 60001 333 5//// 60007 49%=
41634 02997 00000 10140 20007 3//// 4//// 60001 333 5//// 60007 40%=
41635 02997 00902 10145 20035 3//// 4//// 60001 333 5//// 60007 48%=
41636 01996 00000 10140 20068 39994 40183 60001 70400 333 59012 60007 62%=
41638 01995 00000 10145 20086 4//// 60001 70400 333 5//// 60007 68%=
41639 01996 00000 10110 20030 3//// 4//// 60001 70400 333 5//// 60007 58%=
41640 01995 01302 10150 20069 39929 40184 60001 70400 333 58005 60007 58%=
41641 01995 01508 10160 20081 39905 40183 60001 70444 333 58007 60007 60%=
41642 01996 03102 10140 20049 3//// 4//// 60001 70400 333 5//// 60007 56%=
41643 01995 01304 10125 20096 39903 40186 60001 71000 333 59004 60007 82%=
41644 01996 00000 10120 20043 4//// 60001 70411 333 5//// 60007 RH59%=
41646 01994 01306 10130 20091 39972 40191 60001 70440 333 59005 60007 77%=
41646 01994 01306 10130 20091 39972 40191 60001 70440 333 59005 60007 77%=
41652 01996 01302 10175 20077 39996 40177 60001 70400 333 59015 60007 52%=
41660 01997 01304 10040 20147 38445 48536 60001 70000 333 59010 60007 RH27%=
41661 01996 00000 10050 21154 38398 48528 60001 70540 333 59008 60007 21%=
41669 02997 00000 10140 20056 3//// 4//// 60001 333 5//// 60007 57%=
41670 01996 00000 10140 20056 4//// 60001 70400 333 5//// 60007 57%=
41674 01994 00000 10180 20083 3//// 4//// 60001 70400 333 5//// 60007 53%=
41675 01995 00000 10170 20057 30027 40172 60001 70500 333 59006 60007 47%=
41676 01995 03102 10145 20074 30029 40190 60001 70400 333 59012 60007 63%=
41677 01996 00000 10150 20092 39991 40160 60001 70400 333 59013 60007 68%=
41678 01996 00000 10150 20043 40175 60001 70500 333 59020 60007 49%=
41679 01995 00000 10135 20085 4//// 60001 70400 333 5//// 60007 72%=
41679 01995 00000 10135 20085 4//// 60001 70400 333 5//// 60007 72%=
41680 01994 00000 10160 20081 39974 40176 60001 70400 333 59004 60007 60%=
41685 02997 00000 10140 21130 38927 48509 60001 333 59022 60007 RH14%=
41696 02996 03102 10080 21045 38056 48579 60001 333 58006 60007 RH41%=
41697 02997 00000 10170 20028 40176 60001 333 58009 60007 RH39%=
41700 01994 00000 10170 20082 40164 60001 70440 333 59007 60007 56%=
41701 01994 00000 10190 20108 30032 40178 60001 70400 333 59010 60007 59%=
41710 12997 01302 10100 21150 39404 40197 60001 333 59027 RH16%=
41712 12997 00502 10060 21072 39237 48526 60001 333 59026 RH38%=
41715 01995 00502 10165 20076 30106 40173 60001 70500 333 59016 60007 RH56%=
41716 01994 00000 10165 20076 30085 40191 60001 70400 333 59008 60007 56%=
41718 01995 00000 10155 20087 30066 40172 60001 70400 333 59012 60007 64%=
41724 01994 00000 10195 20079 30110 40189 60001 70400 333 59023 60007 RH47%=
41725 02996 03602 10195 20053 30081 40160 60001 333 59027 60007 RH39%=
41726 01995 00000 10190 20085 30098 40169 60001 70500 333 59021 60007 RH50%=
41738 02996 00506 10175 21170 30022 40207 60001 333 58001 60007 RH08%=
41739 01996 00000 10080 21058 39097 48536 60001 70500 333 59012 60007 RH37%=
41742 12997 03102 10210 21003 40171 60001 333 59009 RH24%=
41743 01996 00000 10160 20081 60001 70400 333 60007 RH 60%=
41744 12996 00000 10135 21001 38811 48533 60001 333 59009 RH39%=
41745 01996 03604 10165 20076 60001 70400 333 60007 RH56%=
41746 01996 00000 10175 20077 30121 40180 60001 70400 333 59009 60007 RH52%=
41747 01995 00000 10185 20078 40164 60001 70400 333 59011 60007 RH50%=
41748 02996 02302 10190 20085 40183 60001 333 59014 60007 RH50%=
41749 02994 03606 10185 20090 30146 40179 60001 70400 333 59017 60007 RH54%=
41756 01996 00508 10175 21015 30112 40179 60001 70500 84030 333 56090 59009 60007 84358 RH27%=
41757 12996 33610 10205 21128 30168 40181 60001 80001 333 56009 59008 60007 83070 RH09%=
41759 01996 23604 10195 21091 30162 40168 60001 70500 82030 333 56090 59012 60007 82360 RH14%=
41760 01996 23602 10220 20064 30147 40160 60001 70500 80001 333 56009 59018 60007 82080 RH36%=
41764 01995 03610 10190 20059 30111 40162 60001 70400 333 59006 60007 Rh42%=
41765 02996 03104 10190 20072 30126 40161 60001 333 59018 60007 RH46%=
41766 01995 03604 10185 20078 40171 60002 70400 333 59009 60007 70000 RH50%=
41767 01995 00000 10175 20064 3//// 4//// 60001 70400 333 60007 RH48%=
41768 02996 03602 10220 20034 30152 40159 60001 333 59022 60007 RH29%=
41780 01995 20210 10230 21021 30137 40164 60001 70500 80001 333 59006 60007 RH19%=
41785 02996 03602 10190 20045 30143 40156 60001 80001 333 56009 59021 60007 82070 RH38%=
41786 02996 03604 10190 20013 30106 40142 60001 333 59020 60007 RH31%=
41BAG 02697 40502 10000 21061 60001 84500 333 56900 60007 84640 49%=
41BKI 01996 00000 10100 20031 39760 40191 60001 70400 333 59005 60007 RH 62%=
41SKP 01995 00000 10135 20096 3//// 4//// 60001 70400 333 5//// 60007 77%=
43532 02997 00000 10060 20013 39367 40203 60001 333 59001 60007 72%=
43533 02997 00000 10090 21006 39241 48497 60001 333 59012 60007 51%=
43563 02997 00000 10094 21015 39483 40196 60001 333 59003 60007 46%=
41783 02996 00502 10195 20053 30122 40152 60001 333 59014 60007 RH39%=


UPPK OPKC 190600=
PPAA 6906/ 41506 MISDA DUE TO TECHNICAL FAULT=
PPAA 6906/ 41515 MISDA DUE TO TECHNICAL PROBLEM=
PPAA 6906/ 41598 MISDA DUE TO TECHNICAL PROBLEM=
PPAA 6906/ 41600 MISDA DUE TO TECHNICAL PROBLEM=
PPAA 6906/ 41624 MISDA DUE TO TECHNICAL FAULT=
PPAA 6906/ 41640 MISDA DUE TO TECHNICAL PROBLEM=
PPAA 6906/ 41646 MISDA DUE TO TECHNICAL PROBLEM=
PPAA 6906/ 41678 MISDA DUE TO TECHNICAL PROBLEM=
PPAA 6906/ 41718 MISDA DUE TO TECHNICAL PROBLEM=
PPAA 6906/ 41516 Misda due to air movement=
PPAA 6906/ 41517 MISDA DUE TO SMOKE HAZE =
PPAA 6906/ 41715 NO ASENT DUE TO BALLOONS OUT OF STOCK=
PPAA 6906/ 41739 no acent due to security risk=
PPAA 6906/ 41749 MISDA DUE TO TECHNICAL FAULT=
PPAA 6906/ 41764 No Ascent due to PAF flying=
PPAA 69051 41780 MISDA NO ASCENT DUE TO PAF FLIGHT=
PPAA 6906/ 41675 MISDA DUE TO TECHNICAL ISSUE=




Data Generated from File : D:/all data handling/Rmc_lhr/2024121906.FSU.txt
19/12/2024   06:55:33
____________________________________________________________________________________________
15020 04/70 12101 10040 21003 39961 40163 57011 60002 81030 333 10066 20027 31001 55300 20000 60007 70000 91003 90760 91104==
15090 07/02 60702 10008 20007 30083 40179 57010 60002 7343/ 86070 333 10028 21003 34102 55300 10080 20000 30000 60007 70000 91003 90760 91103==
15108 01/84 33108 11030 21030 38065 48480 55007 60002 72841 83040 333 11017 21046 49067 55300 20000 60007 70000 91012 90760 91116==
15150 07/47 32901 11015 21018 39962 40184 58011 60002 7101/ 83040 333 10073 21028 30104 55300 20000 60007 70000 91001 90760 91101==
15170 01/03 92701 11010 21013 39415 42804 57008 60002 74344 89/// 333 11009 21041 34102 55300 20000 60007 70000 91001 90760 91101==
15280 02/84 3//// 11026 21106 37497 47046 57008 60002 83040 333 11026 21056 49039 55300 20000 60007 70000==
15310 07420 51803 10027 20024 30098 40186 57009 60002 7101/ 83630 333 10073 20026 31002 55300 10160 20000 30000 60007 70000 91005 90760 91106==
15335 02/60 60802 10025 20016 30183 40190 57010 60002 86070 333 10060 20003 31102 55300 20002 60007 70000 91002 90760 91102==
15350 07/58 12502 10000 21006 30064 40189 56014 60002 7101/ 81040 333 10074 21006 31000 55300 20000 60007 70000 91003 90760 91105==
15360 01/40 32004 10067 20066 30179 40196 56009 60002 71022 83030 333 10090 20052 60007 70000 91004 90760 91105==
15420 02/60 12301 11010 21013 30079 40195 56012 60002 81040 333 10038 21021 31105 55300 20000 60007 70000 91002 90760 91103==
15460 07/23 71101 10003 20000 30171 40197 56013 60002 7101/ 87070 333 10054 21002 34102 55300 20001 60007 70000 91001 90760 91102==
15470 01901 02801 11018 21018 30069 40201 56010 60002 74640 333 10055 21018 34103 55300 20000 60007 70000 91002 90760 91102==
15480 04/62 32001 10038 20021 30179 40197 57010 60002 83030 333 10079 20035 31001 55300 10140 20000 30000 60007 91002 90760 91103==
15549 12570 61802 10047 20023 39776 40198 57009 60002 83542 333 10059 20029 70000 555 31104 584// 92601=
15552 12960 50000 10045 20033 30152 40202 57012 60002 82031 222// 00099 10201 333 10077 20039 55076 70000 555 31101 592// 92023 92426=
15640 12676 20000 10036 20018 39895 40215 57003 60002 81431 333 10083 20034 55084 70000 555 30002 588// 92600=
15655 12562 72503 10031 20023 30174 40208 57007 60002 82534 222// 00110 10000 333 10088 20029 70000 555 31/// 595// 92022 92427=
15730 11956 70000 10008 20003 39817 40227 57007 60002 71022 84036 333 10086 20007 55079 70000 555 31/// 596//=
16627 12/65 30000 10020 20015 30195 40202 57012 60002 81041 333 20020 31/// 55077 70000 81360 83070 90730 91104==
16650 11908 40000 10066 20061 30195 40205 56010 60002 74640 80001 333 20062 30/// 55078 70000 90730 91101==
16667 12960 02504 10080 20048 30203 40215 57010 60002 333 20078 30/// 55076 70000 90730 91108==
16706 12960 00000 10052 20022 30189 40195 55011 60002 333 20052 30/// 55067 70000==
16723 12960 03602 10080 20063 30189 40202 52002 60002 333 20076 30/// 90730 91105==
16742 12560 10002 10128 20097 30038 40194 55001 60002 81140 333 20124 30/// 70000 90730 91108==
16749 12460 10003 10110 20102 30174 40189 57002 60002 81100 333 20100 30/// 55079 70000 90730 91105==
16754 12560 21706 10102 20090 30159 40209 54000 60002 82100 333 20100 30/// 55047 70000 90730 91110==
16757 12460 22406 10126 20111 30066 40200 52003 60002 82701 333 20126 30/// 55073 70000 90730 91111==
16760 12560 10003 10074 20065 40218 54000 60002 81100 333 20066 30/// 55084 70000 90730 91108==
17022 12970 01304 10080 20051 30052 40220 56008 60002 333 20068 31004 55022 20440 90760 91107==
17024 12970 01912 10104 20085 30141 40219 55004 60002 333 20091 31003 55010 90760 91122==
17026 12970 01603 10085 20052 30202 40241 56002 60002 333 20071 30002 55030 20515 90760 91106==
17031 11957 01403 10043 20036 30240 40246 54000 60002 71000 333 20026 30001 90760 91106==
17034 12970 01901 10100 20040 30216 40263 52001 60002 333 20096 32006 55000 70011 90760 91107==
17038 11670 60000 10102 20049 30212 40260 51006 69902 70282 86200 333 20097 31/// 70040 86835 90760 91111==
17042 11560 70601 10099 20073 30229 40269 52009 60062 78122 84250 333 20074 32006 55000 70143 84830 87358 90760 91122==
17050 11104 90000 10041 20024 30154 40218 57005 60002 74711 333 20033 31000 55055 90760 91103==
17056 11650 61504 10090 20074 30208 40212 57008 60002 71042 83530 333 20078 31008 55084 20854 83635 86360 90760 91106==
17060 11930 00802 10057 20053 30174 40215 57009 60002 71041 333 20046 31001 90760 91104==
17070 11206 90000 11007 21011 39355 40250 57003 60002 74744 333 20435 34104 90760 91103==
17074 12665 32101 11022 21027 39295 40259 56004 60002 83100 333 21024 34107 55006 20310 83835 90760 91104==
17084 11556 62401 11010 21015 39338 40276 55000 60002 71011 83550 333 21016 34106 55049 21545 83633 86360 90760 91102==
17085 11658 33203 10009 21001 39760 40264 53001 60002 71011 83500 333 20009 31000 55008 83640 90760 91108==
17092 12660 50000 10012 21014 38916 48540 53007 60002 85500 333 20001 34101 55000 20222 85645 90760 91110==
17096 12660 22405 11028 21083 38265 48534 52013 60002 82500 333 21042 3/104 42011 55037 20251 82635 90760 91123==
17098 12660 22408 11003 21070 38210 48521 52024 60002 82500 333 21028 30104 82640 90760 91128==
17100 12970 00301 10070 21064 39218 40217 52023 60002 333 20031 30101 55015 20461 90760 91110==
17112 11202 80402 10076 20075 30203 40205 57006 60002 74422 887// 333 20069 31004 55052 20657 88705 90760 91105==
17115 11910 00000 11007 21007 30170 40223 55005 60002 74040 333 21009 34102 55063 20787 90760 91104==
17116 12960 00701 10031 20030 30101 40226 57006 60002 333 20006 31101 55072 20808 90760 91103==
17124 11104 90703 11028 21028 39320 40272 55000 69902 74900 333 20636 34104 90760 91106==
17128 11002 90102 11044 21050 39137 40282 55000 60002 74711 333 21048 34105 55037 20327 90760 91105==
17135 11430 80501 11004 21008 39365 40270 53002 60002 71022 886// 333 21011 34104 55066 23174 88716 90760 91104==
17140 11656 40000 11003 21003 38748 48529 56001 60002 71011 84500 333 21024 34103 84638 90760 91103==
17150 11102 90000 11012 21012 30098 40226 57003 60002 74944 333 21022 34103 55062 20904==
17160 11905 03505 11023 21049 39074 48528 55000 60002 74400 333 21024 34105 55084 20946 90760 91107==
17170 12560 40102 10005 21048 38365 48536 52010 60002 84500 333 21041 41997 84630 90760 91107==
17175 12965 00000 10068 20050 30193 40197 56004 60002 333 20064 31002 55047 20691 90760 91102==
17184 11956 02901 10008 20006 30104 40219 56003 60002 71000 333 20003 34000 55088 21034==
17190 11001 90000 11020 21020 39033 48521 55001 60002 74900 333 21029 34106 55076 90760 91102==
17195 11440 20704 11026 21026 39026 48534 50000 60002 71040 82600 333 21052 34107 55064 20833 82710 90760 91105==
17200 12960 01602 10006 21030 39253 40263 51005 60002 333 21022 30/// 90760 91107==
17202 12970 02304 11019 21022 39196 40281 52009 60002 333 21053 34/// 90760 91109==
17203 12970 01601 11011 21056 38930 48570 52006 60002 333 21037 34105 55069 20934 90760 91104==
17210 11300 92601 11016 21018 39193 40271 52010 60002 74741 333 21020 34103 55014 90760 91103==
17219 11950 00001 10019 20009 30064 40213 55000 60002 71000 333 20013 30101 55074 20955 90760 91108==
17234 12970 00603 10076 20038 30141 40210 57003 60002 333 20065 31004 55063 20942 90760 91107==
17237 12970 00000 10047 20020 39715 40228 55000 60002 333 20044 31000 55061 90760 91103==
17240 12970 00000 10004 21012 39075 40249 53001 60002 333 20001 34105 55081 21068 90760 91103==
17244 11002 90803 11023 21028 39045 48527 55000 60002 74941 333 21038 34/// 90760 91105==
17248 11930 00000 11018 21031 39027 48523 55002 60002 71000 333 21021 34105 55000 90760 91103==
17250 12970 00602 11014 21028 38847 48530 56004 60002 333 21030 34104 55081 21038 90760 91109==
17260 11959 03102 10011 21011 39380 40223 53006 60002 71000 333 21024 34103 90760 91107==
17270 12970 02902 10066 21014 39588 40248 52010 60002 333 20042 30102 90760 91107==
17275 12970 00112 10041 21036 39027 48538 52009 60002 333 20030 30003 55089 90760 91119==
17280 11102 90702 11034 21040 39450 40279 52009 60002 74944 333 21042 31107 55013 20167 90760 91105==
17290 12970 00701 10120 20095 30170 40202 53001 60002 333 20117 30006 55084 90760 91104==
17292 12970 00000 10004 21006 39445 40220 55003 60002 333 20001 34103 55003 20176==
17300 12960 03404 10071 20039 30138 40211 56004 60002 333 20065 30007 90760 91110==
17310 12970 00601 10117 20064 30182 40189 57004 60002 333 20117 30006 55000 90760 91103==
17330 12970 00000 10121 20022 30196 40214 53005 60002 333 20109 30005 90760 91106==
17350 12960 00103 10074 20011 30124 40204 55000 60002 333 20040 30///==
17370 12970 00000 10122 20014 30204 40208 52001 60002 333 20100 30004 55064 90760 91106==
17375 12670 10000 10089 20039 30195 40197 53002 60002 81200 333 20086 31004 55072 21126 81835 90760 91103==
33088 11597 82304 10065 20036 39909 40099 57009 69902 70282 885// 333 20035 555 11004=
33135 11396 81902 10011 20006 39969 40119 52024 60042 71072 886// 333 21009 43001 88709 555 1/100=
33177 32597 72304 10067 20038 39875 40111 57010 87500 333 20052 555 12005=
33317 32497 72503 10047 20026 39791 40128 57009 85550 333 20030 85618 555 12003=
33393 32960 52303 10050 20018 39743 40135 57011 85030 333 20040=
33415 32697 60000 10051 20016 39743 40141 57006 83530 333 20044 555 11002=
33429 11597 72304 10024 20012 39725 40152 57005 69902 78082 86930 333 20018 84920 555 11001=
33466 31956 82304 10026 20018 39959 40149 57019 71022 8805/ 333 20000 555 11000=
33506 31596 82101 10000 21011 39985 40186 57006 71022 885// 333 21016 555 14101=
33562 32960 22202 10029 20016 39852 40160 57012 82030 333 20026 555 11000=
33587 31996 51801 10023 20013 39898 40165 57016 71022 85050 333 20002 555 14101 34101=
33658 31957 60000 10018 20011 39857 40161 57007 71011 83031 333 20012 555 10101=
33663 32997 50000 10006 21008 30064 40162 57014 82580 333 20004 555 14000=
33664 31996 51701 10011 20002 39839 40161 57008 71022 85030 333 20010 555 80016=
33678 32898 52802 10018 20004 39967 40180 57014 84031 333 20014 555 80014=
33679 32997 31502 10027 20011 39975 40169 57014 82031 333 20021=
33711 32660 71804 10006 21002 39968 40182 57008 84530 333 21012 84641 555 14100=
33745 32597 41701 10010 20010 39984 40182 57014 82930 333 20008 555 80019=
33748 32997 61102 10030 20017 39880 40168 57010 86030 333 20024 555 80012=
33754 32998 31402 10022 20012 30024 40173 57011 82032 333 20006=
33761 31559 71803 10031 20019 39951 40177 56011 71022 85530 333 20022 555 11001=
33791 32962 81402 10007 20001 30068 40199 57006 8805/ 333 21009 555 14101=
33815 31596 60000 10017 20014 39960 40172 57016 71011 83530 333 20017=
33837 31233 82101 10077 20062 30135 40187 57013 71011 8665/ 333 20032 86705 555 10005=
33881 31/93 92302 10013 20010 39979 40180 57013 74540 333 20008 555 80010=
33883 31/93 91803 10007 20007 30012 40182 57013 74740 333 20004 555 80017=
33885 31/92 91903 10018 20018 30054 40194 57011 74741 333 20012 555 80011=
33892 31996 61802 10020 20011 39970 40186 57010 71011 86030 333 20017 555 80021=
33902 31893 60000 10020 20020 30143 40204 57009 74411 86030 333 21009 555 11000=
33924 11540 71803 10065 20051 30198 40211 57008 60002 71011 81230 333 20032==
33946 12/82 31704 10037 20024 30002 40227 57001 60002 82031 333 20008==
33983 12/60 62303 11006 21016 30169 40232 53004 60002 86030 333 21026==
34300 32997 50402 11046 21091 30014 40199 58001 83031 333 21058 43002 555 13104=
34336 42970 02501 11109 21146 30090 40200 52016 333 21116==
34344 42970 22902 11106 21132 30099 40193 52019 80001 333 21107==
34356 42960 02903 11116 21151 30018 40175 52029 333 21119==
34357 42/70 12802 11113 21149 30012 40177 51026 81030 333 21113==
34398 11/70 83208 11071 21092 30061 40074 52039 69902 73631 8805/ 333 21111 90760 91116==
34415 32970 60000 11063 21075 30105 40207 52006 86040 333 21063 555 14105=
34438 42/60 12702 11095 21114 30004 40207 52018 81040 333 21104==
34445 42970 02606 11102 21132 30072 40193 52023 333 21105==
34461 42560 23003 11095 21141 30113 40172 51030 82500 333 21096 90760 91111==
34473 12597 73010 11069 21102 30084 40124 52033 69900 83503 333 21075 91016 91118=
34476 42570 82810 11064 21099 30121 40129 52030 8393/ 333 91012 90760 91116==
34504 32967 82102 11001 21010 30025 40204 57001 88050 333 21006=
34535 42970 02702 11052 21090 30136 40211 51019 333 21058==
34545 42970 12705 11076 21108 30085 40202 52022 80001 333 21087==
34555 42970 02904 11082 21124 30100 40196 52022 333 21086==
34560 42460 33009 11091 21127 39965 40165 52023 83500 333 21094 91010 90760 91115==
34578 42560 82905 11055 21084 30146 40153 52028 8296/ 333 90760 91112==
34579 41540 82905 11061 21080 30101 40146 52031 71022 885// 333 90760 91114==
34644 42960 02703 11054 21082 30129 40209 52017 333 21064==
34646 42970 02703 11059 21086 30114 40199 52019 333 21068==
34655 42960 02705 11060 21101 30140 40203 52026 333 21066==
34662 42970 03006 11070 21121 30166 40178 53024 333 21073 91011 90760 91111==
34691 12/70 73210 11050 21082 30281 40268 52034 60002 87030 333 21061==
34720 42970 20000 11015 21063 30181 40222 52011 80001==
34727 42460 62402 11003 21015 30198 40229 53009 85430 333 21017==
34743 42960 02803 11044 21082 30116 40209 52020 333 21061==
34759 42960 12704 11052 21081 30075 40212 52026 80001 333 21061 90760 91110==
34772 42570 82809 11055 21097 30164 40167 52027 885// 333 21060 91013 90760 91114==
34785 42/70 83005 11043 21086 30173 40150 52029 8802/ 333 91010 90760 91113==
34798 11540 82908 11042 21065 30179 40149 53032 69902 77173 885// 333 21054==
34824 41540 72301 10015 20006 30228 40234 52008 71011 87500 333 20002==
34838 42960 22301 11007 21025 30135 40235 52013 80001 333 21011==
34845 42570 22803 11014 21043 30112 40223 52021 82500 333 21020==
34858 41660 62903 11024 21070 30106 40218 52027 70272 83531 333 21027==
34861 42/70 13307 11059 21111 39952 40206 52029 80030 333 21065 91011 90760 91115==
34866 42970 02907 11036 21083 30203 40194 52029 333 21039 91011 90760 91115==
34880 41560 82905 11044 21083 30187 40160 52031 70281 889// 333 21044 91011 90760 91112==
34887 42570 22704 11044 21075 30204 40181 52039 82500 333 21049 91010 90760 91111==
34949 42570 72707 11013 21038 39672 40233 52021 86530 333 91011 90760 91118==
34954 41570 22603 10005 21036 30051 40229 52018 70281 82500 333 21001==
34958 41570 52702 10000 21041 30020 40225 52028 70282 85500 333 21007 90760 91110==
34975 42/70 23106 11018 21076 30200 40196 53026 80030 333 21027 91011 90760 91112==
34984 42570 62708 11027 21075 30218 40186 52036 86500 333 21033 91012 90760 91116==
35217 11/60 83003 11055 21077 39956 49997 52037 69972 77072 8802/ 333 21080==
35302 11/60 83507 11061 21096 39998 40019 52032 60012 77173 8802/ 333 21065==
35315 11496 82203 11090 21110 39938 49997 52018 69940 77772 886// 333 21081=
35344 11497 81905 11048 21061 39710 49998 53008 69970 77173 8802/ 333 21049=
35358 12/60 72002 11017 21055 39860 40029 52013 60012 87040 333 21029==
35368 11596 81808 10003 21011 39775 40039 58002 60020 78582 889// 333 21024=
35386 31598 81706 11040 21069 39608 40131 57002 73633 885// 333 21062=
35394 12670 81505 11033 21057 39478 40158 53005 69902 8655/ 333 21075==
35404 31596 83208 11082 21109 30052 40061 52032 77173 8652/ 333 21105 91116=
35406 11540 83207 11092 21103 30030 40032 52027 60022 77373 885// 333 21099==
35416 11/60 82204 11096 21122 39891 40015 52021 69922 77172 8802/ 333 21084==
35426 11/60 82204 11088 21112 39719 40016 53026 69972 77172 8802/ 333 21055==
35437 11597 82604 11065 21085 39705 40021 53024 69930 77172 8802/ 333 21039=
35449 12998 71902 11048 21080 39924 40027 52002 69970 87050 333 21035=
35497 11570 81409 11056 21074 39528 40350 57022 60002 73733 885// 333 21083 91016 90760 91118==
35498 32698 81403 11082 21122 39290 40188 57021 885// 333 21139=
35514 31596 72709 11094 21110 30134 40130 52018 78583 87900 333 21104 91115=
35522 11597 82804 11100 21122 39767 40025 52025 60020 77177 8802/ 333 21081=
35542 32598 71603 11052 21069 39877 40025 57001 87500 333 21067=
35563 11495 82007 11021 21039 39287 40047 57017 60030 78683 889// 333 21050=
35576 12/70 81710 11033 21079 39667 40117 57008 60002 8807/ 333 21043 91015 90760 91117==
35582 32698 80708 11028 21080 39546 40147 57009 885// 333 21062=
35594 31999 81608 11082 21109 39325 40181 57015 73673 8802/ 333 21121=
35605 12598 82712 11071 21100 30096 40074 52027 69950 885// 333 21072 91116=
35633 11497 82106 11010 21023 39803 40014 53005 69940 77172 8802/ 333 21037=
35671 12570 81406 11007 21031 39645 40069 57017 60002 885// 333 21029==
35699 12960 83603 11084 21120 39429 40204 57021 60002 80007 333 21144==
35700 11540 83111 11058 21097 30112 40088 52029 69902 77173 8452/ 333 21058 90760 91116==
35715 11599 62910 11032 21075 30085 40070 52023 69910 70233 86500 333 21050=
35739 11599 82706 11005 21059 39904 40042 53014 69900 72277 8802/ 333 21008=
35746 12570 62205 11009 21028 39982 40049 52009 60072 85550 333 21004==
35777 31497 81407 11041 21079 39775 40123 57026 73632 886// 333 21128=
35796 12960 70604 11097 21127 39756 40206 57022 60002 80002 333 21161==
35849 12570 32503 10009 21017 39984 40069 52020 60052 83500 333 20001==
35895 32998 70203 11082 21092 39743 40199 57015 87050 333 21142=
35907 32598 73116 11018 21042 30169 40138 52023 87500 333 21010 91016 91118=
35925 11560 82707 11027 21030 39972 40083 53025 69972 72273 8872/ 333 21002==
35927 31598 32907 11029 21068 30089 52032 70271 82502 333 20004=
35953 11540 82607 10013 20005 39940 40068 53018 69932 76176 887// 333 20020==
35969 12584 81601 10032 21032 39915 40085 57007 60002 885// 333 21008==
35997 32698 80701 11034 21081 39723 40161 57033 8657/ 333 21099=
36259 42984 30000 11332 21369 38297 48590 57011 80001==
36335 32999 81404 11024 21081 39186 40208 54000 80002 333 21095=
36358 32999 72006 11119 21143 39199 40254 57024 80002 333 21156=
36394 32997 21707 11054 21152 39826 40257 58026 80001 333 21097=
36397 12/84 21616 11072 21145 39676 40252 58025 60002 82040 333 21111 91020 90760 91120==
36403 32998 20805 11035 21148 39892 40257 58022 82041 333 21060=
36418 32999 33401 11095 21176 39673 40311 58018 80003 333 21195=
36421 32999 70000 11209 21234 39735 40348 57022 84035 333 21294=
36428 12784 73501 11117 21179 39791 40316 57022 60002 81549 333 21229==
36439 31798 71207 11093 21162 38996 48507 58014 73632 82545 333 21167=
36498 32998 60901 11102 21157 39430 40247 57030 80001 333 21150=
36501 32999 20000 11050 21153 39465 40226 58024 80002 333 21088=
36535 12984 22801 11116 21174 39657 40318 57017 60002 80001 333 21218==
36546 32999 30000 11090 21134 39754 40313 58015 80003 333 21223=
36619 32999 00905 11045 21110 333 21096=
36622 32998 20000 11083 21141 39430 40259 57022 82041 333 21155=
36639 12984 20000 11035 21157 39614 40224 57037 60002 80001 333 21159==
36643 32999 02801 11135 21176 39615 40312 57019 333 21214=
36665 32999 51102 11129 21172 39542 40303 57017 80002 333 21163=
36666 32498 20000 11120 21169 39794 40310 57018 81601 333 21228=
36729 32998 00906 11032 21083 39894 40387 53007 333 21130=
36736 32999 40802 11021 21130 39686 40243 57038 80001 333 21130=
36744 32998 81401 11051 21087 39743 40199 57005 8807/ 333 21114=
36770 32999 21001 11012 21084 39447 40171 57025 80001 333 21144=
36786 32999 22901 10069 21059 39258 40144 57036 80002 333 21063=
36796 32998 20000 11151 21204 38988 48433 58038 80001 333 21211=
36803 32999 61212 11055 21096 39750 40206 58044 80004 333 21106 91015 91117=
36806 32999 01713 11162 21245 39801 40301 57024 333 21205 91020 91124=
36819 32998 80906 10009 21073 39561 40168 58024 84024 333 21055=
36821 12/84 71502 11012 21062 39681 40170 57034 60002 84032 333 21107==
36839 32999 82801 10017 21122 39040 40152 57026 80001 333 21123=
36843 32998 20901 10060 21085 38997 40136 57021 80001 333 21042=
36846 31999 60205 10000 21114 38556 48454 57023 70231 80005 333 21102=
36859 12/84 52201 10040 21090 39431 40200 57028 60002 82041 333 21110==
36870 12960 83401 11003 21056 39140 40148 57013 60002 80002 333 21050==
36874 32999 60901 11071 21127 39440 40239 57023 80008 333 21116=
36877 32999 62302 11033 21104 39451 40462 57014 82031 333 21119=
36885 32999 62502 11011 21088 39033 40160 57020 82031 333 21051=
36889 32999 01805 11030 21162 36997 47013 57003 333 21122=
36894 32999 80710 11005 21094 39439 40178 57023 82046 333 21066 91018=
36905 32999 70000 10035 21104 38709 48476 57022 83075 333 21063=
36911 42999 50000 10118 20051 39230 40166 53065 82054 333 21066=
36927 42699 71402 10010 21078 38336 48506 57010 84950 333 21065=
36934 42598 80802 10009 21044 38260 48390 57029 83932 333 21058=
36953 32999 30000 11063 21148 38179 48508 57020 80001 333 21185=
36963 42999 21403 11070 21210 36997 48/// 57007 80001 333 21160=
36974 42998 21801 11086 21140 37997 48547 57006 80001 333 21189=
36982 42999 81301 11103 21239 36501 47068 58002 80006 333 21228=
37018 42670 50201 10051 20008 30176 40252 52008 83830 333 20020==
37031 42460 82504 10011 21017 30041 40241 52014 86801 333 20003 90760 91110==
37054 42660 82504 10006 21046 39845 40232 51029 885// 333 20006 90760 91114==
37061 42560 22703 10005 21031 30054 40227 52028 82500 333 21001 90760 91116==
37085 41570 62605 10000 21044 30245 40217 52036 70271 86500==
37171 42970 20805 10031 21017 30235 40254 52010 80001 333 20015==
37228 42560 80902 11010 21045 39382 40239 52018 885// 333 21011==
37235 42670 72805 10020 21036 39919 40242 52025 8750/ 333 90760 91110==
37472 42570 72606 10043 21039 30236 40214 52026 84571 333 20037 91010 90760 91114==
38149 12570 52105 10017 21008 30050 40128 52009 60012 83502 333 21003==
38178 42/70 82508 10036 21034 39809 40094 53029 8807/ 333 20021==
38262 12/70 62204 10030 20003 30041 40122 52018 60002 86032 333 20005==
38264 42/70 62004 10030 21008 30045 40140 52020 86040 333 20011==
38345 42999 52201 10075 21012 38734 48437 57019 80002 333 21043=
38353 42998 60901 10041 21066 39234 40125 57019 85031 333 21056=
38388 72598 72302 10047 21016 30101 40172 52025 87900 333 20022 6////=
38392 72997 72306 10030 20012 30044 40148 52025 87030 333 20017 6////=
38396 42360 72507 10040 20012 30033 40159 52029 8253/ 333 20025 82609==
38403 42/60 72302 10031 21048 30005 40127 53014 87070 333 21017==
38413 42/70 82507 10040 20009 39805 40101 52011 8807/ 333 21010==
38457 12584 81101 10073 21044 39558 40140 52018 60002 8555/ 333 20007==
38462 42684 80203 10026 21116 38714 48451 57008 8592/ 333 21030==
38507 71598 83304 10053 20031 30111 40214 52039 76162 8657/ 333 20041 6//// 86627 91006 555 50083=
38545 31597 82706 10027 20017 39994 40171 52040 71022 885// 333 20030=
38565 12/70 81812 10070 20011 39538 40107 52034 60002 8807/ 333 20023==
38579 12584 72804 10072 21038 39727 40141 51012 60002 83571 333 21002==
38583 12660 81803 10080 20041 39829 40147 52024 60002 84541 333 21034==
38599 31997 00703 10038 21062 39655 40174 50005 71022 84031 333 21010=
38611 41/10 80902 11028 21062 39616 40207 52004 74444 8807/ 333 21053==
38613 42998 70101 11012 21020 40188 54000 87020 333 21060=
38616 42599 70901 11006 21047 39165 40199 51003 87500 333 21065=
38618 12670 82701 10004 21024 39484 40186 52003 60002 8257/ 333 21054==
38647 21698 81901 10053 20021 30160 40203 52031 72186 885// 333 20060 69940=
38656 22698 82702 10052 20030 30058 40168 52033 885// 333 20038=
38683 42/60 82305 10060 21006 39885 40161 52024 8803/ 333 20020==
38687 72997 72504 10061 20002 39944 40180 52031 87030 333 20040 6////=
38696 12684 62007 10088 21071 39301 40146 52007 60002 82579 333 21014==
38713 32998 22001 10100 21074 38990 48470 53010 82030 333 21025=
38750 32597 83602 10066 20025 30264 40235 53046 885// 333 20045=
38763 21597 83103 10048 20023 30098 40205 52027 78082 889// 333 20062 69900 88927=
38774 72898 63103 10070 20025 30009 40205 52030 86070 333 20057 6////=
38799 32997 52702 10074 21009 39955 40188 52035 83033 333 20024=
38806 32997 31805 10082 21027 39898 40157 52010 80002 333 20030=
38812 42960 02107 10056 21032 39713 40168 52006 333 21003==
38836 31698 31801 10060 21008 40166 52008 71011 80002 333 21011=
38880 22597 83105 10066 20017 39942 40198 52026 889// 333 20048 88924=
38886 72697 73404 10066 20033 39967 40197 52027 87500 333 20015 6////=
38895 32996 22301 10087 21014 39896 40185 52016 80002 333 20012=
38911 32998 01705 10082 21022 39890 40184 52017 333 20036=
38915 32997 01402 10099 21014 39870 40190 52012 333 20036=
38927 11/50 30601 10064 21001 39819 40197 58006 60002 70500 83030 333 21025==
38933 31/91 93601 11016 21056 39708 40241 52004 74544 333 21030=
38944 31/91 90000 11022 21025 39618 40173 52013 74444 333 21049=
38954 32999 00000 11044 21086 37989 48580 52005 333 21091=
38974 72998 02302 10110 21038 39845 40176 52022 333 20073 6////=
38987 32996 00101 10076 21027 39449 40192 52007 333 20008=
40180 12960 01700 10104 21008 30113 40163 54000 60002 333 10154 20067 70000==
40199 12/// /0005 10134 21028 30141 40166 52007 60002 333 10164 20113 70000==
40255 36/// /1304 10082 29024 3//// 4//// 5////=
40265 31950 21406 10086 21107 39419 40225 52001 70500 80004 333 20024 30102 82070=
40270 31957 00403 10060 21101 39301 40214 52001 70500 333 20026 30104=
40296 31957 00901 10086 20015 30642 40162 5//// 70500 333 20060 30003=
40310 32960 02706 10028 21054 38972 48434 5//// 333 20006 30102=
40340 31950 00203 10104 21042 40175 52007 70500 333 20086 30007=
40356 42960 00908 10040 21140 39232 48522 333 20002 59026 555 04410 50233=
40357 42960 03004 10062 21110 39584 40239 333 20029 59017=
40360 42960 02304 10021 21130 39620 40231 333 21006 59027=
40361 42960 00705 10070 21170 39441 40268 333 20036 59027=
40362 42960 00000 10054 21120 39715 40249 333 20005 59021=
40373 42960 03306 10086 21090 39816 40246 333 20032 59010=
40375 42660 40000 10089 21110 39294 40179 84200 333 20046 59039 84840=
40394 42960 01806 10084 21090 39078 48542 333 20042 59019 555 04410 50228=
40400 42660 43605 10221 20030 30108 40135 84100 333 20197 59038 84840=
40405 42960 00704 10102 21150 39475 40241 333 20060 59011==
40417 42960 43114 10136 21010 30206 40222 80002 333 20092 59007 84070=
40430 42960 20409 10172 21040 39450 40203 80001 333 20147 59018 82070=
40437 42960 00000 10123 21180 39525 40243 333 20063 58003=
40439 41658 50708 10238 20100 30119 40137 70544 83530 333 20200 59017 83640==
40582 32960 23209 10110 20000 40234 51014 80001 333 55310 00321 10000 21088 30365 40852 51131 61453 55407 40724 82070 90400 91009 91111 91209 91307=
40703 12962 00000 10032 21055 38935 40210 52019 60001 333 30106 5//// 70000 555 10002 29053=
40706 11958 10502 10017 21064 38673 40245 52019 60001 70500 80001 333 34109 70000 81070 555 11011 29055=
40712 12970 02501 10031 21075 38692 40228 52015 60001 333 34113 5//// 70000 555 11004 29046=
40713 12964 00903 10033 21057 38675 40221 52023 60001 333 34106 70000 555 11001 29052=
40718 12460 83101 10108 20082 30248 40219 52034 60001 8532/ 222// 0//// 20201 333 31000 50061 70000 82912 84615 88457 555 10095 29084=
40723 12965 72302 10038 21054 38945 40199 53028 60001 87070 333 3/108 41998 70000 87459 90768 93100 555 10006 29051=
40726 12960 00000 10028 21075 38676 40218 52017 60001 333 34109 5//// 70000 555 11006 29046=
40727 12965 00000 10016 21058 38505 40236 52020 60001 333 34107 70000 555 11011 29058=
40732 11556 80000 10110 20085 30236 40212 52039 69921 72162 85320 333 31001 50061 70002 82920 83625 88458 555 10098 29085=
40736 12560 80803 10094 20066 30243 40217 52049 60001 8231/ 333 31002 50021 70000 82930 88459 555 10081 29083=
40737 11557 80704 10086 20069 30194 40212 52047 69921 76021 8352/ 333 31001 50161 70002 83627 88556 555 10078 29089=
40738 12660 70000 10072 20055 30247 40249 52054 60001 83570 333 30103 50051 70000 83635 87457 555 10065 29089=
40739 11958 00000 10010 21016 38688 40232 53014 60001 71000 333 30109 5//// 70000 555 10000 29083=
40741 12960 02810 10080 21027 39842 40176 52020 60001 333 30003 70000 555 10040 29047=
40743 12970 00000 10026 21079 39071 40222 52020 60001 333 30106 70000 555 11009 29046=
40745 12962 03602 10073 21027 39025 40187 51007 60001 333 3/108 47004 5//// 70000 90768 93100 555 10034 29049=
40747 12965 00000 11017 21072 38669 40263 51016 60001 333 34108 70000 555 11034 29066=
40754 11940 01002 10051 21047 38826 40199 52015 60001 70500 333 30103 5//// 70000 555 10015 29049=
40762 12965 00000 10030 21114 38552 40219 53009 60001 333 31109 70000 555 11013 29034=
40766 12980 01904 10015 21143 38736 40261 52014 60001 333 30110 70000 555 11029 29030=
40768 12968 01102 10049 21116 38270 40220 52016 60001 333 30108 70000 555 11006 29029=
40769 11959 00601 11016 21064 38314 40230 52019 60001 70500 333 3/108 45001 5///1 70000 90768 93100 555 11031 29070=
40780 12960 01302 10060 21076 38719 40253 52012 60001 333 30103 5//// 70000 555 10013 29037=
40782 12965 00000 10040 21042 38912 40256 52013 60001 333 30108 5//// 70000 555 10010 29055=
40785 12960 00501 10045 21024 39101 40227 54000 60001 333 30106 5//// 70000 555 10019 29061=
40791 12965 01801 10070 21163 39384 40229 52020 60001 333 30106 5//// 70000 555 10007 29017=
40792 12968 01305 10085 21152 38732 40203 52020 60001 333 30103 70000 555 10015 29017=
40798 12960 01501 11007 21116 37989 40272 52015 60001 333 30114 5///1 70000 555 11039 29044=
40800 12960 01001 10049 21116 38491 40254 52016 60001 333 30109 5///1 70000 555 11005 29029=
40809 12970 00902 10061 21146 38513 40223 51014 60001 333 30110 5//// 70000 555 11003 29021=
40811 12960 12902 10086 20015 30187 40214 52019 60001 80001 333 30003 50211 70000 81070 555 10057 29061=
40812 12960 00701 10111 21007 39818 40202 52020 60001 333 30003 50141 70000 555 10063 29044=
40818 12975 03503 10026 21176 38011 40253 52007 60001 333 30108 5//// 70000 555 11030 29021=
40821 12965 01303 10071 21176 38808 40213 53013 60001 333 30104 5//// 70000 555 11001 29015=
40829 12960 09901 10067 21092 39665 40262 51015 60001 333 30112 5///1 70000 555 10017 29031=
40831 11957 23006 10103 20016 30217 40225 52010 60001 70500 80002 333 30002 50301 70000 82070 555 10067 29055=
40833 11957 02402 10073 21002 30187 40220 51014 60001 70500 333 30101 50151 70000 555 10044 29059=
40835 12960 00000 10108 21002 39372 40222 52016 60001 333 30103 50081 70000 555 10062 29047=
40841 12970 00000 10063 21189 38264 40222 52012 60001 333 30111 5//// 70000 555 11009 29015=
40845 12960 13307 10165 20089 30209 40214 52018 60003 80001 333 30013 50531 70000 81070 555 10126 29061=
40848 12960 20902 10060 21054 38553 40231 52015 60001 80001 333 30108 5//// 70000 82070 555 10018 29044=
40854 12960 00000 10132 21204 38965 40179 52016 60001 333 30002 50441 70000 555 10038 29008=
40856 12962 02202 10076 21250 38666 40239 51008 60001 333 30115 5///1 70000 555 11005 29008=
40859 12960 10000 10076 21097 38733 40224 52017 60001 80001 333 30106 50401 70000 81070 555 10018 29028=
40875 11957 43602 10196 21047 30173 40185 51019 60001 70510 80005 333 30004 50401 70000 84270 555 10099 29019=
40879 12965 20602 10122 21179 39519 40217 50011 60001 80002 333 30000 50421 70000 82070 555 10037 29011=
40882 12960 33102 10234 20117 30144 40179 51016 60001 80001 333 30015 50531 70000 83070 555 10168 29048=
40883 11950 00103 10207 20050 30158 40181 51013 60001 70500 80000 333 30009 50431 70000 555 10130 29036=
40893 11958 30202 10221 21018 30167 40172 51016 60001 70500 80001 222// 00205 20300 333 30017 50521 70000 83068 555 10118 29020=
40898 11958 20803 10212 21108 30165 40174 50006 60001 70500 80002 222// 00242 20900 333 30012 50661 70000 82069 555 10097 29011=
41024 41957 01304 10273 20170 30119 40145 70500 333 20248 59010==
41036 42960 00000 10178 20010 38586 48535 333 20090 59016==
41055 42960 01503 10160 21070 38395 48544 333 20096 59011==
41061 42960 01009 10158 21150 39497 40213 333 20083 59005==
41084 42960 00000 10146 21060 38891 48540 333 20071 59006==
41112 42960 00000 10158 21050 37974 48546 333 20059 59007==
41114 42960 00000 10164 21060 38012 48549 333 20062 59007==
41128 42960 00000 10163 21090 38862 48560 333 20070 59005==
41136 42960 02405 10139 21120 39398 40230 333 20065 58004==
41140 42960 01310 10261 20170 30153 40163 333 20197 59006==
41150 42970 43013 10166 20096 40213 80001 333 20145 30014 59008 84080=
41176 44/68 /3209 10165 20083 30206 40212 333 20099 59010=
41184 42960 51908 10214 20105 40187 82031 333 20137 59005 82560 83070=
41194 12660 52006 10198 20111 30178 40184 60001 81501 333 20171 59003 81645 84075=
41196 12660 51907 10198 20109 30148 40189 60001 81502 333 20133 59004 81645 85072=
41216 42660 33306 10233 20128 30184 40188 83500 333 20194 59007 83645=
41217 42660 22504 10226 20124 30155 40185 82500 333 20172 30015 59009 82645=
41396 42965 13201 10176 21069 39485 40223 80001 333 20053 30/// 58003 81070=
41480 42458 10811 10269 20157 30179 40187 81500 333 20219 30/// 58001 81618=
41506 12960 00000 10070 21062 38555 48520 60001 333 58013==
41508 12960 02301 10083 21070 38669 48370 60001 333 59015==
41515 12960 00000 10055 21106 38586 48470 60001 333 58016==
41516 11940 10000 10070 21076 38595 48500 60001 70400 81030 333 56080 58004==
41517 11440 30000 10020 21065 37846 48800 60001 70421 81530 333 56880 58004==
41519 12960 00000 10080 21038 38826 48590 60001 333 58014==
41523 12960 00000 10090 21040 39104 48120 60001 333 59007==
41535 12960 00000 10125 21081 38723 48920 60001 333 59007==
41536 12960 00000 10100 21042 39056 48190 60001 333 59007==
41560 12960 00000 10120 21070 38298 48230 60001 333 59011==
41571 11996 01304 10155 21019 39602 40191 60001 70500 333 58001=
41598 11940 00901 10120 20056 39894 40172 60001 70400 333 59012==
41600 11940 00000 10140 20091 39884 40186 60001 70400 333 58003==
41620 11940 03101 10065 21112 38591 48920 60001 70500 333 58000==
41624 11940 00501 10130 20043 39971 40176 60001 70400 333 59010==
41630 11910 01303 10140 20080 30000 40183 60001 70400 333 59012==
41640 11920 01301 10150 20069 39929 40184 60001 70400 333 58005==
41660 01997 01304 10040 20147 38445 48536 60001 70000 333 59010 60007=
41678 11940 00000 10150 20043 30000 40175 60001 70500 333 59020==
41696 12940 03101 10080 21045 38056 48790 60001 333 58006==
41697 12960 00000 10170 20028 30000 40176 60001 333 58009==
41700 11910 00000 10170 20082 30000 40164 60001 70440 333 59007==
41710 12960 01301 10100 21150 39404 40197 60001 333 59027==
41712 12960 00501 10060 21072 39237 48260 60001 333 59026==
41715 11920 00501 10165 20076 30106 40173 60001 70500 333 59016==
41718 11920 00000 10155 20087 30066 40172 60001 70400 333 59012==
41725 12940 03601 10195 20053 30081 40160 60001 333 59027==
41739 11940 00000 10080 21058 39097 48360 60001 70500 333 59012==
41744 12940 00000 10135 21001 38811 48330 60001 333 59009==
41749 11910 03603 10185 20090 30146 40179 60001 70400 333 59017==
41756 11940 00504 10175 21015 30112 40179 60001 70500 84030 333 56080 59009==
41757 12940 33605 10205 21128 30168 40181 60001 80001 333 56008 59008==
41759 11940 23602 10195 21091 30162 40168 60001 70500 82030 333 56080 59012==
41764 11920 03605 10190 20059 30111 40162 60001 70400 333 59006==
41768 12940 03601 10220 20034 30152 40159 60001 333 59022==
41780 11920 20205 10230 21021 30137 40164 60001 70500 80001 333 59006==
41785 12940 03601 10190 20045 30143 40156 60001 80001 333 56008 59021==
41859 01950 03602 10259 20110 30119 40156 70500 333 58022 70000==
41883 02956 00000 10252 20160 30133 40154 333 58019 70000==
41891 01950 41202 10250 20180 30106 40145 70500 80002 333 58016 70000 84074==
41907 01940 03102 10245 20160 30140 40155 70500 333 58018 70000==
41923 01440 50000 10255 20130 30141 40150 70520 81530 333 58014 70000 81616 85360==
41936 01/20 30106 10254 20160 30140 40147 70541 83030 333 58011 70000 83362==
41943 01440 51302 10268 20120 30138 40145 70522 83530 333 58010 70000 83616 83362==
41950 01/40 50000 10248 20140 30145 40147 70522 83031 333 58015 70000 83362 83080==
41978 01950 43105 10296 20180 30131 40137 70511 80009 333 58018 70000 82270 83080==
41992 01/35 43605 10300 20190 30133 40135 70511 84030 333 58012 70000 84362==
42027 31594 52301 10022 21047 38458 48545 71022 83520 333 59006=
42071 31994 00705 10156 20066 40185 70540 333 58007=
42101 31994 01102 10164 20116 40194 70540 333 58011=
42111 31995 00000 10190 20101 39468 40166 70500 333 58018=
42123 31995 00000 10140 20071 40180 70500 333 58006=
42131 31995 00902 10164 20100 40178 70540 333 58001=
42165 32996 00000 10180 20029 40157 333 59011=
42182 31993 09902 10180 20114 40181 70444 333 58013=
42189 31995 03201 10200 20109 40183 70500 333 58020=
42309 32596 10502 10240 20117 40159 81100 333 58017=
42314 32996 29902 10246 20106 40156 82030 333 58016 82360=
42328 31995 00204 10180 20022 40141 70500 333 59006=
42339 31995 03602 10198 20062 40147 70500 333 59013=
42348 31994 00910 10180 20073 40165 70400 333 59006=
42361 31994 00501 10200 20113 40168 74244 333 58004=
42369 31995 00904 10226 20124 40177 70500 333 58018=
42379 31995 00000 10226 20129 40171 70500 333 58021=
42410 31595 20902 10240 20154 40155 70500 81530 333 58019 81620=
42415 32996 10000 10250 20130 40166 80001 333 58021 81075=
42452 31995 00901 10200 20081 40146 70500 333 59011=
42559 32996 01402 10216 20093 40140 333 59003=
42571 31995 01401 10218 20114 40155 71040 333 58003=
42623 31496 62303 10222 20136 39276 40140 70522 82534 333 58014 82618 83360 86070=
42634 32996 09901 10214 20053 40148 333 59006=
42647 31995 00000 10256 20125 40131 70400 333 59005=
42667 31995 01106 10236 20055 39556 40181 70500 333 59002=
42675 31996 00000 10224 20095 40146 70500 333 59002=
42701 31995 01403 10224 20123 39423 40148 70500 333 58016=
42724 31595 53601 10246 20172 40147 70522 82530 333 58016 82620 83360=
42737 32996 03602 10254 20113 40136 333 59006=
42754 31996 01606 10260 20116 39498 40126 70500 333 59000=
42779 32996 01402 10242 20099 39453 40145 333 58008=
42798 31995 20000 10230 20134 40157 70500 82030 333 58013 82360=
42809 31595 60502 10252 20144 40151 70522 84530 333 58015 84620 86360=
42840 31995 00000 10256 20150 40126 70400 333 58000=
42867 31995 10502 10260 20107 40139 70500 80001 333 59001 81075=
42874 31596 30902 10258 20100 40146 70500 83500 333 58006 83620=
42886 31595 70506 10238 20144 40158 70521 84530 333 58012 84620 87360=
42895 32596 50504 10260 20143 40153 81531 333 58013 81620 83360 84075=
42909 32996 02003 10270 20126 40127 222// 20000 333 59004=
42971 31595 73604 10254 20148 40158 70522 85530 333 58010 85620 87360=
43003 31995 00000 10286 20148 40120 70400 333 58001=
43014 31995 00903 10258 20157 39480 40120 70544 333 59001=
43041 31596 60000 10270 20196 39514 40123 70522 86400 333 59001 84625 86830=
43063 32997 01801 10262 20100 39502 40118 333 59003=
43086 32597 50000 10264 20160 39947 40124 83539 333 59003=
43110 31995 00903 10310 20138 40121 70544 333 58001=
43117 32997 21402 10294 20168 40111 80001 333 59003=
43128 32997 39902 10276 20129 39521 40119 80001 333 58001 83070=
43150 31595 70508 10266 20225 30069 40130 70522 83532 333 58011 83620 85360=
43185 21597 80706 10270 20235 30101 40104 70352 8457/ 333 58002 6990/ 84620 85360=
43189 32597 80502 10264 20212 30111 40120 8387/ 333 58005=
43192 32996 30000 10294 20193 40113 80002 333 58002=
43198 31496 31406 10290 20199 39292 40099 70500 82501 333 56309 58004 82612=
43201 32497 40201 10282 20193 39373 40084 81501 333 58002 81612 83075=
43213 32597 39901 10302 20188 39787 40098 81502 333 58003=
43233 32497 61104 10270 20227 39308 40113 83531 333 58003=
43237 31596 50703 10290 20187 39697 40084 70522 81532 333 58001 81620 83360=
43279 21596 80504 10268 20242 30082 40099 71065 8357/ 333 59001 6994/ 83620 85458 87360=
43295 32497 60902 10242 20191 39102 48515 83531 333 58004 83612 83358=
43314 32997 02303 10320 20237 40104 333 58003=
43321 31496 59902 10296 20192 39657 40096 70520 83501 333 58005 83612 85070=
43329 32597 43602 10294 20272 30081 40094 81531 333 58006=
43333 31496 50904 10298 20234 40112 70522 83431 333 58012 81618 83820=
43344 31496 69902 10306 20227 30000 40098 70522 82531 333 58004 82616 85360=
43353 31495 20903 10310 20226 40099 70521 81530 333 56790 59005 81616=
43369 32597 70000 10298 20262 40106 83570 333 58005 83620 86358=
43371 31896 33203 10322 20223 30031 40102 70500 82041 333 59002 82357 83071=
43404 22470 63403 10293 20255 30092 40095 55008 82000 333 553// 20401 58007 60008 91006 555 60008==
43410 22470 63102 10303 20247 30094 40097 52008 83000 333 58008 60008 70000==
43413 22470 73503 10300 20249 30102 40107 5/007 84106 333 553// 20492 58007 60008 91005==
43415 22470 62902 10310 20250 39999 40107 56009 86000 333 58007 60008 70000 555 60008==
43418 22470 53201 10295 20245 30057 40098 57006 85100 333 58007 60008 70000 555 60008==
43421 22470 83202 10285 20261 39998 40103 57008 88000 333 553// 20098 58006 60008 91006 555 60008==
43422 22470 72302 10300 20243 39966 40098 58012 86200 333 58005 60008 555 60008==
43424 22470 22702 10315 20253 30094 40096 57009 82200 333 59002 60008 555 60008==
43436 21070 53201 10300 20237 30097 40100 57006 70332 82/// 333 58012 60008 555 60008==
43441 22470 62302 10304 20239 39964 40095 51010 86200 333 58002 60008 70000 555 60008==
43444 22470 41801 10290 20215 39571 40097 58004 84100 333 58006 60008 70000 555 60008==
43450 21/70 42404 10300 20255 30096 40108 58006 70282 333 58003 60028 84/12 555 60028==
43466 21470 62501 10286 20232 30098 40106 5/009 72582 84100 333 553// 20115 58008 60008 91003 555 69918==
43467 21462 50000 10285 20247 30101 40107 57008 72582 85200 333 58008 60068 83/16 82918 555 60068==
43473 22470 62702 10196 20158 38130 48501 51004 86000 333 553// 20344 58010 60008 91005 555 60008==
43475 22470 31202 10314 20253 30098 40102 57007 83000 333 553// 20469 58014 60008 70015 91003 555 60008==
43476 21460 60901 10244 20183 38775 48524 5/006 70521 84000 333 58010 60008 555 60008==
43479 22/70 73402 10269 20203 39258 57006 333 58009 60008 83/16 555 60008==
43486 21460 80202 10288 29100 30008 40107 52007 72522 87000 333 553// 20464 58016 60008 91004==
43495 21470 52701 10294 20260 30089 40102 56/// 70382 84000 333 58011 60048 70097==
43497 22470 52302 10324 20000 30080 40097 5/013 82000 333 553// 20535 58010 60008 91005==
44212 42984 30000 11202 21239 39248 40499 57002 80004==
44213 42/84 22001 11221 21269 38880 40498 57005 82040==
44214 42970 33203 11181 21260 38312 40452 58010 80008==
44215 41970 21901 11258 21291 38461 40536 57006 77670 80004==
44217 32998 20000 11198 21281 37866 40503 58006 80002 333 91202=
44218 42984 22601 11214 21248 38674 40495 57007 80004==
44219 32999 01202 11267 21298 38688 40534 58009 333 91202=
44265 42984 22901 11180 21226 38897 40429 58010 80001==
44266 32999 00000 11156 21246 37780 40438 58004 333 91201=
44404 42358 10904 10138 20015 38153 48492 81100 333 58010=
44416 42960 00903 10190 20110 39404 40186 80000 333 58025=
44424 42560 12501 10126 21038 37680 47087 81100 333 59003=
44434 41450 11604 10150 20120 39272 48547 71044 81100 333 58031=
44438 42957 01604 10248 20123 30049 40177 80000 333 58029=
44449 42960 00701 10250 20201 30007 40164 80000 333 58020=
44454 41456 21202 10150 20085 38696 48530 70044 82100 333 58025=
44462 42360 10401 10157 20073 38281 48499 81100 333 58023=
44474 42456 12203 10163 20077 38275 48522 81100 333 58020=
44477 42558 21601 10224 20116 38845 48552 82100 333 58021=
44478 42958 03202 10252 20184 30072 40154 80000 333 58020=
48010 42557 42201 10235 20174 39996 40151 81131 333 58005==
48020 42358 30901 10223 20156 81202==
48025 42440 50402 10255 20171 30029 40172 58015 83840==
48048 42558 20403 10272 20211 30090 40146 82800 333 58008==
48052 32957 23602 10304 20176 80006 333 56009=
48062 42558 30405 10300 20253 30120 40126 82801 333 58006==
48064 42958 12202 10280 20203 30068 40125 80001 333 58006==
48094 42558 20902 10305 20205 30119 40129 81501 333 58015==
48109 42460 30401 10308 20254 30122 40125 83800 333 58018==
51076 14/79 /0201 11094 21179 39418 40368 57011 60001 333 11067 21189 3/104 4/008 59011 70000 90761 91103==
51087 14/63 /1301 11126 21192 39265 40381 57014 60001 333 11107 21203 3/107 4/008 59014 70000 90761 91104==
51156 14/80 /3502 11088 21181 38708 40340 57018 60001 333 11084 21190 3/115 4/001 59020 70000 90761 91104==
51243 14/70 /2001 11155 21192 39766 40369 57021 60001 333 11093 21195 3/113 4/002 59018 70000 90761 91103==
51334 14028 02001 11145 21181 39915 40359 57020 69901 77070 333 11091 21218 3/111 4/008 59026 90761 91102==
51379 14/57 /0702 11139 21184 39333 40380 57023 60001 70500 333 11137 21258 3/107 4/014 59011 70000 90761 91103==
51463 14/63 /1101 11110 21138 39063 40348 57022 60001 333 11103 21185 3/101 4/025 59024 70000 90761 91104==
51573 14/58 /0902 11055 21145 30321 40374 57010 60001 333 11021 21105 3/117 59009 70000 90761 91103==
51644 14/23 /3501 11091 21125 39035 40396 57010 60001 70500 333 11045 21164 3/106 4/006 59003 70000 90761 91105==
51656 14/56 /2504 11075 21108 39252 40384 57014 69911 72200 333 11073 21106 3/110 4/003 59006 70001 90761 91105==
51709 14/57 /1201 11043 21111 38687 40351 57007 60001 70500 333 11041 21112 3/112 59011 70000 90761 91104==
51711 14/80 /3101 11043 21182 38032 40265 57012 60001 333 11042 21168 3/122 59004 70000 90761 91107==
51716 14049 01601 11032 21101 38990 40350 57008 60001 333 11020 21111 3/114 59011 70000 90761 91102==
51765 14/57 /2501 11093 21102 39318 40401 57015 60001 70500 333 11063 21172 3/119 4/001 59002 90761 91103==
51811 14058 00301 11028 21115 38858 40342 57007 60001 333 11027 21128 3/119 59012 70000 90761 91103==
51818 14/56 /0901 11039 21123 38697 40343 57007 60001 70500 333 11022 21134 3/120 59010 70000 90761 91104==
51886 14/80 /2001 11058 21236 37118 40312 57014 60001 333 11019 21173 3/122 58005 70000 90761 91104==
52203 14/59 /2302 11055 21143 39430 40382 57015 60001 333 11040 21157 3/121 59012 70000 90761 91103==
52602 14/80 /0302 11033 21201 37278 40333 57018 60001 333 11002 21216 3/125 58015 70000 90761 91103==
52818 14/80 /2502 11031 21118 37239 40288 57013 60001 333 11014 21153 3/120 59008 70002 90761 91105==
52908 14/66 /2711 11043 21304 35759 40242 57012 60001 333 11042 21191 3/125 58020 90761 91120==
55299 14/80 /2202 10009 21253 35869 40242 57022 60001 333 10013 21209 3/125 59003 70000 90761 91103==
55591 14/80 /1002 10053 21295 36551 40163 57027 60001 333 10134 21058 3/114 58031 70000 90761 91105==
56004 14/75 /2812 11013 21314 35821 40262 57021 60001 333 11010 21221 3/129 58009 70000 90761 91123==
56018 14/69 /1801 11010 21260 36186 40231 57033 60001 333 10018 21175 3/120 58029 70000 90761 91104==
62306 42560 62110 10150 20125 40197 54000 86800 333 20110==
62309 12560 72202 10158 20145 40175 60024 8322/ 333 20130 70020==
62332 42560 20309 10190 20123 40167 57001 82200 333 20180==
62337 42960 01706 10084 20045 40166 52004 333 20061==
62366 45560 20602 10132 20113 40168 52001 82200 333 20132==
62387 41905 00000 10079 20072 40170 52010 74640 333 20072==
62393 42960 02606 10073 20058 40192 52010 333 20064==
62405 42960 00000 10147 20078 40165 52013 333 20110==
62414 41957 03405 10160 20038 40162 52019 70500 333 20142==
62419 42960 02904 10144 20067 40165 52027 333 20144==
62420 42960 02501 10109 20076 40186 52008 333 20100==
62440 41956 00000 10112 20078 40169 52004 71000 333 20094==
62455 42960 00107 10130 20071 40164 333 20107==
62458 42960 00902 10110 21018 40161 52007 333 20068==
62459 42960 30106 10120 20040 40154 52006 80002 333 20096==
62465 42560 42606 10170 20072 40134 84800 333 20156==
63210 32980 00413 10250 20170 40175 333 20221 58013=
63227 32980 00405 10228 20140 40198 333 20245 58005=
63330 33980 00902 10180 20099 37817 40293 333 20086 58001=
63331 32980 0//// 10190 20066 38124 40265 333 20105 58005=
63332 32980 01802 10160 20094 38240 40162 333 20064 58004=
63333 32980 00000 10170 20087 38193 40213 333 20078 59005=
63334 32980 00904 10140 20064 37643 333 20082 59004=
63340 32980 01802 10155 20094 37967 40195 333 20120 58000=
63402 31550 10000 10144 20121 7100/ 81100 333 20078 81826=
63403 31057 12002 10184 20143 7051/ 81600 333 20115 81700=
63450 32980 01303 10166 20027 37767 40289 333 20104 58000=
63453 31970 03002 10162 20091 39114 40347 7050/ 333 20092 58001=
63460 32580 10000 10170 20103 81100 333 20090 81824=
63471 31959 01602 10230 20098 38890 40155 70400 333 20125 59006=
63474 32980 00000 10170 20038 37622 4//// 333 20060 58004=
63478 32980 00604 10262 20153 39826 40146 333 2//// 58001=
63500 32980 00000 10200 20151 333 20144=
63533 31975 00304 10229 20073 38539 4//// 7050/ 333 20158 59001=
41268 32560 22106 10244 20136 30119 41145 82500 90626 333 20198 3/020 59007 82625=
40420 42960 23212 10125 21070 30014 40229 80002 90546 333 20089 59008 82070=
40100 43/60 00904 10143 21005 30182 40198 53001 6///1 333 58///=
