SMPK OPKC 181200=
41504 22697 51802 10040 21118 37837 48492 60002 85800 333 10075 56900 59005 60007 83640 82845 31%=
41505 22696 70000 10030 21020 38/// 48/// 60002 83530 333 10045 56990 58/// 83640 84460 70%=
41506 02697 60000 10100 20001 38514 48512 60002 84520 333 10124 56990 59014 60007 84640 84460 51%=
41507 02697 60000 10120 20071 39254 49777 60002 82520 333 10140 56990 59018 60007 82640 84460 72%=
41508 02696 72702 10100 21042 38657 48527 60002 83502 333 10130 56909 59012 60007 83635 84070 36%=
41509 02997 42302 10130 21009 38753 48496 60002 80030 333 10140 56090 59010 60007 84460 38%=
41510 02697 60000 10045 21030 37910 48519 60002 83530 333 10075 56990 59011 60007 83640 83360 58%=
41515 02697 50000 10087 21094 38551 48514 60002 82520 333 10116 56990 59017 60007 82650 83460 27%=
41516 02696 60000 10070 21076 38564 48521 83510 333 10100 56990 59001 60007 83640 84460 35%=
41517 01696 70000 10025 21058 37811 48542 60002 70422 83570 333 10043 56990 58023 60007 83640 87460 54%=
41518 02696 83602 10078 21058 38/// 48/// 60002 8352/ 333 10094 5699/ 5//// 60007 83640 88461 37%=
41519 22696 70000 10085 21070 38784 48520 60002 83520 333 10100 56990 58024 60007 83640 85462 33%=
41520 02697 61802 10020 21106 37634 48281 60002 83570 333 10045 56990 58002 60007 83640 84762 39%=
41523 02696 60000 10115 20014 39081 48497 60002 82520 333 10135 56990 59019 60007 82640 84460 50%=
41524 02697 60502 10150 21028 39368 40233 60002 83520 333 10166 56990 59005 60007 83640 83460 29%=
41525 12697 60000 10070 20002 37694 48411 60002 82520 333 10090 56990 58009 82640 84460 62%=
41528 02697 80000 10100 21007 39225 48504 60002 8552/ 333 10105 5699/ 59013 60007 85640 88460 47%=
41529 01695 40000 10140 20080 39778 40165 60002 70402 81530 333 10160 56990 59023 60007 81640 83360 67%=
41534 02697 40000 10130 20080 39747 40168 60002 82520 333 10150 56990 59009 60007 82640 82460 71%=
41535 02697 70000 10120 21026 38709 48479 60002 83520 333 10135 56990 59018 60007 83635 85460 36%=
41536 02997 70000 10115 20014 39037 48506 60002 87020 333 10140 56090 59015 60007 87460 50%=
41560 02997 02306 10115 21039 38282 48508 60002 333 10150 59017 60007 34%=
41562 02997 00000 10180 20045 39683 40146 60002 333 10200 59022 60007 45%=
41565 02997 43102 10100 21024 38656 48523 60002 84020 333 10145 56090 59015 60007 84460 42%=
41567 01696 60000 10014 20056 39722 40145 60002 70401 82530 333 10150 56990 59010 60007 82640 84360 57%=
41572 01696 52706 10130 20021 39509 40141 60002 70522 82510 333 10164 56990 59022 60007 82640 85460 48%=
41573 02697 81302 10070 21027 37967 48496 60002 84520 333 10098 56990 59018 60007 84640 84460 50%=
41574 02697 50000 10090 21029 38349 48528 60002 82530 333 10130 56990 59013 60007 82640 83460 43%=
41576 01996 32304 10190 20072 40167 60002 70501 80001 333 10205 56009 59016 60007 82070 46%=
41577 01696 60000 10150 20073 39536 40156 60002 70410 83570 333 10180 56990 59020 60007 83640 83460 60%=
41593 01996 40000 10190 20096 39927 40143 60002 70422 84070 333 10208 56090 59017 60007 84460 55%=
41597 01996 50000 10170 20094 39858 40152 60002 70522 85030 333 10192 56090 59023 60007 85362 61%=
41598 01996 30000 10160 20093 39864 40138 60002 70400 83030 333 10185 56090 59018 60007 83360 64%=
41599 01696 52704 10185 20065 39859 40148 60002 70522 82470 333 10194 56990 59021 60007 82640 83460 46%=
41600 01696 70000 10165 20109 39845 40142 60002 70422 83570 333 10194 56990 59018 60007 83645 84363 70%=
41620 31696 42302 10140 21071 38573 48477 60002 70500 84500 333 10150 56900 59009 60007 84640 22%=
41624 02996 32302 10200 20109 39945 40144 60002 83020 333 10215 56090 59012 60007 83460 56%=
41625 01696 61302 10200 20061 39929 40128 60002 70500 83520 333 10215 56990 59017 60007 83640 83460 40%=
41630 01995 30000 10190 20085 40148 60002 70401 83030 333 10212 56090 59020 60007 83360 50%=
41633 02997 20000 10190 20085 3//// 4//// 60002 82030 333 10210 56090 5//// 60007 82360 50%=
41634 01996 50000 10150 20049 3//// 4//// 60002 70500 80001 333 10170 56009 5//// 60007 85070 51%=
41635 02997 50000 10185 20065 3//// 4//// 60002 85030 333 10215 56090 5//// 60007 85362 46%=
41636 01996 30000 10215 20095 39965 40148 60002 70500 83030 333 10235 56090 59019 60007 83362 46%=
41638 01996 40000 10210 20075 4//// 60002 70510 84030 333 10225 56090 5//// 60007 84360 42%=
41639 01696 50000 10160 20043 3//// 4//// 60002 70520 82530 333 10175 56990 5//// 60007 82640 83460 46%=
41639 01696 50000 10160 20043 3//// 4//// 60002 70520 82530 333 10175 56990 5//// 60007 82640 83460 46%=
41640 01696 40000 10170 20094 39893 40144 60002 70400 82570 333 10200 56990 59018 60007 82640 83460 61%=
41641 01695 63204 10180 20083 39872 40147 60002 70422 83470 333 10201 56990 59017 60007 83640 84460 53%=
41642 01996 63102 10175 20089 3//// 4//// 60002 70400 85070 333 10202 56090 5//// 60007 86461 58%=
41643 01996 30000 10185 20101 39868 40144 60002 70411 333 10205 56090 59009 60007 83460 58%=
41644 01696 60000 10200 20086 4//// 60002 70422 82520 333 10215 56990 5//// 60007 82640 84460 48%=
41646 01994 30000 10190 20128 39950 40165 60002 70400 83030 333 10210 56090 59013 60007 83360 67%=
41652 01996 01302 10200 20074 39967 40145 60002 70500 333 10224 59021 60007 44%=
41661 01996 03102 10095 21101 38374 48503 60002 70540 333 10125 59017 60007 24%=
41669 01996 50000 10195 20124 3//// 4/// 60002 70400 85030 333 10215 56090 5//// 60007 85362 64%=
41670 01996 20000 10200 20086 3//// 4//// 60002 70500 82030 333 10225 56090 5//// 60007 82360 48%=
41674 01995 20000 10210 20046 3//// 4//// 60002 70500 82030 333 10225 56090 5//// 60007 82360 34%=
41675 01996 00000 10205 20039 39998 40141 60002 70500 333 10225 59015 60007 34%=
41676 01996 30000 10200 20086 30010 40167 60002 70500 83030 333 10223 56090 59022 60007 83361 48%=
41677 01996 00000 10210 20122 39970 40136 60002 70400 333 10225 59020 60007 57%=
41678 01996 40000 10230 20104 40142 60002 70500 74020 333 10240 56090 59023 60007 84460 45%=
41679 01696 70000 10170 20094 4//// 60002 70422 83570 333 10200 56990 5//// 60007 83640 84460 61%=
41680 01995 30000 10200 20109 39948 40148 60002 70410 83030 333 10215 56090 59012 60007 83362 56%=
41685 02997 00000 10165 21061 38910 48502 60002 333 10175 59013 60007 21%=
41696 02997 03102 10090 20013 38037 48558 60002 333 10120 58003 60007 48%=
41697 02997 00000 10240 20038 39967 40122 60002 333 10255 59029 60007 27%=
41700 01995 00000 10210 20075 30007 40134 60002 70500 333 10228 59018 60007 42%=
41701 01995 00000 10200 20059 30007 40147 60002 70500 333 10237 59019 60007 48%=
41710 12997 01302 10140 21130 39387 40167 60002 333 10150 59019 14%=
41712 12997 01304 10110 21066 39216 48519 60002 333 10130 59010 29%=
41715 01996 00000 10210 20075 30074 40140 60002 70500 333 10225 59015 60007 42%=
41716 01995 00000 10230 20066 30048 40150 60002 70500 333 10243 59015 60007 35%=
41718 01996 00000 10210 20111 30034 40137 60002 70400 333 10242 59017 60007 53%=
41724 01996 00000 10220 20090 30075 40154 60002 70500 333 10240 59019 60007 43%=
41725 02996 03602 10220 20064 30054 40131 60002 333 10225 59022 60007 36%=
41726 01995 00000 10210 20075 30094 40165 60002 70500 333 10225 59009 60007 42%=
41738 02996 03105 10240 20038 39968 40147 60002 333 10245 59020 60007 28%=
41739 01996 03608 10145 21084 39076 48529 60002 70500 333 10155 59016 60007 20%=
41742 12997 02702 10255 20033 30032 40136 60002 333 10270 59006 24%=
41743 21996 00000 10220 20090 60002 70400 333 10230 60007 43%=
41744 02996 03106 10185 21017 38790 48517 60002 333 10210 59008 60007 25%=
41745 01996 03106 10210 20062 60002 70400 333 10225 60007 38%=
41746 02996 03102 10220 20064 30089 40142 60002 333 10230 59008 60007 36%=
41747 01996 03602 10225 20084 30068 40128 60002 70400 333 10235 59018 60007 41%=
41748 02996 00502 10220 20077 30078 40142 60002 333 10235 59022 60007 40%=
41749 01995 33606 10225 20094 30107 40142 60002 70400 80001 333 10240 59019 60007 83070 44%=
41756 01996 03606 10235 21009 30078 40144 60002 70500 84030 333 10250 56090 59020 60007 84358 20%=
41757 22996 00000 10230 21073 30134 40147 333 10250 59021 60007 13%=
41759 01996 01802 10250 20108 30132 40138 60002 70500 333 10255 59013 60007 41%=
41760 01996 40906 10245 20101 30129 40142 60002 70500 80001 333 10265 56009 58002 60007 82080 40%=
41764 01995 33612 10220 20034 30074 40125 60002 70400 80001 333 10230 56009 59019 60007 83070=
41765 01996 33104 10225 20084 30148 40184 60002 70400 80001 333 10240 56009 58035 60007 83070 41%=
41766 01996 03602 10210 20075 30112 40142 82500 60002 333 10235 56090 59012 60007 82630 42%=
41767 02996 13604 10220 20077 3//// 4//// 60002 80001 333 10225 56009 60007 81070 40%=
41768 02996 23602 10250 20023 30109 40116 60002 80001 333 10275 56009 59015 60007 82070 23%=
41780 01996 40206 10255 21054 30100 40127 60002 70500 80001 333 10270 56009 59006 60007 84070 13%=
41783 02996 00504 10235 20044 30096 40125 60002 333 10248 59018 60007 29%=
41785 02996 231024 10215 20070 30128 40141 60002 80001 333 10230 56009 59008 60007 82070 39%=
41786 02996 43606 10250 20055 30069 40106 60002 84030 333 10270 56090 59016 60007 84362 29%=
41BAG 02696 62302 10025 21077 60002 84510 333 10040 56990 60007 84640 86460 47%=
41BKI 01994 60000 10140 20056 39736 40160 60002 70422 82031 333 10165 56099 59010 60007 82360 84070 57%=
41SKP 01996 30000 10170 20082 3//// 4//// 60002 70400 83030 333 10184 56090 5//// 60007 83360 56%=
43532 02697 00000 10100 20022 39334 40153 83520 60002 333 10115 59004 60007 83640 85462 44%=
43533 01996 80000 10105 20028 39230 48492 60002 88020 333 10120 58010 60007 88460 59%=
43563 02697 80000 10144 20029 39456 40154 60002 83530 333 10156 56990 59014 60007 83640 85360 46%=
41660 02997 12312 10100 21111 38425 48515 60002 80001 333 10115 56009 59017 60007 81070 20%=
41571 11995 40000 10140 20007 39568 40157 60002 70511 80001 333 10170 56009 59021 RH40%=

UPPK OPKC 181200=
PPAA 5812/ 41517 MISDA DUE TO SMOK HAZY=
PPAA 68111 41516 55185 04004 77999 PPBB 68111 41516 90/7/ 00000 06003=
PPAA 68111 41718 55285 35003 34003 77999=
PPAA 68111 41780 MISDA NO ASCENT DUE TO RED BALLOON SHORTAGE=
PPAA 6812/ 41506 MISD DUE TO CLOUDY WEATHER=
PPAA 6812/ 41515 MISDA DUE TO cloudy weather=
PPAA 6812/ 41598 MISDA DUE TO NOT PERMISSION BY P A F=
PPAA 6812/ 41715 NO ASENT DUE TO BALLOONS OUT OF STOCK=
PPAA 6812/ 41739 no acent due to security risk=
PPAA 6812/ 41764 BALLOON NO ASCENT DUE TO PAF FLYING=
PPAA 68121 41600 55185 03004 77999=
PPAA 68121 41600 55185 03004 77999=
PPAA 68121 41624 55285 20507 17006 77999=
PPAA 68121 41640 55185 01504 77999=
PPAA 68121 41678 55185 04001 77999=
PPBB 68111 41718 90/12 00000 35502 36002 9037/ 35502 34503 9125/ 29002 27505=
PPBB 68121 41600 90/12 00000 26501 25502 903// 30002=
PPBB 68121 41600 90/12 00000 26501 25502 903// 30002=
PPBB 68121 41624 90/12 22502 21504 23004 9037/ 23006 20007 9125/ 17508 26012=
PPBB 68121 41640 90/12 00000 33002 35002 903// 35003=
PPBB 68121 41678 90/12 00000 22503 29502 9037/ 35001 35003 COR=
PPBB 69121 41678 90/12 00000 22503 29502 9037/ 35001 35003=







Data Generated from File : D:/all data handling/Rmc_lhr/2024121812.FSU.txt
18/12/2024   13:07:04
____________________________________________________________________________________________
15020 04/70 33002 10124 20022 30026 40223 57012 60001 82041 333 55309 20929 60007 91004 90760 91106==
15090 04670 52902 10118 20026 30139 40231 57013 60001 81171 333 55306 00370 20846 30448 60007 91004 90760 91104==
15108 01/02 93007 11037 21037 38099 48515 58007 60001 74543 89/// 333 49067 55300 20370 60007 91011 90760 91111==
15150 04/70 52103 10137 20016 30015 40227 57018 60001 83031 333 55310 21226 60007 91006 90760 91106==
15170 04570 72401 10062 20013 39457 42843 57015 60001 82248 333 55303 20517 60007 91003 90760 91104==
15280 01/84 6//// 11033 21073 37526 47076 57011 60001 70231 85078 333 49039 55310 21433 60007==
15310 04970 22103 10111 20040 30153 40239 57014 60001 80002 333 55310 00490 21229 30166 60007 91006 90760 91106==
15335 04/70 12802 10144 20014 30233 40240 57014 60001 81030 333 55310 21262 60007 91004 90760 91106==
15350 04/70 32003 10146 20016 30119 40237 57017 60001 81042 333 55310 20853 60007 91005 90760 91105==
15360 04970 02905 10117 20028 30219 40236 57011 60001 333 60007 91006 90760 91107==
15420 04/70 22202 10114 20034 30133 40244 56019 60001 82030 333 55310 21172 60007 91004 90760 91104==
15460 04970 32402 10117 20048 30224 40248 57019 60001 80001 333 55310 21377 60007 91004 90760 91105==
15470 04/70 42402 10102 20057 30120 40248 57020 60001 82041 333 55310 21245 60007 91003 90760 91104==
15480 04970 22803 10119 20047 30230 40248 57014 60001 80002 333 55310 00580 21377 31225 60007 91004 90760 91104==
15549 12970 52505 10112 20025 39823 40237 58019 60001 80001 333 10116 20029 555 555//=
15552 12970 12002 10142 20055 30198 40246 58012 60001 80001 222// 00097 10200 333 10143 20067 555 556// 92023 92428=
15640 12976 20000 10141 20103 39934 40242 58015 60001 80001 333 10145 20083 555 578//=
15655 12570 10000 10129 20075 30212 40245 58019 60001 81500 222// 00111 10000 333 10135 20064 555 570// 92023 92428=
15730 12670 20000 10143 20045 39850 40241 58021 60001 81101 333 10143 20008 555 552//=
16627 12975 10000 10158 20093 30243 40249 57017 60001 80001 333 90730 91105==
16650 12560 10002 10162 20106 30240 40250 57015 60001 81100 333 90730 91110==
16667 12960 03405 10164 20082 30239 40250 56021 60001 333 90730 91107==
16706 12960 00310 10156 20077 30230 40236 57017 60001==
16723 12960 00207 10164 20100 30216 40230 57023 60001 333 90730 91110==
16742 12960 03610 10168 20057 30070 40225 57019 60001 333 90730 91119==
16749 12960 02605 10176 20097 30207 40222 57016 60001 333 90730 91108==
16754 12570 13304 10168 20125 30190 40237 57019 60001 81100 333 90730 91107==
16760 12560 10108 10160 20073 40230 57020 60001 81100 333 90730 91111==
16765 12460 13212 10184 20105 40225 57017 60001 81100 333 90730 91118==
17022 12670 62503 10122 20086 30092 40258 57009 60001 82250 333 82834 85360 90760 91112==
17024 12670 42815 10155 20146 30164 40240 56004 60001 84100 333 84835 90760 91132==
17026 12570 43011 10138 20086 30205 40244 55000 60001 82250 333 82830 83360 90760 91118==
17031 12670 53211 10126 20085 30232 40238 55000 60001 83150 333 83836 85358 90760 91118==
17034 11670 72505 10127 20071 30202 40248 53006 69921 70282 83250 333 83835 87360 90760 91111==
17038 11658 70802 10111 20077 30183 40231 53005 69921 78082 87200 333 87835 90760 91122==
17042 11558 82910 10110 20071 30188 40228 53003 60031 76166 8552/ 333 85630 88458 90760 91123==
17050 12970 01702 10128 20071 30192 40255 57026 60001 333 90760 91104==
17056 12965 01503 10118 20091 30254 40258 58010 60001 333 90760 91105==
17060 12960 02106 10126 20093 30220 40260 57015 60001 333 90760 91111==
17070 12565 61802 10093 20028 39375 40259 57011 60001 86500 333 86630 90760 91108==
17074 12570 72505 10082 20075 39305 40244 55004 60001 84550 333 84628 86360 90760 91115==
17084 12670 62904 10078 20049 39340 40267 57008 60001 84550 333 84635 85360 90760 91107==
17085 12670 60502 10095 20007 39758 40258 57011 60001 84550 333 84635 86359 90760 91107==
17092 12670 71302 10003 21030 38914 48531 55007 60001 87500 333 87640 90760 91107==
17096 12660 42416 10004 21046 38235 48508 55010 60001 84500 333 84635 90760 91127==
17098 12660 32721 10034 21057 38158 48470 55000 60001 83500 333 83640 90760 91129==
17100 12670 33106 10116 21058 39156 40161 57024 60001 82530 333 82640 83358 90760 91114==
17112 12970 00703 10160 20108 30242 40244 57020 60001 333 90760 91106==
17115 12960 01401 10133 20045 30208 40260 57021 60001 333 90760 91107==
17116 12970 00201 10139 20033 30136 40260 57020 60001 333 90760 91103==
17124 11958 00000 10093 20027 39337 40278 57019 60001 70500 333 90760 91105==
17128 11557 22305 10076 20014 39150 40278 56015 60001 70500 82100 333 82833 90760 91110==
17135 12970 02003 10099 20062 39369 40260 57017 60001 333 90760 91109==
17140 12665 22403 10052 20005 38761 48541 56008 60001 82100 333 82840 90760 91109==
17150 11960 00000 10120 20041 30128 40255 57027 60001 70241 333 90760 91104==
17160 12670 21603 10073 20007 39086 48546 57014 60001 82200 333 82840 90760 91107==
17170 12560 23013 10047 21023 38341 48513 55003 60001 82500 333 82630 90760 91118==
17175 12665 23102 10145 20089 30233 40237 57023 60001 82100 333 82840 90760 91105==
17184 12960 12101 10121 20030 30129 40243 57030 60001 80001 333 81070 90760 91103==
17190 12970 00601 10099 20010 39054 48547 57019 60001 333 90760 91104==
17195 11660 22804 10074 21008 39038 48547 57013 60001 70511 82100 333 82840 90760 91109==
17200 12660 63106 10089 21006 39252 40267 55016 60001 83530 333 83640 86360 90760 91113==
17202 12670 20703 10060 21008 39187 40263 57017 60001 82500 333 82635 90760 91108==
17203 12970 00801 10056 21040 38909 48553 57017 60001 333 90760 91106==
17210 11509 52601 10019 20005 39185 40256 55011 60001 74244 85600 333 85730 90760 91104==
17219 12965 03506 10141 20039 30093 40241 57022 60001 333 90760 91114==
17234 12970 00801 10167 20039 30169 40238 57024 60001 333 90760 91107==
17237 12970 00000 10145 20047 39733 40241 57028 60001 333 90760 91102==
17240 12970 03605 10127 20036 39088 40246 57022 60001 333 90760 91112==
17244 12670 10903 10088 20012 39065 48552 57015 60001 81500 333 81640 90760 91108==
17248 12970 03601 10077 20007 39047 48547 57015 60001 333 90760 91105==
17250 12970 02404 10067 21003 38869 48553 57010 60001 333 90760 91109==
17260 12960 01103 10122 20012 39372 40203 57016 60001 333 90760 91107==
17270 12970 01201 10130 20011 39575 40229 57017 60001 333 90760 91105==
17275 12970 03604 10076 21039 39024 48538 55010 60001 333 90760 91111==
17280 11470 30704 10029 20025 39437 40255 57015 60001 72844 83700 333 83711 90760 91106==
17290 12970 01803 10191 20081 30194 40226 57020 60001 333 90760 91105==
17292 12970 00000 10158 20028 39462 40224 57020 60001 333 90760 91106==
17300 12960 02206 10174 20051 30152 40224 57023 60001 333 90760 91109==
17310 12970 02402 10190 20060 30203 40210 57019 60001 333 90760 91104==
17330 12970 00000 10189 20044 30203 40221 57022 60001 333 90760 91106==
17350 12960 02705 10181 20024 30130 40209 57024 60001==
17370 12970 03202 10166 20039 30221 40225 57016 60001 333 90760 91105==
17375 12970 02001 10189 20088 30216 40219 57017 60001 333 90760 91105==
33088 32597 52604 10055 20012 30001 40193 58003 82272 555 1/006=
33135 32697 23004 10037 21040 30009 40158 52011 82500 555 1/001=
33177 /1597 82603 10072 20058 39965 40202 58008 70282 889// 555 1/007 69921=
33317 /1496 83002 10046 20039 39866 40206 54000 78082 889// 333 88919 555 1/005 60011=
33393 32660 62604 10080 20027 39820 40211 58017 86500 333 86643=
33415 /1597 72703 10070 20040 39813 40211 58008 70262 85530 333 85629 555 1/008 69901=
33429 /1396 82807 10058 20051 39784 40208 58005 76186 8672/ 333 86709 555 1/005 60011=
33466 32598 42706 10040 21015 39993 40183 52009 84500 555 11006=
33506 32597 62908 10028 21041 39931 40129 53007 86500 555 1/001=
33562 32560 72903 10061 20019 39907 40213 55001 85530 555 1/005=
33587 32597 82905 10053 21005 39932 40197 52003 83501 555 1/003=
33658 32984 23105 10108 20019 39920 40216 57015 82030 555 1/008=
33663 /1598 62803 10090 20048 30117 40213 58003 70282 86300 555 1/008 69931=
33664 41598 73203 10084 20044 39901 40217 58005 70262 87500=
33678 41598 72804 10062 20052 30024 40235 57001 70282 87900=
33679 41497 83101 10074 20027 30024 40215 52001 70282 889// 333 88917=
33711 32560 53107 10036 21017 39966 40178 52007 85500 333 85632 555 1/003=
33745 42597 63205 10098 20040 30038 40232 57015 84930 555 12013=
33748 42997 63104 10103 20024 39935 40217 58011 86030=
33754 41598 72703 10085 20051 30066 40213 58001 70282 85330=
33761 32470 33204 10072 20023 39981 40204 52001 82601 555 1/008=
33791 32589 83008 10044 21017 30050 40179 52005 885// 333 88631 555 1/005=
33815 42598 63007 10105 20013 30008 40214 58008 85830 333 91113 555 11011=
33837 32584 73005 10104 20039 30157 40208 58005 85531 333 85627 555 1/010=
33881 42998 63303 10110 20026 30032 40227 58010 85032=
33883 42898 63303 10114 20016 30063 40224 57012 86030 555 11010=
33885 42998 52502 10118 20017 30109 40243 57010 80001=
33892 42698 53105 10095 20025 30009 40219 57005 82130=
33902 32597 43110 10080 21002 30134 40193 58002 84500 555 1/009=
33924 42570 73008 10096 20060 30198 40211 57004 87400 333 91013 90760 91114==
33946 42585 62907 10086 20046 39988 40209 58003 86500 333 86621 91012 90760 91114==
33983 42560 22911 10064 20012 30112 40173 58003 82500 333 91014 90760 91117==
34300 /1597 53008 10027 21034 39921 40099 52015 72681 85900 555 1/000 69901=
34336 41570 73503 10006 21060 39940 40044 53024 70282 87300 333 90760 91112==
34344 41570 73205 10006 21045 39945 40033 53025 70272 87500 333 91012 90760 91113==
34356 41560 63205 11034 21084 39862 40012 53033 70272 86500 333 90760 91112==
34357 41570 63108 11017 21074 39859 40015 53030 70282 85330 333 91017 90760 91119==
34398 42570 62907 11014 21025 39933 49946 52010 86500==
34415 /1563 73207 10039 21027 39999 40096 51009 78382 87900 555 1/003 69931=
34438 41460 82906 10000 21003 39864 40056 53015 72682 883// 333 91010 90760 91114==
34445 41570 72710 10008 21014 39914 40028 53016 70272 86970 333 91013 90760 91115==
34461 41460 63204 10004 21051 39950 40006 53021 70187 84530 333 91010 90760 91114==
34473 41597 62912 10015 21013 39923 49961 53003 78881 84330 333 91019 91117 555 1/000=
34476 42570 82410 10020 21010 39959 49966 58005 8693/ 333 91013 90760 91115==
34504 32584 73008 10029 21029 39971 40147 52005 87500=
34535 42570 62908 10038 21042 39994 40066 53005 86960 333 91015 90760 91117==
34545 41570 82805 10001 21005 39938 40050 53013 72682 883// 333 90760 91118==
34555 41570 62807 10001 21008 39943 40035 53006 72683 86200 333 91012 90760 91117==
34560 41360 72811 11001 21016 39812 40002 52007 78582 87300 333 84709 91015 90760 91117==
34578 41560 82608 10029 20005 39994 40001 57005 70282 8235/ 333 91014 90760 91114==
34579 41540 62307 10023 20010 39948 49991 58004 71022 82502 333 91011 90760 91112==
34644 42560 52807 10041 21029 39993 40070 52001 85500 333 91013 90760 91117==
34646 42570 72808 10035 21018 39975 40056 57001 87500 333 91013 90760 91116==
34655 41440 82510 10021 20001 39987 40047 53003 78522 889// 333 91016 90760 91119==
34662 41440 72607 10020 21005 30008 40020 55002 78388 87900 333 87917 91012 90760 91114==
34691 42/70 52702 10023 21020 30153 40141 52005 85030==
34720 42670 72803 10047 21023 30076 40116 53007 87500 333 91010 90760 91113==
34727 42460 62809 10036 20003 30111 40141 53002 86400 333 91011 90760 91114==
34743 41560 82807 10024 21007 39979 40069 52003 72682 8495/ 333 91013 90760 91115==
34759 42460 72508 10039 20004 39936 40066 58002 86901 333 91013 90760 91116==
34772 42470 62509 10031 21007 30028 40031 54000 86600 333 91013 90760 91114==
34785 41470 72604 10020 20000 30047 40025 52004 72176 87600 333 90760 91113==
34798 42560 82608 10033 21031 30063 40034 52007 885//==
34824 42560 82804 10046 20003 30150 40155 57001 885// 333 91011 90760 91112==
34838 42460 72705 10047 21016 30038 40135 52003 87600 333 91012 90760 91114==
34845 42570 72907 10046 21011 39993 40100 58001 87300 333 91015 90760 91116==
34858 42560 82607 10048 21016 39980 40086 54001 885// 333 91016 90760 91116==
34861 41470 62910 10027 21012 39820 40063 57001 72782 86930 333 91016 90760 91118==
34866 42570 72808 10043 21006 30069 40060 53004 86903 333 91015 90760 91116==
34880 41540 72606 10034 20002 30063 40037 57001 78381 87900 333 91010 90760 91114==
34887 41570 72906 10044 21004 30080 40058 54000 72582 87900 333 91012 90760 91112==
34949 42570 72514 10032 21027 39574 40121 57001 87500 333 91020 90760 91121==
34954 42570 62508 10057 21017 39936 40109 55001 86500 333 91016 90760 91120==
34958 42570 52606 10063 21022 39905 40102 55001 85500 333 91013 90760 91118==
34975 42570 63006 10051 21004 30081 40077 53007 86550 333 91013 90760 91118==
34984 41570 72509 10045 21003 30097 40067 52007 70282 83970 333 91014 90760 91118==
35217 41/60 81903 11017 21016 39867 49907 57011 77172 8802/==
35302 41/70 83115 11010 21039 39902 49923 53013 70272 8807/ 333 91016 90760 91119==
35315 41598 82506 11007 21017 39841 49896 57022 70272 885// 555 1/101=
35344 42598 81608 11014 21034 39737 40022 57012 885// 555 1/103=
35358 41/60 81805 11018 21056 39914 40083 52006 70272 8804/==
35368 41598 82009 11026 21071 39854 40119 52013 73632 885// 555 1/103=
35386 415// 72205 11074 21099 39644 40176 53017 78082 87900 555 1/108=
35394 41660 81605 11065 21084 39500 40190 53019 77072 885//==
35404 42598 83007 11008 21033 39943 49951 53024 8557/ 555 1/101=
35406 41560 82907 11008 21030 39940 49942 53025 70272 885//==
35416 41/60 82406 11002 21013 39792 49910 57029 70274 8802/==
35426 41/10 81507 11004 21028 39643 49928 58061 77373 8802/==
35437 41496 81511 11008 21036 39655 49963 57058 77373 8802/ 333 91016 91116 555 1/101=
35449 42998 81607 11006 21034 39975 40077 57004 8807/ 555 1/101=
35497 425// 81403 11069 21089 39569 40399 53027 885//==
35498 429// 82004 11103 21136 39320 40228 52020 8802/ 555 1/114=
35514 42598 32912 10005 21017 30049 40045 53027 83500 333 91015 91117 555 1/000=
35522 41598 82208 11012 21035 39744 49993 57015 70272 8802/ 555 1/102=
35542 41496 81607 11008 21027 39905 40051 57025 77173 8802/ 555 1/101=
35563 41596 81908 11050 21067 39366 40141 52012 73683 885// 555 1/105=
35576 42570 81907 11044 21078 39728 40183 52014 885//==
35582 41598 81808 11070 21107 39569 40181 53001 73673 8872/ 555 1/108=
35594 429// 81804 11086 21118 39362 40223 52023 8807/ 555 1/109=
35605 41998 22408 10019 21028 30002 49981 52018 70171 82080 555 1/000=
35633 41494 81610 10002 21007 39802 40014 57039 77572 8802/ 333 91115 555 1/100=
35671 41540 82004 11029 21045 39735 40167 52010 72272 885//==
35699 42/// 70501 11111 21136 39470 40257 53020 85043==
35700 41570 52905 10019 21012 30022 49999 52019 70262 85800==
35715 41499 82907 10025 20001 30002 49988 53018 70267 8802/ 333 91115 555 1/002=
35739 41497 81806 10009 21040 39905 40025 58013 77077 8802/ 555 1/102=
35746 41520 81507 10000 21006 30016 40083 57019 77376 885//==
35777 415// 72007 11077 21108 39846 40200 57013 73632 87500 555 1/109=
35796 42/60 81702 11073 21107 39804 40252 52021 8805/==
35849 42570 81704 10012 21044 30017 40102 57016 883//==
35895 42997 70000 11085 21104 39803 40263 52030 87050 555 1/109=
35907 42598 62612 10029 20011 30087 40057 52003 86500 333 91117=
35925 41560 82307 10025 20017 39920 40029 57010 75152 8872/==
35927 41598 82704 10046 20039 30025 53001 70262 885//=
35953 41584 81606 10020 21020 30015 40143 57005 70372 885//==
35969 42584 51804 11004 21063 30022 40196 58003 85500==
35997 42698 72301 11011 21073 39807 40245 52029 86570 555 1/102=
36259 12984 21301 11363 21398 38300 48595 52009 60002 80001 333 11272==
36335 429// 61702 11055 21138 39171 40204 53012 86050 555 1/107=
36358 426// 82108 11121 21141 39200 40256 53007 885// 555 1/113=
36394 416// 71612 11094 21169 39826 40264 53016 73733 85502 333 91120=
36397 419// 51618 11108 21161 39671 40255 53008 73633 80002 333 91024 90760 91128==
36403 427// 40905 11055 21161 39885 40253 53004 82541 555 1/112=
36418 429// 22203 11171 21218 39673 40331 54000 80003 555 1/124=
36421 429// 00000 11262 21286 39736 40363 53004 555 1/130=
36428 425// 22301 11206 21240 39797 40341 53005 81601==
36439 419// 21306 11088 21173 38987 48498 53004 73630 80001 555 1/114=
36498 416// 71303 11110 21142 39454 40276 52008 70232 86530 555 1/114=
36501 419// 71410 11050 21153 39454 40214 57001 73632 80002 555 1/107=
36535 429// 20000 11173 21216 39665 40342 53002 80001==
36546 429// 03602 11181 21203 39750 40329 53001 555 1/122=
36619 419// 31405 11072 21129 70230 83030 555 1/108=
36622 429// 70801 11163 21203 39449 40302 52012 83044 555 1/117=
36639 42/// 20000 11147 21190 39670 40311 52019 82030==
36643 429// 02101 11198 21217 39623 40338 56001 555 1/128=
36665 429// 02603 11139 21182 39546 40310 53006 555 1/117=
36666 429// 22703 11205 21225 39801 40336 53012 80001=
36729 42998 80000 11085 21127 39896 40399 53003 82077 555 1/112=
36736 429// 23302 11103 21129 39732 40309 52020 80001 555 1/114=
36744 429// 82202 11016 21080 39787 40239 52022 8807/ 555 1/105=
36770 429// 60000 11082 21100 39524 40274 53029 80002 555 1/119=
36786 42999 62301 11042 21117 39326 40258 52021 86070=
36796 42998 30000 11176 21226 39057 48487 53023 80001=
36803 42999 01403 11073 21098 39810 40273 52015=
36806 429// 01514 11158 21243 39831 40332 53011 333 91020 91123=
36819 425// 81101 10019 21021 39628 40237 52019 8452/=
36821 42/// 81502 11004 21063 39758 40249 52023 8807/==
36839 42998 83101 11048 21115 39111 40260 52017 83041=
36843 429// 22502 11022 21085 39079 40264 52032 80002=
36846 426// 80903 11034 21181 38623 48509 52018 83552=
36859 425// 30000 11048 21099 39470 40269 53011 83500==
36870 42/// 80201 10019 21046 39225 40233 52019 8807/==
36874 42599 80000 11058 21096 39527 40329 52022 889//=
36877 42699 80502 11029 21069 39526 40543 52029 8357/=
36885 426// 80702 10011 21091 39116 40243 52022 8555/=
36889 429// 80000 11108 21218 37040 47057 52011 8801/=
36894 429// 70000 11019 21109 39506 40254 53018 85072=
36905 429// 51401 11013 21116 38749 48506 53016 82042=
36911 42999 30000 10036 21034 39263 40232 52029 81031 555 14103=
36927 42698 70902 11010 21118 38357 48525 53007 87900=
36934 42597 80000 11020 21074 38290 48420 56002 83932=
36953 428// 60000 11090 21125 38198 48508 53007 86040 555 1/118=
36963 427// 61403 11108 21204 37016 48/// 53013 84550 555 17113=
36974 429// 80000 11118 21152 38022 48572 53019 8802/ 555 17116=
36982 429// 83601 11151 21242 36505 47113 53006 80007=
37018 42670 52603 10092 20026 30109 40184 52003 82231 333 90760 91111==
37031 42460 62609 10058 21001 39944 40139 57003 86200 333 91015 90760 91117==
37054 42970 02605 10071 21037 39737 40117 55003 333 91012 90760 91119==
37061 42460 32811 10060 21006 39935 40103 58001 82508 333 91017 90760 91121==
37085 42570 62809 10069 21019 30128 40101 52007 86500 333 91015 90760 91116==
37171 41770 83005 10102 20011 30172 40191 52013 70382 81101 333 90760 91111==
37228 41420 80000 10009 20001 39294 40136 52013 76186 8872/==
37235 41560 82302 10031 20022 39813 40131 52009 70262 885//==
37472 41570 72706 10062 20010 30137 40115 53008 70262 83531 333 91010 90760 91113==
38149 42970 81707 10059 20045 30029 40105 57006 885//==
38178 42/70 71804 10029 21068 39868 40156 53002 87070==
38262 42570 81905 10066 20019 30039 40119 57015 885//==
38264 42/70 71707 10070 20004 30029 40121 57006 8707/==
38345 42699 80000 11007 21067 38820 48511 52018 82536 555 1/101=
38353 42998 82601 10013 21075 39341 40252 52024 8803/=
38388 42998 71404 10086 20006 30043 40112 57022 87010 555 18006=
38392 42997 71807 10075 20030 30025 40127 57012 87030 555 11004=
38396 42/60 71706 10068 20013 30018 40142 57013 8707/==
38403 42/60 81805 10055 21052 30065 40187 57021 8807/==
38413 42/70 61705 10062 20026 39877 40167 57011 86030==
38457 42/60 30801 10048 21047 39635 40228 57010 82031==
38462 42684 60000 10014 21084 38788 48523 52011 83950==
38507 42598 32210 10110 20058 30995 40095 57013 85530 555 10011=
38545 42998 71403 10063 20024 39995 40170 57025 85083 555 11006=
38565 12970 01604 10087 20023 39591 40164 53002 60002==
38579 12984 21601 10063 21032 39797 40216 57007 60002 80001==
38583 12960 21401 10030 21015 39902 40229 57010 60002 80001==
38599 41995 80807 10005 21041 39732 40261 53005 71022 80001=
38611 41/20 80901 10000 21056 39695 40284 52011 71022 8807/==
38613 42997 80301 10008 21045 39351 40274 53012 8802/ 555 1/000=
38616 42598 71801 10010 21046 39232 40268 53007 87500=
38618 42/60 80000 10011 21027 39552 40258 52005 84061==
38647 42998 62901 10142 20058 30052 40093 57014 80006 555 11015=
38656 42998 51604 10118 20009 30020 40127 57023 80002 555 10009=
38683 42960 31404 10088 20002 39914 40189 57024 80001==
38687 42997 21605 10095 21017 39961 40195 57035 80001 555 10009=
38696 12984 20201 10068 21025 39348 40203 57009 60002 80005==
38713 42998 21601 10030 21075 39055 48520 56001 80001=
38750 42997 21102 10195 20034 30147 40120 54000 80001 555 10016=
38763 42999 60802 10140 20061 30004 40106 57028 80008 555 11013=
38774 42998 22503 10181 21027 39919 40106 57024 80002 555 10011=
38799 42997 21803 10108 20000 39958 40188 57029 80001 555 11008=
38806 42997 01805 10098 21017 39927 40186 57021 555 11008=
38812 42960 01704 10096 21033 39745 40195 57015==
38836 41598 70902 10058 21029 39272 40212 53001 71000 86932=
38880 42997 50301 10140 20009 39859 40107 57026 83031 555 11011=
38886 42997 21506 10136 21005 39911 40134 57040 80002 555 11011=
38895 42996 21302 10104 20000 39893 40180 57035 80001 555 12008=
38911 42998 01605 10080 21025 39939 40234 54000 555 10009=
38915 42997 01102 10092 21017 39909 40232 53018 555 11010=
38927 12960 00703 10073 21017 39857 40235 56010 60002==
38933 42596 02701 10026 21026 39753 40281 53009 71041=
38944 41693 80901 10010 20007 39657 40206 58005 74444 885//=
38954 42899 80000 11002 21114 37960 48550 53006 86910=
38974 42998 01403 10114 21027 39818 40148 57037 555 12007=
38987 42996 02203 10107 20015 39457 40191 57023 555 11010=
40180 12960 03105 10228 20013 30131 40179 57024 60001 333 70000==
40199 12/// /0305 10226 21004 30147 40172 57026 60001 333 70000==
40265 31957 31307 10168 21098 39425 40225 57020 70500 80004 333 83070=
40270 31958 11206 10170 21077 39310 40212 57020 70500 333 81358=
40272 31950 01206 10174 21040 39374 40197 52042 70500=
40340 31958 63609 10217 21015 40179 57028 70500 80001 333 86068=
40356 32960 00000 10160 21160 39232 48530 333 59012 555 04410 50221=
40357 32960 20000 10147 21170 39577 40227 82030 333 59001 82360=
40360 32960 01104 10155 21120 39616 40216 333 59018=
40361 32960 30705 10153 21150 39435 40236 80002 333 59012 83070=
40362 32960 40106 10144 21150 39704 40234 80003 333 58005 84070=
40373 32960 43306 10154 21120 39799 40226 80004 333 59003 84070=
40375 32960 41005 10200 21090 39296 40173 80002 333 59029 84070=
40394 32960 00902 10160 21080 39064 48531 333 58000 555 04410 50209=
40400 32960 52911 10266 20090 30116 40144 80002 333 59025 85070=
40405 22660 20509 10160 21180 39456 40204 82500 333 58005 60005 82640==
40417 32960 53312 10205 21100 30179 40195 80002 333 59012 85070=
40420 32960 33411 10194 21110 39988 40197 80002 333 59007 83070=
40430 32960 01307 10254 21060 39415 40143 333 59024=
40437 32960 00505 10205 21210 39491 40203 333 59006=
40439 31958 42008 10320 20070 30105 40123 70641 82031 333 59024 82360=
40582 32960 33512 10180 21077 40207 56012 80001 333 00020 55304 00372 10000 21194 30359 40974 51376 61553 55407 40835 83070 90400 91017 91121 91215 91313=
40703 12960 00000 10106 21054 38877 40155 57025 60001 333 70000 555 10045 29032=
40706 12965 02705 10063 21073 38629 40191 57019 60001 333 70000 555 10015 29037=
40712 12960 00903 10075 21092 38651 40182 57019 60001 333 70000 555 10018 29029=
40713 12966 03002 10111 21066 38635 40158 56020 60001 333 70000 555 10044 29028=
40718 12960 20303 10146 20094 30141 40112 53002 60001 80002 222// 0//// 20300 333 70000 82068 555 10119 29071=
40723 12970 12209 10077 21084 38910 40168 56020 60001 81040 333 70000 81361 555 10022 29031=
40726 12960 01604 10116 21068 38642 40170 56008 60001 333 70000 555 10046 29027=
40727 12970 02907 10102 21095 38474 40199 56012 60001 333 70000 555 10032 29024=
40732 12970 70302 10138 20097 30127 40103 53001 60001 80006 333 70000 87268 555 10117 29076=
40736 12960 13402 10160 20056 30131 40105 53001 60001 80001 333 70000 81070 555 10110 29050=
40737 12970 23501 10180 20057 30080 40098 55002 60001 80001 333 70000 82070 555 10120 29044=
40738 12960 20000 10191 20077 30115 40117 53004 60001 80001 333 70000 82070 555 10132 29047=
40739 12965 02002 10015 21056 38686 40239 57016 60001 333 70000 555 11010 29059=
40741 12960 01608 10123 21005 39820 40157 57029 60001 333 70000 555 10070 29041=
40743 12970 00000 10070 21060 39067 40218 57017 60001 333 70000 555 10024 29039=
40745 12962 11702 10044 21018 39017 40196 57021 60001 80002 333 70000 81070 555 10020 29064=
40747 12965 00000 10118 21140 38639 40208 57014 60001 333 70000 555 10035 29015=
40754 11925 02302 10074 21053 38825 40202 57016 60001 70500 333 70000 555 10027 29040=
40762 12965 02002 10069 21079 38550 40217 57012 60001 333 70000 555 10017 29034=
40766 12960 03003 10119 21224 38701 40207 57014 60001 333 70000 555 10027 29007=
40768 12968 02404 10116 21169 38251 40186 57011 60001 333 70000 555 10028 29012=
40769 12962 00000 10107 21057 38287 40179 57008 60001 333 70000 555 10042 29031=
40780 12960 02703 10120 21096 38707 40225 57008 60001 333 70000 555 10043 29021=
40782 12970 02605 10130 21082 38883 40212 56014 60001 333 70000 555 10052 29022=
40785 12960 03102 10075 21028 39092 40218 57018 60001 333 70000 555 10035 29048=
40791 12965 01401 10138 21138 39367 40208 57022 60001 333 70000 555 10050 29013=
40792 12965 02303 10117 21125 38726 40204 57015 60001 333 70000 555 10037 29017=
40798 12960 01602 10102 21161 37956 40211 56015 60001 333 70000 555 10019 29014=
40800 11950 01402 10107 21102 38465 40215 57021 60001 70500 333 70000 555 10034 29022=
40809 12965 02904 10105 21168 38505 40207 56007 60001 333 70000 555 10023 29013=
40811 12960 03003 10194 21001 30160 40187 57017 60001 333 70000 555 10109 29027=
40812 12960 02803 10187 21026 39795 40175 56011 60001 333 70000 555 10097 29023=
40818 12965 01302 10127 21222 37980 40188 57017 60001 333 70000 555 10027 29007=
40821 12962 01004 10157 21207 38783 40187 57021 60001 333 70000 555 10050 29007=
40829 12960 01502 10126 21100 39644 40236 56015 60001 333 70000 555 10050 29020=
40831 12960 03006 10187 21040 30195 40203 57019 60001 333 70000 555 10096 29021=
40833 12962 03106 10195 20005 30162 40195 56018 60001 333 70000 555 10111 29028=
40835 12960 02603 10180 21018 39346 40191 56012 60001 333 70000 555 10094 29026=
40841 12970 03603 10123 21224 38243 40196 57015 60001 333 70000 555 10026 29007=
40845 12960 03107 10181 20053 30185 40190 57012 60001 333 70000 555 10119 29043=
40848 12960 01102 10148 21089 38527 40185 57016 60001 333 70000 555 10058 29019=
40854 12960 00602 10135 21176 38971 40197 57009 60001 333 70000 555 10042 29010=
40856 12965 00205 10118 21257 38656 40228 56005 60001 333 70000 555 10024 29006=
40859 12965 01904 10182 21186 38705 40172 56013 60001 333 70000 555 10064 29007=
40875 11956 00605 10247 21044 30145 40156 56015 60001 70500 333 70000 555 10124 29014=
40879 12970 00000 10178 21156 39492 40187 56014 60001 333 70000 555 10070 29009=
40882 11958 02202 10240 20058 30122 40157 56010 60001 70500 333 70000 555 10147 29031=
40883 11940 01304 10223 20080 30135 40158 58023 60001 70500 80000 555 10148 29040=
40893 11958 32304 10235 20077 30138 40143 56015 60001 70500 80001 222// 00220 20401 333 70000 83068 555 10152 29036=
40898 11956 40302 10246 21036 30120 40129 55011 60001 70500 80006 222// 00242 20801 333 70000 84269 555 10125 29015=
41024 21/58 22607 10317 20160 30095 40120 70600 82030 333 59015 60005 82360==
41036 22/60 10002 10242 20000 38572 48522 81030 333 59010 60005 81358==
41055 22960 01005 10221 21040 38373 48520 333 59010 60005==
41061 22960 01008 10233 21070 39458 40167 333 59013 60005==
41084 22960 00304 10237 21080 38863 48515 333 59012 60005==
41112 22960 02010 10211 20040 37948 48518 333 59014 60005==
41114 22960 03006 10234 21140 37984 48519 333 59015 60005==
41128 22960 00904 10233 21070 38824 48526 333 59016 60005==
41136 22960 00507 10230 21090 39353 40174 333 59011 60005==
41140 22960 02107 10300 20190 30114 40122 333 59015 60005==
41150 32970 63218 10193 20114 40192 80001 333 59013 86080=
41176 14/64 /3313 10220 20064 30180 40186 69914 333 59013=
41184 22660 53411 10236 20129 40156 82530 333 59021 60005 82640 84360==
41194 12660 33012 10241 20119 30151 40158 60001 83500 333 59017 83645=
41196 12660 42810 10234 20136 30120 40161 60001 84500 333 59019 84645=
41216 32660 33114 10233 20124 30162 40166 83801 333 59011 83845=
41217 32660 23014 10229 20112 30134 40163 82500 333 59011 82640=
41242 36/// /0404 10231 20125 30143 40169 333 0E018 55300 25022 59015=
41244 36/// /3109 10217 20088 39727 40142 333 0E021 55300 25022 59007=
41246 36/// /0008 10244 20145 30145 40148 333 0E019 55300 25022 59015=
41255 36/// /1102 10252 20036 39607 40109 333 0E014 59014=
41258 36/// /2809 10240 20139 30141 40144 333 0E/// 55310 21545 59012=
41262 36/// /3119 10249 20092 39943 40138 333 0E015 55300 21961 59014=
41263 36/// /2509 10244 20051 39548 40104 333 0E014 55300 22047 59012=
41267 36/// /3413 10244 20158 30129 40141 333 0E020 59019=
41268 36/// /0212 10245 20137 30085 40132 333 0E019 55300 25022 59020=
41275 36/// /3318 10260 20067 39984 40152 333 0E014 55300 22114 59018=
41288 36/// /2501 10257 20100 30123 40145 333 0E022 59016=
41304 26/// /3113 10222 20061 39845 40161 333 0E010 55300 22347 59016 70004=
41315 36/70 /3319 1//// 2//// 39326 48152 333 0E014 55300 24866 59013=
41316 32970 03614 10265 20013 30128 40157 333 59011 55407 55408 55507 55508=
41396 12965 23608 10245 21202 39433 40150 60002 80001 333 59012 82070=
41480 12560 11013 10277 20170 30132 40141 60002 81500 333 59013 81620=
41506 12460 60000 10100 20001 38514 48120 60001 84520 333 10124 56880 59014==
41508 12440 72701 10100 21042 38657 48270 60001 83502 333 10130 56808 59012==
41515 12460 50000 10087 21094 38551 48140 60001 83520 333 10116 56880 59017==
41516 12440 60000 10070 21076 38564 48210 60001 84510 333 10100 56880 59001==
41517 11440 70000 10025 21058 37811 48420 60001 70422 87570 333 10042 56880 58023==
41518 12440 83601 10078 21058 30001 48010 60001 8852/ 333 10094 5688/ 58000==
41519 12440 70000 10085 21070 38784 48200 60001 85520 333 10100 56880 58024==
41523 12440 60000 10115 20014 39081 48970 60001 84520 333 10134 56880 59019==
41535 12460 70000 10120 21026 38709 48790 60001 85520 333 10134 56880 59018==
41536 12960 70000 10115 20014 39037 48060 60001 87020 333 10140 56080 59015==
41560 12960 02303 10115 21039 38282 48080 60001 333 10150 59017==
41571 11995 40000 10140 20007 39568 40157 60002 70511 80001 333 10170 56009 59021=
41598 11940 30000 10160 20093 39864 40138 60001 70400 83030 333 10184 56080 59018==
41600 11440 70000 10165 20109 39845 40142 60001 70422 84570 333 10194 56880 59018==
41620 11440 42301 10140 21071 38573 48770 60001 70500 84500 333 10150 56800 59009==
41624 12940 32301 10200 20109 39945 40144 60001 83020 333 10214 56080 59012==
41630 11920 30000 10190 20085 30000 40148 60001 70401 83030 333 10212 56080 59020==
41640 11440 40000 10170 20094 39893 40144 60001 70400 83570 333 10200 56880 59018==
41660 12960 12306 10100 21111 38425 48150 60001 80001 333 10114 56008 59017==
41678 11940 40000 10230 20104 30000 40142 60001 74020 84000 333 10240 56080 59023==
41696 12960 03101 10090 20013 38037 48580 60001 333 10120 58003==
41697 12960 00000 10240 20038 39967 40122 60001 333 10254 59029==
41700 11920 00000 10210 20075 30007 40134 60001 70500 333 10228 59018==
41710 12960 01301 10140 21130 39387 40167 60002 333 10150 59019==
41712 12960 01302 10110 21066 39216 48190 60002 333 10130 59010==
41715 11940 00000 10210 20075 30074 40140 60001 70500 333 10224 59015==
41718 11940 00000 10210 20111 30034 40137 60001 70400 333 10242 59017==
41725 12940 03601 10220 20064 30054 40131 60001 333 10224 59022==
41739 11940 03604 10145 21084 39076 48290 60001 70500 333 10154 59016==
41744 12940 03103 10185 21017 38790 48170 60001 333 10210 59008==
41749 11920 33603 10225 20094 30107 40142 60001 70400 80001 333 10240 59019==
41756 11940 03603 10235 21009 30078 40144 60001 70500 84030 333 10250 56080 59020==
41757 12940 00000 10230 21073 30134 40147 60001 333 10250 59021==
41759 11940 01801 10250 20108 30132 40138 60001 70500 333 10254 59013==
41764 11920 33606 10220 20034 30074 40125 60001 70400 80001 333 10230 56008 59019==
41768 12940 23601 10250 20023 30109 40116 60001 80001 333 10274 56008 59015==
41780 11940 40203 10255 21054 30100 40127 60001 70500 80001 333 10270 56008 59006==
41785 12940 23101 10215 20070 30128 40141 60001 80001 333 10230 56008 59008==
41859 01930 00000 10220 20170 30088 40126 70500 333 10269 58006 70000==
41883 02930 00000 10205 20170 30103 40124 333 10267 58002 70000==
41891 01430 20000 10225 20170 30079 40118 70521 82500 333 10285 58001 70000 82615==
41907 01940 00000 10195 20170 30107 40122 70522 333 10265 58001 70000==
41923 01/40 20000 10211 20130 30115 40125 70510 82030 333 10279 58001 70000 82360==
41936 01/30 10000 10198 20160 30107 40115 70500 81030 333 10278 59006 70000 81362==
41943 01/30 50000 10220 20170 30107 40115 70522 83031 333 10300 59005 70000 83362 83080==
41950 01445 60000 10225 20180 30119 40121 70521 83531 333 10281 59004 70000 83617 85362==
41978 01450 43104 10254 20150 30109 40116 70511 82501 333 10309 59005 70000 82618 83080==
41992 01925 43306 10265 20190 30111 40113 70521 84001 333 10312 59004 70000 84080==
42027 31594 73201 10042 21016 38435 48523 71022 84520 333 10065 58004=
42071 31995 33203 10166 20074 40146 70410 83070 333 10202 59015 83360=
42101 31995 00000 10178 20132 40147 70500 333 10227 59016=
42111 31995 10000 10186 20150 39415 40114 71000 81030 333 10254 59020 81360=
42123 31995 00000 10180 20097 40140 70500 333 10222 59015=
42131 31995 00000 10180 20101 40140 70500 333 10220 59019=
42165 32996 00000 10186 20032 40129 333 10212 59014=
42182 31994 00000 10180 20126 40133 70400 333 10230 59014=
42189 31995 00000 10176 20118 40131 70500 333 10225 59011=
42309 31496 43202 10164 20157 40141 71021 82540 333 10260 58000=
42314 31596 30000 10192 20155 40138 71021 82530 333 10268 59008 82620 83360=
42328 31995 50504 10208 20004 40110 70500 80001 333 10227 59009 85070=
42339 31995 10000 10222 20082 40119 70500 80001 333 10257 59014 81070=
42348 31995 31602 10200 20081 40141 70500 81031 333 10234 59002=
42361 31994 30000 10180 20118 40131 74444 80002 333 10238 59010 82270=
42369 31995 00000 10200 20115 40128 70500 333 10267 59011=
42379 31995 00000 10208 20143 40119 70500 333 10257 59012=
42398 32997 02301 10240 20103 40132 333 10260 59003=
42410 31595 40000 10206 20167 40133 71010 81530 333 10262 58002 81620 83360=
42415 32596 30000 10212 20111 40141 83100 333 10256 58000 83825=
42452 31995 00000 10220 20094 40118 70500 333 10233 59009=
42492 31995 00000 10204 20142 40129 70500 333 10250 59002=
42559 32996 00000 10218 20114 40112 333 10266 59006=
42571 31996 00000 10204 20109 40122 70500 333 10260 59007=
42623 31496 43201 10202 20150 39249 40114 70500 83501 333 10251 59009 83618 84070=
42634 32996 30202 10254 20029 40114 80001 333 10275 59016 83075=
42647 31996 03602 10276 20130 40103 70400 333 10297 59012=
42667 31996 03605 10226 20093 39529 40114 70500 333 10270 59008=
42675 31996 20000 10196 20099 40119 70500 80001 333 10254 59010 82070=
42701 31995 00000 10192 20131 39388 40118 70500 333 10256 59001=
42724 31595 30000 10222 20200 40118 71020 83500 333 10284 59001 83620=
42737 32996 00502 10264 20109 40102 333 10310 59016=
42754 32996 00505 10246 20122 39471 40100 333 10284 59011=
42779 31995 30000 10224 20123 39423 40117 70500 80001 333 10262 59006 83075=
42798 31995 00000 10224 20138 40119 70500 333 10169 59002=
42809 31995 40000 10226 20152 40124 70521 84030 333 10270 59002 84360=
42840 32996 03602 10270 20179 40096 333 10334 59014=
42867 31995 21102 10220 20134 40114 70500 80001 333 10291 59009 82075=
42874 31996 20000 10242 20124 40114 70500 80001 333 10288 59005 82075=
42886 31995 10703 10216 20141 40125 70500 81040 333 10300 59004 81360=
42895 31595 60000 10240 20183 40124 70511 83530 333 10288 59006 83620 85360=
42909 32996 00000 10276 20097 40101 222// 20000 333 10302 59005=
42971 31595 70000 10260 20188 40127 70522 85431 333 10287 59005 84620 85360=
43003 31995 03203 10284 20177 40088 70400 333 10344 59006=
43014 31996 00000 10268 20154 39448 40083 70544 333 10302 59006=
43041 31596 40000 10270 20182 39485 40091 70522 82501 333 10304 59014 82625 84075=
43063 32997 20000 10276 20120 39471 40083 80001 333 10300 59004 82070=
43086 32996 00000 10234 20146 39921 40099 333 10292 59009=
43110 31995 33602 10290 20161 40090 70544 80001 333 10340 59003 83078=
43117 32997 60000 10298 20134 40078 80001 333 10330 59011=
43128 32997 39901 10272 20110 39495 40091 80001 333 10306 59006 83070=
43150 21596 80503 10234 20197 30051 40112 75052 8452/ 222// 20000 333 10265 59009 6990/ 84618 88458=
43185 21596 80204 10268 20226 30082 40085 75022 8357/ 333 10290 59019 6990/ 83620 84360=
43189 22596 83402 10254 20211 30095 40104 8487/ 333 10288 59010 6996/=
43192 32596 73202 10282 20203 40082 82432 333 10322 58000=
43198 32496 40203 10254 20083 39265 40091 82531 333 10304 56199 59003 82612=
43201 32497 50501 10274 20143 39348 40059 82531 333 10306 59012 82612 83358=
43213 32597 70000 10302 20184 39759 40069 84530 333 10328 59009=
43233 32497 70705 10256 20218 39284 40091 84830 333 10282 59003=
43237 31596 79901 10270 20216 39674 40062 70522 82570 333 10284 58000 82620 84360=
43245 21596 82901 10252 20234 30062 40088 70552 8487/ 333 10258 59014 6994/=
43279 21496 83603 10240 20237 30061 40079 71065 8447/ 333 10262 59014 6027/ 84620 85458 87360=
43284 31995 12506 10290 20232 39957 40071 70500 80001 333 10317 59010 81075=
43295 21497 40502 10250 20196 39076 48491 70252 83801 333 10263 59003 6990/ 83612=
43310 32496 51402 10294 20242 40074 82221 333 10296 59023=
43314 32996 02503 10312 20228 40076 222// 21001 333 10336 59009=
43321 31496 52306 10300 20200 39627 40064 70521 81501 333 10330 59013 81612 84070=
43329 32597 73403 10276 20244 30057 40070 83531 333 10286 59008=
43333 31495 50503 10278 20231 40090 70522 84401 333 10306 59006 82618 83820=
43344 31496 60903 10306 20246 39968 40066 70522 83531 333 10312 59016 83616 85360=
43353 32496 42304 10286 20221 40082 81530 333 10316 56790 59006 81620 83360=
43369 21497 72702 10260 20257 40076 75061 84470 333 10318 59014 6006/ 84618 86458=
43371 31496 40000 10300 20252 30004 40076 71021 82232 333 10333 56699 57823 59012 82619 83357=
43404 22470 33502 10279 20248 30062 40065 54000 82000 333 10302 20241 3/023 553// 20032 59015 60008 91003 555 60008==
43410 22468 63103 10275 20239 30068 40071 57004 84000 333 10298 20255 3/024 59008 60008==
43413 22470 63501 10278 20250 30072 40077 5/001 82106 333 10296 20246 3/023 553// 20031 59010 60008 91003==
43415 22470 40502 10284 20235 39970 40078 54000 84000 333 10309 3/022 59011 60008 555 60008==
43418 22465 60501 10275 20253 30034 40075 52005 84101 333 10305 20258 3/022 59006 60008 555 60008==
43421 22470 23501 10275 20274 39971 40076 52004 82000 333 10329 20222 3/022 553// 20021 59010 60008 91003 555 60008==
43422 22470 22702 10285 20239 39940 40072 52001 82200 333 10302 20247 3/021 59009 60008 555 60008==
43424 22470 63602 10280 20237 30073 40075 58001 83136 333 10298 3/023 59010 60008 555 60008==
43436 22/67 63201 10280 20257 30057 40060 57006 333 10305 20271 3/024 59010 60008 555 60008==
43441 22470 3//00 10286 20247 39937 40068 54002 81105 333 10298 20243 3/024 59008 60008 555 60008==
43444 22470 80000 10256 20225 39546 40075 54000 83000 333 10282 20231 3/022 59001 60008 555 60008==
43450 21458 32903 10296 20232 30069 40081 54002 70511 83000 333 10314 3/022 59011 60008 555 60008==
43466 22470 43402 10289 20210 30068 40076 5/001 84000 333 10310 20247 553// 20032 59005 60008 91004 555 60008==
43467 22/59 73402 10300 20227 30069 40075 54000 86030 333 10324 3/023 59006 60008 555 60008==
43473 22270 73004 10164 20164 38106 48470 54000 86000 333 10187 20144 3/013 553// 20024 59005 60008 91006 555 60008==
43475 21568 82800 10270 20255 30067 40072 52006 72598 88000 333 10321 20241 553// 20007 59007 60018 91001 555 60028==
43476 21425 70901 10210 20198 38752 48498 51004 71052 86000 333 10259 20200 59003 69908 555 69908==
43479 21/66 72801 10230 20205 39232 52001 70522 333 10271 20219 59001 60008 82/16 555 60008==
43486 21462 73202 10287 20230 39971 40070 56002 70522 83006 333 10321 20233 553// 20039 59007 60008 91004==
43495 22470 62906 10290 20231 30059 40072 52005 85000 333 10315 58002 60008 555 60008==
43497 22468 41502 10286 20000 30049 40066 5/003 84000 333 10314 20250 553// 20038 59005 60008 91004==
44212 429// 01702 11306 21348 39229 40535 52009 333 11205==
44213 429// 01701 11264 21299 38864 40510 52009 333 11192==
44214 41970 02904 11202 21256 38314 40477 53009 73633 333 11179==
44215 429// 02502 11285 21316 38450 40548 52008 333 11189==
44217 32998 00000 11282 21315 37868 40610 52008 333 91202 333 11211 91202=
44218 429// 02001 11264 21293 38665 40525 52007 333 11176==
44219 32999 00000 11266 21292 38682 40526 52006 333 11198 91201=
44265 429// 03601 11236 21261 38910 40481 52007 333 11142==
44266 329// 03301 11220 21251 37771 40501 53007 333 11154 91202=
44404 22958 00903 10122 21029 38134 48474 80000 333 10195 58002 60008 70000=
44416 22960 12803 10152 20121 39352 40134 80001 333 10228 59009 60008 70000=
44424 22960 00702 10100 21056 37658 47057 80000 333 10206 58006 60008 70000=
44434 22559 33104 10173 20137 39218 48504 81101 333 10207 59012 60008 70000=
44438 22956 11302 10208 20130 39998 40126 80001 333 10260 59006 60008 70000=
44449 21950 23502 10191 20187 39970 40128 70444 80005 333 10256 59007 60008 70000=
44454 22458 22704 10126 20077 38655 48489 82100 333 10194 59009 60008 70000=
44462 22460 10901 10114 20090 38243 48464 81100 333 10190 59014 60008 70000=
44474 22956 00000 10104 20055 38252 48497 80000 333 10178 59005 60008 70000=
44477 22258 12002 10138 20090 38801 48507 81100 333 10223 60008 70000=
44478 22956 02503 10216 20180 30036 40118 80000 333 10273 58002 60008 70000=
48010 42505 53601 10220 20173 39978 40132 83730 333 10265 58002==
48020 42910 00000 10210 20160 333 10260==
48025 12440 53601 10264 20174 39981 40121 59002 60026 83840==
48048 42550 30401 10264 20229 30042 40098 83800 333 10302 59018==
48052 32957 00000 10300 20146 333 10334=
48062 42550 43203 10285 20250 30081 40087 83801 333 10315 59010==
48064 42450 60000 10268 20240 30021 40078 84830 333 10295 59010==
48094 42556 10000 10295 20225 30091 40101 81500 333 10335 59012==
48109 42440 50401 10283 20268 30088 40091 83530 333 10326 59013==
51076 14/80 /0000 11167 21207 39432 40404 52006 60001 333 11067 21209 3/104 4/008 59049 70000 90761 91103==
51087 14/68 /0000 11178 21213 39284 40416 52010 60001 333 11107 21229 3/106 4/008 59047 70000 90761 91104==
51156 14/80 /3503 11181 21226 38731 40405 52004 60001 333 11090 21200 3/115 4/001 59039 70000 90761 91105==
51243 14/57 /2501 11153 21177 39786 40390 52007 60001 333 11093 21177 3/112 4/002 59047 90761 91104==
51334 14/57 /1402 11163 21190 39947 40395 52012 60001 333 11091 21209 3/109 4/008 59036 90761 91103==
51379 14/34 /1501 11222 21251 39361 40415 52013 60001 70500 333 11137 21244 3/106 4/014 59039 70000 90761 91106==
51463 14/24 /0000 11163 21185 39090 40395 52007 60001 70500 333 11124 21187 3/101 4/026 59035 70000 90761 91102==
51573 14/57 /2901 11055 21148 30325 40378 52005 60001 333 11021 21100 3/116 59014 70000 90761 91103==
51644 14/34 /0101 11111 21150 39031 40399 52007 60001 70500 333 11045 21162 3/106 4/005 59034 70000 90761 91103==
51656 14/44 /2501 11101 21124 39255 40411 52008 69901 77070 333 11086 21182 3/114 4/003 59030 90761 91103==
51709 14/58 /1601 11048 21114 38687 40342 52009 60001 333 11041 21054 3/105 59031 70000 90761 91103==
51711 14/66 /1001 11092 21159 38036 40318 52008 60001 333 11056 21158 3/121 59028 70000 90761 91107==
51716 14/58 /1501 11039 21105 38988 40356 52006 60001 333 11020 21095 3/108 59033 70000 90761 91104==
51765 14/56 /0600 11114 21140 39316 40409 52003 60001 70500 333 11063 21178 3/119 59032 70000 90761 91103==
51811 14/58 /0601 11046 21121 38856 40365 52001 60001 333 11033 21126 3/119 59035 70000 90761 91103==
51818 14/63 /0401 11048 21127 38696 40364 52002 60001 333 11022 21140 3/121 59037 70000 90761 91104==
51886 14/68 /0702 11051 21235 37121 40306 52010 60001 333 11019 21129 3/118 58009 70000 90761 91106==
52203 14/58 /0602 11085 21143 39433 40392 52004 60001 333 11040 21164 3/121 59031 70000 90761 91105==
52602 14/80 /1704 11067 21239 37282 40354 52012 60001 333 11002 21162 3/119 58026 70000 90761 91107==
52818 14/36 /1101 11063 21109 37263 40321 52011 69921 70500 333 11014 21095 3/111 58026 70002 90761 91107==
52908 14/80 /2603 11129 21207 35779 40278 52014 60001 333 11060 21129 3/116 58024 70000 90761 91122==
55228 14/80 /2504 11018 21348 36028 40263 57004 60001 333 10014 21171 3/125 58019 70000 90761 91113==
55299 14/67 /3103 11065 21332 35887 40234 52010 60001 333 11004 21146 3/113 58043 70000 90761 91123==
55578 14/60 /1001 10003 21278 36387 40236 57001 60001 333 10102 21104 3/114 58022 70000 90761 91112==
55591 14/71 /1601 10047 21299 36529 40155 52008 60001 333 10134 21056 3/114 58030 70000 90761 91114==
55664 14/63 /1002 11001 21293 36023 40176 57003 60001 333 10073 21071 3/112 59006 70000 90761 91111==
55773 14/80 /0303 11004 21356 36027 40221 52011 60001 333 10078 21120 3/118 59007 70000 90761 91122==
56004 14/80 /2503 11125 21353 35841 40307 52014 60001 333 11041 21144 3/118 58027 70000 90761 91127==
56018 14/76 /2604 11018 21306 36197 40254 52024 60001 333 10018 21125 3/116 58028 70000 90761 91121==
56312 14/80 /2202 10048 21083 37097 40214 52030 60001 333 10112 21056 3/106 58015 70000 90761 91107==
62309 42560 31004 10192 20090 40202 57018 83500==
62325 42960 00104 10214 20126 40203 57019==
62332 42560 10512 10213 20122 40200 57018 81100==
62387 42960 00108 10202 20120 40176 57029==
62420 42960 33204 10187 20070 40193 57026 80002==
62435 42/60 63606 10219 20073 40167 57029 86050==
62455 42960 03011 10219 20103 40176 57025==
62458 42960 03006 20100 40171 57022==
62459 42560 43012 10208 20126 40160 57027 82504==
63210 32980 00414 10266 20200 40123 333 10275 59013=
63332 42980 03602 10260 20125 38205 40049 333 58001 NNNN=
41256 31558 13210 10242 20124 30133 40150 70500 81600 91144 333 59012 55407 55408 55507 55508 8162 5=
40100 43/70 00109 10195 20080 30207 40223 56023 6///1 333 58///=
