SIPK OPKC 080300=
41504 22997 00000 10180 20083 37820 48439 333 20150 58003 60007 70000 RH 53%=
41505 22997 00000 10160 20090 38/// 48/// 80000 333 20135 58/// 56000 60007 70000 63% =
41516 22996 30000 10220 20138 38517 48476 83030 333 20150 56090 58020 60007 70000 83360 RH60%=
41517 21696 20000 10190 20106 37815 48506 70462 81530 333 20134 56990 58027 60007 70002 81635 58%24H R/F 0.2mm=
41518 22697 41802 10228 20131 38/// 48/// 82230 333 20183 56990 5//// 60007 79999 82840 82362 54%= 
41519 22697 30000 10250 20126 38734 48486 83500 333 20240 56900 58017 60007 70000 83640 RH46%=
41520 22697 20000 10120 20103 37630 48246 82500 333 20117 56900 58024 60007 70046 82640 89%=
41530 21696 63106 10270 20234 39666 40064 71011 81430 333 20250 56990 58003 60007 70000 81835 85360 81%=
41571 21996 00904 10275 20225 39508 40066 70500 333 20233 59002 60007 70000 RH 74%=
41620 32996 03602 10245 20176 38538 48444 333 20215 58002 60007 70000 66%=
41660 22997 01304 10210 20121 38413 48501 333 20185 58009 60007 70000 RH 57%=
41661 21996 00000 10190 20086 38368 48492 70544 333 20160 58021 60007 70000 51%=
41685 22997 00000 10255 20219 38868 48468 333 20225 58007 60007 70000 RH.81%CORR=
41685 22997 00000 10255 20219 38868 48468 333 58007 60007 70000 RH.81%=
41696 22997 00000 10150 20078 37995 48503 333 20120 58008 60007 70000 RH62%= 
41697 22997 00000 10330 20253 39893 40040 333 20290 58014 60007 70000 RH 64%=
41710 21996 00000 10290 21022 39289 40023 70600 333 20250 58024 60007 70000 R.H.13%=
41712 22997 00000 10255 21003 39131 48472 333 20250 58015 60007 70000 RH18%=
41715 21996 00000 10305 20264 39972 40035 70500 333 20280 58002 60007 70000 RH79%=
41724 21996 00000 10310 20269 39982 40057 70500 333 20285 58009 60007 70000 RH79%=
41725 22996 00000 10310 20261 39967 40042 333 20290 58015 60007 70000 RH75%=
41726 22996 00000 10305 20271 39968 40036 333 20290 58005 60007 70000 RH82%=
41738 22996 00000 10270 20241 39896 40070 333 20260 58011 60007 70000 RH84%=
41739 22996 00000 10265 20125 38979 48459 333 20245 58009 60007 70000 RH 42%=
41742 22697 20000 10285 20257 39957 40058 82500 333 20212 56900 58019 60007 70000 82640 RH 85%=
41743 21996 00000 10295 20253 70500 333 20265 60007 70000 RH 78%=
41744 22996 00000 10255 20076 38703 48437 333 20210 58010 60007 70000 RH 32%=
41745 21996 01302 10280 20244 70500 333 20260 60007 70000 RH81%=
41746 21996 00000 10290 20255 39984 40036 70500 333 20265 58011 60007 70000 RH81%=
41747 22996 01302 10300 20258 39965 40022 333 20280 58009 60007 70000 RH78%=
41748 22996 01304 10315 20244 39977 40038 333 20295 58008 60007 70000 RH66%=
41749 22996 01304 10280 20257 30007 40040 333 20265 58018 60007 70000 RH 85%CORR=
41749 22996 01304 10280 20257 30007 40040 333 10265 58018 60007 70000 RH 85%=
41756 21496 71802 10280 20237 39982 40045 70504 87600 333 20220 56900 58010 60007 70000 87715 RH77%= 
41757 21996 53102 10280 20244 30055 40067 71000 85030 333 20260 56090 58010 60007 70000 85360 RH81%= 
41759 21695 20000 10275 20247 30057 40062 71011 82500 333 20255 56900 58021 60007 70000 RH85%=
41760 21595 71804 10280 20252 30057 40070 70400 87600 333 20230 56900 58012 60007 70000 87720 RH 85%=
41764 22996 02104 10280 20244 39997 40045 333 20267 58011 60007 70000 RH81%=
41765 22996 02304 10280 20252 30013 40048 333 20265 58014 60007 70000 RH85%=
41766 21996 02308 10270 20261 30000 40030 70400 333 20240 58010 60007 70000 RH92%=
41767 22996 0//// 10275 20247 333 20255 60007 70000 RH85%=
41768 22596 22304 10280 20259 30048 40055 82600 333 20260 56500 58011 60007 70000 82720 RH88%=
41780 22596 22908 10285 20250 30035 40062 82600 333 20265 56900 58014 60007 70000 82720 RH81%=
41783 22996 32302 10270 20241 30013 40042 83030 333 20255 56990 58010 60007 70000 83360 RH 84%=
41785 22997 01802 10280 20259 30043 40056 333 20255 58010 60007 70000 RH 88%= 
41786 22596 32704 10270 20249 30008 40044 83600 333 20250 56600 58011 60007 70000 83720 RH88%=
41BAG 22696 50502 10160 20090 83510 333 20130 56990 60007 70006 83635 85460 63%=

SIPK OPLA 080300=
=================
41506 22997 00000 10160 20127 38488 48487 333 20150 58016 60007 70000 81%=
41507 22997 00000 10230 20200 39187 49686 333 20210 58003 60007 70000 83%=
41508 22997 00000 10200 20177 38631 48506 333 20180 58013 60007 70000 86%=
41509 22597 10000 10230 20168 38719 48470 81500 333 20225 56900 58014 60007 70000 81630 RH68%=
41510 22997 00000 10150 20125 37909 48498 333 20125 58009 60007 70000 85%=
41515 22697 20000 10234 20132 38491 48455 82200 333 20208 56900 58007 60007 70000 82850 54%=
41523 22997 00000 10230 20200 39044 48483 333 20220 58006 60007 70000 83%=
41524 22997 00000 10245 20193 39283 40114 333 20215 58008 60007 70000 RH 73%=
41525 22997 00000 10140 20106 37678 48373 333 20120 58005 60007 70000 80%=
41528 22997 00000 10220 20182 39158 48470 333 20191 59011 60007 70000 79%=
41529 22696 53102 10270 20241 39702 40069 82530 333 20240 56990 59007 60007 70000 82640 83360 RH 84%=
41534 22697 50000 10260 20238 39663 40062 82520 333 20235 56990 58008 60007 70000 82640 83460 RH 88%=
41535 22996 00000 10200 20169 38667 48443 333 20150 59003 60007 70030 RH82%=
41536 22997 00000 10210 20179 38993 48479 333 20183 58021 60007 70000 83% =
41560 22997 00000 10220 20151 38240 48455 333 20190 59001 60007 70000 65%=
41562 22697 40000 10280 20237 39618 40063 82530 333 20250 56990 58020 60007 70000 82640 82360 RH 77%=
41565 22997 50000 10189 20166 38645 48478 85020 333 20160 56090 58007 60007 70000 85460 86%=
41567 21996 00000 10270 20226 39637 40038 70400 333 20235 58006 60007 70000 77%=
41572 21996 00000 10270 20249 39446 40044 70400 333 20225 58000 60007 70000 RH88% MAX WIND 13008KT AT 072020Z=
41573 22997 00000 10205 20159 37971 48475 333 20155 58005 60007 70060 75%=
41574 22997 02302 10160 20144 38319 48494 333 20125 58000 60007 70000 90%=
41576 21996 00000 10275 20254 40070 70400 333 20239 59006 60007 70000 88%=
41577 21996 00502 10270 20228 39474 40064 70400 333 20215 58000 60007 70000 RH 78%=
41593 21996 00000 10280 20244 39847 40053 70400 333 20241 58004 60007 70000 81%=
41597 21996 00000 10275 20261 39789 40072 70400 333 20237 58019 60007 70000 92%=
41598 21996 00000 10280 20252 39787 40048 70400 333 20238 59001 60007 70000 85%=
41599 21996 00000 10275 20239 39779 40059 70400 333 20236 59004 60007 70000 81%=
41600 21996 03102 10280 20252 39762 40046 70400 333 20237 59010 60007 70000 85%=
41624 21696 60000 10280 20252 39856 40048 70422 83520 333 20235 56990 58004 60007 70000 83637 83460 85%=
41625 21696 71304 10275 20247 39841 40031 70400 83520 333 20238 56990 59004 60007 70000 83640 83460 85%=
41630 21995 01302 10295 20260 40058 71000 333 20264 58011 60007 70000 82%=
41633 22997 00000 10280 20252 4//// 333 20255 5//// 60007 70050 85%=
41634 22997 00000 10250 20201 3//// 4//// 333 20210 5//// 60007 70000 77%=
41635 21996 00000 10290 20269 3//// 4//// 70400 333 20260 5//// 60007 70000 89%=
41636 21996 20000 10290 20255 39880 40058 70400 82030 333 20265 56090 58020 60007 70000 82360 81%=
41638 21996 00000 10280 20252 4//// 70400 333 20268 5//// 60007 70000 85%=
41639 21996 00000 10290 20255 3//// 4//// 70400 333 20245 5//// 60007 70000 88%=
41640 21996 00000 10290 20248 39817 40056 70400 333 20248 59002 60007 70000 78%=
41641 21996 00000 10280 20237 39794 40058 70400 333 20253 59001 60007 70000 77%=
41642 21995 03102 10275 20247 3//// 4//// 70400 333 20235 5//// 60007 70000 85%=
41643 21996 00000 10270 20241 39787 40054 70400 333 20245 58000 60007 70000 84%=
41644 21996 00000 10275 20252 3//// 4//// 70400 333 20230 5//// 60007 70000 85%=
41646 21996 00000 10295 20260 39860 40062 70400 333 20270 58004 60007 70000 82%=
41652 21996 00000 10300 20251 39880 40051 70400 333 20275 58013 60007 70000 75%=
41669 22696 70000 10290 20255 3//// 4//// 83520 333 20270 56990 5//// 60007 70000 83640 84460 81%=
41670 21696 50000 10285 20257 3//// 4//// 70400 81530 333 20220 5//// 56990 60007 70182 81640 84360 85%=
41674 21996 31304 10290 20255 3//// 4//// 70410 83030 333 20277 5//// 60007 70000 83362 81%=
41675 21695 21306 10305 20256 39909 40046 70410 82500 333 20293 56900 58009 60007 70000 82640 75%=
41676 21996 42302 10300 20273 39924 40075 70400 84020 333 20285 56090 58030 60007 70000 84460 85%=
41677 21996 20904 10290 20262 39872 40032 70400 82030 333 20263 56090 58010 60007 70000 82362 85%=
41678 21996 00000 10300 20211 40055 70500 333 20285 58017 60007 70000 59%=
41679 21996 00000 10285 20264 4//// 70400 333 20265 5//// 60007 70000 89%=
41680 21994 00000 10295 20275 39857 40045 71000 333 20270 59008 60007 70000 89%=
41700 21696 61804 10305 20264 39912 40034 70420 82530 333 20286 56990 58011 60007 70000 82640 83360 79%=
41701 21695 21304 10300 20265 39913 40050 70400 82400 333 20277 56900 58020 60007 70000 82840 82%=
41716 21996 00000 10310 20283 39950 40048 70400 333 20286 58008 60007 70000 86%=
41718 21996 00000 10310 20254 39927 40025 70400 333 20288 58002 60007 70000 72%=
41BKI 22696 73304 10280 20237 39662 40063 83520 333 20220 56990 58009 60007 70000 83640 84460 RH77%=
41SKP 21996 00000 10285 20242 4//// 70400 333 20252 5//// 60007 70000 78%=
43532 22997 00000 10220 20190 39274 40054 333 20198 58040 60007 70000 83%=
43533 22997 00000 10230 20193 39172 48466 333 20210 58005 60007 70000 79%=
43563 22997 00000 10256 20219 39397 40062 333 20224 58002 60007 70000 81%=

41526 Not Received
41533 Not Received
41564 Not Received
41568 Not Received
41592 Not Received
41594 Not Received
41672 Not Received
41781 Not Received

Data Generated from File : D:\all data handling\Rmc_lhr\2024090803.FSU.txt
08/09/24 04:08:34
______________________________________________________________
15020 24/70 /2901 10086 20032 30025 40224 54000 333 55300 20000 60007==
15090 24970 02901 10110 20078 30125 40218 54000 333 55300 10260 20000 30000 60007 91002 90730 91102==
15108 22984 01005 10059 20008 38155 48557 57003 333 55300 20000 60007 91008 90730 91108==
15150 24970 03501 10095 20081 30007 40221 54000 333 55300 20000 60007 91002 90730 91102==
15170 22970 00300 10020 20017 39453 42837 54001 333 55300 20000 60007 91001 90730 91101==
15280 22984 00206 10032 20008 37567 47133 57006 333 55300 20000 60007 91009 90730 91109==
15310 24/70 /0102 10154 20081 30106 40191 57005 333 55300 10230 20000 30000 60007==
15335 24970 02902 10147 20095 30178 40185 55003 333 55300 20000 60007 91003 90730 91103==
15350 24/70 /3204 10160 20054 30082 40200 55003 333 55300 20000 60007==
15360 24/70 63508 10183 20154 30153 40170 54001 86070 333 55300 20000 60007 91010 90730 91113==
15420 24970 03401 10140 20066 30085 40195 56003 333 55300 20000 60007 91003 90730 91104==
15460 24/70 /3201 10140 20093 30161 40186 57003 333 55300 20000 60007==
15470 24970 00102 10150 20074 30072 40196 54001 333 55300 20000 60007 91003 90730 91104==
15480 24970 03002 10195 20153 30149 40166 57006 333 55300 10220 20000 30000 60007 91005 90730 91107==
15549 42970 03602 10140 20108 39778 40185 57003 333 10211 20139 555 581//=
15552 42970 03403 10184 20125 30112 40159 57001 333 10219 20183 555 568// 92035 92438=
15640 42974 00000 10179 20139 39872 40174 58012 333 10227 20177 555 578//=
15655 42968 03202 10193 20110 30132 40164 54000 333 10235 20193 555 559// 92032 92437=
15730 42970 20203 10181 20118 39796 40179 53002 80001 333 10244 20178 555 567//=
16627 42565 23308 10214 20146 30151 40156 58004 82100 333 90730 91116==
16650 42960 00412 10234 20183 30140 40149 55002 333 90730 91122==
16667 42560 33407 10234 20197 30123 40134 56003 83100 333 90730 91116==
16706 42960 00113 10250 20170 30111 40118 52002 333 90730 91120==
16723 42960 03510 10240 20138 30094 40107 57016 333 90730 91124==
16732 46/// /3618 10258 20204 30111 40121 57006 333 90730 91126==
16742 42560 23409 10250 20166 39950 40098 52003 81101 333 90730 91117==
16749 42960 02912 10280 20198 30056 40070 57011 333 90730 91120==
16754 42960 01904 10238 20201 30079 40126 57006 333 90730 91112==
16760 42960 00204 10226 20201 40131 57006 333 90730 91112==
16765 46/// /3017 10256 20221 30077 40096 57003 333 90730 91127==
17031 42670 41503 10195 20183 30106 40112 57010 82130 333 82835 84360 90730 91105==
17034 42670 60000 10231 20200 30078 40122 55005 83250 333 83835 86360 90730 91102==
17038 42670 52206 10227 20174 30071 40117 52001 85200 333 85835 90730 91118==
17060 41560 53406 10217 20189 30100 40139 55002 70381 83230 333 83825 85357 90730 91114==
17070 42665 50000 10155 20133 39286 40116 55002 85200 333 85835 90730 91104==
17084 41656 31301 10145 20140 39248 40107 55002 71011 83100 333 83840 90730 91103==
17092 41660 72802 10157 20143 38851 48501 55002 78082 84250 333 84845 87358 90730 91108==
17096 42660 51009 10121 20103 38257 48513 56006 83130 333 83835 85357 90730 91117==
17098 42660 41001 10103 20101 38232 48528 56001 82240 333 82835 84357 90730 91107==
17100 42670 50000 10176 20122 39192 40136 53006 82230 333 82840 85360 90730 91107==
17115 41660 73610 10223 20193 30092 40140 55004 70282 84230 333 84835 86360 90730 91115==
17116 42665 62202 10209 20186 30018 40133 55004 83230 333 83835 85360 90730 91104==
17124 42960 02506 10152 20138 39246 40119 56003 333 90730 91109==
17128 42/70 42301 10160 20117 39059 40095 55004 84030 333 84360 90730 91109==
17150 42660 43403 10214 20183 30012 40129 56003 82130 333 82835 83360 90730 91109==
17170 42660 21103 10124 20070 38344 48507 53004 82100 333 82840 90730 91105==
17184 42670 23605 10218 20161 30012 40117 57005 82200 333 82835 90730 91111==
17190 42670 10201 10157 20122 38971 48497 57009 81100 333 81835 90730 91105==
17190 42670 10201 10157 20122 38971 48497 57009 81100 333 81835 90730 91105==
17195 42970 00903 10137 20089 38945 48493 53003 333 90730 91126==
17200 41560 62207 10158 20115 39149 40079 53002 71711 85950 333 84835 86359 81927 90730 91108==
17202 42670 42305 10167 20120 39096 40081 53002 82140 333 82835 84360 90730 91108==
17203 42670 12601 10184 20108 38857 48534 55001 81100 333 81840 90730 91105==
17219 42965 03516 10236 20156 39978 40114 56001 333 90730 91124==
17237 42970 02601 10223 20137 39627 40098 57005 333 90730 91106==
17240 42970 03201 10168 20107 39008 40083 56002 333 90730 91109==
17244 42/70 30106 10169 20104 38975 48501 55002 83030 333 83358 90730 91116==
17260 42960 03204 10188 20175 39265 40038 53002 333 90730 91107==
17280 42960 01302 10188 20127 39324 40059 53004 333 90730 91106==
17292 42970 03003 10207 20116 39358 40064 57013 333 90730 91108==
17300 42960 03208 10268 20117 30002 40068 57005 333 90730 91112==
17310 42970 00702 10276 20184 30051 40058 53001 333 90730 91103==
17350 42560 30504 10247 20219 39995 40068 53002 83100 333 83830==
17370 42670 40000 10279 20241 30074 40078 55002 84100 333 84835 90730 91108==
33088 42960 00000 10077 20053 30050 40242 57004==
33135 42960 00000 10081 20057 30112 40260 57002 333 55113==
33177 42960 00401 10112 20042 39985 40219 57004==
33317 429// 01202 10087 20031 39904 40240 58005 333 55112==
33393 42960 01303 10158 20019 39825 40205 57003==
33415 42960 00000 10140 20069 39834 40223 57004==
33429 42960 01002 10106 20020 39814 40232 57005==
33466 42964 00000 10086 20055 30055 40242 57001 333 30///==
33506 42960 00602 10119 20030 30053 40247 53001 333 55120==
33562 42960 00000 10080 20058 39944 40249 55000==
33587 42960 00000 10093 20046 39972 40234 57003==
33658 42983 00000 10105 20061 39926 40223 57002==
33663 42960 02401 10080 20032 30133 40229 54000==
33664 42997 03501 10107 20010 39909 40223 57002 333 55122 555 20102 7000/=
33678 42998 02802 10104 21004 30034 40241 52007 555 20091 7000/=
33679 42997 03501 10097 20034 30043 40233 58003 555 20091 7000/=
33711 42960 00604 10128 20045 30016 40222 57002==
33745 42997 03401 10092 20004 30040 40232 52001 333 55123 555 20091 7000/=
33748 42997 01003 10144 20037 39931 40209 57005 555 20142 7000/=
33754 42997 00000 10094 20050 30070 40216 56002 333 55117 555 20093 7000/=
33761 42970 00102 10115 20028 39998 40218 57003==
33791 42/84 20404 10161 20006 30088 40212 56004 82030==
33815 42998 00103 10151 20026 30000 40202 57002 333 55120 555 20151 7000/=
33837 42/81 53501 10169 20078 30138 40188 56002 83051 333 55117==
33881 42998 03403 10141 20051 30012 40204 57001 555 20141 7000/=
33883 42997 03403 10134 20048 30038 40198 57001 555 20132 7000/=
33885 42997 03503 10116 20076 30075 40209 57001 333 55116 555 20116 7000/=
33892 42998 00203 10125 20038 39988 40196 57002 333 55114 555 20125 7000/=
33902 42560 70305 10170 20045 30130 40188 57003 86340 333 55116==
33924 22/70 50805 10190 20130 30150 40162 57001 85070 333 20188 60002 90730 91110==
33946 21981 50504 10154 20139 39933 40147 57002 71311 80002 333 20153 55092 60002==
33983 22/60 30508 10196 20137 30082 40140 57005 83030 333 20194 55063 60002 91012 90730 91114==
34300 42960 20000 10096 20042 30088 40265 53003 80001==
34336 22970 50701 10081 20035 30170 40273 53002 80009 333 20076 30/// 60002==
34344 22970 20000 10072 20072 30181 40269 52002 80001 333 20071 30/// 60002==
34356 22960 00000 10066 20032 30127 40275 53002 333 20062 30/// 55116 60002==
34357 22970 00601 10112 20035 30113 40266 55001 333 20112 30/// 60002==
34398 22970 00000 10112 20062 30252 40262 53002 333 55115 60002==
34415 41936 00000 10054 20042 30152 40249 53002 71000==
34438 22/60 10504 10119 20021 30068 40256 53003 80040 333 20118 39/// 60002==
34445 22/70 12702 10048 21002 30154 40269 53003 81040 333 20042 36/// 60002==
34461 22960 00000 10085 20026 30214 40269 53004 333 20085 30/// 60002==
34473 32997 00000 10078 20019 30228 40266 53002 333 55117 555 20074 30006 7000/=
34476 22970 02002 10113 20014 30259 40266 53003 333 20095 30/// 55125 60002==
34504 42982 00702 10153 20010 30055 40225 57001==
34535 22970 00000 10093 20026 30175 40247 53002 333 20093 30/// 60002==
34545 22/70 20702 10112 20016 30141 40251 55001 80041 333 20111 30/// 60002==
34555 22970 03501 10131 20060 30173 40262 54001 333 20131 30/// 60002==
34560 42960 20704 10126 20048 30077 40264 53001 80001 333 20109==
34578 22960 00402 10114 20043 30251 40258 52001 333 20107 30/// 60002==
34579 22970 00402 10124 20017 30218 40262 52001 333 20121 30/// 55116 60002==
34644 22960 00503 10132 20043 30157 40232 55001 333 20132 30/// 60002==
34646 22/70 10803 10169 20079 30158 40237 54000 81030 333 20167 30/// 55121 60002==
34655 22960 00503 10079 21005 30189 40249 54001 333 20056 30/// 60002==
34662 22970 03301 10084 20010 30247 40258 53004 333 20080 60002==
34691 22970 00000 10105 20038 30275 40263 53001 333 55119 60002==
34720 22970 30404 10161 20070 30170 40208 55000 80009 333 20159 30/// 55105 60002==
34727 22560 20805 10174 20059 30161 40190 54000 82500 333 20174 30/// 60002 91010 90730 91112==
34743 22960 00702 10105 21006 30150 40238 52002 333 20103 30/// 60002==
34759 22960 11202 10082 20031 30109 40239 53004 80001 333 20080 30/// 55124 60002==
34772 22970 00503 10089 20011 30251 40254 54000 333 20083 30/// 60002==
34785 22970 00702 10085 20025 30279 40257 53003 333 20063 30/// 60002==
34798 22960 00303 10099 20009 30284 40255 53001 333 60002==
34824 22960 40704 10182 20091 30160 40165 57005 80001 333 20182 30/// 55055 60002 90730 91110==
34838 22960 30604 10166 20076 30086 40178 55000 80001 333 20166 30/// 60002 90730 91110==
34845 22970 20903 10123 20057 30103 40208 54000 80001 333 20123 30/// 60002==
34858 22960 00000 10118 20056 30115 40221 54001 333 20118 30/// 60002==
34861 22/70 10904 10096 20024 39998 40238 52002 81030 333 20092 30/// 55123 60002==
34866 22970 00603 10099 20042 30243 40235 57003 333 20099 30/// 60002==
34880 22960 00503 10132 20057 30274 40248 52001 333 20116 30/// 55121 60002==
34887 22970 00202 10108 20091 30259 40240 57002 333 20097 30/// 60002==
34949 22570 50910 10139 20090 39660 40189 57005 83530 333 20139 30/// 55074 60002 91014 90730 91114==
34954 22960 00802 10159 20086 30034 40202 57003 333 20157 30/// 55054 60002==
34958 22970 00803 10136 20090 30015 40209 56004 333 20135 30/// 60002==
34975 22970 20903 10130 20093 30224 40220 57005 80001 333 20120 30/// 60002==
34984 22960 20304 10136 20121 30259 40230 57002 80002 333 20123 30/// 60002==
35217 12960 03402 10111 20043 30222 40261 54000 60002==
35302 12970 00602 10115 20048 30244 40264 54000 60002==
35315 32998 03502 10095 20050 30199 40254 54000 555 20083 30006 7000/=
35344 /2999 00504 10090 20073 39972 40253 52009 333 55090 555 20083 30008 69902 7991/=
35358 12/60 70201 10120 20045 30058 40222 52009 60002 87040==
35368 /2599 33502 10118 20074 39952 40208 52008 82540 333 55071 555 20102 31009 60032 7004/=
35386 32598 10302 10128 20066 39723 40220 52011 81500 555 20086 30006 7000/=
35394 12670 72002 10110 20032 39576 40227 52013 60002 82541 333 55019==
35404 32998 20501 10113 20051 30256 40264 53002 80001 555 20113 30008 7000/=
35406 12960 23501 10129 20056 30261 40263 53002 60002 80001 333 55122==
35416 12670 40701 10149 20074 30136 40252 54000 60002 84400 333 55127==
35426 12584 63101 10152 20107 39968 40245 52007 60002 87500==
35437 32998 60502 10145 20092 39945 40244 52009 86050 333 55121 555 20141 30013 7000/=
35449 /2998 03406 10124 20084 30124 40223 52009 555 20102 31008 60012 7001/=
35497 12/70 61402 10108 20001 39462 40229 53009 60002 82032==
35498 32998 31601 10076 21020 39392 40246 52009 80001 555 20014 30001 7000/=
35514 32998 00201 10107 20034 30262 40258 54000 555 20100 30008 7000/=
35522 32998 72902 10155 20095 30004 40244 54000 87030 555 20123 30010 7000/=
35542 /2999 00203 10109 20076 30091 40233 52012 333 55104 555 20108 31009 69982 7998/=
35563 /1596 81802 10087 20073 39470 40213 53007 71022 885// 333 55094 555 20085 31007 60022 7002/=
35576 12/70 61801 10102 20045 39784 40216 53005 60002 86071==
35582 32698 51902 10096 20043 39651 40230 53010 85500 555 20080 30007 7000/=
35594 32999 01301 10088 20007 39426 40237 52007 555 20011 30001 7000/=
35605 32998 10202 10091 20036 30278 40257 53003 80001 555 20082 30005 7000/=
35633 32598 30205 10138 20112 30028 40232 52010 82330 333 55121 555 20138 30014 7000/=
35671 41570 70000 10104 20075 39803 40216 53008 72582 87900==
35699 12960 60000 10115 20013 39514 40238 53008 60002 80004==
35700 12970 20501 10122 20061 30277 40254 53002 60002 80001 333 55125==
35715 32999 00000 10122 20019 30265 40251 53003 555 20100 30008 7000/=
35739 32999 30000 10111 20052 30087 40221 53003 83070 555 20104 38007 7000/=
35746 12/70 53505 10157 20098 30143 40217 53010 60002 85050 333 55124==
35777 32497 50000 10088 20009 39901 40235 58019 85300 555 20050 30003 7000/=
35796 12960 30503 10123 20020 39820 40237 53007 60002 80001 333 55104==
35849 12570 82402 10113 20064 30119 40202 57006 60002 8437/ 333 55118==
35895 32998 21605 10152 20052 39808 40229 53005 80001 555 20104 30008 7000/=
35907 32998 00905 10157 20086 30266 40237 53004 555 20154 7000/=
35925 12970 03202 10112 21007 30137 40245 53004 60002==
35927 32998 00000 10107 21019 30240 53001 555 20094 7000/=
35953 12584 70000 10120 20035 30083 40208 57004 60002 87300==
35969 12584 30201 10126 20026 30047 40214 53002 60002 83900==
35997 32998 00000 10118 20043 39805 40221 53004 555 20071 30005 7000/=
36259 42584 32807 10070 21075 38269 48533 52007 82902 333 91011 90730 91111==
36335 32999 80000 10108 20008 39258 40237 52010 87032 555 20069 31005 7990/=
36358 32999 00000 10097 20025 39262 40238 52004 555 20051 30004 7000/=
36394 32697 71403 10097 20072 39840 40247 53010 87500 555 20060 31005 7001/=
36397 12684 62002 10108 20038 39705 40247 53011 60002 85540==
36403 /2698 70904 10103 20074 39901 40248 52009 87900 333 55004 555 20081 31008 69902 7004/=
36418 32699 71101 10115 20058 39669 40257 52010 83933 555 20059 30008 7001/=
36421 /2699 70000 10096 20073 39723 40266 52010 87500 555 20063 31006 69942 7004/=
36428 42684 60702 10131 20102 39782 40258 52009 83941 333 55066==
36439 /2798 30803 10082 20036 39034 48563 53007 81501 555 20032 31003 60012 7006/=
36498 32998 61502 10108 20016 39491 40249 53007 80001 555 20025 30001 7000/=
36501 32999 00000 10141 20027 39515 40226 53009 555 20075 30005 7990/=
36535 12584 62001 10092 20025 39657 40267 52005 60002 82330 333 55058==
36546 32699 20102 10132 20041 39743 40256 52009 82500 555 20064 30004 7000/=
36619 32999 00501 10093 20008 555 20065 30005 7000/=
36622 32998 30000 10095 20024 39482 40255 52009 81041 555 20014 30003 7990/=
36639 12984 20000 10131 20058 39667 40243 53003 60002 80001==
36643 32999 03502 10140 20030 39617 40244 53006 555 20052 30002 7000/=
36665 32999 00802 10132 20052 39554 40243 52002 333 55020 555 20072 31007 7003/=
36666 /2999 01104 10151 20071 39784 40249 52004 333 55029 555 20072 30006 69902 7990/=
36729 32998 30902 10153 20042 39777 40232 53001 80005 555 20041 30002 7000/=
36736 32999 70904 10129 20058 39734 40262 53005 82034 333 55059 555 20037 30001 7000/=
36744 32998 00904 10158 20023 39791 40215 54000 555 20068 30006 7000/=
36770 32999 00000 10142 20034 39530 40219 54000 555 20025 30002 7000/=
36786 32999 00902 10133 20047 39348 40221 57001 555 20055 32002 7002/=
36796 31/92 90000 10023 20013 39083 48541 57003 74541 555 21013 31103 7003/=
36803 32999 51301 10168 20073 39814 40236 56001 80004 555 20091 7000/=
36806 32999 50201 10145 20015 39794 40238 57004 80002 555 20072 7000/=
36819 32998 31410 10152 20053 39613 40191 53007 80001 333 55052 91116 91803 555 20082 31008 7004/=
36821 12984 01202 10124 20041 39756 40224 53005 60002==
36839 32999 02901 10108 20042 39135 40218 57003 555 20046 30003 7000/=
36843 32998 02503 10138 21011 39096 40212 53001 555 20064 31003 7001/=
36846 32999 00904 10079 21026 38654 48542 56001 555 20008 31101 7990/=
36859 12984 00901 10172 20044 39492 40228 57003 60002==
36870 12960 00501 10140 20064 39228 40190 57001 60002==
36874 32999 00909 10138 20058 39466 40205 57002 555 20040 31003 7000/=
36877 32999 00000 10131 20067 39279 40210 57003 555 20033 31002 7000/=
36885 32999 02502 10130 20026 39124 40201 57002 555 20060 31004 7000/=
36889 32999 00000 10010 21134 37114 47138 53004 333 42006 555 21005 7000/=
36894 32999 00906 10141 20057 39513 40217 54000 555 20105 30007 7000/=
36905 32999 00000 10113 20032 38795 48566 57002 333 55017 555 20046 31001 7002/=
36911 12999 00000 10132 20097 39262 40195 57005 6//// 333 20045 31002 555 50141 530// 7000/=
36927 12699 10502 10123 20041 38396 48560 57004 6//// 81100 333 20070 555 50117 530// 7000/=
36934 12599 22001 10147 20046 38310 48426 53001 6//// 81532 333 2//// 555 10150 5//// 530// 7000/=
36953 32599 50000 10034 20023 38275 48508 53001 85600 333 55000 555 20005 31000 7007/=
36963 12999 00903 10007 21022 37104 48/// 53003 6//// 333 2//// 555 10034 5//// 530// 7002/=
36974 12998 00905 10094 20023 38021 48557 53004 6//// 333 2//// 555 10153 5//// 530// 7998/=
36982 12999 00102 11025 21114 36607 47172 53005 6//// 333 21093 555 5//// 530// 7////=
37018 22670 60403 10229 20148 30050 40121 57004 86800 333 20217 30/// 60002==
37031 22560 20802 10168 20114 39977 40165 57005 82501 333 20168 30/// 55100 60002==
37054 22570 80000 10150 20095 39824 40195 57004 885// 333 20150 30/// 60002==
37061 22960 50704 10135 20106 30046 40210 57004 80001 333 20135 30/// 60002==
37085 22970 50403 10150 20136 30234 40208 57006 80001 333 20144 30/// 60002==
37171 22/70 50805 10216 20166 30101 40118 57001 84031 333 20210 60002==
37228 22240 82601 10154 20142 39372 40173 57006 8872/ 333 20154 31/// 55002 60002==
37235 22570 80000 10164 20144 39879 40184 57002 885// 333 20155 31/// 60002==
37472 22970 21602 10201 20146 30215 40193 54000 80001 333 20201 30/// 55094 60002==
38149 12970 02701 10073 20017 30163 40239 54000 60002==
38178 12970 00000 10122 21009 39933 40212 57007 60002 333 55087==
38262 12970 03201 10090 20038 30152 40233 53004 60002 333 55107==
38264 12970 03501 10130 20036 30143 40235 52006 60002==
38345 12999 01001 10127 20046 38834 48535 54000 6//// 333 20048 30003 555 5//// 530// 7000/=
38353 12998 00000 10154 20058 39329 40191 57005 6//// 333 20087 31005 4//// 55/// 555 5//// 530// 7000/=
38388 32998 00000 10128 20013 30143 40216 53010 333 20126 38011 55121 555 7000/=
38392 32997 03602 10125 20041 30125 40226 53005 333 20110 30011 55118 555 7000/=
38396 12960 0//91 10138 20045 30107 40229 53007 60002 333 20081==
38403 12960 00202 10154 20025 30095 40212 57003 60002==
38413 12970 02101 10142 21041 39936 40220 52003 60002 333 55120==
38457 12960 00301 10188 20032 39611 40172 52006 60002 333 55116==
38462 12984 00501 10097 20025 38784 48524 54000 60002 333 20081==
38462 12984 00501 10097 20025 38784 48524 54000 60002 333 20081==
38507 32998 00704 10190 21027 30090 40189 53003 333 20188 30017 55102 555 7000/=
38545 32998 03502 10110 20043 30038 40211 53007 333 20100 30010 55107 555 7000/=
38565 12970 00000 10103 20017 39602 40176 53010 60002 333 20080==
38579 12984 00000 10146 20036 39776 40181 52006 60002 333 55113==
38583 12960 01101 10135 20176 39872 40185 53011 60002==
38599 32998 02501 10177 20036 39686 40180 51008 333 20108=
38611 42/60 23501 10191 20058 39635 40180 52006 82060 333 55096==
38613 12999 00202 10163 20002 40182 53002 6//// 333 20106 30009 555 5//// 530// 7000/=
38616 12598 11801 10168 20051 39207 40179 53003 6//// 81500 333 2//// 555 10173 5//// 530// 7990/=
38618 12984 00000 10173 20061 39507 40168 52005 60002 333 55068==
38647 32998 01006 10185 21025 30135 40176 52002 333 20180 30016 555 7000/=
38656 32998 00702 10158 21014 30105 40212 53010 333 20156 30016 55108 555 7000/=
38683 12960 03605 10138 20015 39916 40186 53011 60002==
38687 32997 03605 10157 21007 39962 40191 53004 333 20136 30014 55080 555 7000/=
38696 12/84 11102 10149 20034 39346 40175 53008 60002 81040 333 55105==
38713 32998 01801 10152 20015 39052 48530 58006 333 20095 30006 55102=
38750 32597 81802 10248 20239 30200 40173 54000 883// 333 20247 30025 55079 555 7000/=
38763 32998 01004 10166 21017 30091 40193 52007 333 20166 30016 55110 555 7000/=
38774 32998 01301 10176 20002 30008 40197 58006 333 20173 30015 555 7000/=
38799 32997 00202 10140 20009 39981 40208 52006 333 20120 30010 555 7000/=
38806 32997 03601 10114 20056 39913 40170 53009 333 20108 30010 555 7000/=
38812 12960 02101 10126 20045 39732 40175 53011 60002==
38836 31696 70000 10200 20081 39232 40120 53006 70500 86532 333 20168=
38880 12997 01302 10192 21002 39950 40196 53008 60002 333 20180 30018 555 7000/=
38886 32997 00000 10167 20023 39992 40214 53016 333 20130 30008 555 7000/=
38895 32996 00302 10158 20043 39921 40203 53005 333 20152 30010 555 7000/=
38911 32998 02801 10133 20017 39887 40176 54000 333 20125 30012 55116 555 7000/=
38915 32997 00000 10151 20067 39864 40179 52017 333 20144 30012 555 7000/=
38927 12960 02703 10176 20019 39812 40175 52017 60002 333 55108==
38933 31996 00000 10171 20120 39680 40175 52005 70500 333 20152 30013 55022=
38944 31996 03601 10204 20065 39601 40109 52015 70500 333 20160=
38954 32999 00000 10103 20004 37982 48550 52006 333 20099 55000=
38974 32974 32998 00901 10160 20025 39870 40195 53007 333 20159 30017 55108 555 7000/=
38987 32996 00000 10137 21002 39481 40209 52002 333 20115 30011 55109 555 7000/=
40030 42970 00000 10230 20190 40099 53004=
40080 42965 02203 10200 20182 39400 4//// 51010=
40100 43/70 01004 10269 20201 30085 40100 53004 333 58///=
40180 02460 11502 10251 20213 30041 40089 52002 81400 333 70000==
40199 02/// /0102 10287 20190 30061 40085 52003 333 70000==
40265 41556 20000 10186 20180 39343 40100 52004 71000 82200 333 82825=
40270 41950 02305 10225 20113 39233 40082 57007 70500=
40272 41950 00000 10178 20130 39298 40094 54000 70500=
40340 42960 03510 10290 20198 30016 40077 54000=
40356 42960 00310 10233 20140 39140 48494 333 59006 555 04410 50052=
40357 42960 01303 10296 20050 39443 40034 333 59006=
40360 42960 02908 10226 20170 39514 40071 333 59008=
40361 42960 02405 10255 20070 39324 40085 333 59006=
40362 42960 01209 10296 20070 39558 40033 333 59001=
40373 42960 01105 10294 20030 39655 40041 333 59001=
40375 42960 02905 10254 20120 39233 40054 333 59005=
40394 42960 00702 10288 20070 38983 48496 333 59006 555 04410 50027=
40394 42960 00702 10288 20070 38983 48496 333 59006 555 04410 50027=
40400 42960 00303 10268 20220 30047 40074 333 59008=
40405 42660 21304 10320 20040 39331 40028 82500 333 59011 82640=
40417 42960 03404 10278 20100 30023 40037 333 58009=
40420 42960 00000 10277 20080 39842 40042 333 58008=
40430 42960 02206 10307 20130 39359 40067 333 59008=
40437 42960 01502 10295 20050 39388 40045 333 58004=
40439 42960 03003 10264 20190 30043 40061 333 59007=
40582 31960 02103 10292 20086 40045 53011 70500 333 55300 00000 10107 20042 30019 41286 51412 60061 55407 40023 90401 91003 91105 91201 91301=
40703 42960 00000 10140 20084 38922 40121 52006 333 10272 20134 70000 555 10110 29069 66666 00224 10230 20268 30282 50280 90262=
40706 42965 01004 10168 20077 38665 40116 52004 333 10256 20166 70000 555 10119 29055 66666 00227 10268 20301 30305 50301 90289=
40712 42960 02703 10112 20065 38683 40119 52003 333 10238 20100 70000 555 10088 29073 66666 00199 10231 20240 30242 50236 90227=
40713 42960 01008 10174 20088 38661 40084 51006 333 10278 20173 70000 555 10126 29057 66666 00263 10279 20284 30281 50279 90260=
40718 41458 52702 10222 20177 30214 40187 52007 78000 85300 222// 0//// 20201 333 10254 20212 70000 83915 85620 555 10194 29076 66666 00236 10264 20264 30274 50280 90166=
40723 42560 19901 10154 20057 38993 40174 53006 81100 333 10241 20138 70000 555 10105 29052 66666 00178 10196 20242 30250 50254 90244=
40726 42960 00000 10136 20060 38661 40108 53007 333 10262 20136 70000 555 10097 29060 66666 00220 10236 20272 30266 50266 90256=
40727 42965 00000 10096 20031 38491 40113 52005 333 10267 20095 70000 555 10066 29064 66666 00177 10221 20255 30257 50249 90232=
40732 41557 72801 10234 20187 30192 40168 53002 70522 87500 333 10254 20232 70000 87626 555 10204 29075 66666 00262 10268 20286 30288 50282 90266=
40736 42560 72303 10228 20214 30201 40177 52004 83670 333 10255 20227 79999 83722 87359 555 10219 29092 66666 00271 10286 20293 30296 50297 90289=
40737 42560 72101 10225 20206 30158 40175 52003 84570 333 10244 20220 70000 84627 87458 555 10213 29089 66666 00262 10264 20268 30263 50255 90250=
40738 42560 62603 10245 20204 30188 40190 53007 84850 333 10276 20240 70000 81830 83635 85359 555 10218 29078 66666 00272 10280 20288 30290 50288 90276=
40739 42965 00203 10178 20120 38719 40144 52010 333 10214 20166 70000 555 10144 29069 66666 00220 10218 20262 30280 50283 90278=
40741 42960 00000 10167 20010 39870 40192 52009 333 10257 20145 70000 555 10097 29034 66666 00222 10256 20290 30304 50315 90315=
40743 42965 00905 10192 21013 39088 40150 52012 333 10274 20188 70000 555 10100 29025 66666 00245 10272 20308 30321 50320 90316=
40745 42962 00000 10160 20037 39080 40188 53011 333 10216 20137 70000 555 10101 29044 66666 00168 10206 20244 30266 50267 90265=
40747 42960 00402 10203 20051 38635 40072 52011 333 10309 20202 70000 555 10123 29037 66666 00234 10280 20303 30305 50297 90291=
40754 42960 02902 10229 20071 38836 40096 53010 333 10301 20226 70000 555 10142 29036=
40762 42962 00502 10176 21034 38579 40124 52013 333 10236 20158 70000 555 10084 29024 66666 00196 10234 20258 30274 50276 90282=
40766 42980 00000 10150 21055 38677 40071 53009 333 10365 20141 70000 555 10067 29024 66666 00197 10252 20292 30297 50292 90280=
40768 42965 00000 10123 20025 38272 40089 52006 333 10266 20123 70000 555 10076 29051 66666 00213 10220 20281 30291 50284 90279=
40769 41956 03102 10188 20022 38318 40084 52010 70600 333 10253 20182 70000 555 10105 29033 66666 00232 10260 20300 30304 50304 90292=
40780 42960 01003 10183 21072 38655 40061 53003 333 10314 20175 70000 555 10080 29017 66666 00262 10298 20320 30320 50318 90308=
40782 42965 00000 10164 21017 38837 40070 53010 333 10315 20157 70000 555 10084 29029 66666 00202 10222 20290 30294 50308 90290=
40785 42960 02202 10220 21001 39076 40103 52018 333 10321 20183 70000 555 10116 29023 66666 00306 10330 20346 30358 50366 90378=
40791 42960 00801 10254 21053 39309 40074 52018 333 10368 20236 70000 555 10120 29013 66666 00286 10300 20340 30352 50357 90353=
40792 42965 00501 10201 21030 38720 40089 52016 333 10294 20166 70000 555 10098 29021 66666 00236 10264 20294 30314 50234 90308=
40798 42960 02702 10090 21029 37991 40102 52011 333 10267 20078 70000 555 10040 29043 66666 00171 10216 20264 30273 50264 90255=
40800 42960 00000 10178 21010 38473 40085 52012 333 10319 20165 70000 555 10091 29028 66666 00180 10204 20268 30302 50302 90292=
40809 42960 00904 10187 21103 38499 40072 53012 333 10187 20187 70000 555 10075 29013 66666 00202 10244 20286 30304 50304 90296=
40811 42960 02801 10255 20109 30000 40024 52011 333 10418 20242 70000 555 10172 29040 66666 00300 10340 20366 30376 50382 90380=
40812 42960 03601 10266 20020 39673 40022 52009 333 10397 20264 70000 555 10144 29020 66666 00332 10350 20382 30404 50402 90390=
40818 42965 00000 10144 21089 38009 40075 52012 333 10285 20143 70000 555 10053 29019 66666 00236 10266 20282 30288 50298 90296=
40821 42960 02902 10232 21030 38786 40078 52014 333 10328 20213 70000 555 10112 29017 66666 00269 10297 20336 30342 50337 90344=
40829 42960 03308 10240 21046 39549 40088 52025 333 10332 20227 70000 555 10117 29015 66666 00252 10288 20324 30324 50314 90298=
40831 42960 02002 10262 20127 30030 40038 52009 333 10392 20260 70000 555 10183 29043 66666 00316 10350 20376 30380 50376 90368=
40833 42960 01301 10243 20073 30008 40038 52007 333 10419 20231 70000 555 10153 29034 66666 00326 10348 20356 30374 50384 90368=
40835 42960 00000 10236 20055 39270 40049 52010 333 10370 20221 70000 555 10141 29031 66666 00282 10314 20342 30354 50360 90350=
40841 42970 01402 10161 21093 38257 40068 52012 333 10363 20114 70000 555 10063 29017 66666 00242 10236 20288 30292 50292 90290=
40845 41958 00000 10289 20274 30033 40038 52011 71000 333 10368 20283 70000 555 10278 29092 66666 00322 10340 20364 30372 50370 90362=
40848 42960 30000 10172 20048 38513 40056 52012 83030 333 10324 20170 70000 83360 555 10108 29044 66666 00238 10268 20300 30306 50304 90290=
40851 42960 00000 10220 20015 38264 40029 53014 333 10315 20218 70000 555 10116 29026 66666 00252 10290 20324 30330 50330 90318=
40854 42960 02702 10282 21109 38916 40033 52018 333 10346 20260 70000 555 10121 29007 66666 00260 10288 20342 30370 50372 90370=
40856 41957 02302 10192 21043 38634 40076 53010 70600 333 10298 20148 70000 555 10090 29020 66666 00186 10238 20292 30306 50314 90312=
40859 42960 40000 10210 20066 38680 40041 53010 84030 333 10346 20208 70000 84360 555 10132 29039 66666 00236 10270 20292 30298 50298 90293=
40875 41556 30504 10300 20258 30046 40057 52018 70510 83500 333 20294 83630 555 10270 29078 66666 00336 10356/3 20370 30375 50372 90372=
40879 42962 00302 10304 20098 39418 40049 52021 333 10385 20279 70000 555 10184 29028 66666 00342 10362 20392 30402 50404 90398=
40882 41930 01103 10310 20282 30005 40038 53015 71000 333 10332 20300 70000 555 10289 29085 66666 00330 10342 20376 30384 50372 90364=
40883 41930 01005 10315 20277 30019 40041 53017 71000 333 10331 20298 70000 555 10287 29080 66666 00334 10351 20371 30380 50383 90375=
40893 41557 21107 10290 20257 30052 40057 53018 71000 82500 333 10315 20289 82625 70000 555 10266 29082 66666 00356 10358 20364 30365 50369 90369=
40898 41556 40000 10293 20246 30050 40059 51009 70510 84600 222// 00300 20900 333 10293 20284 70000 84720 555 10260 29076 66666 00310 10326 20364 30376 50378 90368=
41024 42960 03404 10294 20190 30039 40064 90246 333 59008=
41036 42960 00000 10246 21030 38550 48501 333 59005 04410 50064=
41055 42960 03208 10234 20100 38360 48502 333 59002 555 04410 50063=
41061 42960 03106 10250 20000 39366 40034 333 59007=
41084 42960 01804 10258 20020 38823 48492 333 59005 555 04410 50027=
41112 42960 00000 10164 20060 37947 48506 333 59003 555 04410 50071=
41114 42960 00000 10169 20100 37979 48498 333 59003 555 04410 50050=
41128 42960 03004 10232 21020 38774 48491 333 59006 555 04410 50044=
41136 42960 00000 10249 20000 39259 40033 333 59003=
41140 41958 00904 10309 20270 30048 40052 71000 333 59006=
41150 42962 03303 10313 20269 40041 333 58013=
41176 44/59 /2804 10282 20250 30032 40038 333 58008=
41184 42960 01107 10309 20238 40051 333 58014=
41194 42960 01207 10311 20229 30040 40046 333 58015=
41196 42960 01407 10304 20221 30012 40051 333 58015=
41216 42960 00805 10320 20250 30040 40044 333 58009=
41217 42960 01005 10314 20221 30012 40040 333 58010=
41255 36/// /1202 10269 20201 39555 40050 333 0E029 58014=
41263 26/// /2103 10261 20204 39496 40044 333 0E025 55300 20001 58013 70122=
41267 36/// /1102 10282 20242 30044 40056 333 0E028 58017=
41275 36/// /1212 10253 20226 39912 40077 333 0E025 55300 20001 58018=
41288 32560 71906 10267 20234 30053 40074 87500 333 5//// 87620=
41315 26/05 /0000 10225 20224 39266 47530 333 0E025 55300 27865 58014 70000=
41316 32470 70204 10267 20250 30044 40073 87600 333 58012 55040 55407 55408 55507 55508 82714 87620=
41480 41940 42704 10310 20263 30042 40050 70644 84030 333 59003 84360=
41859 42450 60000 10313 20270 30012 40048 83520 333 20287 58004 83618 86458==
41883 02450 80000 10302 20270 30031 40051 8452/ 333 20286 58013 70000 84618 88458==
41891 01450 30000 10311 20260 30015 40053 70522 83300 333 20264 58009 70005 83615 81930==
41907 02450 71302 10320 20270 30032 40047 83510 333 20275 58012 70032 83615 87458==
41923 02450 41702 10323 20250 30043 40053 82530 333 20275 58014 70008 82616 83365==
41936 01450 31510 10312 20260 30026 40033 70521 81530 333 20274 58006 70000 81615 83362==
41943 02440 51802 10316 20260 30043 40050 83530 333 20268 58008 70020 83616 83362==
41950 02450 61402 10322 20260 30038 40040 85431 333 20265 58000 70018 84617==
41978 02459 41006 10317 20270 30046 40052 82501 333 20272 58010 70031 82618 83080==
41992 01/35 20000 10315 20250 30049 40051 70511 82030 333 20268 58008 70000 82362==
42027 21995 01402 10188 20147 38409 48493 71000 333 10250 20145 58015 6990/ 555 10164=
42044 32596 20000 10190 20153 38278 48509 82500 333 20130 58011 555 10117=
42045 32596 10000 10186 20148 38306 48430 81100 333 10280 20142 58003 81833 555 10209=
42056 22696 11401 10280 20252 39629 81100 333 10314 20231 59004 6990/ 81840 555 11041=
42071 32996 09902 10298 20279 40058 333 10345 20259 58001 555 10480=
42101 21595 70000 10274 20271 40063 71022 84530 333 10294 20257 59003 6010/ 84630 84360 555 00100 10557=
42111 21596 20000 10286 20244 39361 40032 71011 81130 333 10304 20238 58001 6996/ 81830 82360 555 00006 11870=
42123 32996 20000 10282 20268 40049 80001 333 10348 20268 59002 82070 555 10407=
42131 22896 50000 10282 20249 40048 83031 333 10310 20246 59006 6995/ 555 00005 10506=
42165 32996 20000 10292 20264 40040 80001 333 10356 20285 58005 82070 555 10295=
42182 21594 70000 10282 20265 40049 71022 83320 333 10344 20252 59002 6002/ 83630 81935 87459 555 00018 10911=
42189 21995 00000 10300 20275 40042 70510 333 10338 20260 59002 6990/ 555 10883=
42260 21495 79901 10296 20286 40045 71022 84930 333 20273 58003 6994/ 555 00004 10747=
42309 32496 62702 10292 20270 40054 83830 333 20238 58006=
42314 32596 29902 10320 20273 40052 82130 333 20279 58007 82825 555 11492=
42328 31995 02505 10286 20261 40026 70500 333 10365 20266 58006 555 10449=
42339 21995 02701 10280 20254 40053 70500 333 10333 20257 58003 6009/ 555 00090 10520=
42348 21495 83204 10258 20241 40055 75065 8692/ 333 10290 20248 58009 6005/ 85620 81935 88459 555 00052 11326=
42361 21595 70000 10276 20265 40047 70521 85530 333 20263 58006 6001/ 85620 87360 555 00012 10793=
42369 21996 10000 10324 20275 40042 71000 80001 333 10360 20269 59002 6017/ 81070 555 00172 10624=
42379 31596 30000 10334 20271 40036 70500 81201 333 10362 20272 59003 81825 555 10698=
42398 32596 30503 10340 20255 40041 82530 333 20271 58000 555 11836=
42410 31496 40000 10328 20261 40052 70522 82530 333 10380 20260 58003 82618 84360 555 10928=
42415 32596 60000 10310 20265 40062 83431 333 20253 58007 82620 83360 555 10875=
42452 21595 83603 10260 20254 40050 79596 8192/ 333 10301 20258 58011 6038/ 555 00380 11026=
42492 31495 52304 10310 20286 40040 71011 85400 333 20292 59006 83618 84825 555 10539=
42559 22596 80000 10254 20248 40044 8452/ 333 20250 58010 6005/ 84620 88458 555 00046 11008=
42571 32596 50000 10290 20265 40042 82530 333 20268 59002 82625 84360 555 11025=
42623 31496 51402 10264 20233 39215 40059 71020 83530 333 10331 20211 58008 83618 85360 555 10745=
42634 32596 40000 10276 20247 40079 84800 333 20255 58014 83620 555 10727=
42647 31495 72704 10280 20252 40074 71022 83772 333 20267 56699 58013 83718 86358 555 11037=
42667 21495 82310 10254 20243 39485 40062 75022 85930 333 10295 20240 58019 6005/ 83710 84620 81930 86360 555 00047 11394=
42675 31496 72702 10274 20245 40048 70521 85640 333 20250 58005 82715 84625 86360 555 11117=
42701 31495 60000 10268 20234 39322 40030 71022 84530 333 10324 20244 59003 84618 85360 555 11046=
42724 21496 40000 10316 20266 40052 71022 82530 333 20260 58012 6994/ 82618 83360 555 00004 11542=
42737 32596 32506 10270 20250 40075 83500 333 20248 58011 83620 555 11294=
42754 31495 72707 10244 20227 39442 40068 70522 85630 333 20229 58013 83710 83618 86360 555 10789=
42779 22595 60000 10266 20255 39365 40045 84530 333 20220 58002 6025/ 84620 555 00252 11203=
42798 31496 71107 10298 20250 40034 70522 83530 333 20256 59001 83615 86360 555 10724=
42809 21596 50503 10312 20268 40037 70522 85830 333 20266 58001 6009/ 82620 83825 555 00090 10886=
42840 32596 52702 10288 20257 40080 84830 333 20266 58011 82620 83825 555 11459=
42867 21496 62903 10270 20250 40062 70522 84520 333 20242 58010 6007/ 84618 86458 555 00066 10956=
42874 21595 83202 10286 20272 40042 71022 8353/ 333 20263 58001 6009/ 83620 88360 555 00085 10845=
42886 21596 40904 10294 20266 40038 70596 82530 333 20257 59005 6001/ 82620 84360 555 00014 10791=
42895 21495 80902 10286 20278 40034 76062 8652/ 333 20261 59002 6003/ 85618 87458 555 00026 10558=
42909 22596 30000 10278 20264 40080 83030 222// 20000 333 20269 58009 6001/ 83358 555 00014 10816=
42971 21496 60506 10280 20263 40025 72162 80030 333 20259 56190 59013 6034/ 84617 85360 555 00341 10907=
43003 21495 62303 10286 20252 40085 70562 84830 333 20258 58007 6007/ 83618 84825 555 00074 12514=
43014 21495 62705 10238 20223 39436 40078 71042 83630 333 20220 58010 6015/ 82712 83620 86360 555 00152 10555=
43041 21495 83204 10252 20238 39438 40044 71022 8561/ 333 20239 59001 6998/ 82715 85620 88458 555 00008 11161=
43063 22597 52701 10248 20231 39469 40087 85700 333 20217 56600 58002 6994/ 82722 83626 555 00004 10942=
43086 22597 80000 10260 20239 39881 40058 8357/ 333 10310 20255 58009 6992/ 555 00002 10939=
43110 22496 81401 10270 20253 40099 84831 333 20252 58005 6016/ 81618 83822 86358 555 00161 13745=
43117 22997 63202 10254 20243 40084 80001 333 20231 58007 6004/ 555 00042 10649=
43128 21496 59902 10250 20224 39475 40077 70522 82730 333 10296 20234 56690 58013 6990/ 82710 83615 87360 555 10720=
43150 21496 82502 10256 20253 39971 40031 76566 8462/ 222// 20000 333 10315 20252 58000 6073/ 83712 84618 88458 555 00727 10686=
43185 21596 82703 10258 20246 30052 40055 76065 8387/ 333 10316 20252 58011 6007/ 82620 87458 555 00075 10945=
43189 21596 82302 10262 20244 30040 40049 76066 8382/ 333 10321 20255 58010 6008/ 555 00081 10694=
43192 21596 70000 10274 20263 40100 70262 83732 333 20256 58006 6999/ 555 00009 13757=
43198 22396 72506 10230 20209 39276 40098 84631 333 10286 20210 56699 58005 6999/ 70009 83707 84612 85358 555 00009 10878=
43201 22497 72003 10240 20220 39352 40072 84630 333 10310 20210 56690 58008 6990/ 83710 83612 86358 555 10365=
43213 22597 82504 10260 20242 39758 40073 8357/ 333 10308 20245 58011 6993/ 555 00003 10595=
43233 22497 72709 10234 20210 39299 40114 84610 333 10291 20216 56690 58014 6002/ 70020 555 00020 10409=
43237 22597 82304 10260 20224 39673 40063 8452/ 333 10334 20244 58012 6002/ 84620 88458 555 00019 10329=
43245 32597 62302 10294 20248 30047 40073 82478 333 10336 20280 58010 555 10311=
43279 31596 83203 10290 20232 30070 40087 70522 83577 333 10341 20265 58018 83620 85360 86270 555 10611=
43284 21296 70903 10260 20251 39997 40113 71064 84671 333 10289 20246 58007 6010/ 70096 82704 83612 86458 555 00096 13402=
43295 32497 62304 10220 20193 39099 48507 84630 333 10290 20210 56590 58013 83710 83612 555 10527=
43310 22595 62302 10286 20269 40072 83321 333 20260 58016 6004/ 555 00036=
43314 21496 70000 10270 20253 40122 70262 83872 333 10342 20256 58013 6008/ 555 00082 11858=
43321 31496 62310 10264 20226 39662 40106 70522 82407 333 10322 20236 58010 82612 85270 555 10100=
43333 21495 72311 10288 20254 40088 70562 86401 333 20243 56509 58016 6007/ 84618 85820 555 00068 11556=
43344 31496 62712 10296 20232 30001 40100 70522 83531 333 10375 20276 58015 83616 85360 555 10268=
43353 21395 79902 10260 20250 40127 71065 83520 333 10300 20248 56790 58014 6018/ 83706 83612 86458 555 00180 11395=
43371 22497 69902 10274 20254 30056 40128 84202 333 10325 20252 56709 57883 58017 6990/ 83617 83825 555 10923=
43404 22470 52104 10307 20273 30096 40099 51025 83/// 333 10330 20281 553// 20283 58016 60008 70000 82920 91009==
43410 22470 3//// 10297 20245 30099 40103 81102 333 10324 20272 3/027 58016 60008 70000 81/18==
43413 22470 82306 10292 20251 30106 40111 51022 88150 333 10313 20280 3/027 553// 20188 58017 60008 70000 91011==
43415 22470 82402 10288 20248 39989 40097 54000 82000 333 10303 20258 3/024 58005 60008 70000==
43418 22470 72302 10297 20237 30059 40100 52014 81000 333 10320 20271 58015 60008 70000==
43421 22470 32503 10298 20260 30010 40114 52019 83000 333 10341 20260 3/025 553// 20227 58018 60008 70000 91008==
43422 22470 62303 10281 20251 39981 40114 85206 333 10295 20254 3/024 55001 58017 60008 70000==
43424 22470 62204 10294 20254 30112 40114 52019 85000 333 20278 58021 60008 70000==
43436 22/70 80000 10299 20235 30102 40105 52017 333 20264 3/025 58020 60008 70000==
43441 22470 80000 10278 20253 39987 40119 52020 86000 333 20256 58019 60008 70002==
43444 22470 82003 10254 20222 39590 40120 52021 87000 333 10258 20234 58013 60008 70024==
43450 21470 42304 10293 20257 30115 40127 53016 78082 84100 333 20277 3/025 58014 69918 70001==
43466 22470 32302 10298 20239 30122 40130 5/021 82000 333 10302 20264 3/026 553// 20265 58016 60008 70076 91004==
43467 22470 42304 10298 20255 30125 40131 52022 83100 333 20275 58016 60008 70011==
43473 21268 72806 10161 20161 38139 48505 52020 70382 86000 333 10192 20145 3/014 553// 20204 58008 60008 70031 91010==
43475 22/70 62403 10313 20229 30107 40111 52017 333 10380 20270 553// 20258 58019 60008 70000 91007==
43476 21464 72701 10230 20176 38792 48539 70522 83000 333 10236 20191 58015 60008 70000 91004==
43479 21/69 70902 10248 20200 39274 53024 70520 333 10278 20204 58016 60008 70000 82/16==
43486 21460 60101 10288 20288 30030 40129 51020 70522 84000 333 10314 20243 553// 20249 58013 60008 70000 91003==
43495 21470 62306 10285 20257 30114 40127 52/// 70282 83000 333 20265 58011 60018 70012==
43497 21868 82802 10273 20000 30106 40123 52021 76066 88/// 333 10308 20249 58013 69958 70052 84818 84/18 91006==
44212 41684 72705 10098 20012 39122 40218 52021 70262 87500==
44213 41570 82102 10060 20038 38794 40223 52011 70262 885//==
44214 42670 43205 10080 21061 38311 40233 52013 84800==
44215 42670 63010 10081 21047 38429 40222 52016 86540==
44217 32698 40000 10031 21060 37883 40275 52023 84500 333 91202=
44218 42684 33104 10130 21083 38623 40197 51018 81130==
44219 41599 62402 10105 20042 38620 40191 52003 70282 84346 333 91208=
44265 42684 22605 10122 20006 38885 40240 51008 82200==
44266 31699 63106 10078 21063 37799 40209 52008 70932 85870 333 91115 91211=
48010 42557 50401 10295 20270 39898 40047 83830 333 58008==
48020 42357 30000 10296 20253 82801==
48025 42440 60000 10297 20266 39922 40058 84840 333 59002==
48031 42257 61801 10225 20185 86800==
48048 42557 51801 10305 20253 30009 40064 84950 333 59007==
48052 22456 71402 10302 20223 83876 333 56999=
48062 42456 70906 10280 20268 30055 40060 86970 333 58020==
48064 42456 70201 10290 20259 39990 40046 85831 333 58006==
48071 41457 72305 10280 20268 30058 40066 72162 85970 333 58012==
48094 42457 80000 10275 20265 30063 40073 85970 333 58016==
48109 42460 82306 10300 20266 30080 40084 8697/ 333 58021==
50557 14/80 /0603 10220 20120 39840 40125 52001 60001 333 10230 20084 3/008 58032 70000 90761 91105==
51076 14/80 /1801 10120 20040 39404 40268 52014 60001 333 10152 20054 3/004 58123 70000 90761 91106==
51087 14/80 /2804 10116 20039 39262 40265 52012 60001 333 10181 20081 3/008 58140 70034 90761 91109==
51156 14/80 /1102 10090 20023 38760 40268 52008 60001 333 10112 20027 3/001 58111 70001 90761 91109==
51243 14/80 /1802 10170 20062 39724 40256 52003 60001 333 10170 20104 3/009 58111 70036 90761 91105==
51334 14/64 /2401 10149 20086 39863 40258 52005 60001 333 10169 20078 3/006 58083 70031 90761 91104==
51379 14/80 /3002 10142 20037 39345 40271 52002 60001 333 10226 20086 3/010 58139 70051 90761 91106==
51463 14/80 /3503 10122 20032 39101 40273 52004 60001 333 10171 20085 3/006 58116 70171 90761 91111==
51573 14/58 /0902 10234 20049 30125 40172 52028 60001 333 10368 20210 3/022 58147 70000 90761 91109==
51644 14/75 /1002 10217 21044 38949 40139 52022 60001 333 10287 20089 3/010 58091 70000 90761 91112==
51656 14/80 /2503 10190 20040 39147 40151 52035 69901 333 10290 20146 3/011 58097 90761 91107==
51709 14/80 /1500 10219 21021 38635 40116 52012 60001 333 10296 20129 3/012 58084 70000 90761 91111==
51711 14/80 /2403 10126 21050 38055 40125 52006 60001 333 10233 20053 3/001 58086 70000 90761 91107==
51716 14069 00502 10210 20041 38913 40129 52017 60001 333 10315 20117 3/011 58093 70000 90761 91106==
51765 14/60 /0904 10221 20051 39205 40143 52025 60001 333 10319 20181 3/016 58105 70000 90761 91111==
51811 14/60 /0000 10234 20062 38785 40110 52010 60001 333 10298 20189 3/016 58084 70000 90761 91107==
51818 14/58 /0200 10235 20091 38644 40104 52006 60001 333 10304 20181 3/017 58083 70000 90761 91109==
51828 14/30 /1302 10208 20071 38651 40122 52008 69901 70600 333 10305 20195 3/017 58098 90761 91115==
51886 14/80 /1802 10145 21008 37170 40062 52015 60001 333 10236 20121 3/011 58041 70000 90761 91108==
52203 14/73 /1403 10193 20039 39317 40149 52019 60001 333 10340 20182 3/019 58102 70000 90761 91115==
52602 14/80 /0204 10194 21035 37296 40017 52010 60001 333 10245 20139 3/013 58007 70000 90761 91110==
52681 14/50 /3103 10166 20155 38615 40101 52021 60001 71000 333 10239 20140 3/014 59005 70000 90761 91106==
52818 14/80 /2805 10157 20014 37275 40046 52017 60001 333 10274 20144 3/013 58025 70008 90761 91111==
52908 14/80 /2002 10092 20042 35849 40004 52006 60001 333 10157 20039 3/001 58001 70009 90761 91112==
53463 14/49 /3201 10173 20173 38844 40120 57002 60071 76000 333 10213 20153 3/016 59040 70267 90761 91104==
54857 14/80 /1602 10279 20202 30066 40155 57004 60001 333 10286 20235 3/022 59001 70000 90761 91105==
55228 14/80 /2902 10124 21001 36091 49969 52013 60001 333 10196 20086 3/005 58011 70000 90761 91106==
55299 14/80 /2402 10124 20056 35931 49998 52008 60001 333 10162 20061 3/004 58005 70000 90761 91103==
55578 14/80 /1202 10177 20036 36437 49971 52011 60001 333 10231 20108 3/009 58007 90761 91105==
55591 14/80 /1003 10168 20063 36581 49976 52011 60001 333 10240 20154 3/013 58005 70000 90761 91106==
55664 14/80 /0902 10136 20022 36083 40005 52007 60001 333 10205 20077 3/007 58008 70000 90761 91104==
55773 14/80 /0601 10108 20049 36087 40046 52004 69951 333 10152 20044 3/003 58004 70008 90761 91109==
56004 14/80 /2801 10103 20042 35909 40002 52010 60001 333 10164 20047 3/002 58006 70000 90761 91112==
56018 14/80 /0701 10139 20055 36257 40009 52001 60001 333 10213 20081 3/008 58004 70083 90761 91111==
56116 14/80 /2101 10138 20071 36414 40038 52004 69921 333 10173 20097 3/009 58002 70002 90761 91110==
56312 14/80 /1402 10190 20078 37132 40033 57001 60001 333 10249 20130 3/012 58003 70000 90761 91107==
57494 14/63 /1301 10343 20230 30084 40112 52001 60001 333 10366 20265 3/027 59006 70000 90761 91105==
58847 14/69 /0702 10324 20239 30015 40112 57006 60001 333 10339 20271 3/026 58001 70000 90761 91107==
62332 42960 02306 10269 20245 40094 57002==
62366 44556 33604 10264 20231 40095 57001 71000 83200==
62387 32960 03105 10239 20196 40101 57001=
62393 42960 03208 10247 20153 40127 57002==
62405 42960 01704 10274 20130 40089 52003==
62414 42960 02903 10281 20101 40098 52002==
62420 32960 03203 10237 20171 40110 57002=
62435 42960 03503 10287 20122 40089 54000==
62458 32960 03205 10285 20183 40083 57001=
63333 43580 60000 10142 20140 38179 40195 82531 333 58000 82626 85358=
63340 41560 80000 10146 20146 37957 40182 760// 8652/ 333 59020 86623 87457=
63403 41550 83602 10130 20130 710// 8751/ 333 87621 88457=
63450 41558 72602 10138 20138 37762 40283 71022 86570 333 59002 86624 87458=
63453 41060 81802 10198 2//// 39099 40330 750// 8781/ 333 58024 83700 84823 88458=
63460 43580 70000 10170 20154 87800 333 83824 84625=
63471 42580 61902 10214 20176 38867 40134 83570 333 58016 83628 84458=
63474 43580 70000 10122 20103 37618 4//// 87500 333 59004 87623=
63500 43580 80000 10218 20160 8352/ 333 83623 85458=
63533 43580 60302 10162 20128 38541 4//// 81134 333 59007 81825 83358 85070=

42747 Not Received
42686 Not Received
43369 Not Received
