SIPK OPKC 100900=
41504 22697 50000 10260 20094 37781 48375 85800 333 56900 58004 60007 82640 83845 RH35%=
41505 22697 30000 10300 20072 38/// 48/// 82430 333 56990 58/// 60007 82840 83360 RH 24%=
41506 22697 31812 10330 20071 38417 48411 83200 333 56900 59008 60007 83830 20%=
41506 22697 31812 10330 20071 38417 48411 83200 333 56900 59008 60007 83830 20%=
41507 22997 01802 10345 20183 39159 49639 333 59034 60007 38%=
41508 22697 33102 10303 20159 38595 48473 83200 333 56900 59013 60007 83835 RH 41%=
41509 22697 52304 10335 20104 38652 48409 82520 333 56990 59005 60007 82640 83460 RH 24%=
41510 22697 20902 10240 20099 37865 48435 82200 333 56900 59005 60007 82840 41%=
41515 22697 30000 10303 20128 38479 48442 83200 333 56900 58001 60007 83850 34%=
41516 22697 21802 10340 20112 38440 48395 82100 333 56900 59009 60007 82840 RH25%=
41517 22697 31303 10280 20035 37728 48381 83400 333 56900 59011 60007 83840 21%=
41518 22697 41804 10356 20050 38/// 48/// 83230 333 56990 5//// 60007 83840 81362 15%=
41519 22997 02702 10365 20044 38650 48407 333 59009 60007 RH14%=
41520 22697 33602 10260 20012 37584 48148 83400 333 56900 59011 60007 83840 20%=
41523 22997 02304 10330 20191 38997 48455 333 59009 60007 44%=
41524 22997 02702 10350 20171 39214 40009 333 59004 60007 RH 35%=
41525 22697 30000 10210 20148 37654 48325 83200 333 56900 59015 60007 83840 68%=
41528 22997 00000 10345 20192 39133 48474 333 59013 60007 41%=
41529 22996 03602 10360 20249 39648 40002 333 59014 60007 RH 53%=
41530 21696 63108 10355 20232 39601 49985 70522 83401 333 56909 59013 60007 83840 83070 48%=
41534 22697 23102 10350 20245 39606 49991 82500 333 56900 59011 60007 82640 RH 55%=
41535 22997 01302 10300 20198 38612 48393 333 59035 60007 RH54%=
41536 22997 01802 10325 20185 38948 48455 333 59008 60007 43%=
41560 22997 21304 10280 20152 38239 48449 82030 333 56090 59013 60007 82360 Rh46%=
41562 22997 01306 10370 20236 39567 49997 333 59010 60007 46%=
41565 22696 50000 10289 20263 38625 48501 83520 333 56990 58001 60007 83635 82460 85%=
41567 21996 00000 10340 20249 39616 40007 70400 333 59018 60007 59%=
41571 21696 31010 10345 20226 39452 49994 70500 82830 333 56990 59008 60007 RH50%=
41572 21696 23108 10340 20229 39393 49975 70400 82500 333 56900 59008 60007 82640 RH52%=
41573 22697 61304 10230 20170 37943 48439 86400 333 56900 59013 60007 86640 69%=
41574 22697 32304 10270 20175 38294 48460 83400 333 56900 59009 60007 83640 56%=
41576 21696 42304 10360 20256 40022 70422 84400 333 56900 58002 60007 84640 65%=
41577 21696 20000 10345 20242 39432 40007 70400 82400 333 56900 58002 60007 82840 RH 55%=
41593 21996 30000 10380 20264 39794 49990 70400 83030 333 56090 59008 60007 83360 52%=
41597 22997 30000 10355 20281 40013 83030 333 56090 59004 60007 83362 66=
41598 21696 31304 10360 20264 39742 49995 70400 83400 333 56900 59001 60007 83835 58%=
41599 21696 60912 10310 20239 39742 40017 70421 83470 333 56990 58000 60007 83640 83760 66%=
41600 21696 61306 10300 20243 40016 70422 83570 333 56990 58007 60007 83645 83363 72%=
41620 32696 23604 10330 20082 38497 48402 82500 333 56900 59007 60007 82640 22%=
41624 22997 01302 10365 20255 49991 333 59010 60007 53%=
41625 21996 00000 10380 20264 39790 49974 70400 333 59016 60007 52%=
41630 21696 40502 10370 20252 40005 70400 84400 333 56900 59008 60007 84640 51%=
41633 22997 00000 10385 20246 4//// 333 5//// 60007 45%=
41634 22697 30000 10340 20237 3//// 4//// 83600 333 56900 5//// 60007 83640 55%=
41635 22997 22702 10380 20256 3//// 4//// 82030 333 56090 5//// 60007 82362 50%=
41636 21696 30000 10380 20264 39833 40002 70400 83400 333 56900 59008 60007 83640 52%=
41638 21696 20000 10370 20252 4//// 70400 82400 333 56900 5//// 60007 82840 51%=
41639 22697 61306 10360 20264 4//// 83530 333 56990 5//// 60007 83640 83360 58%=
41640 21696 80504 10290 20240 39777 40016 72162 8352/ 333 5699/ 58004 60027 83640 88460 74%=
41641 21696 60812 10290 20232 39754 40016 70496 83470 333 56990 58004 69907 83640 84460 71%=
41642 21696 60910 10310 20261 4//// 70410 83510 333 56990 5//// 60007 83640 84460 RH.75%=
41643 21696 60502 10260 20231 39748 40015 72162 83470 333 56990 58001 60067 83640 83460 84%=
41644 22697 30000 10350 20283 4//// 83200 333 56900 5//// 60007 83840 68%=
41646 21696 60000 10365 20255 39820 40018 70400 84470 333 56990 59005 60007 84640 84660 53%=
41652 21996 01308 10365 20255 39833 40000 70400 333 59008 60007 53%=
41660 21995 02710 10290 21088 38371 48454 70500 333 59010 60007 RH 08%=
41661 21995 03602 10295 20034 38324 48440 70540 333 59015 60007 19%=
41669 22697 41802 10375 20258 3//// 4//// 82530 333 56990 5//// 60007 82640 82360 52%=
41670 21996 31302 10365 20262 4//// 70400 83030 333 56090 5//// 60007 83360 56%=
41674 21696 41806 10370 20260 3//// 4//// 70400 84400 333 56900 5//// 60007 84840 54% =
41675 21696 42306 10380 20240 39857 49991 70500 84400 333 56900 59014 60007 84840 45%=
41676 21996 22302 10380 20294 39889 40034 70400 82030 333 56090 59010 60007 82361 62%=
41677 21696 30000 10380 20256 39828 49983 70400 83500 333 56900 59014 60007 83640 50%=
41678 21996 00000 10380 20240 49995 70500 333 59015 60007 45%=
41678 21996 40000 10380 20240 49995 70500 84020 333 56090 59015 60007 84460 45%=
41679 21696 60502 10345 20255 4//// 70422 83570 333 56990 5//// 60007 83640 83460 60%=
41680 21696 50000 10370 20268 49997 70421 85400 333 56900 59009 60007 85840 56%=
41685 22697 41302 10330 20173 38827 48436 84200 333 56900 59012 60007 84840 RH39%=
41696 22997 01302 10270 21002 37993 48479 333 59006 60007 Rh17%=
41697 22997 01304 10410 20207 49985 333 59009 60007 RH31%=
41700 21696 30000 10395 20233 49982 70500 83500 333 56900 59013 60007 83640 40%=
41701 21696 33106 10400 20248 49990 70500 83500 333 56900 59009 60007 83640 42%=
41710 21994 03116 10320 21135 49992 70700 333 59002 60007 RH05%=
41712 21996 02306 10340 21079 39104 48463 70600 333 59005 60007 RH06%=
41715 21696 20502 10365 20285 49995 70500 82500 333 56900 59002 60007 82635 RH64%=
41716 21996 00000 10375 20242 40000 70500 333 59009 60007 47%=
41718 21996 00000 10390 20268 49988 70400 333 59020 60007 50%=
41724 01996 00000 10375 20258 40009 70500 333 59006 60007 RH52%=
41725 22996 00504 10365 20262 49993 333 59013 60007 RH56%=
41726 22996 01804 10385 20254 39941 40008 333 59028 60007 RH48%=
41738 22996 03108 10400 20047 49998 333 59015 60007 RH12%=
41739 21996 03110 10350 21015 38978 48471 70500 333 59001 60007 RH10%=
41742 21996 01802 10360 20232 40039 70500 333 58026 60007 RH 48%=
41743 21996 00000 10380 20272 70500 333 60007 RH 54%=
41744 21996 00000 10340 20057 38702 48442 333 59020 60007 RH 17%=
41745 21996 01804 10365 20270 70500 333 60007 RH58%=
41746 22996 02302 10385 20262 49992 333 59010 60007 RH50%=
41747 22996 00904 10380 20264 40086 333 59013 60007 RH52%=
41748 22996 01304 10365 20285 49998 333 59015 60007 RH64%=
41749 22996 01306 10370 20283 40004 333 59011 60007 RH61%=
41756 21996 01810 10325 20248 40016 70504 333 59015 60007 RH64%=
41757 21996 01812 10355 20217 30010 40022 70500 333 59021 60007 RH45%=
41759 21996 02308 10345 20239 40013 70500 333 59018 60007 RH54%=
41760 21996 02010 10340 20249 41000 70500 333 59023 60007 RH 59%=
41764 22996 02114 10350 20237 39957 40004 333 59007 60007 RH52%=
41765 02996 02308 10310 20269 39966 40001 333 59003 60007 RH79%=
41766 22696 22306 10345 20263 49993 82500 333 56900 59014 60007 82635 RH 62%=
41767 22996 2//// 10345 20263 82030 333 56090 60007 82360 RH62%=
41768 22996 02306 10350 20268 39991 49998 333 59014 60007 RH63%=
41780 22596 72308 10330 20246 39984 40011 87600 333 56900 59015 60007 83720 86630 RH61%=
41783 22996 32304 10335 20251 39980 40009 83030 333 56090 59009 60007 83360 RH 62%=
41785 22697 32304 10325 20255 30006 40019 83500 333 56500 59012 60007 83640 RH 67%=
41786 02696 22308 10345 20239 49992 82500 333 56900 59032 60007 82630 RH54%=
41BAG 22697 42302 10290 20068 60002 84500 333 56900 60007 84640 25%=
41BKI 22696 20506 10360 20237 39599 49987 82500 333 56900 59016 60007 82640 RH48%=
41SKP 21696 33602 10350 20268 4//// 70400 83400 333 56900 5//// 60007 83840 63%=
43532 22997 00000 10355 20158 39222 49962 333 58001 60007 31%=
43533 22997 03102 10345 20201 39120 48443 333 59008 60007 43%=
43563 22997 00000 10339 20252 49994 333 59005 60007 60%=



Data Generated from File : D:\all data handling\Rmc_lhr\2024091009.FSU.txt
10/09/24 09:56:10
______________________________________________________________
15007 25970 61403 10228 20080 39613 40056 58004 7000/ 83071 333 55310 0//// 21785 3//// 60007 91007 91107=
15020 22697 81104 10241 20120 39880 40066 58004 7101/ 81107 333 55310 0//// 22308 3//// 60007 91008 91108=
15023 25970 61307 10231 20102 39641 40042 58005 7000/ 86070 333 55307 0//// 21692 3//// 60007 91009 91109=
15056 25570 71303 10218 20139 39736 40069 58002 7000/ 83570 333 55302 0//// 21251 3//// 60007 91005 91106=
15069 25998 73401 10175 20082 39031 42719 57005 7000/ 87070 333 55306 0//// 21330 3//// 60007 91001 91102=
15073 25998 71404 10234 20112 39621 40061 58005 7000/ 85056 333 55309 0//// 21806 3//// 60007 91008 91108=
15090 25570 81303 10226 20155 39989 40077 58005 7000/ 83847 333 55308 00704 21457 30950 60007 91005 91105=
15107 25970 71701 10178 20070 39295 42730 58007 7000/ 87070 333 55301 0//// 21122 3//// 60007 91002 91102 95000=
15108 22298 72701 10154 20054 38051 48436 50001 81571 333 55310 0//// 22154 3//// 60007 91002 91103 95100=
15111 25970 61803 10227 20135 39813 40062 58005 7000/ 84071 333 55310 0//// 22026 3//// 60007 91005 91105=
15113 25570 51205 10225 20161 39915 40070 58008 7000/ 83201 333 55310 0//// 21801 3//// 60007 91007 91108=
15127 25970 73401 10189 20060 39221 42725 58006 7000/ 87070 333 55309 0//// 21701 3//// 60007 91002 91103 95000=
15148 25970 72203 10168 20055 38650 48433 50001 7000/ 87070 333 55310 0//// 21958 3//// 60007 91004 91105=
15150 25970 61503 10221 20152 39869 40071 58008 7000/ 85071 333 55310 0//// 22030 3//// 60007 91005 91106=
15154 25570 71202 10218 20165 39936 40072 58007 7000/ 83270 333 55300 0//// 21208 3//// 60007 91004 91105=
15168 25/70 /3501 10224 20087 39461 42720 58006 7000/ 333 55307 0//// 21506 3//// 60007=
15170 25998 83001 10189 20072 39313 42721 58008 7000/ 86077 333 55302 0//// 21230 3//// 60007 91002 91102=
15194 25970 61401 10206 20110 39788 40069 58007 7000/ 85071 333 55309 0//// 21655 3//// 60007 91003 91103=
15197 25570 71102 10219 20157 39876 40076 58006 7000/ 83270 333 55301 0//// 21190 3//// 60007 91004 91104=
15215 25970 70802 10235 20097 39478 42721 58008 7000/ 87070 333 55307 0//// 21745 3//// 60007 91004 91105=
15217 25998 80502 10212 20077 39417 42724 58007 7000/ 86077 333 55301 0//// 20998 3//// 60007 91002 91103=
15219 25/70 /1602 10212 20164 39950 40069 58006 7000/ 333 55300 0//// 21051 3//// 60007=
15238 25998 71002 10209 20105 39464 42722 58008 7000/ 86071 333 55300 0//// 20973 3//// 60007 91004 91104=
15261 25566 71403 10209 20116 39279 42735 58005 7000/ 85360 333 55308 0//// 21816 3//// 60007 91007 91107 95000=
15262 22698 81902 1//// 2//// 38167 48/// 50001 8807/ 333 55301 0//// 21152 3//// 60007 91003 91105=
15265 25570 71802 10237 20169 39999 40069 58009 7000/ 83870 333 55304 0//// 21479 3//// 60007 91004 91104=
15280 22198 81102 10092 20053 37484 47058 50000 8337/ 333 55304 0//// 21247 3//// 60007 91004 91104=
15300 25999 80801 10216 20090 39447 42718 58008 7000/ 8807/ 333 55308 0//// 21515 3//// 60007 91003 91104=
15301 25970 82201 10159 20069 38571 48456 57004 7000/ 87077 333 55302 0//// 21033 3//// 60007 91003 91104 95000=
15302 25970 71601 10176 20087 38857 48442 57005 7000/ 87070 333 55300 0//// 20773 3//// 60007 91003 91103 95000=
15307 25/70 /1402 10214 20165 39893 40070 58005 7000/ 333 55303 0//// 21159 3//// 60007=
15310 25570 80602 10231 20172 39991 40073 58007 7000/ 82237 333 55307 01042 21810 31546 60007 91005 91105=
15324 25570 82101 10203 20093 39296 42725 56005 7000/ 8537/ 333 55300 0//// 20625 3//// 60007 91002 91103=
15325 25970 72301 10137 20092 38427 48439 57004 7000/ 87070 333 55300 0//// 20928 3//// 60007 91002 91102=
15328 25970 72901 10213 20132 39734 40067 58008 7000/ 87070 333 55300 0//// 20884 3//// 60007 91002 91103=
15335 25570 60602 10230 20190 30070 40077 58006 7000/ 82270 333 55306 0//// 21633 3//// 60007 91004 91104=
15336 25/70 /0801 10245 20183 30069 40071 58008 7000/ 333 55305 0//// 21680 3//// 60007=
15349 25570 80602 10219 20113 39535 40059 57008 7000/ 883// 333 55303 0//// 21129 3//// 60007 91003 91105=
15350 25570 60504 10223 20151 39959 40073 58005 7000/ 86500 333 55300 0//// 20818 3//// 60007 91006 91106=
15360 25970 60804 10226 20187 30059 40075 57006 7000/ 80006 333 55305 0//// 21486 3//// 60007 91004 91104 92418=
15375 25570 80803 10235 20100 39717 40056 57007 7000/ 885// 333 55300 0//// 21029 3//// 60007 91005 91107=
15377 25597 80503 10228 20124 39855 40060 58005 7000/ 883// 333 55300 0//// 20670 3//// 60007 91005 91106=
15387 25570 40903 10243 20185 30073 40076 58003 7000/ 84200 333 55304 0//// 21436 3//// 60007 91005 91105=
15402 25570 50903 10245 20146 39993 40063 58005 7000/ 84570 333 55306 0//// 21399 3//// 60007 91006 91108=
15405 25570 71105 10251 20150 30011 40071 58007 7000/ 81170 333 55306 0//// 21799 3//// 60007 91007 91107=
15406 25570 60903 10262 20160 30020 40065 58009 7000/ 81270 333 55305 0//// 21706 3//// 60007 91006 91106=
15408 25570 71005 10229 20172 39815 40068 58005 7000/ 87800 333 55308 0//// 21887 3//// 60007 91008 91108=
15409 25470 70402 10229 20192 30029 40074 50001 7000/ 87600 333 55301 0//// 20972 3//// 60007 91004 91105=
15419 25570 60705 10234 20131 39878 40063 58002 7000/ 82370 333 55305 0//// 21405 3//// 60007 91009 91109=
15420 25570 70703 10249 20159 39952 40057 55004 7000/ 83370 333 55307 0//// 21610 3//// 60007 91008 91109=
15421 25970 70904 10249 20161 39962 40067 58003 7000/ 87060 333 55304 00858 21452 31048 60007 91007 91108=
15422 25970 70602 10256 20159 39959 40054 58002 7000/ 87070 333 55305 0//// 21499 3//// 60007 91005 91106=
15425 25970 60904 10254 20144 30003 40064 57006 7000/ 84076 333 55308 0//// 22155 3//// 60007 91007 91108=
15434 21570 70605 10220 20137 39851 40050 55003 72582 84370 333 55301 0//// 21016 3//// 69927 91010 91110=
15444 25/70 /1303 10266 20141 39998 40066 57007 7000/ 333 55310 0//// 22062 3//// 60007=
15455 25570 70705 10245 20134 39928 40052 58003 7000/ 84370 333 55310 0//// 21772 3//// 60007 91010 91110=
15460 25970 71303 10255 20162 30036 40059 57006 7000/ 85078 333 55307 0//// 21557 3//// 60007 91006 91107=
15462 25570 51104 10241 20173 39987 40068 57005 7000/ 85500 333 55305 0//// 21730 3//// 60007 91006 91107=
15470 25970 70506 10237 20138 39927 40046 50000 7000/ 87070 333 55305 0//// 21438 3//// 60007 91009 91110=
15475 22597 60704 10269 20171 30028 40047 58007 82101 333 55309 0//// 21909 3//// 60007 91009 91109=
15479 25970 51305 10249 20161 39881 40063 57006 7000/ 80005 333 55307 0//// 21756 3//// 60007 91008 91108=
15480 25570 51000 10248 20200 30054 40070 57003 7000/ 83501 333 55308 01179 21968 31783 60007 91002 91103 92428=
15489 25570 70506 10238 20140 39956 40045 50000 7000/ 82370 333 55304 0//// 21245 3//// 60007 91008 91110=
15491 25970 60503 10257 20157 30017 40045 50000 7000/ 86070 333 55308 0//// 21744 3//// 60007 91007 91107=
15499 25570 71204 10243 20188 30057 40066 58004 7000/ 82270 333 55308 0//// 21857 3//// 60007 91005 91106 92428=
15549 42970 61804 10263 20130 39648 40033 56001 82032 333 10264 20192 555 544//=
15552 42570 70902 10276 20196 30016 40061 57002 84830 333 10287 20226 555 562// 92024 92428=
15640 42974 61401 10257 20153 39761 40051 58004 82036 333 10259 20202 555 553//=
15655 42570 70710 10242 20197 30025 40056 57005 82252 333 10248 20210 555 576// 92025 92428=
15730 41670 80000 10216 20146 39674 40047 53001 76162 8257/ 333 10216 20196 555 56400 67299=
16627 42565 61406 10254 20189 30040 40046 50000 82150 333 82820 86358 91110 555 40000 47563 44235 50000 50212=
16650 42360 61712 10260 20206 30038 40046 57004 85755 333 82709 83620 91118 555 40000 47564 44260 50000 50224=
16667 42560 61710 10268 20173 30053 40063 57002 83251 333 83825 85358 91122 555 40000 47576 44255 50000 50208=
16706 42560 41809 10260 20182 30047 40054 52002 82252 333 82820 84358 91114 555 40000 47574 44265 50000 50210=
16723 42560 71909 10252 20203 30060 40074 50005 82269 333 82825 85358 91115 555 40000 47585 44275 50000 50220=
16742 42460 61711 10252 20203 39926 40074 52003 84856 333 81816 84625 85358 91118 555 40000 47485 44275 50000 50220=
16749 42560 42806 10276 20168 30063 40076 52003 82140 333 82820 84359 91110 555 40000 47585 44260 50000 50208=
16754 42560 31818 10310 20202 30010 40055 57006 82150 333 82820 83358 91135=
16760 42560 41918 10264 20161 40064 57004 82150 333 82820 84358 91125=
16765 42460 71912 10284 20215 40078 50001 86802 333 82818 86620 91119=
17022 42670 23304 10254 20209 39906 40063 58004 82100 333 82834 91107 92428=
17024 42970 23602 10274 20250 39983 40056 57006 80004 333 82070 91104 92428=
17026 42970 01409 10309 20226 30028 40064 57011 333 91117 92438=
17031 42970 01205 10300 20201 30066 40072 57013 333 91109=
17034 42970 00102 10263 20215 30046 40090 58006 333 91105 92428=
17038 42970 03505 10267 20210 30037 40082 58004 333 91108 92428=
17042 42670 23302 10282 20221 30045 40082 57011 82100 333 82835 91106 92428=
17050 42670 61402 10250 20185 30001 40060 57003 83270 333 83835 86360 91108=
17056 42670 60705 10247 20208 30046 40050 58004 83230 333 83835 86360 91108 92428=
17060 42960 51504 10259 20200 30021 40060 58003 80002 333 85068 91110=
17070 42665 31002 10266 20114 39228 40044 57020 83200 333 83835 91104=
17074 42670 33601 10227 20202 39186 40072 57014 83200 333 83833 91104=
17084 42670 12601 10268 20179 39221 40072 58013 81100 333 81840 91104=
17085 42970 00602 10297 20163 39610 40067 57019 333 91106=
17092 42960 11102 10291 20130 38831 48486 57016 81030 333 81360 91109=
17096 42660 30816 10204 20111 38256 48509 58008 83100 333 83840 91125=
17098 41560 63007 10157 20123 38242 48538 50000 71792 84930 333 81925 84840 86358 91112=
17100 41570 70000 10212 20169 39203 40148 57010 72992 84930 333 81925 83835 87357 91107=
17112 42665 72407 10261 20200 30039 40041 58004 83270 333 83835 87360 91111 92417=
17115 42960 71802 10262 20172 30009 40057 58005 83031 333 83360 87070 91109=
17116 42665 70000 10264 20178 39938 40052 58010 82131 333 82840 84360 86070 91104=
17124 42960 30706 10272 20128 39192 40052 57019 83030 333 83360 91114=
17128 42670 32107 10280 20105 39028 40056 57015 81130 333 81840 83360 91111=
17135 42970 02103 10279 20126 39239 40058 58013 333 91107=
17140 42965 02602 10265 20078 38680 48479 58004 333 91111=
17150 42660 60000 10265 20165 39935 40051 57010 82131 333 82835 84360 85070 91104=
17160 42970 01905 10280 20082 38976 48479 58010 333 91108=
17170 41660 42607 10219 20134 38351 48513 57017 70281 82240 333 82840 84357 91115=
17175 42665 71804 10267 20184 30048 40052 52005 83250 333 83835 86360 91109 92437=
17184 42670 73201 10275 20148 39952 40056 56005 85250 333 85835 86360 91103=
17190 42970 31605 10275 20050 38930 48462 57012 80001 333 83070 91111=
17190 42970 31605 10275 20050 38930 48462 57012 80001 333 83070 91111=
17195 42970 00703 10280 20056 38931 48482 57015 333 91108=
17200 42660 10906 10308 20099 39143 40063 57012 81100 333 81840 91112=
17202 42670 30911 10323 20095 39089 40052 57013 83100 333 83835 91115=
17203 42670 50704 10295 20127 38860 48540 57012 83150 333 83840 85360 91110=
17210 42670 40403 10339 20123 39090 40037 57012 81101 333 81840 84070 91108=
17219 42565 71913 10271 20189 39928 40065 57004 84250 333 84830 86360 91117=
17234 42670 61702 10300 20188 30005 40069 58003 83230 333 83840 86360 91105=
17237 42970 43403 10307 20166 39580 40048 57015 80003 333 84070 91106=
17240 42570 11412 10260 20138 38983 40053 57010 81100 333 81830 91025 91125=
17244 42970 01708 10268 20074 38952 48481 58013 333 91115=
17248 42970 00202 10293 20074 38938 48480 58011 333 91106=
17250 42970 02404 10273 20069 38775 48486 58010 333 91108=
17260 42960 02208 10329 20118 39276 40032 58002 333 91114=
17270 42970 02201 10365 20092 39456 40047 58003 333 91109=
17275 42970 03003 10334 20089 38950 48509 50002 333 91116=
17280 42960 11104 10340 20117 39325 40053 57010 81030 333 81360 91109=
17290 41570 61806 10263 20185 30051 40081 52006 78022 83250 333 83830 85360 91113 92428=
17292 42570 51703 10248 20188 39351 40064 56001 83230 333 83830 84359 91108=
17300 42560 41608 10303 20213 30021 40088 50000 84200 333 84830 91112=
17310 42570 52006 10308 20238 30074 40081 51004 82250 333 82830 85360 91109 92428=
17330 42670 21102 10324 20213 30073 40090 58003 82100 333 82840 91109=
17350 42660 22107 10320 20188 30008 40081 50002 82100 333 82835=
17370 42670 23003 10310 20231 30090 40094 50001 82100 333 82835 91107 92438=
17375 42670 31802 10285 20219 30073 40075 50000 83200 333 83836 91106 92428=
33088 42997 71404 10213 20098 39899 40079 58007 80009 555 1/032=
33135 42998 61303 10227 20119 39970 40108 57011 86030 555 1/033=
33177 42598 71801 10196 20070 39839 40063 58001 84550 555 1/031=
33317 42998 61404 10219 20102 39758 40074 58005 83075 555 1/034=
33393 42960 73202 10191 20087 39692 40062 52002 87030=
33415 42997 71506 10224 20094 39687 40058 58004 87030 555 1/030=
33429 42997 71405 10236 20103 39671 40064 58006 87030 555 1/038=
33466 42998 20402 10255 20088 39916 40090 57011 80002 555 10041=
33506 41697 61102 10198 20123 39922 40108 56005 70282 82539 555 1/034=
33562 42960 61303 10238 20115 39799 40083 57011 84031 555 1/034=
33587 42998 61101 10253 20071 39839 40084 58013 80001 555 1/044=
33658 42984 61307 10254 20101 39775 40052 57007 80001 555 1/038=
33663 42598 71202 10231 20109 39985 40075 58011 83350 555 1/032=
33664 42598 61504 10242 20101 39768 40062 58005 83232=
33678 42698 62803 10237 20104 39895 40092 57005 81231=
33679 42497 61102 10254 20106 39916 40093 53006 83531=
33711 42960 50902 10258 20137 39889 40083 58007 82031 555 1/045=
33745 42897 61604 10234 20118 39906 40088 57002 83031=
33748 42997 71403 10227 20131 39803 40069 58006 85031=
33754 42598 71402 10244 20115 39941 40078 58005 81330=
33761 42970 51703 10238 20142 39875 40083 57007 83031 555 1/043=
33791 42586 80902 10230 20172 39973 40092 58004 885// 333 88626 555 1/033=
33815 42998 71301 10218 20118 39879 40074 58005 86032=
33837 42976 80802 10220 20167 30034 40083 58004 82089 555 1/034=
33881 42598 61303 10234 20149 39890 40073 58008 84330=
33883 42598 71302 10233 20158 39917 40072 57012 82230=
33885 42598 61304 10231 20148 39951 40084 57013 84230=
33892 42698 81202 10241 20159 39874 40074 57010 82131=
33902 42597 51002 10261 20179 30028 40083 58009 84209 555 1/045=
33924 42597 63002 10239 20192 30071 40083 58005 85901=
33946 42686 62003 10261 20169 39872 40076 58007 86500 333 86639=
33983 42597 63204 10260 20183 30031 40083 58003 85331=
34300 42997 51206 10246 20064 39949 40114 58011 85030 555 1/041=
34336 42998 31104 10263 20063 30045 40141 58016 80009 333 91010 91111=
34344 82998 20905 10261 20096 30057 40138 58018 80001 333 91010 91112=
34356 82597 70904 10220 20101 30030 40169 57010 87500 333 91110=
34357 81998 70906 10232 20099 30007 40152 57016 70282 87030 333 91011 91112=
34398 41996 61607 10266 20045 30204 40213 57009 70732 86089 333 91115=
34415 41670 61101 10238 20104 30023 40113 57004 70282 82530 555 1/046=
34438 82697 71106 10257 20103 39949 40125 57007 83282 333 91111=
34445 82998 21107 10260 20077 30033 40139 57018 82070 333 91011 91112=
34461 82597 81104 10260 20073 30111 40162 58014 8555/=
34473 41597 81206 10251 20054 30153 40189 57011 72582 83351 333 91118=
34476 82598 71206 10266 20030 30179 40186 58011 82934 333 91010 91111=
34504 42575 61203 10203 20165 39936 40100 57001 86200=
34535 81497 71103 10206 20155 30052 40120 58007 79198 8694/ 333 91111=
34545 82998 61207 10265 20091 30027 40130 57007 80031 333 91011 91112=
34555 82598 71208 10234 20105 30065 40150 57009 86830 333 91011 91111=
34560 42997 61410 10241 20085 39985 40163 57007 86030 333 91012 91113=
34578 82997 81303 10268 20051 30165 40171 56007 8808/=
34579 82598 30805 10290 20037 30133 40174 57013 82501 333 91110=
34644 81597 80703 10199 20160 30051 40123 57002 72581 8687/=
34646 82998 51003 10245 20148 30052 40128 57003 83081=
34655 81597 61006 10263 20102 30071 40125 57014 71792 86300 333 91012 91113=
34662 81597 71101 10242 20109 30158 40168 53005 79522 83970=
34691 41998 61406 10274 20050 30208 40197 57009 70732 83032=
34720 82998 01102 10245 20159 30066 40102 58006=
34727 82597 50404 10226 20172 30070 40098 57003 82101=
34743 82997 51105 10267 20116 30038 40120 57012 82031=
34759 82597 70806 10269 20129 39998 40118 57016 85401 333 91010 91112=
34772 81998 71107 10286 20027 30154 40157 58013 70722 8707/ 333 91012 91114=
34785 81998 81209 10265 20039 30192 40171 58012 70722 86082 333 91013 91114=
34798 42997 61107 10262 20093 30214 40187 57006 80005=
34824 82997 03302 10261 20188 30091 40096 57003=
34838 42997 01401 10288 20156 30006 40094 58005=
34845 82998 61103 10280 20149 30001 40100 58010 80039=
34858 42697 71002 10246 20160 30014 40113 56011 87430=
34861 82998 61309 10277 20102 39888 40111 57018 86031 333 91015 91113=
34866 82698 71207 10281 20102 30135 40126 57011 85932 333 91012 91113=
34880 82597 71005 10255 20102 30186 40161 57014 85931 333 91010 91110=
34887 81998 80806 10250 20126 30167 40149 58011 70722 82087 333 91011 91112=
34949 82998 21503 10281 20140 39587 40086 57006 82030=
34954 82998 20902 10289 20153 39939 40098 58009 80001=
34958 42998 30902 10256 20159 39920 40104 58008 80001=
34975 41997 61406 10279 20153 30124 40120 57008 70721 86032 333 91013 91114=
34984 81597 80910 10241 20147 30171 40143 58009 70722 8297/ 333 91014 91116=
35217 42997 61105 10280 20049 30202 40239 57012 80001=
35302 42998 61707 10269 20066 30214 40233 57012 80008=
35315 42598 21202 10262 20107 30189 40241 58015 82500=
35344 42599 50702 10255 20054 39990 40256 58010 85200=
35358 42997 20203 10235 20085 30089 40247 58010 82040=
35368 42599 53506 10237 20098 39985 40232 57016 85100=
35386 42598 63602 10218 20078 39737 40219 57015 85280=
35394 42698 40302 10204 20056 39587 40216 57013 84100=
35404 41698 71509 10275 20062 30211 40218 57010 70732 86504=
35406 42997 61304 10275 20065 30228 40230 57011 86030=
35416 42998 62804 10281 20068 30129 40240 57012 83035=
35426 42699 61301 10275 20103 39979 40245 58013 82101=
35437 42698 70605 10266 20061 39958 40246 58013 86103=
35449 42998 00107 10248 20103 30154 40249 58013=
35497 42698 23601 10221 20032 39463 40199 57015 82100=
35498 42698 31102 10228 20029 39390 40197 57012 83100=
35514 42998 71105 10281 20048 30233 40229 58017 80007=
35522 42998 61405 10263 20061 30009 40240 58012 80001=
35542 42699 30604 10265 20055 30114 40249 58014 82101=
35563 42598 60000 10220 20088 39503 40213 57011 86900=
35576 42998 00303 10240 20042 39798 40211 57017=
35582 42698 20901 10230 20045 39692 40246 53024 82203=
35594 42699 33502 10220 20003 39422 40195 57014 82201=
35605 42998 61306 10265 20077 30234 40214 57014 80003=
35633 42598 60704 10268 20072 30044 40240 58017 84303=
35671 42698 40205 10241 20058 39821 40216 57016 84100=
35699 42697 70201 10216 20026 39502 40200 58012 84204=
35700 42998 61507 10262 20053 30237 40215 57011 80005=
35715 42999 51407 10279 20046 30237 40224 57016 80001=
35739 42699 20905 10262 20078 30107 40234 58014 81101=
35746 42698 20505 10269 20068 30174 40235 57014 81101=
35777 42997 00000 10246 20081 39913 40229 52005=
35796 42697 81902 10190 20120 39803 40208 57010 82170=
35849 42998 00605 10265 20059 30148 40226 58011=
35895 42598 70704 10188 20112 39798 40212 58008 82302=
35907 42998 71208 10252 20110 30201 40173 58008 80002=
35925 42998 71107 10271 20034 30118 40220 58014 80005=
35927 42998 31406 10278 20035 30212 57016 80002=
35953 42999 03503 10276 20075 30102 40220 58011=
35969 42999 00501 10274 20034 30056 40214 58013=
35997 42598 60503 10238 20090 39789 40187 58009 82375=
36259 82999 02401 10164 21035 38263 48520 57022=
36335 42699 33602 10195 20036 39267 40216 57012 82101=
36358 42599 80000 10161 20052 39273 40227 57007 883//=
36394 42597 73604 10205 20056 39821 40213 57016 87300=
36397 42699 70204 10200 20062 39685 40208 57015 86230=
36403 42798 22801 10222 20083 39863 40194 57022 82200=
36418 42799 30202 10220 20046 39612 40175 57020 81203=
36421 42999 03302 10218 20074 39660 40177 57023=
36428 42799 21704 10214 20067 39723 40183 57022 81501 333 95000=
36439 42698 12303 10190 20006 38989 48545 57016 81800=
36498 42698 70405 10194 20047 39468 40201 57010 82531=
36501 42699 70000 10184 20064 39513 40213 57011 87500=
36535 42999 31301 10244 20043 39602 40177 57020 80001=
36546 42999 51903 10240 20037 39688 40179 57021 80003=
36619 42999 61401 10238 20022 86050=
36622 42998 70302 10215 20040 39444 40182 57013 83041=
36639 42599 70000 10236 20034 39611 40163 57013 82202=
36643 42999 60304 10225 20064 39573 40178 57018 80003=
36665 42999 60402 10211 20048 39509 40176 57018 80002=
36666 42999 73604 10190 20090 39735 40191 57017 82071=
36729 42998 82303 10218 20065 39733 40175 57009 8807/=
36736 42699 71502 10247 20073 39667 40170 57013 82155=
36744 42998 71903 10238 20029 39776 40188 58009 87040=
36770 42599 82903 10152 20093 39523 40207 53001 86902=
36786 42699 72701 10180 20052 39327 40183 58009 87900=
36796 42998 60000 10175 20027 39054 48544 58010 86070=
36803 42599 80102 10201 20136 39771 40186 58009 81907=
36806 42599 81804 10248 21002 39743 40169 57009 889//=
36819 42598 80704 10207 21008 39632 40201 58002 8395/=
36821 42598 71304 10207 20059 39750 40204 58001 87900=
36839 42599 81001 10148 20086 39131 40197 57007 82941=
36843 41597 80202 10128 20094 39095 40212 53004 78082 86932=
36846 42699 81801 10089 20073 38654 48542 56002 889//=
36859 42598 71101 10176 20109 39461 40193 58007 83975=
36870 42597 70501 10186 20076 39232 40178 57008 87970=
36874 42699 63612 10211 20033 39462 40182 57008 84508=
36877 42699 70302 10192 20067 39279 40190 57007 86930=
36885 42599 60000 10159 20050 39134 40200 57006 83930=
36889 42499 80000 11008 21014 37102 47127 57001 886//=
36894 42599 60000 10202 20072 39504 40192 57011 82332=
36905 41699 70701 10129 20073 38778 48546 57011 70282 86370=
36911 42999 30000 10230 20090 39301 40242 53020 83080=
36927 41699 72712 10158 20030 38374 48526 57008 715// 85952=
36934 42599 41403 10144 20053 38290 48405 58008 83930=
36953 42699 70000 10132 20030 38232 48508 57007 85941=
36963 42799 52902 10049 21014 37082 48/// 58007 85500=
36974 42798 51802 10150 20040 37992 48515 57019 82202=
36982 42999 02205 10009 21044 36579 47134 58002=
37018 82998 22501 10335 20176 30018 40086 57009 82030=
37031 82997 02901 10283 20163 39912 40091 57005=
37054 82698 60501 10254 20157 39741 40096 58010 86500=
37061 82697 60803 10272 20179 39943 40098 58017 82509=
37085 82598 71108 10272 20165 30141 40116 58010 83102 333 91011 91114=
37171 42998 02804 10296 20181 30067 40084 57008=
37228 82598 50000 10256 20154 39311 40079 57015 83850=
37235 82998 63301 10257 20190 39805 40097 57013 8007/=
37472 81596 81303 10245 20215 30125 40104 57012 71022 8657/=
38149 42998 20806 10284 20027 30139 40210 52009 80002=
38178 42998 00802 10294 20059 39923 40186 58007=
38262 42998 00503 10290 20077 30131 40206 58010=
38264 42998 00705 10289 21022 30110 40197 57017=
38345 42799 42704 10223 20034 38822 48536 57015 82232=
38353 42597 33102 10240 20023 39330 40167 58018 83900=
38392 42997 01005 10276 20051 30098 40194 58016=
38396 42997 00504 10282 20017 30075 40191 58016=
38403 42997 00504 10300 20080 30077 40188 58010=
38413 42998 00803 10284 20011 39919 40189 58003=
38457 42597 13201 10267 20019 39610 40155 57013 81100=
38462 42699 22306 10227 21025 38766 48524 57016 82900=
38462 42699 22306 10227 21025 38766 48524 57016 82900=
38507 42998 01602 10308 21007 30056 40151 57009=
38545 42998 03602 10290 20100 30011 40173 57014=
38565 32998 00308 10273 20070 39583 40156 57025=
38579 32999 00504 10262 20056 39770 40160 57011=
38583 32997 00201 10269 20071 39869 40169 57015=
38599 42998 00202 10257 20024 39679 40159 57016=
38611 42997 02103 10248 20097 39626 40160 57019=
38613 42699 20101 10232 20067 40148 57017 82200=
38616 42598 11401 10222 20055 39200 40153 56009 81300=
38618 42997 02801 10252 20058 39505 40149 57016=
38647 42998 00908 10315 21002 30097 40135 57018=
38656 42998 00904 10292 20009 30074 40176 58018=
38683 42997 03604 10284 20053 39896 40152 57017=
38687 42997 00206 10283 21022 39942 40161 57015=
38696 32999 00703 10262 20051 39336 40131 58019=
38713 42998 00503 10218 20045 39057 48550 58003=
38750 42997 02703 10311 20220 30170 40144 58009=
38763 42998 01008 10292 20000 30056 40154 58015=
38774 42998 01505 10299 21002 39982 40164 58017=
38799 42997 03604 10300 21014 39942 40156 57017=
38806 42997 03204 10292 20071 39890 40131 58018=
38812 42997 02602 10280 20043 39724 40144 58003=
38836 42999 01801 10283 20081 39192 40051 57024=
38880 42997 01005 10298 21001 39918 40154 58001=
38886 42997 00901 10288 20041 39977 40189 58007=
38895 42996 00201 10294 20086 39900 40168 58013=
38911 42998 00702 10285 20120 39870 40142 58012=
38915 42997 00000 10289 20050 39855 40155 58012=
38927 32960 01502 10286 20027 39780 40129 57022=
38933 42997 03201 10279 20153 39661 40137 57021=
38944 42998 01602 10275 20013 39567 40064 57021=
38954 42999 02902 10238 20023 37894 48430 57035=
38974 42998 01802 10267 20013 39853 40170 58010=
38987 42996 00203 10268 21030 39449 40143 58016=
40100 43/70 19907 10298 20227 30098 40113 58002 333 58///=
40180 42560 13302 10320 20211 30046 40092 57011 81100 333 70000=
40199 429// ///// 10362 20188 30060 40084 57011 333 70000=
40255 46/// /2501 10290 29048 3//// 4//// 5////=
40270 41958 03309 10304 20114 39241 40086 57005 70500=
40272 41950 02707 10302 20106 39308 40095 52014 70500=
40296 46/// /0101 10350 29047 4//// 5////=
40310 46/// /1106 10321 29027 4//// 5////=
40340 42960 03410 10352 20177 30030 40091 57010=
40356 42960 00000 10360 20060 39144 48503 333 58010 555 04410 50047=
40357 42960 03305 10405 20030 39449 40034 333 58006=
40360 42960 03110 10362 20020 39512 40063 333 58002=
40361 42960 02305 10375 20070 39334 40065 333 58004=
40362 42960 33112 10424 20010 39561 40031 83030 333 58003 83359=
40373 42960 03011 10455 20060 39650 40032 333 59013=
40375 42960 02406 10336 20080 39242 40062 333 58006=
40394 42660 22106 10396 20080 38996 48515 82400 333 58001 82640 555 04410 50029=
40394 42660 22106 10396 20080 38996 48515 82400 333 58001 82640 555 04410 50029=
40400 42960 02810 10342 20200 30052 40079 333 58001=
40405 42660 42403 10420 21020 39354 40030 84500 333 58004 84640=
40417 42960 03008 10464 21030 30001 40015 333 59026=
40420 42960 02903 10461 20000 39827 40015 333 59021=
40430 42660 52806 10384 20030 39363 40055 85500 333 59003 85640=
40437 42960 03505 10424 21040 39383 40035 333 59009=
40439 42660 32512 10406 20110 30038 40056 81531 333 59004 81640=
40582 32960 03613 10470 20100 40023 58012 333 55310 00884 10000 22660 31028 41579 52154 63687 55407 41632 90401 91019 91119 91213 91309=
40703 42660 10909 10278 20109 38917 40096 57013 81500 333 70000 81640 555 10177 29035 66666 00318 10304 20270 30276 50276 90262=
40706 42562 32603 10300 20066 38652 40081 58011 81401 333 70000 81630 83067 555 10167 29023 66666 00368 10300 20294 30302 50300 90288=
40712 42660 20603 10284 20102 38678 40083 58009 82500 333 70000 82640 555 10175 29032 66666 00293 10234 20234 30234 50233 90225=
40713 42662 12403 10307 20084 38657 40058 57010 81100 333 70000 555 10176 29025 66666 00280 10272 20279 30280 50277 90259=
40718 42460 11002 10303 20224 30161 40134 57011 81100 222// 0//// 20301 333 70000 81815 555 10249 29063 66666 00342 10282 20278 30274 50276 90264=
40723 42970 01202 10268 21054 38961 40131 57017 333 70000 555 10124 29012 66666 00324 10288 20284 30242 50250 90242=
40726 42960 00305 10294 20092 38655 40076 58010 333 70000 555 10174 29028 66666 00292 10274 20270 30264 50264 90254=
40727 42660 13202 10319 20062 38487 40076 57017 81700 333 70000 81740 555 10171 29020 66666 00352 10256 20243 30250 50247 90231=
40732 42560 30205 10294 20230 30147 40124 57011 83800 333 70000 81820 83625 555 10250 29069 66666 00316 10300 20288 30282 50275 90264=
40736 42560 13202 10307 20228 30157 40133 57010 81600 333 70000 81722 555 10253 29063 66666 00341 10305 20287 30288 50289 90288=
40737 42560 33302 10309 20213 30105 40122 57014 83200 333 70000 83830 555 10245 29057 66666 00283 10270 20264 30259 50253 90250 77777 00013 10004 20012 30019 50022 70022 99026=
40738 42660 10000 10343 20199 30136 40138 57017 81100 333 70000 81840 555 10246 29043 66666 00342 10320 20294 30294 50290 90278=
40739 42965 03502 10290 20019 38697 40101 57010 333 70000 555 10148 29018 66666 00318 10326 20262 30270 50272 90274=
40741 42960 00205 10287 20031 39845 40163 58019 333 70000 555 10157 29019 66666 00362 10308 20285 30294 50307 90311=
40743 42970 01207 10289 21072 39058 40113 57020 333 70000 555 10131 29009 66666 00360 10311 20292 30307 50315 90314=
40745 42965 02203 10254 20045 39049 40146 57017 333 70000 555 10144 29026 66666 00338 10280 20240 30252 50258 90265=
40747 42960 02402 10337 21009 38630 40065 57018 333 70000 555 10159 29011 66666 00384 10288 20282 30297 50295 90290=
40754 42660 11904 10322 20014 38823 40072 57017 81100 333 70000 81840 555 10160 29014=
40762 42965 03602 10273 21142 38556 40099 57012 333 70000 555 10110 29006 66666 00362 10280 20250 30260 50274 90270=
40766 42970 02702 10350 21087 38681 40057 57017 333 70000 555 10150 29006 66666 00402 10302 20280 30288 50292 90284=
40768 42960 03303 10312 20024 38272 40058 57015 333 70000 555 10155 29016 66666 00333 10342 20269 30279 50282 90278=
40769 41657 10903 10325 20005 38313 40042 57016 70600 81100 333 70000 555 10155 29013 66666 00374 10310 20290 30292 50298 90290=
40780 42660 12303 10368 20039 38670 40050 57007 81100 333 70000 81840 555 10182 29013 66666 00386 10328 20318 30318 50314 90304=
40782 42965 03502 10380 20011 38837 40044 57017 333 70000 555 10181 29010 66666 00354 10306 20298 30302 50304 90290=
40785 42960 00000 10363 21032 39060 40069 57021 333 70000 555 10167 29008 66666 00410 10364 20342 30354 50364 90376 77777 00/// 10000 20/// 30/// 50/// 70/// 99///=
40791 42965 03405 10348 21066 39306 40069 57012 333 70000 555 10157 29007 66666 00370 10364 20330 30338 50350 90352=
40792 42965 03606 10298 21175 38704 40069 57011 333 70000 555 10119 29004 66666 00354 10324 20296 30306 50330 90308=
40798 42960 03501 10298 21049 37995 40069 58020 333 70000 555 10130 29010 66666 00405 10308 20254 30261 50263 90254=
40800 42960 01401 10341 20006 38477 40073 57021 333 70000 555 10163 29012=
40809 42962 00504 10306 21241 38472 40041 58017 333 70000 555 10117 29002 66666 00354 10308 20282 30294 50298 90294=
40811 42960 02902 10436 20123 39993 40017 58010 333 70000 555 10240 29016 66666 00434 10376 20364 30376 50380 90380=
40812 42960 02704 10456 20070 39665 40007 57016 333 70000 555 10227 29010 66666 00488 10474 20446 30420 50398 90402=
40818 42965 03603 10285 21061 38007 40053 57016 333 70000 555 10123 29010 66666 00306 10269 20270 30280 50290 90294=
40821 42965 03205 10333 20005 38782 40066 57020 333 70000 555 10162 29012 66666 00386 10349 20328 30335 50336 90340=
40829 41925 03415 10317 20003 39510 40048 57018 70700 333 70000 555 10160 29013 66666 00332 10318 20310 30310 50310 90298=
40831 42960 03006 10472 20124 30018 40025 58010 333 70000 555 10252 29014 66666 00470 10400 20372 30378 50376 90368=
40833 42960 02203 10458 20154 39990 40019 58016 333 70000 555 10259 29018 66666 00416 10378 20368 30374 50284 90368=
40835 42660 10000 10422 20068 39252 40018 57016 81100 333 70000 81840 555 10213 29012 66666 00414 10384 20352 30354 50360 90348=
40841 42970 03305 10300 21017 38245 40037 55021 333 70000 91012 555 10140 29013 66666 00290 10280 20272 30286 50294 90288=
40845 42960 03204 10363 20296 30014 40019 58008 333 70000 555 10313 29069 66666 00400 10380 20358 30364 50368 90362=
40848 42960 00803 10346 20035 38506 40026 58021 333 70000 555 10172 29014 66666 00362 10316 20294 30300 50298 90290=
40851 42960 03507 10310 20017 38260 40026 57011 333 70000 555 10152 29015 66666 00418 10364 20322 30328 50330 90320=
40854 42960 00104 10340 21033 38896 40004 57022 333 70000 555 10157 29009 66666 00480 10382 20360 30366 50370 90366=
40856 42960 00306 10305 21032 38593 40022 56016 333 70000 555 10141 29011 66666 00402 10328 20288 30296 50310 90310=
40859 42960 03104 10370 21045 38668 40013 57020 333 70000 555 10164 29007 66666 00404 10320 20292 30294 50296 90293=
40875 41950 02506 10383 20252 39997 40008 57018 70500 333 70000 555 10288 29048 66666 00430 10378 20368 30366 50373 90372=
40879 41958 03309 10394 20012 39378 40004 57020 70700 333 70000 555 10190 29009 66666 00450 10420 20390 30396 50404 90400=
40882 41940 00000 10392 20261 39983 40016 58012 70520 333 70000 555 10296 29048 66666 00430 10382 20366 30376 50370 90364=
40883 41930 02204 10359 20291 39993 40015 58012 70500 333 70000 555 10308 29068 66666 00441 10401 20371 30382 50380 90374=
40893 41957 01605 10319 20278 30006 40011 57008 70500 333 70000 555 10289 29079 66666 00363 10362 20361 30362 50367 90366=
40898 41956 01704 10328 20274 39981 49990 56019 70500 222// 00302 20800 333 70000 555 10288 29073 66666 00490 10424 20374 30376 50374 90370=
41024 42960 03213 10389 20210 30031 40055 333 59011=
41036 42960 00606 10337 20040 38551 48503 333 59009 555 04410 50046=
41055 42560 20206 10328 20020 38354 48495 82400 333 59005 82630 555 04410 50041=
41061 42660 41314 10413 20010 39361 40017 84100 333 59005 84840=
41084 42960 00303 10374 21010 38813 48485 333 59005 555 04410 50004=
41112 42560 30308 10290 21020 37943 48494 83100 333 59006 83820 555 04410 50030=
41114 42560 10108 10292 21050 37974 48490 81200 333 59007 81822 555 04410 50023=
41128 42560 10404 10365 21040 38765 48485 81100 333 59006 81830 555 04410 50015=
41136 42960 00811 10409 20030 39245 40008 333 59007=
41140 41559 12208 10365 20260 30039 40042 70500 81100 333 59016 81830=
41150 43966 03008 10427 20102 40019 333 59029=
41170 42960 03307 10440 20077 30006 40019 333 59026=
41176 44/70 /1810 10405 20183 30010 40016 333 59025=
41184 41958 03210 10379 20276 40021 70600 333 59015=
41194 41957 03009 10381 20262 30011 40019 70600 333 59016=
41196 41956 12910 10363 20279 39984 40024 70500 81030 333 59014 81365=
41216 41958 03506 10389 20282 30013 40017 70600 333 59019=
41217 41958 03010 10394 20277 39985 40012 70500 333 59018=
41246 32960 00807 10348 20291 30008 41009 333 59018=
41255 36/// /1605 10418 201129 59019 =
41256 32960 02003 10343 20262 39998 40015 90845 333 59016 55407 55408 55507 55508=
41258 36/// /3303 10341 20282 30007 40010 333 0E/// 55310 23278 59018=
41267 36/// /3210 10336 20245 39996 40008 333 0E028 59026 =
41268 36/// /0213 10408 20161 39950 49994 333 0E031 55300 25022 59025=
41275 36/// /2810 10417 20117 39867 40024 333 0E027 55300 23495 59021 =
41288 32960 02408 10324 20239 30009 40030 333 59021=
41304 36/// /0904 10419 20083 39718 40004 333 0E025 55300 23562 59008 =
41315 26/70 /1706 10282 20240 39247 47354 333 0E025 55300 27865 59008 70000 =
41316 32570 41913 10299 20262 30023 40052 84500 90845 333 59008 55407 55408 55507 55508 84625=
41398 60716 10290 20263 40076 55/// 70382 86200 22273 00318 20403 308// 40503 80270=
41480 41456 12615 10353 20268 30041 40050 70544 81100 333 59002 81818=
41498 53360 10200 20069 40135 50/// 701// 857// 22262 00190 21108 399// 40808 80133=
41506 22697 31812 10330 20071 38417 48411 83200 333 56900 59008 60007 83830=
41508 22697 33102 10303 20159 38595 48473 83200 333 56900 59013 60007 83835=
41515 22697 30000 10303 20128 38479 48442 83200 333 56900 58001 60007 83850=
41523 22997 02304 10330 20191 38997 48455 333 59009 60007=
41535 22997 01302 10300 20198 38612 48393 333 59035 60007=
41536 22997 01802 10325 20185 38948 48455 333 59008 60007=
41560 22997 21304 10280 20152 38239 48449 82030 333 56090 59013 60007 82360=
41571 21696 31010 10345 20226 39452 49994 70500 82830 333 56990 59008 60007=
41598 21696 31304 10360 20264 39742 49995 70400 83400 333 56900 59001 60007 83835=
41600 21696 61306 10300 20243 40016 70422 83570 333 56990 58007 60007 83645 83363=
41620 32696 23604 10330 20082 38497 48402 82500 333 56900 59007 60007 82640=
41624 22997 01302 10365 20255 49991 333 59010 60007=
41630 21696 40502 10370 20252 40005 70400 84400 333 56900 59008 60007 84640=
41640 21696 80504 10290 20240 39777 40016 72162 8352/ 333 5699/ 58004 60027 83640 88460=
41660 21995 02710 10290 21088 38371 48454 70500 333 59010 60007=
41678 21996 00000 10380 20240 49995 70500 333 59015 60007=
41696 22997 01302 10270 21002 37993 48479 333 59006 60007=
41697 22997 01304 10410 20207 49985 333 59009 60007=
41700 21696 30000 10395 20233 49982 70500 83500 333 56900 59013 60007 83640=
41710 21994 03116 10320 21135 49992 70700 333 59002 60007=
41712 21996 02306 10340 21079 39104 48463 70600 333 59005 60007=
41715 21696 20502 10365 20285 49995 70500 82500 333 56900 59002 60007 82635=
41718 21996 00000 10390 20268 49988 70400 333 59020 60007=
41725 22996 00504 10365 20262 49993 333 59013 60007=
41739 21996 03110 10350 21015 38978 48471 70500 333 59001 60007=
41744 22996 00000 10340 20057 38702 48442 333 59020 60007=
41749 22996 01306 10370 20283 40004 333 59011 60007=
41756 21996 01810 10325 20248 40016 70504 333 59015 60007=
41759 21996 02308 10345 20239 40013 70500 333 59018 60007=
41764 22996 02114 10350 20237 39957 40004 333 59007 60007=
41768 22996 02306 10350 20268 39991 49998 333 59014 60007=
41780 22596 72308 10330 20246 39984 40011 87600 333 56900 59015 60007 83720 86630=
41785 22697 32304 10325 20255 30006 40019 83500 333 56500 59012 60007 83640=
41859 32450 60502 10356 20270 39966 40002 83520 333 56990 58002 70000 83618 86458=
41883 32456 51302 10346 20270 39983 40003 83530 333 56390 58005 70000 83616 85362=
41891 31450 30000 10318 20260 39968 40005 70522 83300 333 56900 58000 70000 83616 81930=
41898 21016 10270 20240 40110 54000 70222 82002 22253 06240 21002 80180=
41907 32456 41302 10345 20270 39979 49993 82530 333 56390 58004 70012 82615 83362=
41923 21450 51802 10335 20260 39992 40002 70262 84430 333 56990 58003 6992/ 70216 83615 83365=
41936 31440 51408 10330 20270 39986 49992 70522 83630 333 56990 58003 81710 83615 85362=
41943 32450 61802 10320 20250 30003 40010 83520 333 56990 58005 70020 83616 85458=
41950 32456 51602 10338 20260 39998 40001 85801 333 56909 58004 70000 83617 83825=
41978 32458 61706 10317 20270 30008 40014 84320 333 56990 58004 70010 83617 81930 85460=
41992 31430 61802 10326 20260 30016 40018 70522 84530 333 56990 58000 70030 84616 86362=
42001 10091 99259 70897 46/// /1109 10297 20282 30088 40091 90840 22200 00301 333 91211 555 11097 22104 8//09 90831=
42027 32596 22301 10294 20134 38342 48418 82200 333 59011=
42044 21595 70000 10264 20179 38219 48440 76010 83420 333 59007 6990/=
42045 21595 82306 10212 20173 38278 48399 79592 8432/ 333 58016 6990/=
42056 32696 40902 10302 20209 39596 84400 333 58009 81836 83634=
42071 31596 60509 10294 20272 40014 70392 82320 333 58007 82625 81930 86459=
42097 10091 99257 70837 46/// ///// 1//// 90856 22200 00302 10601 20601 70005=
42101 32596 50902 10314 20258 40015 82530 333 58003 82630 85360=
42111 21494 83204 10248 20245 39336 40015 79596 8692/ 333 58014 6030/ 84712 84618 81930 88458=
42123 32596 31101 10366 20217 49994 82530 333 59006 82630 83360=
42131 22696 51103 10322 20255 40001 83401 333 59002 6003/=
42165 32696 33202 10376 20223 49982 83500 333 59010 83640=
42182 31695 60000 10348 20271 49985 70521 84830 333 59009 84835 85360=
42189 21595 40000 10338 20263 49984 72162 84500 333 59003 6996/ 84620=
42309 31596 51804 10346 20281 49992 70522 84330 333 58000=
42314 32596 42703 10352 20282 49987 83430 333 59007 83825=
42328 32596 32702 10370 20219 49971 83500 333 59011 83630=
42339 31595 72301 10344 20261 49991 70522 87800 333 59011 85630 87835=
42348 31595 73208 10302 20263 49996 71022 84530 333 59021 84630 86360=
42361 31596 50000 10344 20270 49969 70522 85400 333 59018 83620 85825=
42369 31596 50908 10344 20284 49978 70522 85400 333 59022 82620 85825=
42379 31595 60904 10336 20290 49984 70522 84531 333 59003 84620 82360 82070=
42410 31496 60000 10350 20282 40002 70522 83330 333 58002 83618 81925 85360=
42415 32596 20000 10348 20289 40008 82400 333 58003 81620=
42452 31596 70000 10318 20268 39680 49979 71021 83520 333 59014=
42492 31496 40909 10340 20256 49978 70521 84400 333 59008 83618 83825=
42559 32596 50000 10326 20250 49957 85200 333 59027 85825=
42571 32596 52302 10320 20264 49955 83530 333 59021 83625 84360=
42591 31596 60908 10302 20270 49983 71021 83330 333 59002 83620 81930 85360=
42623 31496 62703 10314 20242 39153 49977 70522 84530 333 59007 84618 86360=
42634 32596 62302 10332 20234 40024 86800 333 59009 83620 83825=
42647 21493 82303 10268 20268 40020 76362 8572/ 333 5659/ 59003 6026/ 84715 84620 88458=
42667 21596 72507 10300 20253 39406 49970 70522 83930 333 59019 6001/ 83620 84825 81930 86360=
42675 21495 80202 10276 20259 49960 76062 8572/ 333 59016 6002/ 83710 85620 87458=
42701 21496 71402 10282 20257 39261 49967 71062 84430 333 59010 6992/ 83618 83825 85360=
42724 21496 61402 10352 20279 40002 70562 84330 333 58001 6005/ 83618 83825 81930=
42737 32596 53208 10324 20257 40020 84830 333 59014 84620=
42754 21496 62710 10290 20246 39370 49984 70262 85730 333 59012 6003/ 82710 83825=
42779 21495 81402 10258 20247 39274 49951 72162 8572/ 333 59022 6008/ 82710 84620 88458=
42798 31496 71409 10316 20266 49963 70522 84930 333 57970 58001 84615 81925 86360=
42809 21496 63202 10326 20282 49985 70562 85430 333 58002 6991/ 82618 83825 86360=
42840 22596 72702 10310 20254 40029 84830 333 59007 6999/ 83620 86360=
42867 21495 82903 10266 20260 49982 79596 8792/ 333 58000 6009/ 83710 83618 81930 88458=
42874 21496 82302 10268 20254 49955 71062 8672/ 333 59010 6008/ 83712 85618 88458=
42886 21496 82308 10306 20267 49964 70522 8652/ 333 58015 6996/ 86618 88458=
42895 32596 72302 10322 20275 49974 84430 333 58010 84620 86360=
42909 22596 62705 10306 20276 40027 83230 222// 20000 333 59012 6994/ 83825 85358=
42971 31496 61808 10334 20274 49980 70522 85430 333 58049 84618 85360=
43003 21595 63203 10312 20250 40033 70452 84831 333 59007 6001/ 82620 84825=
43014 21595 83202 10264 20239 39372 40003 75064 8583/ 333 59010 6002/ 83620 84825 86360=
43041 21496 82505 10252 20244 39386 49988 76062 8672/ 333 58007 6002/ 83712 86620 88458=
43063 22597 72702 10282 20219 39418 40025 86701 333 59013 6992/ 83722 84626=
43086 32597 82702 10302 20282 39818 49990 8357/ 333 59010=
43110 22496 42706 10304 20253 40054 84500 333 59004 6992/ 83618=
43117 32597 72302 10300 20229 40009 85630 333 59013=
43128 31496 72704 10288 20225 39419 40009 70522 82530 333 56690 59008 82615 86360=
43150 32596 52008 10316 20269 39924 49984 82831 333 58021 82620 84075=
43185 32597 52506 10330 20251 39992 49995 83530 333 59007 83620 85360=
43189 32597 42302 10326 20282 39991 40000 82501 333 58008=
43192 21496 82303 10286 20266 40051 75162 83732 333 59009 6005/=
43198 21496 72712 10272 20211 39225 40027 70262 84531 333 56699 59009 6001/ 84612 85358=
43201 32497 62304 10294 20207 39310 40014 84431 333 59012 82612 83818 85358=
43213 32497 82704 10312 20230 39702 40009 84877 333 56699 59008=
43233 22497 62510 10288 20231 39243 40038 83632 333 56699 59007 6992/=
43237 32497 62912 10332 20217 39615 49992 82832 333 56699 59010 81615 84075=
43245 32597 52706 10370 20226 39979 40005 84501 333 59024=
43279 32597 61805 10362 20230 30003 40020 85801 333 59015 84620=
43284 22497 72312 10296 20241 39946 40059 82831 333 56599 59007 6996/ 82612 85358=
43295 32497 72305 10280 20146 39045 48467 84830 333 56590 59005 83612 83818 85358=
43314 32497 62303 10328 20270 40073 84631 333 56699 59008=
43321 31496 52915 10336 20201 39602 40032 70521 83401 333 59008 83612=
43329 32597 62702 10360 20231 30008 40021 83431 333 59016=
43333 21495 62705 10290 20256 40055 70562 86400 333 59002 6002/ 83618 85820=
43344 31496 62513 10382 20209 39930 40026 70522 84401 333 59009 83616 83860=
43353 22496 42306 10300 20258 40075 83520 333 56790 59007 6003/ 83610 83620=
43369 22596 62702 10282 20262 40081 83530 333 59012 6996/ 83620 86358=
43371 32497 52906 10310 20260 30007 40079 85800 333 56700 59003 84617 83820=
43404 22470 32303 10328 20258 30026 40038 56040 81000 333 59015 60008 555 60008==
43410 22/70 2//// 10354 20215 30033 40036 56032 333 59007 60008 82/18 555 60008==
43415 22470 42503 10352 20231 39954 40062 53024 84000 333 59003 60008 555 60008==
43418 22470 62305 10362 20214 30005 40046 57028 85200 333 59009 60008 555 60008==
43422 22470 72704 10313 20232 39927 40058 57022 86202 333 59005 60008 555 60008==
43424 22470 52305 10314 20252 30063 40065 56024 85000 333 59009 60008 555 60008==
43436 22470 60501 10321 20249 30041 40044 57030 85000 333 59003 60008 555 60008==
43441 21470 62303 10301 20241 39937 40067 56007 70362 85000 333 59003 60008 555 60008==
43444 22470 72704 10279 20227 39538 40062 57027 86201 333 59006 60008 555 60008==
43450 22/70 62006 10302 20249 30075 40087 56019 333 59001 60008 85/80 555 60008==
43466 22470 5//// 10304 20247 30066 40079 83000 333 59003 60008==
43467 22/70 72303 10311 20247 30076 40082 57025 333 58000 60008 81/16 555 60008==
43475 22470 62303 10356 29044 30040 40044 57032 82106 333 553// 20357 59002 60008 91009 555 60008==
43476 21470 72302 10246 20185 38740 48489 5/028 70382 85000 333 59008 69908 555 69908==
43479 22470 72701 10304 20186 39221 57027 85000 333 58003 60008 555 60008==
43486 42468 6//// 82000==
43495 21470 52504 10292 20246 30064 40077 57029 70182 83000 333 59002 69908 555 60158==
44212 32699 20105 10198 21019 39114 40170 57020 82200 333 91110 91205=
44213 32699 20303 10185 21003 38801 40165 57020 82200 333 91204=
44214 32998 02903 10185 21056 38292 40134 57022 333 91207=
44215 32698 23203 10178 21055 38429 40157 57019 82100 333 91204=
44217 32998 10000 10158 21061 37891 40166 57015 80001 333 91202=
44218 32999 00803 10197 21044 38618 40152 57020 333 91204=
44219 32999 02702 10203 21063 38638 40155 57019 333 91203=
44265 32999 22401 10233 21058 38840 40134 57025 80004 333 91201=
44266 32999 31505 10154 21093 37817 40159 57017 80008 333 91206=
44404 42458 30903 10238 20201 38088 48407 83200 333 58001 =
44416 42560 52603 10340 20259 39249 49975 83401 333 59015 =
44424 42460 61807 10258 20163 37618 47052 83230 333 59006 =
44438 42560 21210 10352 20263 39870 49992 82200 333 59009 =
44449 42560 31108 10342 20295 39842 49991 83100 333 59002 =
44454 42560 20905 10314 20211 38583 48423 82100 333 59011 =
44462 42356 30903 10262 20198 38200 48405 83400 333 59018 =
44474 41040 40705 10261 20198 38205 48441 70544 84400 333 59005 =
44477 42558 42302 10304 20246 38746 48459 84200 333 59002 =
44478 42560 20913 10344 20259 39911 49993 82100 333 59005 =
48010 32560 32201 10320 20265 39836 49983 82410 333 56550 59027=
48020 22460 43601 10329 20258 83801 333 56409=
48025 32458 63201 10322 20265 39866 40000 84340 999 56390 58002=
48031 21257 71801 10230 20198 70366 87800 333 56400=
48048 21550 81802 10288 20259 39951 40005 75052 8692/ 333 56449 58002=
48052 21457 80000 10350 20266 70355 85970 333 56990=
48062 21456 83603 10270 20240 30020 40026 70255 86970 333 56990 58001=
48064 21456 81401 10275 20268 39975 40031 70265 86870 333 56990 58013=
48071 21356 82304 10268 20256 30038 40046 76166 8692/ 333 5659/ 58016=
48094 21456 82201 10280 20270 30027 40037 76066 8597/ 333 5659/ 58000=
48109 32497 62302 10305 20267 30060 40063 86900 333 56900 58008=
50557 04980 /2706 10218 20025 39790 40074 52013 60002 70000 333 10235 20117 3/009 5004/ 54415 58092 60001 70000 90720 91116=
51076 04980 /2702 10226 20027 39335 40181 57022 60002 70000 333 10228 20053 3/005 5003/ 54405 59010 60001 70000 90720 91105=
51087 04979 /2705 10237 20007 39189 40166 57024 60002 70000 333 10237 20076 3/006 5004/ 54405 59015 60001 70000 90720 91109=
51156 04980 /1603 10178 20009 38718 40194 57015 60002 70000 333 10185 20056 3/005 5000/ 58003 60001 70000 90720 91106=
51243 04980 /1202 10224 20030 39665 40188 57014 60002 70000 333 10238 20129 3/012 5001/ 59003 60001 70000 90720 91105=
51334 04980 /2503 10209 20104 39803 40193 57008 60002 70000 333 10241 20105 3/011 5002/ 54415 58009 60001 70000 90720 91104=
51379 04980 /2901 10249 20004 39260 40163 57022 60002 70000 333 10249 20067 3/006 5003/ 54405 59014 60001 70000 90720 91105=
51463 04980 /3604 10198 20031 39036 40178 57010 60002 70000 333 10202 20104 3/006 5004/ 54405 59002 60001 70000 90720 91109=
51573 04980 /2603 10331 21013 30058 40104 57029 60002 70000 333 10332 20209 3/017 5004/ 54405 59029 60001 70000 90720 91107=
51644 04963 /2903 10240 20058 38935 40130 57017 60002 70000 333 10245 20137 3/016 5003/ 58008 60001 70000 90720 91112=
51656 04958 /0101 10268 20040 39115 40107 57018 60002 70000 333 10269 20146 3/010 5001/ 54405 59007 60001 70000 90720 91109=
51709 04960 /1603 10222 20043 38614 40122 57021 69912 70000 333 10226 20099 3/010 5003/ 54405 59004 69911 70002 90720 91107=
51711 04969 /0902 10161 20071 38030 40108 57021 60032 70000 333 10170 20062 3/007 5003/ 54415 59003 60001 70214 90720 91107=
51716 04957 /0804 10234 20079 38892 40115 57017 60002 70500 333 10239 20178 3/017 5003/ 54415 58004 60001 70000 90720 91110=
51765 04978 /0404 10290 21033 39153 40086 57022 60002 70000 333 10293 20129 3/008 5005/ 54405 59020 60001 70000 90720 91112=
51811 04963 /0602 10223 20095 38767 40118 57023 60002 70000 333 10228 20128 3/013 5002/ 54405 58007 60001 79999 90720 91106=
51818 04961 /3102 10227 20065 38621 40108 57023 60002 70000 333 10242 20135 3/013 5003/ 54415 58021 60001 70000 90720 91108=
51828 04957 /3303 10223 20065 38617 40097 57019 60002 70000 333 10280 20150 3/015 5002/ 54415 58030 60001 70000 90720 91114=
51886 04980 /2203 10210 20002 37119 40011 57022 60002 70000 333 10216 20065 3/004 5004/ 54405 59024 60001 70000 90720 91107=
52203 04973 /2001 10309 21007 39263 40098 57026 60002 70000 333 10309 20084 3/006 5001/ 54405 59036 60001 70000 90720 91105=
52602 04980 /3502 10234 21022 37267 40011 57017 60002 70000 333 10242 20075 3/003 54405 59026 60001 70000 90720 91107=
52681 04928 /1003 10141 20133 38662 40179 57005 60032 76000 333 10198 20118 3/010 5000/ 54416 59012 60031 70027 90720 91108=
52818 04980 /0802 10221 20075 37237 49995 57023 69982 70000 333 10223 20107 3/012 5002/ 59015 60001 70012 90720 91106=
52908 04977 /3302 10119 20018 35824 40004 57017 60002 70000 333 10124 20009 3/002 54405 59006 60001 70095 90720 91106=
53463 04980 /1201 10208 20052 38899 40186 57008 60002 70000 333 10215 20106 3/007 5001/ 54405 58020 60001 70004 90720 91108=
54857 04980 /1303 10277 20237 30038 40127 57003 60002 70000 333 10299 20251 3/024 5004/ 58009 60001 70000 90720 91107=
55299 04980 /1603 10119 20037 35894 49962 57017 69912 70000 333 10151 20060 3/005 5004/ 54415 59003 60001 70019 90720 91111=
55591 04980 /1403 10202 20051 36533 49915 57031 60022 70000 333 10230 20116 3/012 5004/ 54415 58014 69931 70021 90720 91109=
56004 04980 /3104 10134 20026 35874 49962 57015 60002 70000 333 10141 20035 3/002 54405 59004 60001 70032 90720 91107=
56018 04980 /1403 10155 20073 36222 49963 57011 69912 72150 333 10174 20084 3/008 54405 59002 69911 70002 90720 91108=
56299 88703=
57494 04970 /0103 10364 20226 30036 40064 57012 60002 70000 333 10378 20265 3/027 5003/ 54415 58013 60001 70000 90720 91108=
58847 04960 /1203 10327 20216 39952 40048 57006 60002 70000 333 10363 20255 3/025 5006/ 54405 59020 60001 70000 90720 91108=
62306 32960 41814 10350 20136 40092 54000 84050=
62309 32960 01904 10353 20110 40083 57002=
62325 32960 02803 10324 20228 40100 57003=
62332 32560 20706 10309 20230 40103 57001 82100=
62337 32960 00000 10332 20204 40100 57005=
62366 35960 03606 10337 20116 40090 57002=
62387 32960 00604 10341 20173 40101 52002=
62393 32960 03606 10344 20124 40129 52003=
62405 32960 02904 10369 20141 40095 52001=
62414 32960 00206 10377 20106 40102 52002=
62419 32960 00607 10362 20148 40087 54000=
62420 32960 00302 10361 20133 40093 57001=
62435 32960 01502 10374 20113 40090 57002=
62440 32960 01207 10338 20200 40101 57003=
62455 32960 02807 10319 20181 40102 54000=
62458 32960 03309 10310 20221 40093 52002=
62459 31956 02912 10304 20243 40082 54000 70700=
62465 32960 03511 10326 20226 40085 57002=
