SMPK OPKC 061800Z=
41506 02995 01806 10260 20154 38442 48439 60003 333 58000 60007 52%=
41504 02695 30902 10220 20082 37785 48391 60003 83500 333 56900 58021 60007 83640 RH41%=
41507 01996 00000 10270 20212 39181 49680 69903 72992 333 59001 60007 71%=
41508 01695 60000 10217 20168 38604 48481 60003 83520 333 56990 58021 60007 72992 83635 83460 75%=
41509 02996 01304 10280 20142 38668 48422 69903 333 58017 60007 RH52%=
41510 02996 00000 10170 20138 37898 48483 60003 333 58018 60007 81%=
41515 02995 00000 10268 20152 38461 48423 60003 333 58004 60007 48%=
41516 02696 73102 10240 20123 38472 48431 60003 82510 333 56990 58041 60007 82640 86460 RH48%=
41517 01696 63109 10205 20133 37763 48443 69903 70622 83570 333 56990 58038 60007 83640 86460 63%=
41518 02696 81802 10228 20131 38/// 48/// 60003 8352/ 333 5699/ 5//// 60007 83640 88461 54%=
41519 02696 73102 10280 20135 38683 48437 60003 83520 333 56990 58038 60007 83640 87462 RH41%=
41520 01595 80000 10160 20118 37616 48217 69943 72052 8562/ 333 5699/ 58035 69947 82720 83640 88462 76%=
41523 01695 80000 10240 20203 39018 48461 60013 72996 8352/ 333 5699/ 58029 60017 83640 85460 80%=
41524 12696 71802 10240 20195 39269 40098 60013 82520 333 56990 58048 60007 82640 85460 RH 76%=
41525 12996 33104 10160 20118 37669 48357 60003 83030 333 56090 58016 83362 76%=
41528 01696 30000 10215 20200 39191 48501 60063 70400 81520 333 56990 58058 60007 82640 81460 91%=
41529 01595 80508 10245 20207 39694 40063 69903 79592 8492/ 333 56990 58061 69907 81925 83635 85460 RH 79%=
41530 016// 83630 10240 20210 39649 40051 60013 79596 8697/ 333 5699/ 58051 60017 81930 85840 84857 83%=
41534 01596 83104 10220 20202 39638 40041 60013 71796 8592/ 333 5699/ 58041 60017 81930 84640 85460 87%=
41535 02996 00000 10180 20164 38633 48409 60113 333 58009 60007 RH90%=
41536 02996 00000 10210 20179 38976 48464 60073 333 58030 60007 83% =
41560 02996 30000 10220 20175 38244 48459 60003 83030 333 56090 58005 60007 83360 Rh76%=
41562 02996 01804 10300 20243 39573 40011 60003 333 58020 60007 RH 72%=
41567 01596 70000 10275 20231 39616 40015 60003 71321 84970 333 56990 58038 60007 81930 83640 86460 77%=
41571 116// 70510 10260 20193 39491 40052 60003 70522 83830 333 56990 58034 RH67%=
41572 01696 11306 10250 20229 39426 40027 69903 70491 81500 333 56900 58033 60007 81640 RH88%=
41573 02996 00000 10160 20127 37957 48470 60043 333 58025 60007 81%=
41574 02697 50000 10170 20162 38315 48489 60173 85500 333 56900 58011 60007 85640 95%=
41576 01696 30000 10280 20252 40044 60003 70400 83500 333 56900 58031 60007 83640 85%=
41577 01696 50502 10250 20214 39455 40049 69903 70421 82530 333 56990 58034 60007 82640 83360 RH 80%=
41593 01996 01302 10310 20269 39819 40021 60003 70410 333 58026 60007 79%=
41597 01996 00000 10300 20273 40050 69903 70400 333 58037 60007 85%=
41598 01996 00000 10290 20255 39768 40027 60003 70400 333 58033 60007 81%=
41599 01696 20000 10295 20245 39752 40028 60153 70411 82400 333 56900 58018 60007 82640 75%=
41600 01696 50000 10280 20244 39751 40035 69903 70422 82570 333 56990 58034 60007 82645 83462 81%=
41620 32996 01806 10270 20179 38516 48421 60003 333 58028 60007 58%=
41624 01996 00000 10315 20260 39817 40007 60003 70400 333 58019 60007 72%=
41625 01996 00000 10320 20265 39810 49999 60003 70400 333 58017 60007 73%=
41630 01696 30000 10295 20267 40037 60003 70410 83500 333 56900 58030 60007 83640 85%=
41633 02997 00000 10325 20248 4//// 60003 333 5//// 60007 64%=
41634 02697 30000 10270 20256 3//// 4//// 60133 83500 333 56900 5//// 60007 83640 92%=
41635 01996 00000 10315 20281 3//// 4//// 60003 70400 333 5//// 60007 82%=
41636 01996 00000 10310 20269 39849 40024 60003 70400 333 58011 60007 79%=
41638 01996 00000 10310 20254 4//// 60003 70400 333 5//// 60007 72%=
41639 01996 00000 10290 20248 3//// 4//// 60003 70400 333 5//// 60007 78%=
41640 01696 40000 10290 20269 39796 40034 60073 70411 82530 333 56990 58027 60007 82640 82360 89%=
41641 01996 01506 10290 20260 39774 40036 60003 70410 333 58024 60007 82%=
41642 01996 00000 10285 20264 3//// 4//// 60003 70400 333 5//// 60007 89%=
41643 01996 00000 10290 20255 39763 40027 69903 70400 333 58033 60007 81%=
41644 01996 00000 10290 20262 3//// 4//// 60003 70400 333 5//// 60007 85%=
41646 01996 00000 10310 20276 39838 40040 60003 70400 333 58030 60007 82%=
41652 01996 01304 10310 20254 39856 40027 60003 70400 333 58020 60007 72%=
41660 029// 01312 10250 20123 38393 48478 60003 333 58022 60007 45%=
41661 02996 00000 10250 20118 38348 48468 60003 333 58022 60007 59%=
41669 02996 00000 10325 20278 3//// 4//// 60003 333 5//// 60007 76%=
41670 01996 00000 10310 20276 3//// 4//// 60003 70400 333 5//// 60007 82%=
41674 01996 01304 10305 20264 3//// 4//// 60003 70400 333 5//// 60007 79%=
41675 01996 00000 10330 20253 39881 40016 60003 70400 333 58022 60007 64%=
41676 01996 00000 10320 20279 39878 40026 60003 70400 333 58021 60007 79%=
41677 01996 00000 10300 20265 39851 40010 60003 70400 333 58034 60007 82%=
41678 01996 00000 10320 20218 40032 60003 70500 333 58017 60007 55%=
41679 01996 00000 10290 20269 4//// 60003 70400 333 5//// 60007 89%=
41680 01696 21304 10315 20267 39835 40023 60003 70400 82400 333 56900 58017 60007 82840 76%=
41685 02697 30000 10245 20185 38853 48451 60003 83500 333 56900 58022 60007 83635 69%=
41696 02996 00000 10185 20110 37981 48481 60003 333 58004 60007 RH62%=
41697 02996 00000 10335 20266 40006 60003 333 58006 60007 RH67%=
41697 22996 00000 10320 20265 40002 333 58003 60007 RH73%=
41700 01996 00000 10325 20255 40012 60003 70400 333 58025 60007 67%=
41701 01996 20904 10310 20261 39890 40027 60003 70400 82030 333 56090 58023 60007 82360 75%=
41710 12996 03102 10320 21135 39244 49967 60003 333 58018 05%=
41712 12996 00000 10320 20012 39098 48454 60003 333 58012 RH14%=
41715 01996 00000 10320 20265 39952 40014 60003 70500 333 58020 60007 RH73%=
41716 01996 00000 10300 20258 39933 40031 60003 70400 333 58027 60007 78%=
41718 01996 00000 10310 20254 39924 40022 60003 70400 333 58016 60007 72%=
41724 01996 01306 10330 20283 40039 60003 70500 333 58025 60007 RH76%=
41725 02996 01302 10335 20259 39950 40024 60003 333 58026 60007 RH65%=
41726 02996 00000 10325 20278 39955 40022 60003 333 58021 60007 RH76%=
41739 02996 02308 10320 20169 38961 48449 60003 333 59013 60007 RH40%=
41742 12996 00000 10295 20253 40039 60003 333 58024 RH 78%=
41743 01996 00000 10325 20248 60003 70500 333 60007 RH 64%=
41744 12996 00000 10250 20054 38695 48430 60003 333 59022 RH 28%=
41745 01996 01802 10310 20261 60003 70500 333 60007 RH 75%=
41746 02996 01802 10310 20269 39975 40027 60003 333 58015 60007 RH79%=
41747 02996 01302 10315 20252 40004 60003 333 58016 60007 RH69%=
41748 02996 00502 10330 20268 40029 60003 333 58013 60007 RH70%=
41749 02996 01304 10315 20274 39990 40023 60003 333 58017 60007 RH79%=
41756 01495 41804 10285 20257 39967 40030 60003 70500 84600 333 56900 58003 60007 84715 RH85%=
41757 11995 00000 10280 20244 30040 40052 60003 71000 333 58026 RH81%=
41764 02996 02106 10285 20250 39993 40041 60003 333 58031 60007 RH81%=
41765 02996 02108 10290 20255 30004 40039 60003 333 58028 60007 RH81%=
41766 11996 02304 10275 20239 40030 70400 333 58025 60007 RH 81%=
41767 02996 0//// 10290 20262 60003 333 60007 RH85%=
41768 02996 02304 10290 20262 30033 40040 60003 333 58029 60007 RH85%=
41780 02596 42706 10280 20244 30020 40047 60003 84600 333 56900 58022 60007 84720 RH81%=
41783 02996 32304 10275 20247 30005 40034 60003 83030 333 56090 58019 60007 83360 RH 85%=
41785 02996 02304 10280 20252 30039 40052 60003 333 58015 60007 RH 85%=
41786 02696 22308 10300 20243 39999 40035 60003 82030 333 56090 58028 60007 82362 RH72%=
41BKI 01596 83608 10240 20210 39646 40051 69903 75092 8592/ 333 5699/ 58054 69907 82930 83460 85460 RH 83%=
41SKP 01996 00000 10300 20258 3//// 4//// 60003 70400 333 5//// 60007 78%=
43532 01696 60000 10250 20198 39245 40015 60023 70400 83520 333 56990 58024 60007 83640 83460 73%=
43533 02996 20000 10215 20200 39175 48474 60473 82020 333 56090 58060 60007 82460 91%=
43563 02697 80000 10250 20221 39383 40049 60033 83530 333 56990 58028 60007 83640 85360 84%=
41738 02996 01818 10310 20239 39884 40056 60003 333 58016 60007 RH66%=
41759 21995 00000 10280 20252 30053 40058 60003 71010 333 58018 60007 RH85%=
41508 01695 60000 10217 20168 38604 48481 60003 72992 83520 333 56990 58021 60007 83635 83460 75% CORR=

PPAA 5618/ 41600 MISDA DUE TO TECHNICAL PROBLEM=
PPAA 5618/ 41624 MISDA DUE TO TECHNICAL FAULT=
PPAA 5618/ 41640 MISDA DUE TO TECHNICAL PROBLEM=
PPAA 5618/ 41646 MISDA DUE TO TECHNICAL PROBLEM=
PPAA 5618/ 41678 MISDA DUE TO TECHNICAL PROBLEM=
PPAA 5618/ 41718 MISDA DUE TO TECHNICAL PROBLEM=
PPAA 56171 41780 MISDA NO ASCENT DUE TO RED BALLOON SHORTAGE=
PPAA 5618/ 41517 MISDA DUE TO DIS=
PPAA 5618/ 41715 NO ASCENT DUE TO PAF FILYING=
PPAA 5618/ 41739 no acent due to security risk=
PPAA 5618/ 41768 NO ASCENT DUE TO SHORTAGE OF STAFF=
PPAA 5618/ 41764 NO ASCENT DUE TO PAF FLYIN=
PPAA 5618/ 41675 MISDA DUE TO TECHNICAL ISSUE=
PPAA 5618/ 41598 MISDA DUE TO TECHNICAL PROBLEM=
PPAA 5617/ 41749 MISDA DUE TO TECHNICAL FAULT=

Data Generated from File : D:\all data handling\Rmc_lhr\2024090618.FSU.txt
06/09/24 19:07:00
______________________________________________________________
15007 05/70 /1301 10205 20085 39761 40214 53014 60002 7000/ 333 10274 20157 3/044 4/000 55300 0//// 20003 3//// 60007=
15020 05570 51101 10236 20108 30021 40210 52014 60002 7000/ 83570 333 10294 20174 30033 4/000 55300 0//// 20011 3//// 60007 91002 91104=
15023 05570 31303 10199 20089 39788 40199 53015 60002 7000/ 83500 333 10275 20166 30035 4/000 55300 0//// 20010 3//// 60007 91003 91106=
15056 05570 71201 10230 20117 39872 40208 52012 60002 7000/ 84570 333 10274 20169 30041 4/000 55300 0//// 20002 3//// 60007 91003 91108=
15069 05970 30704 10160 20085 39161 42842 53011 60002 7000/ 82041 333 10204 20140 30034 4/000 55300 0//// 20006 3//// 60007 91006 91107=
15073 05/70 /0701 10204 20118 39766 40217 53014 60022 7000/ 333 10254 20156 3/035 4/000 55300 0//// 20001 3//// 60007=
15090 05570 60201 10210 20151 30122 40211 53011 60002 7000/ 86500 333 10271 20168 31033 4/000 55300 10132 20000 30000 60007 91001 91101=
15107 01970 31802 10178 20100 39425 42849 53017 69902 70181 81071 333 10230 20161 30045 55300 0//// 20003 3//// 60007 91003 91105=
15108 02298 41005 10082 20080 38168 48568 53004 69922 82540 333 10103 20065 3//// 55300 0//// 20006 3//// 60007 91011 91111=
15109 05570 32902 10188 20128 39792 40215 53013 69912 7000/ 82540 333 10245 20155 31029 4/000 55300 0//// 20008 3//// 60007 91003 91103=
15111 05570 60102 10213 20143 39949 40203 52013 60032 7000/ 84570 333 10275 20155 31031 4/000 55300 0//// 20002 3//// 60007 91003 91103=
15113 05/70 /0100 10212 20155 30048 40206 53013 60002 7000/ 333 10262 20157 3/030 4/000 55300 0//// 20000 3//// 60007=
15127 01570 20903 10179 20094 39353 42846 53018 69972 70181 82400 333 10217 20160 30035 4/000 55300 0//// 20003 3//// 60007 91005 91107 95000=
15148 05470 30604 10132 20089 38774 48550 53015 60002 7000/ 82440 333 10174 20106 30/// 55300 0//// 20005 3//// 60007 91007 91109=
15150 05570 53301 10196 20165 30003 40209 52012 60142 7000/ 82430 333 10252 20159 31027 4/000 55300 0//// 20006 3//// 60007 91001 91102=
15154 05570 53601 10214 20141 30063 40200 53012 69922 7000/ 84360 333 10266 20158 31029 4/000 55300 0//// 20004 3//// 60007 91002 91103=
15168 05/70 /0602 10200 20118 39591 42836 53016 60002 7000/ 333 10257 20136 3/039 4/000 55300 0//// 20007 3//// 60007=
15170 05598 61302 10187 20110 39447 42843 52018 60002 7000/ 84370 333 10249 20152 30029 55300 0//// 20008 3//// 60007 91004 91104=
15194 01570 72703 10192 20166 39923 40209 53008 60112 78022 84370 333 10224 20155 31031 55300 0//// 20002 3//// 69907 91004 91104=
15197 05/70 /0203 10219 20131 30001 40204 53012 60022 7000/ 333 10243 20161 3/031 4/000 55300 0//// 20000 3//// 60007=
15215 05997 50903 10204 20117 39611 42839 53017 60002 7000/ 85070 333 10254 20113 39043 55300 0//// 20006 3//// 60007 91006 91107=
15217 05/70 /0604 10190 20132 39551 42844 53011 60002 7000/ 333 10215 20164 3/039 4/000 55300 0//// 20004 3//// 60007=
15219 05/70 /3002 10197 20171 30079 40200 53010 60072 7000/ 333 10226 20165 3/025 4/000 55300 0//// 20000 3//// 60007=
15238 05/70 /0504 10198 20126 39597 42841 52017 60002 7000/ 333 10237 20143 3/048 4/000 55300 0//// 20009 3//// 60007=
15261 05/64 /1302 10192 20122 39408 42854 52017 60002 7000/ 333 10223 20125 3/038 55300 0//// 20001 3//// 60007=
15262 01/90 90809 10084 20084 38275 48/// 53009 60002 74544 333 1//// 2//// 30/// 55300 0//// 20003 3//// 60007 91016 91117=
15265 05/70 /3502 10213 20172 30123 40195 53013 60012 7000/ 333 10232 20174 3/029 4/000 55300 0//// 20000 3//// 60007=
15280 01/90 90805 10059 20059 37582 47157 52010 69932 74584 333 10093 20055 31/// 55300 0//// 20003 3//// 60007 91008 91108=
15300 05770 60603 10197 20133 39580 42837 53021 60002 7000/ 86500 333 10255 20144 30050 55300 0//// 20004 3//// 60007 91006 91108=
15301 07565 83602 10128 20119 38686 48568 53013 69922 7818/ 883// 333 10211 20128 31/// 55300 0//// 20000 3//// 69927 91003 91104=
15302 05597 71301 10155 20125 38979 48555 53016 60002 7000/ 87900 333 10206 20133 30/// 55300 0//// 20000 3//// 60007 91002 91102=
15307 07/62 /3303 10184 20176 30011 40193 53014 6///2 7626/ 333 10238 20173 3/025 4//// 55300 0//// 20001 3//// 60087=
15310 01570 40401 10221 20172 30105 40187 52017 60032 70298 81470 333 10260 20168 31029 4/000 55300 10122 20000 30000 69907 91004 91106=
15324 05/70 /0901 10197 20120 39410 42830 52018 60002 7000/ 333 10271 20156 3/027 4/000 55300 0//// 20002 3//// 60007=
15325 01565 73401 10113 20109 38542 48552 53012 60062 70282 87300 333 10189 20113 31/// 4/000 55300 0//// 20001 3//// 69927 91002 91103=
15328 05570 80102 10223 20141 39856 40193 53015 60002 7000/ 8532/ 333 10256 20164 30035 4//// 55300 0//// 20001 3//// 60007 91004 91105=
15335 01566 50302 10217 20201 30173 40180 53013 60042 70198 83230 333 10257 20202 31028 55300 0//// 20002 3//// 60007 91004 91104=
15336 05/68 /0102 10213 20194 30174 40175 53014 60022 7000/ 333 10265 20204 3/027 4/000 55300 0//// 20000 3//// 60007=
15349 05/70 /0402 10211 20129 39657 40189 53015 60002 7000/ 333 10258 20182 3/042 4/000 55300 0//// 20000 3//// 60007=
15350 05570 70106 10203 20173 30080 40196 53016 60012 7000/ 87300 333 10250 20190 3/028 4/000 55300 0//// 20002 3//// 60007 91010 91112=
15375 01567 80803 10212 20151 39843 40189 53019 69902 78022 8537/ 333 10284 20170 30037 4/000 55300 0//// 20002 3//// 69907 91006 91107=
15377 05597 70603 10233 20148 39977 40184 52017 60002 7000/ 87300 333 10282 20176 30036 55300 0//// 20001 3//// 60007 91005 91107=
15402 05570 60305 10217 20170 30111 40183 53014 60002 7000/ 86500 333 10268 20182 30047 4/000 55300 0//// 20000 3//// 60007 91009 91111=
15405 05570 30107 10205 20181 30126 40187 53015 69932 7000/ 82360 333 10251 20192 30029 4/000 55300 0//// 20001 3//// 69937 91010 91111=
15406 05570 50101 10210 20194 30130 40176 53019 60072 7000/ 82340 333 10253 20189 31031 4/000 55300 0//// 20000 3//// 60007 91004 91106=
15408 05/70 /0504 10202 20189 39919 40176 53015 69972 7000/ 333 10239 20174 3/027 4/000 55300 0//// 20000 3//// 60007=
15409 05/70 /3603 10208 20193 30128 40174 53012 60002 7000/ 333 10253 20205 3/031 4//// 55300 0//// 20000 3//// 60007=
15419 05570 70505 10233 20150 30003 40190 53020 60002 7000/ 87300 333 10287 20171 30054 4/000 55300 0//// 20000 3//// 60007 91010 91110=
15420 05570 50403 10225 20165 30073 40180 53015 60002 7000/ 83460 333 10279 20179 30049 55300 0//// 20000 3//// 60007 91008 91108=
15421 05570 60405 10223 20165 30084 40191 53014 60002 7000/ 82470 333 10274 20179 30/// 55300 10168 20000 30000 60007 91009 91110=
15422 05970 60302 10229 20163 30081 40179 53018 60002 7000/ 86070 333 10295 20187 30053 55300 0//// 20000 3//// 60007 91006 91109=
15425 07565 40105 10202 20191 30116 40178 53015 60012 7818/ 82360 333 10243 20187 31034 4/000 55300 0//// 20003 3//// 60017 91007 91108=
15434 02970 40804 10246 20143 39969 40170 53018 60002 84070 333 10303 20182 30049 4/000 55300 0//// 20012 3//// 60007 91009 91111=
15444 05/69 /0401 10212 20198 30106 40176 53021 60022 7000/ 333 10254 20189 3/041 4/000 55300 0//// 20000 3//// 60007=
15455 05/70 /0505 10232 20155 30057 40182 53026 60002 7000/ 333 10293 20181 3/049 4/000 55300 0//// 20001 3//// 60007=
15460 05570 60204 10212 20185 30149 40173 53017 60002 7000/ 84570 333 10262 20192 30039 4/000 55300 0//// 20003 3//// 60007 91007 91108=
15462 05568 50803 10212 20196 30089 40172 53018 60002 7000/ 85500 333 10260 20181 31042 4/000 55300 0//// 20000 3//// 60007 91004 91105=
15470 05970 30704 10245 20149 30053 40174 53026 60002 7000/ 83040 333 10306 20180 30041 55300 0//// 20008 3//// 60007 91006 91108=
15475 02997 00403 10223 20167 30156 40175 53017 69942 333 10273 20195 30033 4/000 55300 0//// 20000 3//// 60007 91005 91108=
15479 07567 60702 10196 20188 39984 40171 53018 60022 723// 86900 333 10250 20177 31036 4/000 55300 0//// 20000 3//// 60017 91004 91105=
15480 05570 50500 10229 20194 30152 40169 53014 69922 7000/ 85300 222// 06244 2//// 333 10256 20196 31032 4/000 55300 10117 20000 30000 60007 91002 91103 92428=
15489 05970 10606 10245 20152 30087 40176 53026 60002 7000/ 81040 333 10301 20193 30050 55300 0//// 20006 3//// 60007 91009 91109=
15491 05970 00504 10236 20165 30146 40175 53025 60002 7000/ 333 10301 20199 30041 55300 0//// 20004 3//// 60007 91010 91110=
15499 05570 50604 10234 20199 30156 40165 53015 69902 7000/ 84960 222// 06251 2//// 333 10269 20195 30039 4/000 69907 91005 91107 92428=
15549 12970 00503 10207 20135 39767 40164 53017 60002 333 10267 20171 563//=
15552 12465 50000 10219 20194 30117 40164 53019 60002 85800 222// 00270 10301 333 10286 20197 586// 92023 92427=
15640 12774 10000 10250 20186 39856 40149 53023 60002 81200 333 10316 20212 568//=
15655 12568 30706 10243 20191 30125 40156 53018 60002 82130 222// 00255 10201 333 10254 20204 91116 573// 92027 92427=
15730 11670 82704 10243 20153 39770 40143 53020 69902 70398 8532/ 333 10319 20180 557// 71800=
16627 12560 42906 10282 20152 30131 40136 52018 60002 81145 333 10310 81825 83360 90730 91112 10000 40222 30000 10320 20324 30326 40304 50311 6//// 40000 47630 44230 50000 50202=
16650 12860 29903 10264 20190 30120 40129 52009 60002 81041 333 10314 90730 91107 10000 40240 30000 10328 20350 30352 40346 50296 60286 40000 47627 44270 50000 50216=
16667 12960 03104 10294 20179 30119 40130 53020 60002 333 10348 90730 91114 10000 40262 40000 47624 44245 50000 50220=
16706 12960 02401 10270 20193 30106 40113 53011 60002 333 10328 90730 91104 10000 40270 40000 47612 44220 50000 50220=
16723 12960 33510 10302 20166 30090 40103 52005 60002 80001 333 10364 90730 91120 10000 40276 40000 47605 44260 50000 50216=
16732 36/// /0205 10276 20174 30115 40125 52008 333 10300 90730 91113 10000 40275=
16742 12960 23211 10262 20191 39953 40100 53008 60002 80001 333 10342 90730 91119 10000 40262 40000 47503 44260 50000 50216=
16749 12960 32210 10298 20176 30069 40082 53002 60002 80001 333 10316 90730 91119 10000 40284 40000 47589 44260 50000 50220=
16754 12960 23009 10274 20227 30082 40127 52006 60002 80001 333 10322 90730 91116 10000 40274=
16760 12460 10303 10260 20115 40132 52006 60002 81100 333 10312 90730 91116 10000 40254=
16765 12960 02906 10262 20219 40108 50016 60002 333 10302 90730 91124 10000 40261=
17022 12970 01303 10211 20190 39997 40155 53005 60002 333 10261 91110 92428=
17024 12670 32006 10230 20224 30071 40145 52008 60002 83200 333 10297 83835 91110 92428=
17026 12570 32001 10236 20196 30119 40156 52008 60002 83200 333 10311 83830 91109 92428=
17031 12670 31801 10219 20209 30147 40153 52009 60002 83200 333 10280 83835 91114=
17034 12670 42302 10236 20204 30114 40158 53006 60002 82130 333 10275 82835 84360 91109 92428=
17038 11560 72214 10231 20194 30100 40146 50002 60142 72582 87200 333 10275 87828 91120 92427=
17050 12670 51105 10291 20166 30087 40146 52017 60002 83230 333 10342 83835 85360 91110=
17056 12970 00000 10244 20179 30145 40149 52016 60002 333 10272 91105 92438=
17060 12960 00612 10248 20167 30117 40156 53014 60002 333 10312 91117=
17070 12665 20402 10200 20155 39307 40143 52016 60002 82200 333 10285 82835 91112=
17074 12670 50000 10208 20180 39248 40137 52019 60002 83250 333 10292 83833 85360 91112=
17084 12970 00709 10207 20159 39266 40129 52021 60002 333 10298 91118=
17085 12970 00809 10249 20140 39664 40128 52021 60002 333 10318 91121=
17092 11660 33305 10209 20126 38844 48497 52020 60002 70190 83100 333 10301 83845 91119=
17096 11660 31015 10162 20113 38261 48515 52025 69902 70191 83100 333 10255 83835 91025 91125=
17098 11560 60210 10117 20102 38240 48536 52012 60032 72598 84950 333 10196 81920 83835 85357 91120=
17100 11570 70000 10190 20163 39190 40131 51003 60022 70282 84930 333 10318 81920 83830 86358 91122=
17112 12970 00101 10272 20171 30132 40134 52024 60002 333 10335 91112 92408=
17115 12960 00106 10248 20187 30100 40149 53015 60002 333 10292 91122=
17116 12965 30703 10260 20138 30027 40142 53018 60002 80004 333 10332 83070 91112=
17124 12960 02807 10206 20099 39261 40136 52011 60002 333 10286 91116=
17128 12960 00207 10229 20121 39074 40113 52016 60002 333 10293 91116=
17135 12970 00703 10255 20116 39271 40096 52010 60002 333 10308 91108=
17140 12965 00702 10197 20095 38714 48511 53011 60002 333 10266 91111=
17150 12960 03511 10266 20133 30013 40130 52016 60002 333 10340 91123=
17160 12970 03503 10235 20061 39007 48508 52012 60002 333 10296 91109=
17170 11660 33211 10189 20129 38344 48505 52018 69952 72991 82250 333 10262 82840 83357 91128=
17175 12965 03205 10284 20188 30117 40121 52020 60002 333 10342 91109 92437=
17184 12970 03305 10282 20093 30012 40117 52017 60002 333 10356 91115=
17190 12970 03102 10225 20061 38988 48513 52014 60002 333 10282 91111=
17190 12970 03102 10225 20061 38988 48513 52014 60002 333 10282 91111=
17195 12970 00402 10217 20068 38959 48506 52016 60002 333 10300 91117=
17200 12670 13109 10286 20061 39138 40046 52014 60002 81100 333 10344 81840 91114=
17202 12670 20903 10247 20076 39087 40052 53012 60002 82100 333 10338 82835 91118=
17203 12670 50000 10187 20142 38861 48536 50020 60032 83250 333 10326 83840 85360 91110=
17210 12970 00603 10289 20097 39089 40041 52016 60002 333 10350 91111=
17219 12965 03611 10290 20133 39983 40119 52018 60002 333 10356 91125=
17234 12970 00402 10320 20111 30034 40097 53013 60002 333 10389 91108=
17237 12970 02301 10277 20074 39626 40098 52011 60002 333 10361 91108=
17240 12970 01702 10240 20083 39019 40095 52014 60002 333 10319 91118=
17244 12970 23409 10237 20052 38988 48516 52010 60002 82030 333 10292 82360 91116=
17248 12670 30000 10235 20068 38966 48503 52016 60002 83200 333 10306 83840 91110=
17250 12670 30603 10237 20065 38800 48511 52015 60002 83200 333 10298 83840 91113=
17260 12960 02806 10276 20171 39269 40023 52014 60002 333 10350 91120=
17270 12970 00401 10308 20164 39452 40048 52016 60002 333 10362 91112=
17275 12970 03001 10281 20107 38951 48506 52014 60002 333 10332 91112=
17280 12660 31402 10268 20096 39316 40046 52014 60002 81130 333 10371 81840 83360 91124=
17290 12970 03605 10326 20093 30067 40097 53011 60002 333 10382 91117 92428=
17292 12970 02901 10273 20043 39377 40085 52016 60002 333 10353 91110=
17300 12960 00405 10294 20220 30022 40088 52015 60002 333 10374 91118=
17310 12970 02901 10307 20252 30069 40076 52010 60002 333 10341 91108 92428=
17330 12970 00000 10291 20214 30058 40075 53005 60002 333 10360 91109=
17350 12670 21706 10282 20234 30002 40075 52020 60002 82100 333 10360 82835=
17370 12670 32603 10294 20241 30086 40090 53013 60002 83200 333 10322 83835 91112 92438=
17375 12970 00000 10288 20226 30071 40073 52012 60002 333 10358 91113 92408=
33088 32997 00902 10204 20105 30057 40240 53008 333 10280 555 1/018=
33135 329// 00603 10195 20129 30128 40270 53007 333 10264 555 1/016=
33177 32597 20802 10214 20114 39989 40215 53009 82500 333 10290 555 1/019=
33317 329// 31102 10210 20102 39910 40232 53012 83030 333 10279 555 1/020=
33393 32960 21001 10223 20088 39828 40199 53010 80001 333 10282=
33415 32997 00802 10230 20104 39832 40208 53009 333 10284 1/018=
33429 32997 20704 10209 20098 39818 40221 53013 82030 333 10278 1/019=
33466 32982 01001 10190 20086 30065 40246 53009 333 10277 10017=
33506 32997 00903 10198 20015 30071 40260 52014 333 10267 1/017=
33562 32960 01002 10221 20112 39947 40237 52016 333 10294 1/019=
33587 329// 00501 10213 20078 39982 40233 53015 333 10286 1/020=
33658 32976 31503 10216 20095 39925 40210 52016 83030 333 10290 1/019=
33663 32597 51401 10230 20112 30124 40215 52010 83530 333 10305 1/022=
33664 32997 61102 10222 20056 39910 40211 52016 82032 333 10294 80013=
33678 32898 50702 10231 20081 30025 40223 52011 85030 333 10291 80010=
33679 32497 60803 10238 20131 30029 40209 52006 86500 333 10297=
33711 32960 00603 10214 20088 30026 40226 53012 333 10304 1/019=
33745 32597 60000 10201 20100 30041 40224 52015 82931 333 10279 80010=
33748 32597 61201 10228 20123 39930 40200 52012 86500 333 10262 80013=
33754 32997 70901 10238 20127 30067 40206 51003 87030 333 10287=
33761 32998 10504 10220 20105 30005 40217 53014 81030 333 10275 1/016=
33791 32982 00505 10242 20069 30104 40225 52015 333 10313 1/022=
33815 32598 53502 10237 20097 30001 40197 52009 83530 333 10270=
33837 32973 20904 10233 20154 30151 40200 53015 80001 333 10254 1/020=
33881 32598 60201 10223 20116 30016 40203 52015 86500 333 10275 80016=
33883 32897 50401 10225 20122 30043 40194 52016 85030 333 10269 80015=
33885 11597 30604 10214 20104 30078 40205 52013 60042 70198 83500 333 10245 80011=
33892 32997 31001 10192 20125 39998 40198 52013 83030 333 10269 80022=
33902 32997 00702 10222 20083 30150 40207 52016 333 10312 1/018=
33924 12598 30508 10226 20149 30171 40183 52012 60002 83500 333 10290 91013 91117=
33946 12774 80609 10228 20164 39958 40167 52010 60002 8555/ 333 10289 85650 91012 91116=
33983 12997 40507 10239 20137 30113 40170 52010 60002 84030 333 10286 91012 91114=
34300 32997 00803 10197 20012 30107 40278 53011 333 10263 1/015=
34336 42997 00202 10171 20015 30187 40288 52009=
34344 82998 00000 10125 20104 30200 40287 52011=
34356 82998 01101 10157 20006 30148 40292 53008=
34357 82998 01303 10171 20010 30133 40283 52007=
34398 329// 00403 10143 20027 30272 40282 53009 333 10226=
34415 32997 01101 10191 20035 30171 40264 53012 333 10267 1/015=
34438 82997 00602 10154 20011 30091 40277 51011=
34445 81998 00902 10154 20012 30174 40285 52010 70730=
34461 82997 00501 10143 20015 30235 40289 52009=
34473 329// 00902 10153 20033 30250 40288 53008 333 10219=
34476 82998 00503 10159 20003 30279 40286 53010=
34504 32981 00805 10216 20003 30077 40243 52016 333 10276=
34535 82998 00804 10190 21010 30196 40265 52011 333 91110=
34545 82998 00703 10167 20005 30165 40273 52009=
34555 82998 00905 10185 20054 30196 40284 52009=
34560 42997 00803 10133 20016 30101 40288 52008 333 91112=
34578 82997 00402 10162 20020 30273 40280 52010=
34579 82998 00102 10158 21003 30240 40283 52010=
34601 33415 32997 00802 10230 20104 39832 40208 53009 333 10284 1/018=
34644 82997 00504 10185 21001 30180 40254 52014 333 91112=
34646 82998 00906 10206 20063 30179 40257 52009 333 91010 91111=
34655 82997 00504 10172 21012 30208 40266 51009 333 91110=
34662 82998 00402 10142 21016 30267 40278 52009=
34691 32998 00902 10153 20011 30292 40280 53012 333 10231=
34712 38457 32597 72902 10199 20011 39586 40144 52025 85530 333 10286=
34720 82998 00404 10210 20057 30192 40230 52009 333 91010 91111=
34727 82997 00606 10219 20047 30185 40214 51011 333 91011 91111=
34743 82997 00603 10183 21016 30168 40254 52013 333 91110=
34759 81997 30404 10174 21008 30122 40249 52011 70230 80001=
34772 82997 00303 10162 21017 30265 40268 53011=
34785 82997 01301 10135 20029 30292 40270 53017=
34798 32997 00902 10149 20067 30299 40271 52009 333 10235=
34824 82997 00604 10236 20064 30187 40192 52009 333 91010 91111=
34838 42997 00504 10236 20028 30107 40198 51013 333 91111=
34845 82998 00904 10213 20013 30119 40221 53016 333 91112=
34858 42997 01103 10200 20020 30131 40234 52018=
34861 82997 21104 10178 20010 30012 40246 52013 82030 333 91113=
34866 82997 01303 10189 20052 30259 40250 53017=
34880 81997 00701 10144 20080 30289 40263 52011 70411=
34887 82998 00501 10153 20083 30280 40261 51012=
34949 82998 60911 10190 20095 39687 40207 52013 86030 333 91013 91117=
34954 82598 50803 10211 20073 30057 40222 53017 85500 333 91111=
34958 82598 60904 10197 20070 30038 40228 52016 86500 333 91112=
34975 42998 00903 10174 20072 30251 40247 52013 333 91111=
34984 82998 20303 10148 20093 30282 40253 52007 80031=
35217 329// 00202 10120 20023 333 10214=
35302 329// 00302 10146 20037 30262 40282 53005 333 10205=
35315 329// 03501 10120 20040 30214 40269 54000 333 10205=
35344 329// 03003 10069 20041 39970 40253 51008 333 10166=
35345 36/// /2403 10054 20041 39933 40252 51008 333 10151=
35358 329// 73403 10121 20046 30060 40224 52006 87040 333 10153=
35368 129// 83003 10116 20061 39962 40218 52009 69930 8807/ 333 10143=
35386 125// 62801 10080 20054 39673 40176 52004 69930 86400 333 10110=
35394 11598 72202 10069 20056 39514 40169 52004 60030 70282 87900 333 10119=
35404 329// 00602 10149 20051 30273 40281 53009 333 10214=
35406 329// 00101 10148 20025 30274 40276 52009 333 10214=
35416 329// 00702 10137 20025 30152 40268 52010 333 10206=
35426 329// 00000 10097 20018 39985 40269 53011 333 10193=
35437 329// 20201 10081 20003 39960 40267 53008 80004 333 10161=
35449 329// 53104 10134 20057 30143 40242 52009 85050 333 10166=
35497 125// 20000 10052 20036 39404 40182 52005 69940 82900 333 10125=
35498 326// 63202 10066 20027 39321 40171 52003 86500 333 10102=
35514 32998 03402 10126 20011 30277 40273 53010 333 10225=
35519 32998 00201 10120 20017 30200 40269 52009 333 10211=
35522 329// 00402 10123 20062 30021 40265 53007 333 10195=
35542 329// 03401 10097 20012 30107 40250 52009 333 10175=
35563 32598 83104 10090 20020 39469 40212 52010 885// 333 10127=
35576 326// 83403 10108 20031 39766 40197 52015 8247/ 333 10146=
35582 329// 53403 10059 20015 39606 40191 58018 80003 333 10130=
35594 329// 52602 10056 20007 39368 40183 52006 85030 333 10131=
35605 32998 03502 10138 20053 30291 40270 53012 333 10225=
35633 329// 23502 10124 20028 30050 40256 52009 80003 333 10192=
35671 32998 03602 10102 20023 39796 40209 52016 333 10160=
35699 329// 00000 10099 21010 39438 40161 52008 333 10167=
35700 32998 00000 10162 20034 30290 40267 53011 333 10231=
35715 32997 00702 10152 20019 30279 40265 52012 333 10230=
35739 329// 03603 10122 20019 30118 40253 51013 333 10196=
35746 329// 03604 10134 20019 30180 40244 52017 333 10207=
35777 329// 53403 10103 20023 39852 40183 52003 85030 333 10182=
35796 32997 03602 10118 21014 39743 40158 52016 333 10177=
35816 36/// /0602 10154 21004 30270 40281 51013 333 10224=
35849 329// 00202 10124 20025 30158 40240 52024 333 10224=
35895 32597 63603 10125 21002 39750 40172 52016 86300 333 10195=
35907 32998 00810 10183 20094 30278 40250 53007 333 10228=
35925 329// 00203 10136 21045 30145 40252 333 10219=
35927 329// 00702 10150 21020 30251 52017 333 10230=
35953 329// 03305 10126 20014 30102 40227 52017 333 10259=
35969 329// 00000 10120 20020 30041 40208 52020 333 10230=
35997 326// 60000 10130 20050 39745 40157 52011 85570 333 10174=
36259 82599 80601 10073 20028 38162 48424 57010 85902=
36335 115// 82805 10046 20020 39176 40169 52005 69990 72582 8732/ 333 10095=
36358 329// 52502 10066 20024 39165 40142 58002 80002 333 10121=
36394 329// 00000 10051 20042 39729 40138 52007 333 10168=
36397 329// 30000 10070 20040 39591 40133 52003 83070 333 10164=
36403 329// 00000 10056 20045 39780 40128 52005 333 10170=
36418 316// 72302 10106 20076 39534 40115 52014 70282 84933 333 10202=
36421 326// 62201 10107 20072 39582 40115 52011 86500 333 10205=
36428 115// 80000 10109 20099 39624 40096 58006 60020 78098 889// 333 10178 95090=
36439 114// 80000 10090 20080 38914 48456 51004 60030 78082 889// 333 10158=
36467 329// 03203 10038 21049 39255 40176 52013 333 10118=
36498 329// 03601 10076 20014 39385 40143 52009 333 10155=
36501 326// 70000 10101 20018 39417 40131 52006 87300 333 10145=
36535 329// 32601 10075 20026 39527 40132 52009 83030 333 10178=
36546 326// 50801 10158 20100 39602 40102 52009 83343 333 10208=
36619 329// 52301 10116 20030 85030 333 10218=
36622 329// 20000 10102 20044 39366 40128 52008 82040 333 10185=
36639 115// 80000 10130 20115 39553 40121 58001 60230 70282 889// 333 10186=
36643 115// 82703 10126 20065 39498 40119 52012 69940 70282 889// 333 10186=
36665 115// 82604 10134 20088 39433 40112 52013 60040 72582 889// 333 10164=
36666 115// 82006 10138 20104 39645 40105 58003 60010 72582 889// 333 10166=
36729 11598 82001 10131 20098 39668 40120 52001 60020 70282 889// 333 10176=
36736 115// 82901 10116 20093 39616 40140 58002 60070 70282 8695/ 333 10174=
36744 329// 70000 10115 20021 39725 40153 52007 87040 333 10186=
36770 115// 71702 10154 20094 39447 40126 58002 69970 70282 87900 333 10215=
36786 11699 80000 10120 20093 39265 40132 58002 60020 70282 889// 333 10184=
36796 115// 80000 10093 20071 38995 48481 58006 60080 70282 889// 333 10150=
36803 11599 81503 10161 20122 39706 40124 58005 60040 70282 889// 333 10200=
36806 315// 73202 10138 20054 39690 40130 51005 70282 87900 333 10263=
36819 115// 83205 10130 20057 39579 40160 52012 69950 78082 889// 333 10220=
36821 115// 82302 10132 20098 39690 40153 52009 69930 78082 889// 333 10205=
36839 32598 82702 10133 20072 39072 40137 52009 82941 333 10218=
36843 115// 83201 10129 20072 39027 40137 54000 69900 78082 86932 333 10194=
36846 325// 81402 10089 20050 38601 48495 52003 889// 333 10188=
36859 325// 62402 10160 20065 39357 40086 52008 83975 333 10296=
36870 325// 80501 10142 20071 39179 40135 52012 8597/ 333 10246=
36874 325// 83402 10133 20069 39415 40151 52014 889// 333 10250=
36877 326// 20000 10099 20066 39228 40165 52013 82900 333 10250=
36885 325// 80000 10133 20068 39077 40146 52009 8395/ 333 10235=
36889 326// 81801 10004 20002 37057 47081 58009 8652/ 333 10116=
36894 325// 72702 10178 20061 39434 40123 51004 83970 333 10271=
36905 326// 62202 10137 20058 38714 48476 52002 82372 333 10234=
36911 429// 50000 10140 20090 39252 40181 52030 80003 333 10246=
36927 42697 32720 10134 20053 38275 48440 52001 83900 333 10240 91124=
36934 42597 80000 10174 20111 38219 48332 51009 889//=
36953 116// 32901 10098 20059 38147 48508 54000 69900 70282 82903 333 10226=
36963 427// 71601 10085 21054 37049 48/// 52006 85550 333 10166=
36974 427// 72502 10174 21017 37943 48457 52010 87900 333 10270=
36982 429// 32403 10033 21062 36558 47111 52002 83030 333 10140=
37018 81697 70402 10235 20141 30085 40156 52006 71382 85902=
37031 82597 70804 10210 20139 30007 40192 52013 87500 333 91111=
37054 81597 80000 10161 20147 39846 40217 50006 78088 889//=
37061 82697 70706 10191 20088 30069 40231 52013 87500 333 91010 91114=
37085 82596 60607 10199 20116 30259 40233 52008 86500 333 91010 91111=
37171 41996 00904 10217 20193 30135 40152 52007 70191 333 91111=
37228 81495 82901 10146 20141 39396 40202 52003 72582 889//=
37235 81597 81003 10174 20169 39896 40199 52007 70282 885//=
37472 81596 81602 10197 20152 30237 40216 52011 72582 8637/ 333 91112=
38149 42998 23602 10142 20013 30163 40238 52024 80002 333 10228=
38178 429// 00103 10156 20021 39930 40206 52026 333 10224=
38262 329// 03502 10144 20034 30145 40224 52020 333 10230=
38264 42998 23505 10157 20017 30135 40225 52018 80003 333 10222=
38345 42798 82601 10111 20050 38800 48505 52013 889// 333 10210=
38353 425// 82806 10155 20046 39295 40157 52033 8393/ 333 10248 91012=
38388 72998 00503 10190 20045 30130 40197 52017 333 10276 6////=
38392 72997 30203 10153 20055 30118 40218 52025 83030 333 10232 6////=
38396 42997 43503 10119 20055 30096 40219 52018 80001 333 10235=
38403 429// 03603 10178 20029 30074 40190 52021 333 10245=
38413 429// 00203 10172 21044 39925 40205 52038 333 10246=
38457 32597 72902 10199 20011 39586 40144 52025 85530 333 10286=
38462 416// 80000 10148 20086 38757 48514 52042 78088 889// 333 10247=
38462 416// 80000 10148 20086 38757 48514 52042 78088 889// 333 10247=
38507 72957 00909 10255 20000 30082 40179 52019 333 10322 6//// 91014=
38545 32998 00102 10189 20076 30021 40189 52022 333 10266=
38565 329// 00000 10151 20050 39590 40164 52015 333 10260=
38579 329// 10202 10196 20013 39758 40157 52026 81070 333 10274=
38583 32997 63203 10198 20002 39844 40150 52022 83041 333 10285=
38599 32997 32409 10198 20008 39652 40141 52021 83030 333 10275=
38611 41797 82602 10213 20069 39554 40081 52019 72998 8337/ 333 10300=
38613 429// 83301 10221 20050 40101 52027 8802/ 333 10296=
38616 425// 32001 10192 20085 39148 40105 52021 83300 333 10276=
38618 329// 62505 10231 20011 39444 40088 52013 83032 333 10301=
38647 72997 21005 10248 20030 30126 40166 52028 82030 333 10320 6////=
38656 72998 00560 10238 20004 30074 40177 52023 333 10310 6////=
38683 42997 03603 10176 20019 39901 40167 52017 333 10285=
38687 32997 00204 10219 21017 39941 40164 52016 333 10303=
38696 326// 51101 10185 20017 39330 40147 52018 85500 333 10303=
38713 329// 42704 10138 20013 39025 48510 51007 84030 333 10252=
38750 72997 02702 10265 20234 30166 40139 54000 333 10307 6////=
38763 72997 01003 10251 20046 30073 40172 53022 333 10312 6////=
38774 72895 31103 10249 20050 39999 40183 52022 83080 333 10298 6////=
38799 32997 00204 10243 20056 39947 40165 52022 333 10337=
38806 32997 03402 10214 20062 39891 40137 52017 333 10316=
38812 42997 03204 10190 21005 39700 40132 52018 333 10328=
38836 329// 30000 10238 20077 39179 40051 52021 80002 333 10350=
38880 02997 20604 10252 20029 39933 40173 52030 60002 82030 333 10300 6////=
38886 72997 00302 10226 20064 39946 40162 52017 333 10331 6////=
38895 42996 00802 10230 20055 39884 40158 52015 333 10332=
38911 32997 03504 10220 20055 39831 40109 54000 333 10340=
38915 32997 03208 10255 20030 39814 40117 52020 333 10363=
38927 31930 22307 10252 20025 39735 40086 52016 70500 82030 333 10374=
38933 329// 23602 10225 20125 39610 40092 52016 80001 333 10352=
38944 329// 03601 10246 20028 39528 40025 52016 333 10360=
38954 329// 00000 10204 20027 37937 48490 52030 333 10308=
38974 72998 03202 10234 20059 39833 40149 52033 333 10343 6////=
38987 38388 32998 00503 10190 20045 30130 40197 52017 333 10276=
40030 32970 02101 10276 20208 40100 52019 333 10358=
40066 32570 20000 10248 20212 4//// 5//// 82400 333 10296 82626=
40080 32965 02210 10254 20178 39400 4//// 52020 333 10345=
40083 40001 32970 02202 10312 20048 40004 53017 333 10378=
40095
40100 43/70 69903 10286 20229 30094 40109 53007 6///1 333 58///=
40180 12560 10402 10284 20219 30051 40098 52013 60002 81100 333 10314 20279 70000=
40199 129// /3405 10348 20137 30054 40078 52024 60002 333 10390 20297 70000=
40255 36/// /2703 10241 29073 3//// 4//// 5//// 333 10308=
40265 32960 03010 10246 20183 39348 40108 52014 333 10314=
40270 31957 03007 10238 20183 39240 40097 52014 70500 333 10312=
40272 31950 03008 10254 20177 39302 40098 52013 70500 333 10325=
40296 36/// /2703 10346 29039 4//// 5//// 333 10403=
40310 36/// /2704 10253 29042 4//// 5//// 333 10352=
40340 32960 03311 10344 20140 30026 40087 52023 333 10388=
40356 42960 03110 10303 20070 39142 48492 333 10350 58020 55/// 04410 50058=
40357 42960 00000 10339 20010 39440 40029 333 10412 58017 55///=
40360 42960 03007 10296 20080 39510 40067 333 10371 58018 55///=
40361 42960 03013 10336 20070 39325 40065 333 10399 58021 55///=
40362 42960 03106 10363 20030 39544 40017 333 10443 58000 55///=
40373 42960 00604 10356 20030 39644 40031 333 10443 58003 55///=
40375 42960 02408 10318 20120 39227 40051 333 10367 58024 55///=
40394 42660 20404 10364 20080 38984 48502 82200 333 10400 58016 55/// 82840 04410 50018=
40394 42660 20404 10364 20080 38984 48502 82200 333 10400 58016 55/// 82840 04410 50018=
40400 42960 03503 10306 20230 30048 40075 333 10337 58024 55///=
40405 42660 41403 10370 20040 39331 40016 84500 333 10429 58001 55/// 84640=
40417 42960 00000 10330 20130 30010 40024 333 10448 58014 55///=
40420 42960 03304 10342 20020 39836 40032 333 10445 58018 55///=
40430 42960 12508 10366 20050 39360 40056 81030 333 10426 58023 55/// 81360=
40437 42960 00403 10344 20000 39390 40043 333 10410 58018 55///=
40439 42960 02608 10318 20230 30046 40064 333 10404 58037 55///=
40582 32960 03512 10407 20116 40024 51014 333 55300 00000 10210 20000 30000 41470 51680 60000 55407 40000 90400 91013 91125 91219 91313=
40703 12660 20706 10236 20072 38906 40090 52038 60001 82500 333 55092 70000 82640 10146 29035=
40706 12965 00710 10205 20053 38665 40116 52026 60001 333 55109 24510 70000 10125 29037=
40712 12960 03503 10199 20060 38665 40079 52022 60001 333 55111 22312 70000 10125 29040=
40713 12962 00909 10223 20034 38642 40063 52022 60001 333 55115 70000 10126 29029=
40718 11440 83105 10224 20212 30206 40179 52021 60121 78162 8232/ 333 55100 22120 70116 82915 88557 10216 29093=
40723 12960 09901 10199 20070 38966 40134 51022 60001 333 55095 22231 70000 10130 29043=
40726 12960 00000 10206 20029 38635 40070 52015 60001 333 55110 70000 10117 29031=
40727 12960 01702 10178 21005 38471 40073 52018 60001 333 55115 20283 70000 10093 29029=
40732 12660 32503 10248 20195 30178 40155 52023 60001 83500 333 55087 70000 83635 10214 29073=
40736 11558 72102 10243 20220 30181 40157 51017 69981 78010 87300 333 55008 224006 70008 86720 82925 10228 29087=
40737 12560 72002 10244 20194 30140 40157 52017 60001 85370 333 55076 21856 70000 81927 84630 87359 10212 29074=
40738 11560 62102 10246 20209 30168 40170 51014 69901 70282 84370 333 55055 21392 79999 83630 81935 85458 10222 29080=
40739 12965 00206 10208 20129 38688 40091 51018 60001 333 55110 70000 10160 29061=
40741 12960 00000 10232 20057 39841 40139 52032 60001 333 55113 70000 10142 29032=
40743 11658 10910 10254 21014 39046 40087 52034 60001 70700 81500 333 55109 22383 70000 81635 10127 29017=
40745 12960 02002 10215 20077 39057 40138 51023 60001 333 55120 22364 70000 10140 29041=
40747 12960 00000 10238 21053 38610 40052 51023 60001 333 55113 23307 70000 10109 29014=
40754 12960 02705 10264 20048 38789 40038 52015 60001 333 55110 70000 10148 29025=
40762 12965 00603 10210 21037 38553 40069 52023 60001 333 55116 70000 10099 29019=
40766 12960 02905 10275 21004 38664 40041 52014 60001 333 55109 22459 70000 10136 29016=
40768 12965 00304 10222 21086 38244 40024 52018 60001 333 55116 22406 70000 10093 29012=
40769 12960 02501 10255 21014 38289 40026 52024 60001 333 55114 22439 70000 10123 29017=
40780 12960 02801 10232 20032 38659 40056 52012 60001 333 55116 27025 70000 10129 29027=
40782 12960 00902 10248 21036 38813 40033 52014 60001 333 55114 70000 10118 29015=
40785 12960 00000 10302 21003 39015 40026 52015 60001 333 55109 24339 70000 10150 29014=
40791 12965 00704 10352 21196 39254 40006 51007 60001 333 55116 70000 10145 29002=
40792 12962 00201 10262 21099 38682 40023 50012 60001 333 55117 70000 10112 29009=
40798 12960 02802 10196 21056 37960 40022 51018 60001 333 55110 22500 70000 10085 29018=
40800 12660 10502 10269 21118 38429 40008 52023 60001 81400 333 55119 22576 70000 81640 10111 29007=
40809 12960 00607 10246 21104 38479 40019 51021 60001 333 55117 22669 70000 10103 29009=
40811 12960 03003 10379 20058 39978 40002 51014 60001 333 55110 70000 10201 29014=
40812 12960 02302 10358 20019 39652 49996 52010 60001 333 55104 23145 70000 10180 29012=
40818 12965 00000 10197 21211 37974 40022 52025 60001 333 55115 24238 70000 10064 29005=
40821 12967 01402 10309 21200 38730 40005 51012 60001 333 55118 22644 70000 10123 29003=
40829 12960 03515 10328 21042 39487 40013 52015 60001 333 55106 70000 10155 29009=
40831 12960 03005 10359 20111 30012 40019 52017 60001 333 55115 70000 10211 29022=
40833 12960 03202 10324 20042 39977 40007 52015 60001 333 55111 70000 10176 29017=
40835 12960 00000 10315 20108 39248 40017 52018 60001 333 55111 70000 10191 29028=
40841 12970 02602 10233 21161 38227 40014 52020 60001 333 55120 22577 70000 10088 29006=
40848 11657 10000 10268 20110 38488 40004 52019 60001 70510 81400 333 55108 22534 70000 81640 10172 29037=
40851 12960 00000 10248 21018 38234 49990 52014 60001 333 55116 70000 10118 29017=
40854 12960 02702 10298 21166 38885 49992 52012 60001 333 55100 70000 10122 29004=
40856 12962 00503 10278 21069 38608 40017 51017 60001 333 55110 22802 70000 10123 29010=
40859 11958 03401 10280 20099 38653 40000 52013 60001 70500 333 55112 70000 10172 29032=
40875 11940 02004 10321 20282 30014 40024 52021 60001 71000 333 55100 22313 70000 10292 29080=
40879 12960 03002 10352 20132 39376 40002 52019 60001 333 55103 70000 10214 29027=
40882 11940 03203 10326 20280 39984 40017 50008 60001 70500 333 55100 70000 10292 29077=
40883 11950 02702 10327 20280 39996 40018 53013 60001 70500 333 55090 70000 10292 29076=
40893 11958 01504 10310 20265 30015 40021 52013 60001 70500 333 55090 70000 10277 29077=
40898 11556 31703 10288 20259 30022 40031 51015 60001 71011 83600 333 55098 70000 83720 10267 29084=
41024 42960 03408 10339 20190 30050 40075 333 10389 58025 55100=
41036 42960 03108 10272 20120 38563 48515 333 10340 58018 55/// 04410 50070=
41055 42560 33316 10293 20050 38361 48502 83400 333 10350 58011 55/// 83630 04410 50047=
41061 42960 00506 10347 21040 39357 40015 333 10431 58013 55///=
41084 42560 20209 10349 20000 38813 48486 82200 333 10394 58001 55/// 82830 04410 50003=
41112 42960 02105 10215 20160 37953 48501 333 10303 58013 55079 04410 50043=
41114 42960 02105 10219 20170 37985 48499 333 10304 58010 55/// 04410 50042=
41128 42960 00404 10328 20010 38770 48491 333 10390 58009 55100 04410 50020=
41136 42660 20208 10372 20010 39254 40013 82400 333 10430 58012 55/// 82640=
41140 42560 33407 10331 20250 30064 40072 81430 333 10381 58020 81630 83360=
41150 42964 03205 10337 20256 40025 333 10391 58015=
41170 42960 00104 10345 20261 30015 40028 333 10398 58019=
41176 44/63 /0403 10334 20261 30016 40022 333 10385 58019=
41184 41958 00000 10299 20254 40028 70600 333 10396 58017=
41194 12960 09903 10346 20251 30017 40025 60001 333 10379 58015=
41196 12957 09902 10318 20260 39989 40028 60001 333 10375 58015=
41216 41958 00205 10329 20280 30020 40024 70500 333 10408 58017=
41217 41958 00207 10329 20278 39993 40020 70500 333 10420 58015=
41244 36/// /3405 10361 20132 39614 40005 333 0E035 10427 55300 25022 58011=
41246 36/// /1206 10312 20284 30024 40026 333 0E033 10342 55300 25022 58017=
41255 36/// /0401 10319 20169 39528 40013 333 0E035 10409 58016 =
41256 32960 03102 10307 20240 30003 40020 333 10362 58010 55000 55407 55408 55507 55508=
41257 36/// /2205 10345 20156 39558 40027 333 0E036 10421 55300 20000 58012 41244 36/// /3405 10361 20132 39614 40005 333 0E035 10427 55300 25022 58011 =
41263 26/// /3000 10321 20184 39472 40008 333 0E030 10399 55300 20000 58021 70000 41265 36/// /1305 10315 20215 39474 40014 333 0E035 10405 55300 20000 58012 41270 26/// /1815 10264 20251 39992 40041 333 0E030 10297 55300 25022 58015 70000 =
41265 36/// /1305 10315 20215 39474 40014 333 0E035 10405 55300 20000 58012 41270 26/// /1815 10264 20251 39992 40041 333 0E030 10297 55300 25022 58015 70000 =
41275 36/// /1614 10311 20216 39878 40040 333 0E032 10415 55300 20000 58011 =
41315 26/63 /0000 10223 20218 39254 47421 333 0E026 10273 55300 27865 58012 70002
41316 32460 79902 10263 20251 30033 40062 87600 333 10298 58012 55000 55407 55408 55507 55508 83710 87620=
41397 12904 10250 20235 40140 5//// 71922 81/75 22234 00280 20501 80240=
41398 71130 10240 20177 40092 5//// 70222 8/7// 22214 0//// 20607 80200=
41480 40582 32960 03512 10407 20116 40024 51014 333 55300 00000 10210 20000 30000 41470 51680 60000 55407 40000 90400 91013 91125 91219 91313=
41497 82212 10270 20257 40163 54000 76222 87672 22223 04280 20903 320// 41103 80260=
41498 82816 10260 20246 40100 52020 70211 8879/ 22253 06290 20804 323// 40804 80250=
41506 02995 01806 10260 20154 38442 48439 60003 333 58000 60007=
41508 01695 60000 10217 20168 38604 48481 60003 72992 83520 333 56990 58021 60007 83635 83460=
41515 02995 00000 10268 20152 38461 48423 60003 333 58004 60007=
41523 01695 80000 10240 20203 39018 48461 60013 72996 8352/ 333 5699/ 58029 60017 83640 85460=
41535 02996 00000 10180 20164 38633 48409 60113 333 58009 60007=
41536 02996 00000 10210 20179 38976 48464 60073 333 58030 60007=
41560 02996 30000 10220 20175 38244 48459 60003 83030 333 56090 58005 60007 83360=
41571 116// 70510 10260 20193 39491 40052 60003 70522 83830 333 56990 58034=
41598 01996 00000 10290 20255 39768 40027 60003 70400 333 58033 60007=
41600 01696 50000 10280 20244 39751 40035 69903 70422 82570 333 56990 58034 60007 82645 83462=
41620 32996 01806 10270 20179 38516 48421 60003 333 58028 60007=
41624 01996 00000 10315 20260 39817 40007 60003 70400 333 58019 60007=
41630 01696 30000 10295 20267 40037 60003 70410 83500 333 56900 58030 60007 83640=
41640 01696 40000 10290 20269 39796 40034 60073 70411 82530 333 56990 58027 60007 82640 82360=
41660 029// 01312 10250 20123 38393 48478 60003 333 58022 60007=
41678 01996 00000 10320 20218 40032 60003 70500 333 58017 60007=
41696 02996 00000 10185 20110 37981 48481 60003 333 58004 60007=
41697 02996 00000 10335 20266 40006 60003 333 58006 60007=
41700 01996 00000 10325 20255 40012 60003 70400 333 58025 60007=
41710 12996 03102 10320 21135 39244 49967 60003 333 58018=
41712 12996 00000 10320 20012 39098 48454 60003 333 58012=
41715 01996 00000 10320 20265 39952 40014 60003 70500 333 58020 60007=
41718 01996 00000 10310 20254 39924 40022 60003 70400 333 58016 60007=
41725 02996 01302 10335 20259 39950 40024 60003 333 58026 60007=
41739 02996 02308 10320 20169 38961 48449 60003 333 59013 60007=
41744 12996 00000 10250 20054 38695 48430 60003 333 59022=
41749 02996 01304 10315 20274 39990 40023 60003 333 58017 60007=
41756 01495 41804 10285 20257 39967 40030 60003 70500 84600 333 56900 58003 60007 84715=
41759 21995 00000 10280 20252 30053 40058 60003 71010 333 58018 60007=
41764 02996 02106 10285 20250 39993 40041 60003 333 58031 60007=
41768 02996 02304 10290 20262 30033 40040 60003 333 58029 60007=
41780 02596 42706 10280 20244 30020 40047 60003 84600 333 56900 58022 60007 84720=
41785 02996 02304 10280 20252 30039 40052 60003 333 58015 60007=
41859 32430 43602 10296 20280 30004 40040 82530 333 56990 59006 70000 82618 84362=
41883 32930 30000 10298 20270 30016 40036 83030 333 56090 59009 70032 83362=
41891 31430 60000 10270 20240 30001 40039 71392 83920 333 56990 59002 70000 83616 81930 85458=
41898 21022 10190 20160 40190 54000 70222 82002 22253 06240 21002 80180=
41907 32940 00000 10287 20280 30023 40037 333 59002 70140=
41923 32440 80000 10290 20260 30030 40040 8532/ 333 56999 59006 70004 85615 81930 88459=
41936 31430 40000 10278 20260 30028 40035 70522 82830 333 56990 58002 70000 82615 84362=
41943 11330 81802 10260 20250 30038 40045 60368 70262 8662/ 333 56499 58003 70810 83710 84614 88458=
41950 32350 80000 10289 20289 30039 40041 8562/ 333 56599 58003 70064 82708 84617 88459=
41978 32457 70703 10284 20270 30041 40047 84320 333 56990 58010 70552 83617 81930 86460=
41992 31425 80000 10280 20260 30042 40044 70522 8432/ 333 56999 58005 70000 83616 81925 88460=
42001 06181 99259 70897 46/// /1806 10304 20285 30096 40099 91740 22200 00302 333 91207 555 11062 22066 8//06 91732=
42027 31595 60701 10192 20158 38386 48469 70522 83521 333 58038=
42056 32996 10501 10266 20252 39614 80001 333 58028 81070=
42071 31995 09902 10292 20284 40039 71000 333 58030=
42097 06181 99257 70837 46/// ///// 1//// 91756 22200 00303 10501 20501 70007=
42101 32996 00901 10264 20261 40061 333 58036=
42111 21595 71801 10250 20233 39367 40048 70252 85830 333 58041 6992/ 84620 85830 87360=
42123 32996 31102 10294 20254 40035 83030 333 58030 83360=
42131 32696 50000 10274 20257 40044 83530 333 58027=
42182 31596 70000 10268 20248 40043 71022 84510 333 58027 84630 86459=
42189 31595 80000 10268 20268 40050 71022 8551/ 333 58027 85620 88460=
42328 31595 62304 10274 20245 40013 70522 83520 333 58027 83630 85458=
42339 21595 50000 10260 20249 40031 70595 82520 333 58020 6995/ 82630 83458=
42348 21495 79901 10250 20244 40044 71096 8662/ 333 58019 6005/ 84710 85625 85459=
42361 31996 30000 10276 20259 40040 70510 83030 333 58019 83360=
42369 31595 40000 10284 20267 40049 71022 82530 333 58027 82620 83360=
42379 31995 30000 10286 20269 40038 71000 83030 333 58010 83360=
42410 31595 50000 10284 20270 40044 71792 83330 333 59012 83620 81925 84360=
42415 32596 40000 10300 20269 40045 82430 333 58000 81620 83360=
42452 21595 63601 10260 20254 40037 71022 83530 333 58022 6990/=
42492 21495 40000 10294 20277 39987 40044 71011 82530 333 58005 6992/ 82618 84360=
42559 21596 82302 10256 20239 40029 70262 8452/ 333 58013 6990/ 84620 88458=
42571 22596 70000 10262 20253 40042 84530 333 58018 6019/ 84625 87360=
42623 31496 40000 10240 20226 39206 40057 71010 82530 333 58001 82618 84360=
42634 32596 22502 10266 20249 40065 82500 333 58021 82620=
42647 21496 60000 10284 20259 40061 70522 84630 333 56590 58028 6996/ 83715 83620 85358=
42667 31596 72007 10254 20240 39473 40050 70522 83730 333 58012 83620 86360=
42675 31596 70000 10268 20257 40043 70522 83530 333 58015 83625 85360=
42701 21595 50000 10258 20244 39328 40038 71096 83530 333 58008 6990/ 83620 83360=
42724 31496 60000 10276 20253 40036 71022 83530 333 59005 83618 85360=
42737 32896 32006 10270 20247 40067 83030 333 58022 83358=
42754 21396 72504 10234 20231 39429 40056 70562 85730 333 58019 6010/ 83708 84620 85360=
42779 22596 50000 10262 20237 39362 40042 82530 333 58010 6990/ 82620 84360=
42798 21496 30000 10282 20262 40032 71000 83500 333 58001 6001/ 83615=
42809 31595 20000 10300 20272 40039 70500 82500 333 58005 82618=
42840 22596 60000 10276 20259 40067 84830 333 58017 6008/ 83620 85360=
42867 31495 62002 10266 20249 40048 70522 83520 333 58010 83618 86458=
42874 32596 50000 10274 20254 39711 40042 82530 333 58010 82620 84360=
42886 21495 80000 10284 20276 40041 76092 8552/ 333 58007 6990/ 85618 88458=
42895 22596 20000 10288 20274 40036 82500 333 58001 6005/ 82620=
42971 21496 60202 10288 20269 40040 71322 85930 333 57942 58004 6005/ 84618 81930 86360=
43003 21495 60000 10274 20254 40082 70562 84830 333 58019 6003/ 82616 84825=
43014 22596 52502 10240 20226 39428 40070 85800 333 58016 6996/ 83620 83825=
43041 22596 60000 10242 20233 39440 40048 84510 333 58005 6011/ 84620 86458=
43063 21596 72703 10230 20221 39469 40092 75065 85730 333 56690 58016 6994/ 82722 83626=
43086 32596 82701 10264 20237 39874 40049 8357/ 333 58013=
43110 21496 60000 10268 20245 40098 70262 84720 333 58011 6004/ 81712 83618 85456=
43117 32596 72304 10260 20240 40077 85620 333 58013=
43128 21496 80000 10250 20238 39467 40067 79596 8492/ 333 56699 57962 58010 6999/ 83615 81930 88458=
43150 21596 70000 10276 20259 39973 40033 70552 84501 333 59002 6990/ 84620 85075=
43185 21596 72705 10276 20250 30033 40036 70252 84870 333 58005 6996/ 83620 85360=
43189 22596 40000 10270 20250 30029 40038 82530 333 58003 6003/=
43192 21596 53202 10266 20257 40095 72582 82532 333 58007 6007/=
43201 32496 52304 10232 20214 39348 40070 83530 333 58012 83612 84358=
43213 22596 72704 10264 20228 39742 40056 84538 333 58000 6002/=
43237 21596 89902 10270 20238 39662 40050 70262 8157/ 333 58008 6994/ 81620 86458=
43245 32596 52004 10298 20264 30027 40053 82432 333 58008=
43279 21596 70000 10284 20247 30047 40064 70252 83530 333 58004 6990/ 83620 86360=
43284 21296 80000 10254 20237 39985 40101 72162 84771 333 58007 6019/ 82706 83612 86458=
43295 32496 52703 10228 20188 39087 48491 82531 333 58005 82615 83358=
43314 32596 40000 10274 20257 40101 82801 333 58002=
43321 31396 62310 10250 20229 39648 40094 71022 83631 333 58007 81708 83612 85070=
43329 32596 40000 10290 20259 30054 40067 82531 333 58013=
43333 21495 72703 10270 20247 40065 70562 85420 333 56590 58004 6997/ 83618 84820 86458=
43344 31495 62908 10300 20220 39982 40081 70522 82531 333 58007 82616 83360=
43371
44212 329// 01802 10106 20041 38985 40061 57004 333 91202=
44213 329// 22003 10139 21021 38680 40049 57006 80008 333 91203=
44214 32698 83204 10124 20028 38198 40063 58011 82570 333 91207=
44215 316// 61903 10144 20013 38324 40053 57002 71522 86500 333 91206=
44217 326// 82302 10118 21003 37810 40098 58003 885// 333 91204=
44218 329// 32002 10133 20005 38509 40060 57003 83030 333 91202=
44219 32999 01904 10211 21065 38531 40025 52004 333 91206=
44265 329// 00702 10176 21034 38756 40065 52001 333 91202=
44266 319// 21704 10138 21080 37762 40103 58003 70230 82080 333 91111 91208=
50557 04980 /2602 10096 20056 39798 40083 52006 60002 70000 333 10239 20071 3/006 5000/ 54415 58015 60001 70000 90720 91108=
51076 04976 /3603 10161 20086 39238 40068 52001 60002 76050 333 10214 20147 3/014 5001/ 54415 58001 60001 70000 90720 91107=
51087 04980 /2907 10167 20062 39105 40052 52016 60002 70000 333 10295 20158 3/016 5002/ 59003 60001 70000 90720 91111=
51156 04978 /3010 10134 20065 38632 40073 52006 60002 76000 333 10203 20127 3/011 5003/ 54415 58005 60001 70000 90720 91117=
51243 04980 /3105 10200 20074 39559 40067 52005 60002 70000 333 10292 20198 3/020 5004/ 54415 58015 60001 70000 90720 91116=
51334 04980 /0405 10184 20100 39717 40095 52015 60002 70000 333 10285 20160 3/017 5004/ 54405 58038 60001 70000 90720 91113=
51379 04980 /2503 10189 20064 39170 40045 52008 60002 70000 333 10291 20097 3/015 5002/ 54405 59014 60001 70000 90720 91106=
51463 04980 /1302 10188 20069 38959 40066 52016 60002 70000 333 10266 20188 3/016 5002/ 54415 58010 60001 70000 90720 91108=
51573 04961 /0303 10287 20089 39971 40016 54000 60002 70000 333 10362 20227 3/027 5002/ 54405 59062 60001 70000 90720 91105=
51644 04959 /1000 10145 20122 38869 40050 57005 60002 70000 333 10273 20126 3/016 5002/ 59042 60001 70000 90720 91108=
51656 04963 /2301 10176 20114 39053 40043 57007 60002 70000 333 10285 20117 3/011 5002/ 54405 59048 60001 70000 90720 91109=
51709 04967 /2902 10205 20097 38563 40028 57002 60002 70000 333 10274 20154 3/020 5004/ 54405 59036 60001 70000 90720 91107=
51711 04980 /2501 10124 20091 37992 40020 57009 60002 70000 333 10221 20097 3/011 5001/ 54415 59030 60001 70000 90720 91109=
51716 04958 /0000 10174 20117 38826 40033 57007 60002 70000 333 10302 20143 3/019 5003/ 54405 59040 60001 70000 90720 91104=
51765 04967 /1900 10159 20111 39113 40045 57008 60002 70000 333 10303 20113 3/014 5002/ 54405 59049 60001 70000 90720 91107=
51811 04962 /3401 10186 20112 38710 40030 57001 60002 70000 333 10292 20131 3/017 5003/ 54405 59036 60001 70000 90720 91106=
51818 04962 /3600 10168 20121 38569 40031 54000 60002 70000 333 10287 20127 3/017 5000/ 59034 60001 70000 90720 91104=
51828 04958 /3001 10208 20109 38561 40012 57003 60002 70000 333 10281 20156 3/019 5001/ 54405 59041 60001 70000 90720 91105=
51886 04980 /3602 10149 21133 37138 40019 57006 60002 70000 333 10216 20026 3/010 5002/ 54407 59038 60001 70000 90720 91107=
52203 04960 /0701 10157 20053 39219 40045 57005 60002 70000 333 10298 20126 3/014 5003/ 54405 59058 60001 70000 90720 91104=
52602 04980 /2702 10073 21125 37300 40087 57001 60002 70000 333 10212 20009 3/004 54405 59024 60001 70000 90720 91106=
52681 04980 /1102 10132 20114 38643 40148 57013 60002 70000 333 10192 20118 3/012 5001/ 54405 59019 60001 70108 90720 91105=
52818 04980 /2601 10082 20011 37268 40080 57006 60002 70000 333 10215 20053 3/007 5001/ 54415 59028 60001 70000 90720 91105=
52908 04970 /2502 10016 21013 35849 40099 57005 60002 70000 333 10105 21018 3/101 54405 59001 60001 70000 90720 91108=
53463 04980 /0104 10141 20116 38870 40164 57002 60072 70000 333 10155 20133 3/013 5001/ 54415 59017 60021 70104 90720 91106=
54857 04979 /2501 10221 20162 30051 40140 57006 60002 70000 333 10299 20217 3/021 5002/ 58012 60001 70000 90720 91107=
55228 04980 /3002 10122 21017 36068 49907 52006 60002 70000 333 10186 20087 3/010 5003/ 58016 60001 70000 90720 91117=
55299 04980 /3600 10077 20048 35921 49997 57006 60002 70000 333 10133 20039 3/007 5000/ 54405 58002 60001 70023 90720 91107=
55578 04980 /3302 10156 20046 36412 49928 52006 69902 72100 333 10223 20100 3/015 5002/ 54405 58012 60001 79999 90720 91107=
55591 04979 /1102 10171 20072 36553 49921 52003 60002 70000 333 10232 20125 3/015 5001/ 58014 60001 70000 90720 91106=
55664 04980 /2504 10119 20012 36063 49953 52002 60002 70000 333 10198 20079 3/013 5004/ 54405 58011 60001 70000 90720 91110=
55773 04980 /1704 10074 20052 36079 40024 52001 60002 70000 333 10144 20041 3/008 5002/ 54405 58011 60001 70003 90720 91113=
56004 81070=
56018 04980 /1801 10091 20057 36252 40004 54000 60002 70000 333 10181 20084 3/008 58021 60001 70001 90720 91109=
56116 04959 /3201 10093 20073 36410 40019 52004 60042 76000 333 10184 20093 3/010 5000/ 54415 58022 60021 70056 90720 91109=
56299 57961 58002 82921 83822 85080=
56312 04980 /2202 10169 20093 37122 40012 52003 60002 70000 333 10234 20144 3/017 5001/ 58012 60001 70000 90720 91110=
57494 04950 /0402 10258 20235 30078 40106 57005 60002 71000 333 10349 20257 3/026 5002/ 54415 58022 60001 70000 90720 91111=
58847 04967 /0303 10287 20240 30001 40098 57009 60002 70000 333 10330 20284 3/028 5001/ 58039 60001 70005 90720 91108=
62306 32960 03008 10285 20228 40125 52007 333 10310=
62309 32960 03305 10280 20215 40108 52010 333 10332=
62325 32560 33304 10289 20240 40104 52006 83200 333 10328=
62332 32960 03506 10286 20235 40105 52010 333 10318=
62337 32960 03602 10280 20212 40102 52011 333 10331=
62366 35960 00109 10305 20192 40099 52015 333 10338=
62387 32960 00202 10312 20167 40100 52013 333 10357=
62393 32960 03508 10306 20139 40133 52014 333 10360=
62405 32960 02805 10326 20098 40090 52013 333 10383=
62414 32960 03405 10354 20090 40097 52013 333 10394=
62419 32960 03203 10340 20099 40093 52013 333 10391=
62420 32960 03103 10316 20127 40103 52010 333 10364=
62423 37395 12997 20908 10240 20123 30018 40150 54000 60030 82030 333 10276=
62432 32960 03406 10334 20129 40112 52011 333 10382=
62435 32960 03403 10335 20109 40089 52010 333 10391=
62440 62309 32960 03305 10280 20215 40108 52010 333 10332=
62455 32960 03005 10312 20194 40096 52013 333 10358=
62458 32960 03206 10305 20195 40006 52012 333 10324=
62459 32960 03209 10330 20155 40073 52013 333 10329=
62465 32960 00000 10299 20233 40081 52016 333 10319=
