SIPK OPKC 040300=
41506 22997 00000 10175 20151 38479 48478 333 20170 59017 60007 70000 86%=
41504 22697 32302 10155 20113 37830 48457 83200 333 20120 56900 58013 60007 70000 83845 Rh76%=
41505 22696 60000 10140 20106 38/// 48/// 83470 333 20130 58/// 56990 60007 70000 83840 86760 80%=
41507 22997 00000 10240 20211 39194 49691 333 20220 58003 60007 70000 84%=
41508 22997 00000 10189 20166 38637 48512 333 20170 59001 60007 70000 86%=
41509 22697 10000 10230 20176 38713 48464 81500 333 20215 56900 59018 60007 70000 81640 RH72%=
41510 22997 00000 10150 20116 37906 48498 333 20120 59012 60007 70000 80%=
41515 22697 20000 10218 20156 38505 48469 82200 333 20178 56900 59012 60007 70000 82850 67%=
41516 22696 40000 10215 20159 38532 48491 84400 333 20165 56900 58016 60007 70013 84840 RH71%=
41517 21696 20000 10170 20081 37801 48495 70400 82500 333 20116 56900 58001 60007 79999 82635 56%=
41518 02596 81802 10183 20147 38/// 48/// 70265 84770 333 20169 56990 5//// 60017 70010 81730 83440 84762 81%=
41519 22697 32702 10255 20152 38756 48508 83500 333 20235 56900 58042 60007 70040 83640 RH53%=
41520 22596 60000 10135 20091 37634 48243 85670 333 20122 56990 58002 60007 70000 81720 83640 83762 74%=
41523 22997 00000 10220 20182 39051 48488 333 20200 59005 60007 70000 79%=
41524 22997 00000 10235 20206 39280 40114 333 20210 59029 60007 70000 RH 84%=
41525 22997 00000 10160 20127 37688 48378 333 20140 59005 60007 70000 81%=
41528 22997 00000 10220 20190 39162 48474 333 20197 59022 60007 70000 83%=
41529 22996 31002 10270 20241 39701 40068 333 20238 59027 60007 70000 Rh84%=
41530 21996 03604 10280 20237 39657 40053 70500 333 20250 59036 60007 70000 77%=
41534 22996 00000 10265 20244 39656 40054 333 20245 59032 60007 70000 88%=
41535 22997 00000 10210 20187 38670 48447 333 20163 59030 60007 70000 RH87%=
41536 22997 00000 10220 20190 38993 48481 333 20195 59029 60007 70000 84% =
41560 22997 00000 10210 20173 38264 48482 333 20180 58008 60007 70000 Rh79%=
41562 22997 00000 10260 20231 39616 40064 333 20240 58016 60007 79999 RH 84%=
41565 22997 03102 10200 20143 38613 48486 333 20155 58001 60007 70000 69%=
41567 21696 20000 10290 20232 39626 40023 70402 82500 333 20245 56900 59016 60007 70000 82640 71%=
41571 21696 41306 10260 20239 39501 40062 70500 84500 333 20243 56900 59031 60007 70000 RH88%=
41572 21995 32306 10260 20246 39440 40040 71000 83030 333 20225 56090 59029 60007 70000 83360 RH92%=
41573 22997 01802 10215 20162 37959 48459 333 20155 5024 60007 70160 72%=
41574 22697 30000 10160 20144 38338 48514 83400 333 20 136 56900 58003 60007 70000 83640 90%=
41576 21696 10000 10270 20249 40069 70400 81100 333 20250 56900 59022 60007 70000 88%=
41577 21696 40000 10270 20242 39466 40055 70410 82530 333 20230 56990 59027 60007 70000 82640 83360 RH 85%=
41593 21996 00000 10275 20261 39841 40047 70420 333 20245 59020 60007 70010 92%=
41597 21996 52702 10270 20249 39784 40067 70422 85030 333 20257 56090 59021 60007 70000 85362 88%=
41598 21996 20000 10270 20249 39787 40049 70400 82030 333 20249 56090 59013 60007 70000 82362 88%=
41599 21996 42704 10270 20241 39774 40054 70422 84070 333 20253 56090 59024 60007 70000 84460 84%=
41600 21996 32302 10280 20244 39776 40061 70412 83020 333 20257 56090 59007 60007 70000 83460 81%=
41620 32997 03602 10230 20141 38547 48453 333 20210 58000 60007 70000 57%=
41624 22997 00000 10270 20241 39860 40055 333 20245 59017 60007 79999 84%=
41625 22997 00000 10270 20241 39853 40046 333 20250 59013 60007 70180 84%=
41630 21695 20000 10275 20254 40056 71000 82400 333 20250 56900 59013 60007 70000 82640 88%=
41633 22997 00000 10290 20262 3//// 4//// 333 20258 5//// 60007 79999 85%=
41634 22997 00000 10250 20236 3//// 4//// 333 20215 5//// 60007 70000 92%=
41635 21996 00000 10280 20252 3//// 4//// 70400 333 20250 5//// 60007 70012 85%=
41636 21696 60000 10275 20268 39881 40057 70422 82520 333 20260 56990 59003 60007 70150 82640 84462 96%=
41638 21996 00000 10270 20241 4//// 70400 333 20258 5//// 60007 79999 84%=
41639 21996 30000 10280 20241 3//// 4//// 70410 83030 333 20255 56090 5//// 60007 70000 83460 81%=
41640 21696 30000 10265 20236 39816 40059 70400 82530 333 20240 56990 59020 60007 70096 82640 82360 84%=
41641 21996 33603 10270 20226 39789 40053 70400 83030 333 20238 56090 59022 60007 70020 83360 77% MAX WIND GUST 12038KT AT 03,1140Z=
41642 21696 30000 10270 20256 3//// 4//// 70400 83030 333 20240 56090 5//// 60007 70000 83460 92%=
41643 21696 60000 10275 20254 39785 40051 70422 83470 333 20245 56990 59017 60007 70000 83640 84460 88%=
41644 21996 00000 10280 20252 3//// 4//// 70400 333 20250 5//// 60007 70000 85%=
41646 21996 10000 10270 20249 39866 40070 70412 81030 333 20245 56090 58004 60007 70088 81360 88%=
41652 21996 03602 10290 20262 39884 40056 70400 333 20250 59012 60007 70020 85%=
41660 21996 01304 10230 20162 38407 48493 70500 82030 333 20205 58000 60007 70000 66%=
41660 21996 01304 10230 20162 38407 48493 70500 333 20205 58000 60007 70000 66% COR=
41661 21996 00000 10210 20173 38358 48481 70540 333 20190 59006 60007 70000 79%=
41669 22997 00000 10280 20244 3//// 4//// 333 20250 5//// 60007 70000 81%=
41670 21996 00000 10265 20244 4//// 70400 333 20250 5//// 60007 70000 88%=
41674 21996 10000 10280 20252 3//// 4//// 70421 81030 333 20262 56090 5//// 60007 70010 81362 85%=
41675 21995 00000 10285 20264 39909 40047 71000 333 20277 59015 60007 70000 89%=
41676 21996 00302 10285 20271 39924 40075 70400 333 20255 59004 60007 70022 92%=
41677 21996 40000 10270 20256 39883 40044 70400 84030 333 20237 56090 58004 60007 70120 84362 92%=
41678 21696 60000 10270 20226 40059 70500 83520 333 20255 56990 58007 60007 70210 83640 83460 77%=
41679 21996 30000 10265 20251 4//// 70410 83030 333 20240 56090 5//// 60007 70020 83360 92%=
41680 21995 20000 10280 20252 39863 40053 71010 82020 333 20255 56090 58001 60007 70000 82360 85%=
41685 22997 20000 10245 20214 38875 48474 82200 333 20225 56900 58010 60007 70100 82840 RH.80%=
41696 22997 30000 10190 20151 37981 48481 83020 333 20165 56090 59004 60007 70000 83460 RH78%=
41697 22697 80000 10295 20253 39907 40056 8452/ 333 20280 5699/ 58012 60007 70000 84640 84460 RH78%=
41700 21996 00000 10290 20248 39914 40036 70400 333 20260 59006 60007 70002 78%=
41701 21996 00000 10285 20242 39921 40059 70400 333 20267 58004 60007 79999 78%=
41710 21996 00502 10260 21033 39280 40023 70600 333 20240 58005 60007 70000 R.H14%=
41712 22997 00000 10265 20079 39129 48473 333 20255 58010 60007 70000 RH31%=
41715 21996 00000 10300 20273 39998 40061 70500 333 20275 58016 60007 70000 RH85%=
41716 21696 70000 10275 20254 39954 40055 70422 83530 333 20258 56990 58002 60007 70000 83640 84360 88%=
41718 21695 60000 10280 20259 39944 40044 70400 82530 333 20263 56990 58007 60007 79999 82630 85360 88%=
41724 21996 20000 10290 20248 39989 40065 70500 82030 333 20275 56090 58020 60007 70000 82360 RH78%=
41725 22996 30000 10300 20251 39973 40049 83030 333 20275 56090 58015 60007 70000 83360 RH75%=
41726 22996 30000 10285 20257 39993 40062 83030 333 20275 56090 58041 60007 70000 83360 RH85%=
41738 22996 21805 10295 20230 39897 40071 82030 333 20270 56090 58013 60007 70000 82460 RH68%=
41739 21996 20000 10265 20091 38981 48461 70500 82030 333 20250 56090 58013 60007 70000 82360 RH33%=
41742 22997 00000 10295 20255 39952 40053 333 20214 58010 60007 70000 RH 81%=
41743 21996 40000 10290 20232 70500 84030 333 20255 56090 60007 70000 84360 RH 71%=
41744 22996 00000 10230 20075 38735 48468 333 20190 58002 60007 70010 RH 37%=
41745 21696 50000 10280 20252 70500 82530 333 20260 56990 60007 79999 82635 83360 RH 85%=
41746 22996 20000 10285 20264 39998 40050 70500 82030 333 20260 58019 60007 70157 RH89%=
41747 22996 31304 10300 20258 39977 40034 83030 333 20270 56090 58012 60007 70000 83360 RH78%=
41748 22996 01302 10290 20248 39992 40054 333 20275 58007 60007 70030 RH78%=
41749 22696 73604 10290 20252 39998 40031 84530 333 20260 56990 58001 60007 70010 84635 83360 RH85%=
41756 21496 30000 10280 20244 39981 40044 70500 83600 333 20230 56900 59004 60007 70000 83715 RH81%=
41757 21595 30000 10285 20257 30055 40067 71000 83600 333 20265 56900 58007 60007 70000 83720 RH85%=
41759 21695 50000 10280 20259 30051 40056 71011 82530 333 20255 56990 58008 60007 70000 82640 83360 RH88%=
41760 21996 42704 10280 20244 30047 40060 70500 84030 333 20230 56090 58010 60007 70000 84458 RH 81%=
41764 22696 70000 10275 20247 30002 40051 85570 333 20267 56990 58011 60007 70010 85635 85460 RH85%=
41765 22996 50000 10280 20259 30015 40050 85010 333 20265 56090 58011 60007 79990 85360 RH88%=
41766 21996 40000 10270 20258 30005 40035 70400 84500 333 20250 56090 58010 60007 70000 82635 82360 RH 92%=
41767 22996 7//// 10280 20259 87830 333 20260 56990 60007 70020 84835 83360 RH88%=
41768 22596 80000 10270 20263 30049 40056 84630 333 20250 56990 58011 60007 70128 84720 85360 RH96%=
41780 22696 52906 10290 20255 30028 40055 85500 333 20270 56900 58007 60007 70000 85630 RH81%=
41783 22696 52304 10280 20252 30016 40045 83130 333 20260 56990 58001 60007 70000 83830 82360 RH 85%=
41785 22997 52302 10280 20266 30043 40056 85030 333 20255 56090 58006 60007 70090 85360 RH 92%=
41786 21596 83104 10260 20253 30007 40043 88520 333 20235 56490 58016 60077 70750 84720 84630 86460 RH 96%=
41BAG 22696 30000 10160 20109 83500 333 20110 56900 60007 79999 83635 72%=
41BKI 21996 00000 10280 20237 39656 40057 70400 333 20230 59025 60007 70000 RH77%=
41SKP 21996 00000 10260 20246 4//// 70400 333 20241 56990 5//// 60007 70000 92%=
43532 22697 00000 10220 20198 39273 40052 333 20210 59004 60007 70000 87%=
43533 22997 00000 10245 20201 39167 48470 333 20215 59023 60007 70000 76%=
43563 22697 30000 10250 20229 39394 40060 83500 333 20221 56900 59013 60007 70130 83640 88%=





Data Generated from File : D:\all data handling\Rmc_lhr\20240900403.FSU.txt
04/09/24 04:01:58
______________________________________________________________
15007 25/70 /2601 10128 20096 39751 40217 57002 7000/ 333 55300 0//// 20000 3//// 60007=
15020 24/70 /3102 10169 20093 30008 40201 57002 333 55300 20000 60007==
15023 25/70 /3402 10168 20091 39773 40188 57002 7000/ 333 55300 0//// 20000 3//// 60007=
15056 25/70 /3205 10187 20095 39849 40190 57006 7000/ 333 55300 0//// 20000 3//// 60007=
15069 25/66 /1201 10081 20072 39154 42838 57003 7000/ 333 55300 0//// 20000 3//// 60007=
15073 25/70 /3302 10166 20090 39748 40205 54000 7000/ 333 55300 0//// 20000 3//// 60007=
15090 24/70 72601 10175 20110 30097 40187 57005 83046 333 55300 10120 20000 30000 60007 91002 90730 91103==
15107 25/65 /3100 10088 20079 39414 42834 57003 7000/ 333 55300 0//// 20000 3//// 60007=
15108 22/70 10303 10102 20037 38154 48552 57008 81040 333 55300 20000 60007 91008 90730 91111==
15109 25/70 /2603 10154 20097 39774 40201 54001 7000/ 333 55300 0//// 20000 3//// 60007=
15111 25/70 /3303 10166 20091 39928 40185 57004 7000/ 333 55300 0//// 20000 3//// 60007=
15113 25/70 /2603 10159 20103 30021 40181 58007 7000/ 333 55300 0//// 20000 3//// 60007=
15127 25/65 /1801 10093 20075 39339 42831 57004 7000/ 333 55300 0//// 20000 3//// 60007=
15148 25/70 /0604 10136 20063 38760 48537 57006 7000/ 333 55300 0//// 20000 3//// 60007=
15150 24970 03402 10175 20103 39980 40188 57003 333 55300 20000 60007 91004 90730 91104==
15154 25/70 /3302 10162 20097 30035 40175 58005 7000/ 333 55300 0//// 20000 3//// 60007=
15168 25/70 /0201 10153 20110 39574 42816 57003 7000/ 333 55300 0//// 20000 3//// 60007=
15170 24970 03001 10087 20082 39428 42820 57006 333 55300 20000 60007 91001 90730 91102==
15194 25/70 /2804 10158 20119 39900 40189 50001 7000/ 333 55300 0//// 20000 3//// 60007=
15197 25/70 /3304 10179 20092 39971 40176 58006 7000/ 333 55300 0//// 20000 3//// 60007=
15215 25/67 /0801 10132 20105 39593 42815 58003 7000/ 333 55300 0//// 20000 3//// 60007=
15217 25/70 /3503 10123 20098 39527 42816 57007 7000/ 333 55300 0//// 20000 3//// 60007=
15219 25/69 /2903 10170 20117 30052 40174 57003 7000/ 333 55300 0//// 20000 3//// 60007=
15238 25/70 /3601 10130 20111 39578 42817 57004 7000/ 333 55300 0//// 20000 3//// 60007=
15261 27/58 /1200 10094 20091 39392 42835 57006 7101/ 333 55300 0//// 20000 3//// 60007=
15262 22999 00207 10104 20041 38261 48540 57011 333 55300 0//// 20000 3//// 60007 91011 91111=
15265 25/68 /3304 10186 20107 30096 40169 58003 7000/ 333 55300 0//// 20000 3//// 60007=
15280 22970 03205 10075 20036 37578 47156 57011 333 55300 20000 60007 91007 90730 91108==
15300 25970 52302 10146 20108 39563 42817 57004 7000/ 85070 333 55300 0//// 20000 3//// 60007 91003 91103=
15301 25570 10201 10140 20072 38675 48557 57008 7000/ 81500 333 55300 0//// 20000 3//// 60007 91003 91103=
15302 25/70 /1401 10126 20084 38964 48536 57006 7000/ 333 55300 0//// 20000 3//// 60007=
15307 25/70 /0204 10203 20101 39981 40161 57006 7000/ 333 55300 0//// 20000 3//// 60007=
15310 24/70 /3502 10197 20094 30078 40162 50001 333 55300 10200 20000 30000 60007==
15324 25/70 /0901 10161 20091 39396 42815 57007 7000/ 333 55300 0//// 20000 3//// 60007=
15325 25970 03302 10151 20056 38528 48539 57008 7000/ 333 55300 0//// 20000 3//// 60007 91003 91105=
15328 25/70 /0102 10173 20110 39829 40171 58006 7000/ 333 55300 0//// 20000 3//// 69917=
15335 24/65 13002 10179 20138 30148 40155 50001 81040 333 55300 20000 60007 91002 90730 91103==
15336 25/63 /3503 10179 20141 30144 40146 50002 7000/ 333 55300 0//// 20000 3//// 69917=
15349 25/70 /3100 10145 20098 39633 40176 57007 7000/ 333 55300 0//// 20000 3//// 60007=
15350 24/70 /0404 10207 20094 30054 40169 54001 333 55300 20000 60007==
15360 24/70 13607 10204 20158 30126 40142 50000 81040 333 55300 20000 60007 91009 90730 91112==
15375 25970 03302 10181 20103 39819 40168 57005 7000/ 333 55300 0//// 20000 3//// 60007 91003 91104=
15377 25/70 /0201 10181 20107 39951 40162 57005 7000/ 333 55300 0//// 20000 3//// 60007=
15387 25/70 /3505 10192 20151 30141 40145 54000 7000/ 333 55300 0//// 20000 3//// 60007=
15402 25/69 /0403 10207 20100 30091 40163 54000 7000/ 333 55300 0//// 20000 3//// 60007=
15405 25/70 /0205 10188 20112 30106 40167 54001 7000/ 333 55300 0//// 20000 3//// 60007=
15406 25/62 /3602 10174 20150 30110 40156 54000 7000/ 333 55300 0//// 20000 3//// 60007=
15408 25/65 /0203 10176 20149 39897 40156 55002 7000/ 333 55300 0//// 20000 3//// 60007=
15409 25/65 /3506 10189 20143 30103 40150 52005 7000/ 333 55300 0//// 20000 3//// 60007=
15419 25/70 /0402 10190 20110 39980 40169 57002 7000/ 333 55300 0//// 20000 3//// 60007=
15420 24965 00502 10217 20114 30052 40159 54001 333 55300 20000 60007 91005 90730 91105==
15421 25970 00502 10213 20112 30063 40171 52002 7000/ 333 55300 10184 20000 30000 60007 91005 91105=
15422 25967 20301 10223 20121 30060 40158 52002 7000/ 82030 333 55300 0//// 20000 3//// 60007 91005 91106=
15425 25965 00104 10188 20121 30097 40159 54000 7000/ 333 55300 0//// 20000 3//// 60007 91007 91107=
15434 21570 60704 10235 20137 39954 40154 54001 70282 86300 333 55300 0//// 20000 3//// 60017 91007 91108=
15444 25/64 /3504 10193 20148 30084 40155 54001 7000/ 333 55300 0//// 20000 3//// 60007=
15455 25/70 /0503 10220 20133 30030 40156 57002 7000/ 333 55300 0//// 20000 3//// 60007=
15460 24/61 /3602 10194 20177 30131 40155 52002 333 55300 20000 60007==
15462 27902 03105 10211 20209 30066 40149 57005 7333/ 333 55300 0//// 20000 3//// 60007 91006 91107=
15470 24/70 80303 10237 20120 30032 40153 54000 8807/ 333 55300 20000 60007 91005 90730 91105==
15475 26/// /1301 10167 20156 30138 40158 52006 333 55300 0//// 20000 3//// 69917=
15479 27/01 /2802 10197 20195 39966 40153 57002 7333/ 333 55300 0//// 20000 3//// 60007=
15480 27559 53204 10221 20210 30130 40146 55002 7101/ 85500 333 55300 10100 20000 30000 60007 91007 90730 91108==
15489 25970 00604 10220 20106 30063 40153 55001 7000/ 333 55300 0//// 20000 3//// 60007 91005 91106=
15491 25970 00401 10186 20138 30124 40153 52004 7000/ 333 55300 0//// 20000 3//// 60007 91002 91103=
15499 25/66 /2802 10213 20200 30132 40141 57005 7000/ 333 55300 0//// 20000 3//// 60007=
15549 42970 00701 10190 20110 39750 40149 54000 333 10261 20186 555 560//=
15552 42970 03401 10207 20185 30094 40141 57002 333 10240 20206 555 587// 92023 92428=
15640 42974 00000 10203 20165 39850 40148 58007 333 10288 20202 555 579//=
15655 42968 00000 10200 20154 30112 40144 54000 333 10259 20200 555 575// 92020 92427=
15730 42970 30000 10183 20138 39771 40152 54000 83030 333 10287 20182 555 575//=
16627 42960 20000 10180 20153 30127 40133 51001 80001 333 90730 91104==
16650 42960 30000 10214 20199 30118 40126 56002 80001 333 90730 91105==
16667 42960 23004 10246 20150 30120 40131 57009 80001 333 90730 91111==
16706 42960 00108 10266 20171 30105 40111 57002 333 90730 91111==
16723 42560 33609 10210 20168 30098 40111 54000 81202 333 81825 83068 90730 91113==
16732 46/// /3604 10251 20214 30116 40126 57004 333 90730 91110==
16742 42960 03507 10238 20191 39958 40107 57004 333 90730 91113==
16749 42460 22308 10260 20202 30083 40096 57004 81101 333 90730 91113==
16754 42560 11704 10222 20191 30085 40131 57004 81100 333 90730 91108==
16760 42460 10405 10222 20179 40137 57004 81100 333 90730 91109==
17031 42670 51904 10204 20189 30119 40125 56003 82250 333 82835 85359 90730 91106==
17034 41565 71601 10216 20205 30089 40133 53002 79598 85950 333 84830 87359 82920 90730 91120==
17038 41470 70002 10236 20222 30070 40115 55003 79582 87900 333 84712 85825 82920 90730 91115==
17060 41956 03605 10233 20213 30099 40138 50000 71000 333 90730 91108==
17084 42970 02001 10153 20148 39262 40126 56002 333 90730 91104==
17092 42960 00806 10143 20113 38839 48494 51001 333 90730 91110==
17096 42960 02804 10084 20049 38242 48494 50000 333 90730 91106==
17098 42960 03403 10108 20100 38205 48495 56001 333 90730 91111==
17100 42970 00000 10228 20117 39135 40054 52004 333 90730 91107==
17115 42960 03606 10231 20214 30088 40136 55001 333 90730 91109==
17116 42965 02801 10202 20160 30020 40135 53002 333 90730 91105==
17124 42960 00000 10150 20139 39254 40125 57004 333 90730 91109==
17128 42/60 30501 10153 20132 39074 40121 57002 83030 333 83360 90730 91106==
17150 42960 00000 10179 20145 30012 40129 55001 333 90730 91104==
17160 42970 03605 10172 20115 39005 48506 50000 333 90730 91112==
17170 42960 00804 10130 20069 38325 48486 53005 333 90730 91105==
17184 42670 20000 10211 20152 30010 40115 55002 82200 333 82835 90730 91103==
17190 42670 23501 10154 20142 38985 48511 57003 82100 333 82835 90730 91103==
17190 42670 23501 10154 20142 38985 48511 57003 82100 333 82835 90730 91103==
17195 42/70 40000 10162 20122 38954 48503 53001 84030 333 84362 90730 91104==
17200 42960 01404 10216 20113 39135 40046 50001 333 90730 91116==
17202 42970 02702 10176 20056 39083 40051 52007 333 90730 91107==
17203 42670 20000 10155 20039 38842 48518 53002 82100 333 82840 90730 91103==
17219 42965 01301 10210 20170 39978 40115 57003 333 90730 91110==
17234 42970 00000 10229 20167 30043 40107 57005 333 90730 91104==
17237 42970 02401 10229 20150 39635 40107 57004 333 90730 91104==
17240 42570 22801 10167 20152 39020 40102 57005 82100 333 82830 90730 91104==
17244 42/70 20706 10180 20120 38983 48509 55000 82030 333 82360 90730 91116==
17260 42960 02404 10199 20155 39260 40021 56005 333 90730 91110==
17280 42970 00000 10192 20098 39310 40042 53002 333 90730 91105==
17292 42970 03201 10206 20158 39377 40090 57007 333 90730 91106==
17300 42960 02503 10254 20216 30026 40093 55005 333 90730 91109==
17310 42670 20702 10267 20208 30071 40078 55002 82200 333 82835 90730 91104==
17350 42660 30604 10226 20192 30005 40079 55003 83100 333 83835==
17370 41670 50000 10257 20246 30088 40092 55008 70282 85200 333 85835 90730 91106==
33088 42960 30000 10145 20130 30031 40217 52001 80009==
33135 41/60 80102 10162 20110 30071 40214 53001 70511 86035 333 55084==
33177 42960 30101 10151 20131 39979 40210 58003 80001==
33317 42/60 30000 10137 20010 39883 40212 57004 82031 333 55112==
33393 42960 21403 10167 20110 39826 40204 53003 80003==
33415 42/60 20000 10173 20121 39825 40208 58003 82030==
33429 42660 63602 10154 20102 39799 40209 57003 86531==
33466 42570 80501 10188 20107 30009 40189 53001 8455/ 333 30///==
33506 42560 80303 10190 20038 39988 40176 57004 885// 333 55043==
33562 41660 80102 10181 20128 39908 40200 58004 70282 8395/==
33587 42570 80701 10181 20100 39930 40184 53004 885// 333 88627==
33658 42/82 22801 10163 20102 39917 40207 57003 82030==
33663 41560 83101 10180 20149 30098 40190 57007 78082 889//==
33664 42597 70302 10193 20106 39891 40194 57002 85530 333 55111 555 20152 7000/=
33678 41898 72804 10170 20128 39999 40200 57001 70282 87070 555 20170 7990/=
33679 42597 83402 10194 20126 39996 40179 57006 889// 333 88921 555 20193 7000/=
33711 42660 80104 10194 20087 39955 40155 57004 885// 333 88641==
33745 42597 70103 10195 20092 30006 40196 57019 85930 333 55113 555 20179 7000/=
33748 42597 60404 10190 20103 39902 40175 58006 83330 555 20188 7000/=
33754 42597 83303 10201 20125 30028 40168 56004 8435/ 333 55054 555 20200 7000/=
33761 41440 80503 10153 20135 39948 40164 55000 78182 883//==
33791 42/75 80304 10200 20095 30026 40148 56002 8805/==
33815 42598 63404 10190 20100 39957 40156 57010 86930 333 55073 555 20184 7000/=
33837 41562 83401 10178 20149 30085 40135 57009 72582 883// 333 55050 88921==
33881 42598 63203 10184 20095 39977 40166 58008 86500 555 20180 7000/=
33883 42597 63404 10192 20099 39998 40154 57008 85302 555 20185 7000/=
33885 42997 33401 10167 20091 30025 40161 58004 82041 333 55114 555 20165 7000/=
33892 42998 63602 10176 20121 39945 40149 57011 85031 333 55098 555 20172 7000/=
33902 42560 80402 10197 20155 30071 40128 56001 883// 333 55028==
33924 22560 80000 10216 20189 30111 40123 57004 8257/ 333 20200 60002==
33946 22964 21602 10183 20168 39913 40124 54000 80001 333 20172 55107 60002==
33983 21/40 30000 10193 20182 30061 40119 54000 71000 83030 333 20182 55085 60002==
34300 42660 60602 10177 20025 30023 40194 53001 82530==
34336 22570 60302 10177 21011 30100 40200 52003 83339 333 20177 30/// 60002==
34344 22/70 70000 10154 20103 30110 40195 55000 87030 333 20142 30/// 60002==
34356 22/60 60803 10182 21009 30056 40197 57004 86070 333 20171 30/// 55054 60002==
34357 22/70 50702 10162 20004 30042 40191 54001 83032 333 20162 30/// 60002==
34398 22/70 60101 10167 20034 30188 40198 57004 87080 333 55014 60002==
34415 42668 80501 10197 20048 30080 40172 57001 885//==
34438 22/// /0504 10182 20022 39995 40178 52003 333 20179 60002==
34445 22/70 70601 10179 20008 30080 40189 55001 86071 333 20176 36/// 60002==
34461 22560 60302 10158 21004 30139 40192 54001 82551 333 20157 30/// 60002==
34473 /2597 70704 10177 20008 30161 40198 57001 82152 333 55029 555 20171 30015 69902 7990/=
34476 22570 80504 10188 21012 30187 40194 56002 8293/ 333 20188 30/// 55046 60002==
34504 42570 70505 10205 20073 39990 40155 58002 87500==
34535 22/70 61202 10183 20015 30102 40170 52006 85031 333 20183 30/// 60002==
34545 22970 60603 10158 20001 30067 40174 52003 80001 333 20157 30/// 60002==
34555 22570 60506 10187 20058 30095 40182 55000 83531 333 20187 30/// 60002 90730 91110==
34560 42/60 60806 10182 20009 39999 40181 57003 86030 333 20169==
34578 22/60 80903 10179 20000 30166 40172 57006 8808/ 333 20176 30/// 60002==
34579 22570 30403 10172 21015 30140 40182 57003 82502 333 20170 30/// 55091 60002==
34644 22960 00402 10181 20051 30085 40159 52004 333 20180 30/// 60002==
34646 22/70 70704 10195 20113 30082 40159 52004 85071 333 20195 30/// 55034 60002==
34655 22560 50404 10172 21007 30106 40164 55000 85400 333 20163 30/// 60002==
34662 22/70 73402 10146 20006 30160 40171 57003 80030 333 20144 60002==
34691 22670 70902 10182 20004 30197 40185 53002 84232 333 55013 60002==
34720 22470 80303 10206 20114 30099 40137 52003 886// 333 20206 30/// 55057 60002==
34727 21560 80206 10215 20153 30105 40133 50002 70288 883// 333 20208 30/// 69902==
34743 22960 20501 10168 20031 30071 40157 52004 80005 333 20167 30/// 60002==
34759 22560 70801 10179 20065 30022 40147 53003 86531 333 20179 30/// 55070 60002==
34772 22/70 50505 10160 21009 30153 40156 57006 8503/ 333 20155 30/// 60002==
34785 22/70 30805 10158 20027 30178 40156 58002 81089 333 20150 30/// 60002==
34798 22960 40604 10177 20125 30192 40164 53001 80005 333 60002==
34824 22560 80303 10215 20152 30120 40125 52002 883// 333 20215 30/// 55069 60002==
34838 22660 80401 10207 20174 30037 40128 55001 85571 333 20194 30/// 69902==
34845 22570 80802 10207 20136 30034 40135 53005 8457/ 333 20207 30/// 69902==
34858 22/60 60000 10193 20099 30040 40142 53006 86030 333 20193 30/// 60002==
34861 22570 50802 10159 20044 39913 40146 52004 82931 333 20159 30/// 55049 60002==
34866 22/70 30502 10159 20041 30148 40140 57004 80050 333 20156 30/// 60002==
34880 22/60 20702 10173 20129 30171 40146 57001 82030 333 20168 30/// 55079 60002==
34887 22970 00302 10155 20131 30157 40139 57003 333 20149 30/// 60002==
34949 22/70 33202 10186 20168 39615 40131 54000 83030 333 20184 31/// 55097 60022==
34954 21570 81001 10193 20193 39970 40134 53002 70282 884// 333 20193 31/// 55094 60042==
34958 22970 00000 10180 20162 39946 40136 53005 333 20180 30/// 60002==
34975 22970 00502 10151 20119 30133 40129 55005 333 20148 30/// 60002==
34984 22960 00203 10177 20153 30157 40129 57003 333 20164 30/// 60002==
35217 12/60 60202 10152 20055 30160 40198 57003 60002 86070==
35302 12/70 50504 10168 20077 30181 40201 57005 60002 85030==
35315 32598 70202 10162 20095 30138 40192 57002 87500 555 20160 30015 7000/=
35344 32999 60304 10130 20077 39902 40177 54000 86070 333 55119 555 20117 30011 7000/=
35358 12/60 63605 10154 20076 39989 40149 53004 60002 86040==
35368 32999 30102 10112 20048 39887 40143 53005 80001 333 55127 555 20101 30009 7000/=
35386 32998 31901 10120 20025 39624 40117 57010 83040 555 20080 30006 7000/=
35394 12970 21903 10129 20007 39481 40120 57007 60002 80009 333 55118==
35404 32598 70601 10186 20084 30190 40198 57006 86551 555 20183 30016 7000/=
35406 12560 80301 10174 20089 30192 40194 57010 60002 883// 333 55039==
35416 12670 70901 10177 20058 30075 40189 57004 60002 87400 333 55098==
35426 12/84 62702 10142 20048 39909 40186 57004 60002 84031==
35437 32698 70000 10139 20055 39884 40182 57004 82543 333 55119 555 20130 30012 7000/=
35449 32998 63204 10161 20096 30056 40153 57002 80003 555 20157 30013 7000/=
35497 12970 02302 10144 20008 39380 40130 57010 60002==
35498 32998 02502 10135 20001 39308 40136 57009 555 20075 30003 7000/=
35514 32598 60702 10174 20025 30196 40192 57007 86300 555 20164 30013 7000/=
35522 32698 82602 10167 20068 39949 40187 57004 85530 555 20164 30014 7000/=
35542 32998 72903 10159 20057 30022 40160 56001 86063 333 55116 555 20148 30013 7000/=
35563 32998 82602 10174 20012 39403 40119 57010 80002 333 55124 555 20149 30007 7000/=
35576 12970 62402 10137 20037 39718 40142 57022 60002 80001==
35582 32998 22305 10144 20088 39630 40198 57015 80003 555 20066 30005 7000/=
35594 32999 02304 10166 21020 39347 40128 57008 555 20118 30009 7000/=
35605 32998 60603 10154 20009 30206 40186 57002 86080 555 20152 30013 7000/=
35633 32598 60000 10152 20066 39970 40172 57004 85370 333 55126 555 20140 30013 7000/=
35671 12570 42602 10148 20060 39736 40140 57010 60002 82501==
35699 12960 00000 10148 20014 39442 40152 57005 60002==
35700 12670 61002 10168 20011 30204 40182 57005 60002 82181 333 55091==
35715 32599 51001 10179 20036 30199 40186 57003 85500 555 20168 30014 7000/=
35739 32999 52701 10150 20039 30040 40172 58007 85050 555 20138 38012 7000/=
35746 12/70 63303 10186 20071 30098 40161 57004 60002 82041 333 55128==
35777 32997 40000 10133 20043 39850 40178 58029 80005 555 20105 30008 7000/=
35796 12960 60802 10142 20114 39746 40156 57008 60002 80002 333 55124==
35849 12/70 60000 10144 20041 30082 40164 57008 60002 86050 333 55122==
35895 32998 63601 10170 20042 39741 40156 57008 80002 555 20095 30007 7000/=
35907 32998 01206 10186 20102 30171 40143 57010 555 20183 7000/=
35925 12/70 60901 10145 21038 30074 40181 57006 60002 82084==
35927 32998 00000 10130 21037 30172 57005 555 20128 7000/=
35953 12/84 30000 10136 20003 30043 40166 57001 60002 82032==
35969 12984 00000 10144 20028 39997 40161 58021 60002==
35997 32998 00000 10155 20055 39742 40150 57004 555 20094 30007 7000/=
36259 42584 70000 10077 21011 38251 48515 57006 85902 333 20001==
36335 32999 02104 10160 20009 39170 40121 57010 555 20100 30006 7000/=
36358 32999 02302 10151 20012 39182 40131 57007 555 20104 30007 7000/=
36394 32697 71403 10166 20076 39752 40145 57003 82504 555 20101 31006 7000/=
36397 12/84 32008 10174 20034 39624 40148 57003 60002 82041==
36403 32798 71404 10180 20098 39811 40145 57001 82531 333 55026 555 20138 30012 7990/=
36418 32999 61802 10153 20026 39600 40176 57006 80003 555 20072 30006 7000/=
36421 32699 70000 10113 20065 39652 40188 57008 82501 555 20044 30005 7000/=
36428 12784 60000 10152 20052 39706 40176 58010 60002 82541 333 55113==
36439 32798 31206 10101 20018 38984 48522 57006 82501 555 20042 31003 7000/=
36498 32998 61504 10138 20038 39418 40162 57007 82031 555 20075 30004 7000/=
36501 32999 22308 10161 20019 39434 40134 57004 80002 555 20112 30008 7000/=
36535 12984 21003 10128 20052 39592 40190 57005 60002 80001 333 55113==
36546 32999 01605 10174 20040 39674 40175 57015 555 20049 30003 7000/=
36619 32999 00903 10135 20003 555 20063 30006 7000/=
36622 32998 70000 10139 20050 39412 40167 57008 82041 555 20060 31005 7000/=
36639 12984 00000 10177 20034 39598 40161 58022 60002==
36643 32999 63602 10156 20037 39551 40170 57008 80001 555 20044 30002 7000/=
36665 32999 03201 10163 20045 39486 40162 57009 333 55122 555 20100 30007 7000/=
36666 32999 61108 10145 20078 39714 40176 57009 80001 333 55127 555 20064 30005 7000/=
36729 32998 00000 10156 20093 39699 40149 57010 555 20065 30004 7000/=
36736 32999 53201 10185 20031 39651 40165 57016 82031 333 55119 555 20051 30003 7000/=
36744 32998 50000 10163 20023 39729 40150 57002 80001 555 20096 30007 7000/=
36770 32999 00000 10142 20051 39468 40151 57009 555 20036 30004 7000/=
36786 32999 01401 10170 20014 39285 40141 57007 555 20071 31002 7000/=
36796 32998 00000 10048 21005 39022 48494 57012 555 21015 30103 7000/=
36803 32999 12702 10180 20031 39733 40150 57011 80001 555 20105 7000/=
36806 32999 01512 10206 20046 39721 40152 57011 333 91016 91120 555 20114 7000/=
36819 32998 01104 10202 20038 39568 40134 57006 333 55119 555 20113 30004 7000/=
36821 12984 20000 10176 20048 39689 40145 57010 60002 80002==
36839 32999 03501 10143 20044 39083 40147 57009 555 20055 30003 7000/=
36843 32998 02402 10177 20005 39040 40134 57010 555 20078 30005 7000/=
36846 32999 20701 10137 21028 38613 48503 57004 80002 555 20038 30001 7000/=
36859 12984 00901 10190 20029 39424 40150 57011 60002==
36870 12960 00401 10162 20093 39178 40126 57006 60002==
36874 32999 01803 10125 20061 39411 40149 57006 555 20041 30003 7000/=
36877 32999 00000 10147 20073 39227 40147 57003 555 20051 31003 7000/=
36885 32999 00000 10171 20064 39078 40132 57005 555 20090 31006 7000/=
36889 32999 00000 10071 21090 37104 47131 57004 555 20047 31000 7000/=
36894 32999 00504 10181 20041 39450 40139 57009 555 20122 30009 7000/=
36905 32999 10000 10164 20047 38741 48506 57011 80001 333 55123 555 20082 31005 7000/=
36911 12999 00000 10184 20095 39214 40126 57007 6//// 333 20085 30005 555 50208 530// 7000/=
36927 12999 00902 10153 20070 38376 48536 57017 6//// 333 20097 555 50122 530// 7000/=
36934 12999 10301 10167 20055 38312 48426 58008 6//// 80030 333 2//// 555 10119 5//// 530// 7000/=
36953 32999 00000 10106 20036 38229 48508 57012 333 55122 555 20010 31000 7000/=
36963 12999 01102 10076 21098 37097 48/// 57002 6//// 333 2//// 555 10064 5//// 530// 7000/=
36974 12998 00000 10134 20030 38006 48540 58005 6//// 333 2//// 555 10137 5//// 530// 7000/=
36982 12999 01201 10032 21076 36610 47172 57002 6//// 333 21038 555 5//// 530// 7////=
37018 22670 20502 10213 20194 30042 40113 54000 82502 333 20213 31/// 55107 60002==
37031 22560 80402 10196 20192 39941 40125 52001 82539 333 20191 31/// 55093 60072==
37054 22970 00000 10185 20153 39766 40130 57003 333 20184 30/// 60002==
37061 21940 30601 10189 20166 39975 40135 53005 71000 80009 333 20188 30/// 55092 60002==
37085 22/70 33201 10177 20162 30147 40121 57003 83030 333 20177 30/// 60002==
37171 22/70 21001 10215 20198 30092 40109 57004 81031 333 20210 60002==
37228 22560 70000 10193 20160 39334 40120 57005 85570 333 20191 30/// 55067 60002==
37235 22970 00000 10202 20188 39819 40118 57002 333 20198 30/// 60002==
37472 21940 02702 10217 20213 30135 40114 53004 71000 333 20213 30/// 55096 60002==
38149 12970 00101 10099 20000 30100 40176 57002 60002==
38178 12970 00102 10154 20025 39880 40156 52004 60002 333 55080==
38262 12970 03501 10116 20011 30101 40180 54000 60002 333 55108==
38264 12970 03602 10146 21019 30074 40165 52001 60002==
38345 12999 00901 10144 20058 38806 48518 54000 6//// 333 20079 30005 555 5//// 530// 7000/=
38353 12998 00000 10199 20034 39287 40132 57005 6//// 333 20131 30007 4//// 55/// 555 5//// 530// 7000/=
38388 32998 00000 10152 20034 30078 40147 58015 333 20150 38013 55125 555 7000/=
38392 32997 00103 10147 20043 30054 40154 53002 333 20128 30013 55116 555 7000/=
38396 12960 00403 10157 20027 30034 40155 53002 60002 333 20121==
38403 12960 00202 10197 20046 30033 40147 53003 60002==
38413 12970 00602 10187 21033 39873 40150 53002 60002 333 55112==
38457 12960 00401 10201 20061 39572 40128 52003 60002 333 55114==
38462 12984 00501 10134 20013 38761 48505 54000 60002 333 20091==
38462 12984 00501 10134 20013 38761 48505 54000 60002 333 20091==
38507 32998 01001 10192 21038 30018 40116 57003 333 20190 30016 55105 555 7000/=
38545 32998 00000 10133 20059 39970 40140 53003 333 20121 30010 55110 555 7000/=
38565 12970 00000 10156 20034 39550 40121 53003 60002 333 20121==
38579 12984 00000 10187 20110 39726 40123 57001 60002 333 55109==
38583 12960 00902 10156 20113 39822 40131 54000 60002==
38599 32998 00603 10199 20119 39645 40132 58003 333 20135=
38611 12960 03201 10208 20086 39600 40139 52002 60002 333 55116==
38613 12999 00302 10200 20139 40136 53001 6//// 333 20142 30012 555 5//// 530// 7000/=
38616 12999 01801 10212 20070 39179 40133 53006 6//// 333 2//// 555 10191 5//// 530// 7000/=
38618 12960 00901 10187 20073 39467 40031 52008 60002 333 55112==
38647 32998 00806 10179 21098 30059 40099 57002 333 20175 30016 555 7000/=
38656 32998 00000 10167 21041 30034 40142 53007 333 20164 30016 55115 555 7000/=
38683 12960 03603 10181 20086 39856 40120 53004 60002==
38687 32997 00000 10136 20040 39899 40127 53004 333 20124 30015 55117 555 7000/=
38696 12984 00702 10195 20071 39309 40120 53002 60002 333 55106==
38713 32998 01401 10194 20036 39022 48510 58007 333 20125 30010 55112=
38750 32997 02802 10229 20215 30136 40109 54000 333 20228 30022 55108 555 7000/=
38763 32998 00000 10176 21047 30015 40116 53004 333 20176 30015 55117 555 7000/=
38774 32998 02101 10173 20050 39944 40132 53003 333 20168 30013 555 7000/=
38799 32997 03601 10170 21002 39913 40136 53003 333 20144 30013 555 7000/=
38806 32997 00000 10136 20086 39855 40109 53004 333 20126 30012 555 7000/=
38812 11940 00902 10204 20071 39672 40101 58014 60002 70500==
38836 32999 00000 10218 20090 39200 40079 53006 333 20181=
38880 12997 02601 10194 20016 39877 40120 55003 60002 333 20150 30015 555 7000/=
38886 32997 00000 10157 20032 39915 40135 57003 333 20130 30009 555 7000/=
38895 32996 00000 10146 20068 39862 40143 52003 333 20120 30008 555 7000/=
38911 42998 02102 10162 20078 39837 40121 53007 333 20154 30016 55104 555 7000/=
38915 32997 00000 10174 20067 39818 40128 53020 333 20167 30014 555 7000/=
38927 12960 02801 10211 20078 39764 40121 52011 60002 333 55108==
38933 32998 03601 10190 20145 39644 40134 52011 333 20170 30014 55093=
38944 31996 00201 10218 20098 39562 40066 52010 70500 333 20187=
38954 32999 00000 10134 20034 37958 48510 52014 333 20129 55067=
38974 32998 01802 10187 20017 39812 40134 53003 333 20169 30017 55111 555 7000/=
38987 32996 02302 10131 21019 39427 40154 53004 333 20119 30007 55111 555 7000/=
40100 43980 01104 10263 20186 30105 40120 55003 333 58///=
40180 02560 50801 10250 20201 30063 40111 52002 85400 333 70000==
40199 02/// /0105 10280 20175 30084 40108 52007 333 70000==
40265 41957 53504 10188 20175 39361 40120 54000 71021 85800 333 83820 83625=
40270 41657 43007 10202 20167 39250 40108 57002 70511 84400 333 84635=
40272 41950 01503 10160 20136 39314 40114 54000 70500=
40340 42960 03507 10274 20176 30050 40111 52004=
40356 42960 02604 10202 20090 39160 48506 333 59012 555 04410 50083=
40357 42960 03212 10265 20090 39462 40055 333 59016=
40360 42960 03006 10196 20140 39537 40100 333 59013=
40361 42960 03209 10256 20100 39348 40110 333 59013=
40362 42960 00000 10246 20040 39578 40061 333 59011=
40373 42960 03206 10271 20060 39661 40052 333 59003=
40375 42960 02903 10250 20090 39254 40077 333 59011=
40394 42960 01802 10238 20070 39005 48512 333 59008 555 04410 50066=
40394 42960 01802 10238 20070 39005 48512 333 59008 555 04410 50066=
40400 42960 03403 10284 20250 30031 40058 333 59016=
40405 42960 03103 10257 20070 39363 40077 333 59005=
40417 42960 02904 10286 20160 30012 40026 333 58005=
40420 42960 02908 10303 20170 39836 40033 333 58006=
40430 42960 23604 10319 20110 39361 40067 82030 333 59019 82360=
40437 42960 02805 10277 20030 39392 40052 333 59001=
40439 42960 02505 10314 20170 30023 40041 333 59032=
40582 31957 03513 10336 20105 40035 53005 70500 333 55300 00000 10185 20043 30018 41388 51595 60061 55407 40025 90401 91017 91119 91213 91311=
40703 42960 00000 10184 20105 38865 40028 53007 333 10362 20170 70000 555 10139 29060 66666 00244 10246 20286 30282 50280 90260=
40706 42965 00804 10257 20053 38617 40014 53003 333 10351 20245 70000 555 10146 29027 66666 00271 10304 20323 30318 50306 90288=
40712 42960 02803 10146 20044 38636 40038 52005 333 10308 20134 70000 555 10095 29050 66666 00217 10247 20253 30253 50241 90229=
40713 42962 00905 10229 20038 38619 40005 52002 333 10353 20226 70000 555 10129 29029 66666 00284 10299 20298 30291 50283 90260=
40718 42560 52601 10252 20223 30132 40105 52004 85800 333 10283 20243 70000 82820 83625 555 10232 29084 66666 00286 10296 20306 30298 50284 90264=
40723 42970 00000 10122 21062 38949 40124 51004 333 10282 20088 70000 555 10052 29027 66666 00142 10176 20240 30250 50256 90248=
40726 42960 00000 10204 20042 38622 40022 55002 333 10356 20200 70000 555 10120 29034 66666 00242 10258 20290 30276 50272 90256=
40727 42965 01702 10136 20016 38467 40051 52004 333 10342 20128 70000 555 10079 29044 66666 00199 10241 20270 30268 50256 90233=
40732 42560 10000 10242 20205 30116 40093 51004 81500 333 10280 20236 70000 81627 555 10218 29080 66666 00274 10280 20292 30294 50282 90262=
40736 42560 70000 10248 20234 30128 40104 52007 87500 333 10284 20248 70000 87630 555 10238 29092 66666 00286 10290 20302 30303 50300 90288=
40737 42560 81801 10240 20195 30083 40100 52007 8452/ 333 10276 20224 70000 84627 88458 555 10211 29076 66666 00270 10272 20273 30266 50255 90250=
40738 41558 10000 10233 20202 30112 40114 53004 71000 81100 333 10294 20216 70000 81830 555 10213 29083 66666 00272 10286 20294 30300 50294 90276=
40739 42965 03602 10224 21004 38682 40075 52005 333 10290 20187 70000 555 10115 29022 66666 00222 10228 20280 30284 50288 90279=
40741 42960 01903 10172 21026 39810 40129 52005 333 10270 20143 70000 555 10090 29026 66666 00223 10259 20296 30310 50322 90320=
40743 42970 00803 10200 21138 39049 40099 53007 333 10312 20180 70000 555 10081 29009 66666 00233 10267 20309 30323 50323 90320=
40745 42962 00000 10166 21001 39035 40131 51002 333 10250 20130 70000 555 10090 29032 66666 00152 10200 20246 30268 50271 90270=
40747 42960 00000 10148 20020 38620 40057 52008 333 10362 20146 70000 555 10087 29042 66666 00216 10281 20313 30314 50304 90293=
40754 42960 03503 10242 21009 38809 40059 53002 333 10329 20226 70000 555 10122 29019=
40762 42965 01702 10164 21190 38547 40087 53006 333 10255 20107 70000 555 10053 29007 66666 00162 10214 20252 30272 50280 90276=
40766 41959 01903 10178 20013 38658 40029 53003 70600 333 20170 70000 555 10099 29033 66666 00226 10278 20308 30308 50298 90280=
40768 42965 02001 10135 21051 38263 40065 53001 333 10294 20107 70000 555 10058 29027 66666 00207 10212 20285 30296 50288 90282=
40769 42960 00000 10167 21040 38306 40064 52004 333 10300 20156 70000 555 10077 29024 66666 00219 10258 20299 30305 50306 90294=
40780 42960 00803 10225 20036 38651 40041 53002 333 10304 20215 70000 555 10127 29029 66666 00290 10300 20330 30330 50320 90310=
40782 42960 01302 10187 20012 38826 40042 52006 333 10362 20185 70000 555 10104 29031 66666 00256 10266 20312 30310 50314 90212=
40785 42960 00000 10216 21045 39051 40073 52008 333 10340 20182 70000 555 10103 29017 66666 00312 10331 20350 30360 50376 90386=
40791 42962 00601 10240 21138 39289 40058 52007 333 10346 20219 70000 555 10101 29007 66666 00270 10286 20330 30350 50361 90359=
40792 42965 01001 10190 21142 38697 40069 53005 333 10282 20140 70000 555 10073 29009=
40798 42960 00000 10114 21028 37739 40130 53002 333 10244 20093 70000 555 10052 29037 66666 00156 10211 20253 30253 50239 90201=
40800 42960 02701 10183 21026 38470 40081 51007 333 10313 20146 70000 555 10089 29024 66666 00150 10194 20261 30310 50312 90300=
40809 42965 01004 10157 21218 38476 40061 53005 333 10267 20102 70000 555 10047 29006 66666 00196 10242 20286 30304 50306 90302=
40811 41958 01501 10267 20124 39990 40015 53004 70500 333 10420 20267 70000 555 10183 29041 66666 00312 10348 20374 30384 50390 90382=
40812 42960 01402 10306 20092 39663 40008 52004 333 10412 20306 70000 555 10183 29026 66666 00360 10374 20404 30416 50412 90394=
40818 42965 03303 10142 21121 38008 40082 52005 333 10267 20113 70000 555 10047 29015 66666 00224 10263 20284 30293 50308 90302=
40821 42970 02403 10208 21123 38773 40072 53008 333 10320 20180 70000 555 10084 29010 66666 00249 10286 20338 30348 50352 90353=
40829 42960 03306 10244 21066 39525 40064 51011 333 10322 20224 70000 555 10115 29012 66666 00248 10282 20328 30330 50318 90300=
40831 42960 02603 10260 20109 30020 40028 53004 333 10381 20260 70000 555 10174 29039 66666 00310 10350 20380 30384 50380 90370=
40833 41956 01502 10279 20208 30000 40030 53002 70500 333 10415 20276 70000 555 10232 29066 66666 00348 10362 20374 30382 50388 90370=
40835 42960 00000 10242 20116 39253 40029 53001 333 10364 20234 70000 555 10168 29045 66666 00292 10324 20354 30360 50364 90350=
40841 42960 01002 10125 21103 38250 40079 52009 333 10325 20088 70000 555 10042 29019 66666 00238 10234 20290 30296 50300 90292=
40845 41558 11402 10318 20285 30018 40023 53003 71000 81600 333 10340 20295 70000 81720 555 10294 29083 66666 00326 10340 20366 30376 50374 90366=
40848 42960 00000 10194 20050 38504 40046 52006 333 10298 20148 70000 555 10118 29039 66666 00220 10256 20292 30304 50304 90292=
40851 42960 03102 10140 21141 38254 40055 53004 333 10290 20124 70000 555 10044 29013 66666 00182 10246 20296 30320 50324 90322=
40854 42965 02704 10256 21097 38904 40027 53007 333 10330 20240 70000 555 10111 29009 66666 00262 10318 20360 30374 50374 90370=
40856 41956 01902 10192 21047 38614 40058 52006 70600 333 10275 20157 70000 555 10089 29019 66666 00192 10238 20292 30310 50318 90314=
40859 42960 03202 10174 21050 38676 40051 53007 333 10338 20172 70000 555 10080 29021 66666 00196 10252 20280 30292 50298 90296=
40875 41557 40503 10305 20265 30036 40047 52011 70510 84500 333 20300 70000 84630 555 10276 29079 66666 00340 10354 20364 30370 50374 90372=
40879 41958 00000 10263 21065 39413 40050 52016 70500 333 10385 20245 70000 555 10123 29011 66666 00322 10344 20388 30400 50404 90402=
40882 41957 01204 10314 20284 39993 40026 53010 71000 333 10340 20308 70000 555 10292 29084 66666 00332 10346 20378 30392 50376 90364=
40883 41950 01005 10318 20277 30009 40031 53014 70500 333 10347 20313 70000 555 10288 29079 66666 00343 10360 20399 30386 50386 90376=
40893 41956 01205 10295 20259 30044 40049 52016 71000 333 20293 555 10269 29081 66666 00359 10362 20368 30368 50369 90372=
40898 41550 21603 10283 20252 30046 40055 53014 71000 82600 222// 00300 20901 333 10293 20282 70000 82720 555 10261 29083 66666 00302 10324 20368 30370 50378 90368=
41024 42660 23109 10324 20270 30025 40050 82500 333 59022 82640=
41036 42960 30000 10238 20130 38550 48501 83040 333 59014 83358 555 04410 50067=
41055 42960 03211 10233 20090 38355 48497 333 59009 555 04410 50061=
41061 42960 03004 10267 20010 39367 40033 333 59005=
41084 42960 00000 10258 20080 38820 48489 333 59010 555 04410 50026=
41112 42560 10000 10161 20060 37942 48501 81400 333 59006 81620 555 04410 50066=
41114 42560 20000 10167 20040 37978 48497 82200 333 59003 82822 555 04410 50043=
41128 42960 03503 10245 20020 38775 48491 333 59002 555 04410 50050=
41136 42960 00000 10270 20070 39259 40031 333 58002=
41140 41559 20000 10308 20270 30049 40052 71000 82100 333 59014 82830=
41150 41959 03104 10325 20274 40029 70500 333 58006=
41176 44/30 /3102 10295 20254 30024 40030 333 58006=
41184 42960 11613 10321 20208 40045 80001 333 58012 81070=
41194 42960 01308 10317 20229 30036 40042 333 58013=
41196 42960 01509 10314 20219 30008 40047 333 58013=
41216 41957 01412 10317 20232 30033 40037 70600 333 58012=
41217 41956 01410 10310 20230 30006 40034 70600 333 58011=
41246 36/// /2103 10293 20266 30050 40052 333 0E030 55300 25022 58011=
41255 36/// /1402 10261 20227 39545 40040 333 0E028 58013=
41256 32960 02605 10281 20242 30029 40046 90245 333 58007 55325 55407 55408 55507 55508=
41258 36/// /1007 10276 20261 30042 40046 333 0E/// 55300 20003 58008=
41263 36/// /1703 10258 20226 39487 40034 333 0E028 55300 20001 58014=
41267 36/// /1504 10284 20243 30047 40060 333 0E028 58013=
41275 36/// /1110 10275 20239 39902 40066 333 0E027 55300 20002 58010=
41288 32660 62109 10264 20250 30037 40058 86500 333 58019 86640=
41316 31356 81601 10262 20252 30034 40063 70522 886// 333 58021 55087 55407 55408 55507 55508 83707 85712 88620=
41396 42860 42204 10302 20144 39339 40031 84031 333 58002 84358=
41398 51427 10250 20207 40190 55030 702// 85784 22283 04230 21008 311// 41010 80220=
41480 41957 63404 10299 20261 30024 40026 70544 81532 333 59013 81620 85360=
41497 23510 10260 20232 40170 54000 70299 82107 22233 06250 20202 80240=
41498 32115 10230 20199 40143 58003 70222 821/1 22274 00230 21002 321// 41002 80210=
41506 12960 00000 10175 20151 38479 48780 60001 333 20170 59017 70000==
41508 12960 00000 10189 20166 38637 48120 60001 333 20170 59001 70000==
41515 12460 20000 10218 20156 38505 48690 60001 82200 333 20178 56800 59012 70000==
41523 12960 00000 10220 20182 39051 48880 60001 333 20200 59005 70000==
41535 12960 00000 10210 20187 38670 48470 60001 333 20162 59030 70000==
41536 12960 00000 10220 20190 38993 48810 60001 333 20194 59029 70000==
41560 12960 00000 10210 20173 38264 48820 60001 333 20180 58008 70000==
41571 11640 41303 10260 20239 39501 40062 60001 70500 84500 333 20242 56800 59031 70000==
41598 11940 20000 10270 20249 39787 40049 60001 70400 82030 333 20248 56080 59013 70000==
41600 11940 32301 10280 20244 39776 40061 60001 70412 83020 333 20256 56080 59007 70000==
41620 12960 03601 10230 20141 38547 48530 60001 333 20210 58000 70000==
41624 12960 00000 10270 20241 39860 40055 60001 333 20244 59017==
41630 11420 20000 10275 20254 30000 40056 60001 71000 82400 333 20250 56800 59013 70000==
41640 21696 30000 10265 20236 39816 40059 70400 82530 333 20240 56990 59020 60007 70096 82640 82360=
41660 11940 01302 10230 20162 38407 48930 60001 70500 82030 333 20204 58000 70000==
41678 11440 60000 10270 20226 30000 40059 60001 70500 83520 333 20254 56880 58007 72100==
41696 12960 30000 10190 20151 37981 48810 60001 83020 333 20164 56080 59004 70000==
41697 12460 80000 10295 20253 39907 40056 60001 8452/ 333 20280 5688/ 58012 70000==
41700 11940 00000 10290 20248 39914 40036 60001 70400 333 20260 59006 70020==
41710 11940 00501 10260 21033 39280 40023 60001 70600 333 20240 58005 70000==
41712 12960 00000 10265 20079 39129 48730 60001 333 20254 58010 70000==
41715 11940 00000 10300 20273 39998 40061 60001 70500 333 20274 58016 70000==
41718 11420 60000 10280 20259 39944 40044 60001 70400 85530 333 20262 56880 58007==
41725 12940 30000 10300 20251 39973 40049 60001 83030 333 20274 56080 58015 70000==
41739 11940 20000 10265 20091 38981 48610 60001 70500 82030 333 20250 56080 58013 70000==
41744 12940 00000 10230 20075 38735 48680 60001 333 20190 58002 70100==
41749 12440 73602 10290 20252 39998 40031 60001 83530 333 20260 56880 58001 70100==
41756 11240 30000 10280 20244 39981 40044 60001 70500 83600 333 20230 56800 59004 70000==
41759 11420 50000 10280 20259 30051 40056 60001 71011 83530 333 20254 56880 58008 70000==
41764 12440 70000 10275 20247 30002 40051 60001 85570 333 20266 56880 58011 70100==
41768 12340 80000 10270 20263 30049 40056 60001 85630 333 20250 56880 58011 71280==
41780 12440 52903 10290 20255 30028 40055 60001 85500 333 20270 56800 58007 70000==
41785 12960 52301 10280 20266 30043 40056 60001 85030 333 20254 56080 58006 70900==
41859 01350 80000 10296 20260 30025 40062 70262 8562/ 333 20282 59015 70080 83709 84617 88458==
41883 02450 81302 10300 20270 30040 40060 8451/ 333 20248 59029 70068 84618 88458==
41891 01330 80904 10270 20260 30028 40066 72196 8632/ 333 20255 59026 70248 83708 84615 88458 81930==
41907 02450 51802 10305 20270 30039 40054 85800 333 20250 59032 70020 82615 83825==
41923 02456 50000 10310 20260 30050 40060 83430 333 20270 59032 70008 82615 83360==
41936 01425 51903 10314 20270 30045 40052 70522 82830 333 20272 59023 70200 82615 84362==
41943 02440 61802 10300 20260 30055 40062 83510 333 20262 59024 70000 83616 84458==
41950 02450 40000 10305 20280 30053 40055 84400 333 20267 59032 70024 83617==
41978 02558 51104 10316 20270 30050 40057 82230 333 20274 59029 70000 82826 84360==
41992 01435 61502 10318 20250 30059 40061 70522 83530 333 20263 59025 70000 83616 86362==
42001 04031 99259 70897 46/// /1003 10288 20276 30116 40119 90240 22200 00299 333 91203 555 11027 22028 8//03 90237=
42027 21595 82301 10196 20172 38394 48477 70522 8553/ 333 20182 59023 6990/ 555 10160=
42044 32596 70000 10182 20170 38264 48495 83510 333 20160 59020 555 10117=
42045 22595 80000 10188 20179 38302 48432 8452/ 333 20174 59025 6001/ 555 00012 10209=
42056 22696 30000 10274 20230 39625 83400 333 10327 20223 59026 6008/ 82635 555 00081 11011=
42071 21595 12904 10286 20278 40051 71000 81400 333 10333 20252 59024 6002/ 81625 555 00017 10480=
42097 04031 99257 70837 46/// ///// 1//// 90326 22200 00301 10401 20401 70005=
42101 21595 80000 10240 20240 40071 79596 8632/ 333 10345 20236 59013 6085/ 85632 81935 87460 555 00848 10542=
42111 21495 80000 10240 20238 39357 40037 76162 8572/ 333 10334 20232 59029 6015/ 83712 84616 85825 88456 555 00145 11859=
42123 22596 50000 10256 20250 40046 83530 333 10343 20245 59019 6036/ 83630 85360 555 00364 10407=
42131 21696 80501 10250 20250 40052 70296 884// 333 10301 20231 59020 6069/ 555 00692 10479=
42165 22596 80000 10264 20258 40045 887// 333 10326 20232 59004 6047/ 85725 88630 555 00466 10295=
42182 21695 50000 10282 20254 40035 71022 83330 333 10362 20252 59030 6998/ 82635 81940 83360 555 00008 10861=
42189 31595 80000 10298 20273 40039 71022 8552/ 333 10352 20270 59026 85630 88458 555 10854=
42309 21395 80203 10256 20253 40064 75096 8532/ 333 20223 59027 6028/ 555 00278 11719=
42314 21496 79902 10258 20252 40066 71062 84530 333 20225 59022 6051/ 81710 84618 87360 555 00506 11490=
42328 21495 80000 10260 20251 40028 71022 8672/ 333 10350 20245 58003 6026/ 84715 85625 88458 555 00264 10449=
42339 21695 80000 10270 20259 40044 72052 8451/ 333 10337 20265 59006 6996/ 84635 88456 555 00006 10419=
42348 21495 89902 10252 20240 40052 71096 8672/ 333 10332 20238 59004 6019/ 83715 85625 88480 555 00186 11286=
42361 31596 50000 10280 20260 40034 70500 85500 333 20265 59023 85620 555 10787=
42369 31996 11402 10316 20275 40038 71000 80001 333 10358 20289 59022 81070 555 10590=
42379 21595 70502 10280 20263 40048 71022 84530 333 10350 20254 59013 6990/ 84620 84358 555 10698=
42398 22596 69902 10316 20267 40050 83530 333 20262 59020 6002/ 555 00024 11818=
42410 21495 50000 10288 20257 40066 83530 333 10340 20246 59015 6028/ 83618 85360 555 00282 10923=
42415 32596 70000 10294 20260 40071 85420 333 20264 59024 84620 85459 555 10856=
42452 21595 80000 10264 20253 40039 71022 8652/ 333 10325 20240 59004 6029/ 555 00292 10971=
42492 31495 51103 10300 20272 40048 71022 82530 333 20282 59019 82618 84360 555 10433=
42559 22596 82302 10270 20247 40034 8452/ 333 20234 59001 6023/ 84620 88458 555 00235 11003=
42571 32996 00000 10292 20255 40036 333 20272 59009 555 11004=
42591 NA=
42623 21496 70000 10264 20236 39213 40057 71022 85630 333 10327 20217 59029 6002/ 82710 85618 87360 555 00022 10745=
42634 22596 60000 10274 20260 40069 83831 333 20257 58008 6996/ 83620 85358 555 00006 10726=
42647 21495 82504 10272 20258 40062 71052 8477/ 333 20255 5659/ 58012 6995/ 84715 88458 555 00005 11007=
42667 21495 72608 10260 20246 39479 40056 70522 8473/ 333 20244 58008 6998/ 83710 84620 86360 555 00008 11353=
42675 31596 30000 10290 20247 40043 70510 81530 333 20245 58003 81625 83360 555 11112=
42701 31596 52302 10256 20239 39337 40049 71011 83530 333 10305 20232 59012 83620 84360 555 11025=
42724 31496 60000 10314 20276 40059 71022 84430 333 20267 59030 82618 83825 555 11504=
42737 22496 52305 10268 20254 40069 83630 333 20244 58014 6018/ 83712 85358 555 00180 11261=
42754 21396 72705 10246 20235 39430 40056 70522 85730 333 20235 58014 6003/ 83708 83618 85360 555 00026 10780=
42779 32595 50000 10264 20241 39373 40055 85800 333 20224 59002 82620 84825 555 11170=
42798 21495 32503 10300 20258 40052 70500 83500 333 20250 59015 6996/ 83615 555 00006 10718=
42809 21596 60000 10322 20275 40055 70522 84430 333 20274 59023 6007/ 81620 83825 555 00074 10876=
42840 22596 60000 10276 20265 40071 83230 333 20252 58014 6017/ 83825 85360 555 00172 11411=
42867 31495 80702 10270 20256 40058 71022 8572/ 333 20253 58009 82710 83618 81930 88458 555 10950=
42874 21596 50000 10284 20259 40052 70500 83430 333 20258 59002 6990/ 82620 83825 85360 555 00000 10804=
42886 31595 61104 10282 20254 40062 70521 83530 333 20248 59005 83620 86360 555 10789=
42895 32996 32302 10322 20258 40058 83030 333 20263 59016 83360 555 10550=
42909 32596 32506 10290 20268 40074 81531 222// 20000 333 20271 58014 81620 83070 555 10810=
42971 31496 51401 10304 20259 40064 70522 84430 333 20264 59009 83618 85360 555 10855=
43003 21495 62304 10288 20260 40083 70522 84730 333 20252 58018 6012/ 82712 84618 85358 555 00119 12490=
43014 31495 52706 10250 20224 39429 40067 71040 84630 333 20224 58019 82712 84620 85360 555 10534=
43041 21595 60000 10265 20233 39441 40045 70522 86400 333 20234 59004 6015/ 84620 86825 555 00145 11124=
43063 22597 72704 10250 20215 39467 40085 85730 333 20227 56690 58018 6990/ 83722 85626 555 00000 10929=
43086 21596 80000 10254 20239 39882 40059 79596 8397/ 333 10290 20246 57990 58018 6071/ 555 00705 10938=
43110 22496 62504 10278 20252 40102 84730 333 20259 58019 6006/ 82712 83822 85358 555 00059 13656=
43117 32597 82302 10246 20229 40081 8463/ 333 20230 58018 555 10638=
43128 21496 82704 10232 20226 39468 40070 75065 8572/ 333 10278 20226 56699 58011 6032/ 82710 84615 88458 555 00316 10723=
43150 21496 60000 10280 20254 39996 40057 70552 83531 222// 20000 333 10322 20267 59008 6990/ 83618 85360 555 10602=
43185 21596 82302 10252 20249 30054 40057 75096 8487/ 333 10296 20250 58001 6025/ 83620 86458 555 00248 10870=
43189 21596 80000 10260 20251 30051 40060 76162 8382/ 333 10300 20253 59003 6012/ 555 00124 10669=
43192 21496 72702 10272 20261 40101 70262 8477/ 333 20258 58019 6021/ 555 00214 13739=
43198 21396 72710 10230 20215 39275 40097 70262 83631 333 10264 20212 56699 58030 6006/ 70056 82707 83612 85358 555 00056 10874=
43201 22497 72704 10234 20213 39352 40073 85630 333 10300 20210 56690 58015 6990/ 83710 83612 86358 555 10362=
43213 22597 82302 10254 20230 39755 40070 8487/ 333 10326 20238 58014 6037/ 555 00370 10562=
43233 22496 82711 10236 20216 39298 40112 8561/ 333 10289 20216 56699 58017 6994/ 70004 555 00004 10404=
43237 22497 82705 10260 20230 39675 40065 8472/ 333 10339 20247 56699 58015 6002/ 81710 83615 88458 555 00021 10327=
43245 21597 82303 10270 20258 30048 40074 70262 8487/ 333 10358 20254 58009 6033/ 555 00335 10309=
43279 21496 82902 10270 20253 30069 40086 71022 8427/ 333 10341 20251 57820 57810 58015 6007/ 83618 81825 86458 555 00070 10607=
43284 21196 72504 10260 20246 39995 40111 76062 85631 333 10297 20245 58015 6011/ 70108 81702 84612 555 00108 13309=
43295 22496 72304 10222 20192 39096 48506 83531 333 10280 20208 56599 58011 6990/ 83612 85358 555 10527=
43310 22596 61801 10270 20262 40092 83321 333 20248 59003 6017/ 555 00170=
43314 22596 50000 10272 20249 40116 83831 222// 21001 333 10326 20252 58012 6014/ 555 00141 11847=
43321 31496 52008 10260 20221 39659 40104 70522 82531 333 10340 20232 58009 82612 85070 555 10100=
43329 22997 80000 10272 20249 30070 40083 82032 333 10364 20251 58010 6003/ 555 00026 10354=
43333 21495 82304 10264 20253 40094 75065 8542/ 333 20233 59011 6043/ 83618 85820 88458 555 00430 11531=
43344 31496 62714 10296 20232 39991 40090 70522 83531 333 10389 20268 58006 83616 83360=
43353 21496 49902 10280 20254 40119 71021 81520 333 10302 20250 56790 58006 6013/ 81610 83612 83459=
43369 21497 63202 10268 20257 40122 72122 83430 333 10313 20249 58011 6004/ 83618 85358 555 00036 11230=
43371 22497 62902 10266 20255 30047 40120 82221 333 10308 20252 57853 58006 6002/ 81715 83457 555 00024 10920=
43404 22470 62203 10297 20265 30087 40090 52014 83000 333 10329 20281 553// 20167 58008 60008 70000 91007==
43410 22470 8//// 10285 20231 30093 40096 52016 87000 333 10327 20267 3/027 58004 60008 70000==
43413 22470 52206 10293 20250 30100 40105 5/017 83100 333 10313 20278 3/027 553// 20231 58008 60008 70000 91009==
43415 22470 72702 10280 20252 30003 40111 52020 84000 333 20253 58015 60008 70017==
43418 22/70 72303 10290 20241 30055 40096 50013 87000 333 10326 20265 58008 60008 70000==
43421 22470 82503 10278 20277 30002 40107 52016 87000 333 10332 20260 553// 20089 58006 60008 70000 91006==
43422 22470 72302 10271 20245 39972 40105 52013 87150 333 10286 20256 3/024 55000 58000 60008 70000==
43424 22470 62304 10290 20247 30100 40102 52016 83106 333 20267 3/027 58000 60008 70000==
43436 22470 70501 10297 20235 30093 40096 52015 85000 333 10306 20263 3/024 58008 60008 70000==
43441 21470 81402 10270 20243 39969 40101 52008 76028 88000 333 20245 3/025 59016 69938 70013==
43444 22470 82502 10248 20211 39587 40118 52015 88000 333 10248 20222 58004 60008 70026==
43450 21459 71802 10254 20248 30111 40123 52012 70282 86250 333 10285 20250 3/024 59001 60038 70087==
43466 21468 82201 10266 20253 30114 40122 5/017 78088 88220 333 10283 20250 3/025 553// 20105 58001 60018 70146 82/20 91003==
43467 21/56 82301 10267 20251 30114 40120 52016 78098 88/// 333 20252 59001 60078 70174 82712 85816 82918==
43473 21262 82905 10164 20164 38139 48504 52008 75052 88000 333 10181 20148 3/014 553// 20136 58003 60008 70021 91008==
43475 22470 62202 10293 20227 30091 40096 52010 84000 333 10356 20254 553// 20154 58000 60008 70007 91005==
43476 22470 70000 10226 20176 38773 48520 5/009 85000 333 10227 20191 59001 60008 79999==
43479 22/70 80001 10250 20206 39256 52005 84/4/ 333 10250 20206 58005 60008 70000 83/16==
43486 21460 83602 10249 20249 30022 40123 51017 78086 88170 333 10302 20239 553// 20100 58001 69958 70085 91003==
43495 21470 72903 10289 20255 30103 40116 52012 70282 83000 333 20268 58010 60008 70001==
43497 22/70 72503 10281 20000 30086 40103 5/007 86/3/ 333 10311 20263 553// 20173 58002 60008 70000 82/18 91007==
44212 42/84 63602 10154 21004 39098 40169 57002 84038==
44213 42984 21302 10153 21022 38781 40158 57007 80004==
44214 42/70 22703 10114 21073 38292 40183 58008 81041==
44215 42/70 63006 10124 21034 38416 40177 57003 81048==
44217 32998 01802 10071 21061 37892 40248 54000 333 91202=
44218 42984 01101 10168 21047 38609 40157 57007==
44219 32999 01802 10131 21055 38633 40190 52003 333 91203=
44265 42984 01601 10127 20003 38878 40229 58002==
44266 32999 01802 10102 21051 37814 40206 54000 333 91202=
48010 42556 73601 10290 20259 39908 40057 84870 333 59028==
48020 41356 50000 10268 20256 70117 84830==
48025 42340 70000 10286 20274 31002 40065 59033 85870==
48031 41257 82201 10215 20185 70144 888//==
48048 42557 31801 10310 20267 30005 40060 83800 333 59021==
48052 22456 70000 10290 20248 84770 333 56990=
48062 42557 70403 10290 20259 30053 40059 85930 333 59020==
48064 42450 72301 10286 20248 39993 40050 85830 333 59015==
48071 42457 72302 10300 20266 30066 40074 85970 333 59012==
48094 41457 82201 10270 20260 30070 40080 76066 8597/ 333 59002==
48109 41460 82305 10268 20256 30085 40088 70265 8697/ 333 59014==
50557 14/80 /2306 10214 20148 39698 49977 57014 60001 333 10282 20156 3/015 59098 70000 90761 91112==
51076 14/80 /1502 10169 20001 39362 40216 57006 60001 333 10174 20075 3/006 59031 70000 90761 91103==
51087 14/77 /1301 10157 20022 39224 40213 57011 60001 333 10168 20065 3/005 59028 70000 90761 91104==
51156 14/80 /1602 10127 20031 38722 40204 57003 60001 333 10163 20048 3/004 59033 70000 90761 91105==
51243 14/80 /0703 10183 20074 39672 40196 57004 60001 333 10226 20119 3/011 59056 70000 90761 91106==
51334 14/62 /1801 10184 20087 39798 40186 57006 60001 333 10235 20080 3/008 59072 70000 90761 91103==
51379 14/80 /0804 10173 20029 39294 40215 57014 60001 333 10173 20038 3/003 59055 70000 90761 91106==
51463 14/80 /3301 10161 20018 39040 40190 57012 60001 333 10161 20103 3/005 59067 70000 90761 91106==
51573 14/80 /1103 10227 20077 30162 40209 52001 60001 333 10252 20171 3/014 58055 70000 90761 91106==
51644 14/68 /1502 10171 20142 38996 40204 57001 60001 333 10224 20148 3/015 58041 70000 90761 91105==
51656 14/58 /1402 10148 20138 39199 40232 57002 69911 72800 333 10186 20102 3/006 58055 70045 90761 91104==
51709 14/57 /1502 10181 20123 38675 40179 52004 60001 333 10263 20158 3/015 58043 70000 90761 91105==
51711 14/72 /1301 10140 20102 38072 40135 57006 60001 333 10220 20114 3/011 58020 70000 90761 91104==
51716 14/60 /1902 10180 20141 38955 40193 52005 60001 333 10247 20157 3/016 58036 70000 90761 91105==
51765 14/77 /1002 10160 20099 39259 40227 57006 69911 333 10224 20099 3/009 58086 70011 90761 91104==
51811 14/61 /1202 10176 20131 38830 40187 52004 60001 333 10278 20145 3/013 58042 70000 90761 91104==
51818 14/63 /2801 10167 20138 38682 40182 52003 60001 333 10253 20150 3/014 58031 70000 90761 91105==
51828 14/57 /3501 10144 20141 38678 40191 52006 60001 71000 333 10209 20141 3/014 58009 70002 90761 91104==
51886 14/80 /1603 10126 20007 37179 40110 52007 60001 333 10206 20091 3/008 58051 70002 90761 91106==
52203 14/73 /1403 10159 20033 39371 40227 52003 60001 333 10207 20089 3/007 58080 70000 90761 91110==
52602 14/80 /2703 10151 20009 37322 40109 52008 60001 333 10255 20076 3/008 58057 70000 90761 91114==
52681 14/69 /2905 10115 20101 38690 40213 52016 60041 76000 333 10259 20110 3/012 58123 70193 90761 91112==
52818 14/79 /2806 10111 20056 37306 40126 52010 69911 72100 333 10214 20105 3/010 58060 70016 90761 91114==
52908 14/80 /1106 10068 20031 35848 40042 52006 69941 333 10152 20046 3/005 58006 70019 90761 91109==
53463 14/80 /3507 10196 20148 38801 40058 52016 69931 333 10208 20181 3/018 59032 70283 90761 91116==
54857 14/80 /1804 10268 20211 39995 40084 57005 60001 333 10296 20238 3/023 59050 70000 90761 91107==
55228 04980 /2002 10136 21001 36077 49927 52004 60002 70000 333 10201 20103 3/008 5002/ 59016 60001 70000 90720 91105=
55299 14/62 /2803 10067 20047 35916 40017 52004 60001 76000 333 10167 20065 3/004 59011 70031 90761 91110==
55578 04980 /1401 10159 20046 36419 49946 52007 60002 72100 333 10232 20132 3/014 5001/ 54415 59020 60001 70000 90720 91106=
55591 14/76 /2602 10191 20052 36554 49909 52003 60001 333 10262 20158 3/013 59024 70000 90761 91106==
55664 04980 /1801 10115 20052 36069 49988 52001 60002 70000 333 10211 20074 3/009 5000/ 54415 59019 60001 70000 90720 91109=
55773 04980 /1902 10100 20056 36072 40033 52001 69982 70000 333 10134 20031 3/001 5001/ 59022 60001 70008 90720 91107=
56004 14/80 /2804 10082 20044 35896 40007 52004 60021 333 10178 20058 3/006 59001 70061 90761 91111==
56018 14/80 /1001 10101 20070 36241 40034 52004 60011 333 10201 20074 3/008 59007 70109 90761 91106==
56116 04980 /2101 10125 20065 36392 40021 52001 60112 70000 333 10232 20091 3/010 5001/ 54415 59014 69931 70121 90720 91115=
56299 88708 92739 92800 95100=
56312 04980 /1502 10186 20102 37108 40000 54000 60002 70000 333 10243 20153 3/015 5001/ 54405 59031 60001 70002 90720 91105=
57494 14/64 /1302 10344 20255 30031 40059 54000 60001 333 10359 20266 3/028 59043 70000 90761 91105==
58847 14/79 /0203 10322 20223 39962 40058 57007 60001 333 10343 20265 3/025 59033 70000 90761 91108==
62306 42560 32303 10254 20199 40136 57007 83500==
62332 32560 33504 10275 20215 40118 57004 83500=
62366 45960 00105 10257 20207 40117 57002==
62393 42960 03606 10270 20174 40136 52004==
62405 42960 01302 10303 20106 40089 52008==
62414 42960 03405 10323 20123 40092 52002==
62420 32960 03603 10245 20190 40124 57004=
62435 32960 03409 10303 20130 40090 52004=
62458 32960 03306 10280 20178 40103 52004=
