SIPK OPKC 102100=
41504 22995 00000 10160 20069 37804 48426 333 58024 60007 55%=
41507 22595 82306 10240 20211 39153 49649 71792 8692/ 333 5699/ 59022 60007 82930 84640 85460 84%=
41508 21695 30000 10183 20144 38593 48458 72992 83500 333 56900 59005 60007 83635 RH 77%=
41509 22696 50000 10235 20156 38661 48414 82520 333 56990 59020 60007 82640 83460 RH 61%=
41510 21696 80000 10140 20115 37889 48480 72052 8252/ 333 56990 59007 69937 83640 85460 85%=
41515 22695 50000 10232 20110 38483 48446 82520 333 56990 58004 60007 82650 83458 47%=
41516 22696 40000 10240 20113 38457 48415 82530 333 56990 58008 60007 82640 83360 45%=
41517 21696 40000 10180 20072 37740 48423 70400 82530 333 56990 59002 60007 82635 49%=
41518 22696 71802 10233 20062 38/// 48/// 83520 333 56990 5//// 60007 83640 85462 34%=
41519 22696 30000 10285 20085 38672 48425 83500 333 56900 58003 60007 83640 RH29%=
41520 22695 51804 10170 20047 37601 48198 83530 333 56990 58003 60007 83540 52362 44%=
41523 22696 60000 10240 20195 39011 48454 84520 333 56990 58008 60007 84640 82460 76%=
41524 21695 81804 10235 20182 39262 40094 72996 8592/ 333 5699/ 58023 60027 82930 83635 83460 RH 72%=
41525 21696 30000 10165 20149 37655 48339 72991 83500 333 56900 59010 60007 83640 90%=
41528 22996 00000 10220 20182 39140 48452 333 59025 60007 79%=
41529 22996 40000 10280 20244 39647 40010 84030 333 56090 58005 60007 84360 RH 81%=
41530 216// 731145 10275 202387 39614 40009 70592 60007 84330 333 56990 58009 60007 81830 83840 77%=
41534 21696 83104 10275 20247 39612 40008 71792 8692/ 333 5699/ 58004 60007 82930 84640 85460 RH 85%=
41535 22996 00000 10215 20176 38653 48430 333 58020 60007 RH79%=
41536 22996 00000 10220 20174 38964 48454 333 58013 60007 75%=
41560 22996 20000 10190 20125 38246 48464 82030 333 56090 58017 60007 82360 Rh66%=
41562 22996 41802 10285 20227 39559 40002 84020 333 56090 58007 60007 84460 RH 71%=
41565 22996 01302 10194 20171 38585 48457 333 59012 60007 86%=
41565 22996 01302 10194 20171 38585 48457 333 59012 60007 86%=
41567 21996 00000 10270 20241 39618 40018 70400 333 59001 60007 84%=
41572 21996 01306 10250 20236 39404 40004 70400 333 58008 60007 RH92%=
41574 22997 00000 10150 20142 38321 48486 333 58010 60007 95%=
41576 22997 12302 10285 20250 40032 81030 333 56090 58010 60007 81360 81%=
41577 21996 00000 10255 20241 39435 40027 70400 333 56000 58005 60007 RH 92%=
41593 21996 00000 10285 20257 39804 40008 70400 333 58007 60007 85%=
41597 21996 70000 10280 20266 40038 70411 87070 333 56090 58027 60007 87461 92=
41598 21996 20000 10275 20239 39744 40005 70400 82030 333 56090 58009 60007 82360 81%=
41599 21696 60000 10270 20241 39739 40018 70422 83470 333 56990 58011 60007 83640 83760 84%=
41600 21996 00000 10270 20249 40015 70400 333 58016 60007 88%=
41620 32996 00502 10240 20162 38512 48417 333 58008 60007 62%=
41624 21696 31302 10280 20221 40002 70400 83500 333 56900 58021 60007 83637 70%=
41630 21996 20000 10280 20252 40014 70400 82030 333 56090 58006 60007 82360 85%=
41633 22997 40000 10285 20219 4//// 84030 333 56090 5//// 60007 84360 67%=
41634 22997 00000 10260 20224 3//// 4//// 333 5//// 60007 81%=
41635 21996 00502 10280 20237 3//// 4//// 70400 333 5//// 60007 77%=
41636 21696 70000 10290 20248 39832 40010 70425 84570 333 56990 58009 60007 84640 85460 78%=
41638 21996 30000 10295 20245 4//// 70400 83030 333 56090 5//// 60007 83360 75%=
41639 21696 61302 10270 20241 4//// 70420 83530 333 56990 5//// 60007 83640 83360 84%=
41640 21696 40000 10275 20254 39773 40011 70400 81530 333 56990 58009 60007 81640 83460 88%=
41641 21996 30304 10270 20241 49753 40017 70400 83030 333 56090 58011 60007 83360 84%=
41642 21996 30000 10265 20244 3//// 4//// 70400 83030 333 56090 5//// 60007 83460 88%=
41643 21696 30000 10250 20238 39746 40012 70411 83400 333 56900 58009 60007 83640 88%=
41644 21696 40000 10260 20246 4//// 70400 82520 333 56990 5//// 60007 82640 82462 92%=
41646 21996 00000 10275 20239 40018 70400 333 58010 60007 81%=
41652 21996 30000 10290 20224 39836 40008 70400 83020 333 56090 58006 60007 83460 68%=
41660 219// 02304 10195 21055 38386 48473 70500 333 58008 60007 RH 18%=
41661 22995 00000 10175 20042 38341 48466 70540 333 58011 60007 41%=
41669 21996 01302 10280 20221 3//// 4//// 70400 333 5//// 60007 70%=
41670 21695 40000 10285 20242 4//// 70400 81530 333 56990 5//// 60007 81640 83360 78%=
41674 21996 30000 10305 20264 3//// 4//// 70400 83070 333 56090 5//// 60007 83460 79%=
41675 21996 30000 10305 20256 39860 49995 70400 83030 333 56090 58008 60007 83360 75%=
41676 21996 03102 10300 20258 39885 40034 70400 333 58013 60007 78%=
41677 21996 00000 10290 20255 39827 49987 70400 333 58006 60007 81%=
41678 21996 00000 10300 20220 40009 70500 333 58013 60007 62%=
41679 21996 00000 10280 20259 4//// 70400 333 5//// 60007 88%=
41680 21996 00000 10285 20257 40014 70400 333 58015 60007 85%=
41685 22697 20000 10250 20190 38845 48445 82500 333 56900 58013 60007 82635 69%=
41696 22996 00000 10170 20034 37980 48484 333 59020 60007 RH40%=
41697 22996 00000 10305 20249 49989 333 58004 60007 RH72 %=
41700 21996 00000 10310 20254 49985 70400 333 58001 60007 72%=
41701 21996 00000 10280 20244 40002 70400 333 58004 60007 81%=
41710 21996 03110 10245 21111 40015 70600 333 58004 60007 RH09%=
41712 22996 00000 10250 20005 39119 48460 333 58000 60007 RH20%=
41715 21996 00000 10300 20265 49997 70500 333 58002 60007 RH82%=
41716 21996 00000 10300 20258 40005 70400 333 58011 60007 78%=
41718 21996 00000 10300 20258 49976 70400 333 59015 60007 78%=
41724 21996 00000 10310 20254 40011 70500 333 58001 60007 RH72%=
41725 22996 00000 10325 20263 49998 333 58012 60007 RH70%=
41726 22996 00000 10305 20271 39932 40000 333 59008 60007 RH82%=
41738 22996 01804 10290 20232 40026 333 58001 60007 RH71%=
41739 22996 00000 10260 21033 38988 48467 333 58001 60007 RH14%=
41742 22996 00000 10295 20245 40016 333 58004 60007 RH 75%=
41743 21996 00000 10290 20240 70500 333 60007 RH 74%=
41744 22996 00000 10245 20059 38698 48432 333 59007 60007 RH 30%=
41745 21995 01304 10270 20234 70500 333 60007 RH81%=
41746 21996 01802 10300 20273 40002 333 58007 60007 RH85%=
41747 22996 01304 10320 20250 49980 333 59008 60007 RH 67%=
41748 22996 01804 10320 20250 49998 333 59001 60007 RH67%=
41749 22996 01306 10290 20248 40003 333 58001 60007 RH78%=
41756 21495 40000 10265 20244 40012 70500 84600 333 56900 59005 60007 84715 RH88%=
41757 21995 00000 10280 20252 30000 40012 70400 333 59007 60007 RH85%=
41759 21995 00000 10260 20231 40015 71011 333 59012 60007 RH84%=
41764 02996 02110 10280 20244 39971 40019 60003 333 58004 60007 RH81%=
41764 22996 02108 10270 20241 39965 40014 333 58007 60007 RH84%=
41765 21996 02306 10275 20239 39977 40012 70400 333 58003 60007 RH81%=
41766 21696 02306 10260 20235 49998 70400 333 59016 60007 RH88%=
41767 22996 0//// 10270 20249 333 60007 RH88%=
41768 22996 02302 10280 20259 30001 40008 333 59001 60007 RH88%=
41780 21596 42506 10280 20244 39986 40013 70400 84600 333 56900 59001 60007 84720 RH81%=
41785 22996 02302 10275 20254 30008 40021 333 59004 60007 RH 88%=
41786 22996 00000 10280 20244 40002 333 59006 60007 RH81%=
41BKI 22996 33604 10280 20221 39617 40016 83030 333 56090 58009 60007 83360 RH 70%=
41SKP 21996 00000 10275 20254 4//// 70400 333 5//// 60007 88%=
43532 21996 00000 10230 20185 39223 49996 70400 333 59008 60007 76%=
43533 21696 40000 10250 20206 39125 48432 70400 84500 333 56900 58014 60007 84640 77%=
43563 22697 80502 10250 20221 40038 83530 333 56990 58010 60007 83640 85360 84%=
41571 219// 20904 10260 20209 39468 40027 70500 82030 333 56090 58008 60007 RH74%=




Data Generated from File : D:\all data handling\Rmc_lhr\2024091021.FSU.txt
10/09/24 22:04:02
______________________________________________________________
15007 25/70 /3103 10186 20115 39632 40083 52006 7000/ 333 55300 0//// 20000 3//// 60007=
15020 24/70 /0000 10197 20143 39884 40073 52003 333 55300 20000 60007==
15023 27/70 /3104 10189 20106 39653 40061 52005 7616/ 333 55300 0//// 20000 3//// 60007=
15056 25/70 /1502 10202 20144 39737 40072 54001 7000/ 333 55300 0//// 20000 3//// 60007=
15069 27/50 /0302 10125 20122 39047 42737 54001 7616/ 333 55300 0//// 20000 3//// 60017=
15073 25/70 /3002 10186 20132 39631 40079 50002 7000/ 333 55300 0//// 20000 3//// 69947=
15090 24/70 81001 10186 20159 39986 40075 54001 8807/ 333 55300 10090 20000 30000 60007 91002 90730 91102==
15107 27/50 /2801 10138 20134 39310 42743 50002 7616/ 333 55300 0//// 20000 3//// 60027=
15108 21270 82304 10088 20079 38058 48454 54000 72162 8357/ 333 55300 20000 60017 91005 90730 91105==
15109 25/70 /2805 10178 20141 39659 40077 50000 7000/ 333 55300 0//// 20000 3//// 69907=
15111 25/70 /3401 10188 20153 39814 40067 52002 7000/ 333 55300 0//// 20000 3//// 60007=
15113 25/70 /3201 10179 20160 39915 40072 52003 7000/ 333 55300 0//// 20000 3//// 60007=
15127 21550 82901 10135 20130 39236 42739 50000 76162 8557/ 333 55300 0//// 20000 3//// 60017 91001 91102=
15148 21463 80602 10107 20103 38658 48437 58002 76166 8457/ 333 55300 0//// 20000 3//// 69997 91003 91103=
15150 24570 63101 10183 20162 39869 40074 54001 83570 333 55300 20000 60007 91002 90730 91102==
15154 25570 70700 10182 20161 39932 40069 52003 7000/ 84570 333 55300 0//// 20000 3//// 60007 91001 91101=
15168 27/64 /3601 10143 20135 39480 42732 50000 7236/ 333 55300 0//// 20000 3//// 69987=
15170 21567 82401 10140 20130 39327 42733 50004 72582 8437/ 333 55300 20000 69937 91002 90730 91103==
15194 25/70 /2803 10186 20167 39791 40074 52005 7000/ 333 55300 0//// 20000 3//// 60007=
15197 25/70 /2101 10213 20156 39872 40073 52004 7000/ 333 55300 0//// 20000 3//// 60007=
15215 27/67 /3300 10147 20136 39499 42734 50000 723// 333 55300 0//// 20000 3//// 69967=
15217 25/70 /1002 10153 20133 39431 42733 51006 7000/ 333 55300 0//// 20000 3//// 69917=
15219 25/70 /3101 10189 20161 39946 40066 52005 7000/ 333 55300 0//// 20000 3//// 60007=
15238 27/70 /1601 10151 20141 39480 42733 50000 7810/ 333 55300 0//// 20000 3//// 69957=
15261 27/62 /1401 10143 20132 39294 42748 50001 7238/ 333 55300 0//// 20000 3//// 69917=
15262 22699 80903 10096 20085 38172 48449 57003 8807/ 333 55300 0//// 20000 3//// 60007 91004 91104=
15265 25/70 /2201 10214 20168 39996 40067 52006 7000/ 333 55300 0//// 20000 3//// 60007=
15280 22284 81104 10041 20013 37480 47044 57002 8637/ 333 55300 20000 60007 91005 90730 91106==
15300 21597 51801 10142 20136 39467 42732 57003 70262 85500 333 55300 0//// 20000 3//// 69957 91002 91102=
15301 21/09 90403 10100 20097 38574 48458 57003 74342 333 55300 0//// 20000 3//// 60007 91005 91105=
15302 27/58 /1501 10114 20112 38866 48443 57004 7101/ 333 55300 0//// 20000 3//// 69917=
15307 25/70 /0501 10216 20173 39889 40067 52007 7000/ 333 55300 0//// 20000 3//// 60007=
15310 24/70 70000 10209 20186 39986 40068 52003 87070 333 55300 10130 20000 30000 60007 91002 90730 91102==
15324 25/70 /1301 10151 20123 39296 42724 55001 7000/ 333 55300 0//// 20000 3//// 69987=
15325 25570 73501 10116 20049 38431 48443 54000 7000/ 87300 333 55300 0//// 20000 3//// 60007 91002 91104=
15328 25/70 /0102 10191 20139 39734 40070 52005 7000/ 333 55300 0//// 20000 3//// 69917=
15336 25/60 /0901 10196 20188 30066 40068 53002 7000/ 333 55300 0//// 20000 3//// 60007=
15349 25/70 /3201 10169 20122 39534 40067 53002 7000/ 333 55300 0//// 20000 3//// 60007=
15350 24570 60302 10222 20158 39954 40068 52008 86300 333 55300 20000 60007 91004 90730 91104==
15360 24/70 31702 10234 20195 30054 40070 54000 83030 333 55300 20000 60007 91004 90730 91104==
15375 21559 80405 10171 20163 39716 40062 50005 78082 883// 333 55300 0//// 20000 3//// 60097 91008 91110=
15377 27/70 /0602 10224 20142 39850 40055 52006 7610/ 333 55300 0//// 20000 3//// 60007=
15387 25/70 /1701 10221 20188 30068 40071 55000 7000/ 333 55300 0//// 20000 3//// 60007=
15402 25/70 /1102 10230 20167 39986 40057 52007 7000/ 333 55300 0//// 20000 3//// 60007=
15405 25/70 /1103 10217 20175 30007 40067 51006 7000/ 333 55300 0//// 20000 3//// 60007=
15406 25/70 /1202 10206 20175 30018 40063 52004 7000/ 333 55300 0//// 20000 3//// 60007=
15408 25/70 /1203 10183 20172 39813 40070 52004 7000/ 333 55300 0//// 20000 3//// 60007=
15409 25/70 /1401 10217 20195 30022 40068 52002 7000/ 333 55300 0//// 20000 3//// 60007=
15419 21570 80203 10192 20172 39870 40056 50006 72582 8437/ 333 55300 0//// 20000 3//// 60057 91005 91106=
15420 21566 80901 10206 20185 39942 40048 52009 78082 8537/ 333 55300 20000 69947 91003 90730 91108==
15421 21570 81002 10198 20175 39955 40061 52010 78082 8437/ 333 55300 10325 20000 30000 69957 91003 91106=
15422 22570 80602 10214 20187 39950 40047 52010 8437/ 333 55300 0//// 20000 3//// 60007 91005 91106=
15425 25570 81104 10218 20178 39999 40060 51004 7000/ 8457/ 333 55300 0//// 20000 3//// 60007 91005 91106=
15434 21570 80203 10172 20147 39851 40054 58004 72582 8437/ 333 55300 0//// 20000 3//// 69987 91006 91106=
15444 25/70 /1202 10214 20180 39993 40063 54001 7000/ 333 55300 0//// 20000 3//// 60007=
15455 25/70 /1201 10202 20174 39917 40042 52002 7000/ 333 55300 0//// 20000 3//// 60007=
15460 24570 81102 10226 20179 30030 40054 50001 8657/ 333 55300 20000 60007 91005 90730 91105==
15462 25570 51103 10208 20179 39982 40065 52002 7000/ 85500 333 55300 0//// 20000 3//// 60007 91004 91104=
15470 24570 83101 10201 20172 39923 40043 51004 8437/ 333 55300 20000 60007 91001 90730 91103==
15475 26/// /1301 10235 20190 30029 40048 51009 333 55300 0//// 20000 3//// 69927=
15479 25/70 /1204 10204 20181 39877 40062 54001 7000/ 333 55300 0//// 20000 3//// 60007=
15480 24/63 41301 10233 20187 30048 40064 54001 84030 333 55300 10140 20000 30000 60007 91003 90730 91103==
15489 25570 72403 10209 20153 39953 40043 54000 7000/ 84370 333 55300 0//// 20000 3//// 60007 91005 91105=
15491 25570 82303 10217 20149 30018 40047 51010 7000/ 8337/ 333 55300 0//// 20000 3//// 60007 91006 91107=
15499 25/70 /1405 10241 20201 30053 40062 54001 7000/ 333 55300 0//// 20000 3//// 60007=
15549 41570 72301 10196 20187 39648 40040 58004 70282 87400 333 10202 20194 555 59402 69199=
15552 41460 70202 10212 20200 30004 40050 58001 72598 86930 333 10238 20206 555 59310 61699 92023 92427=
15640 42670 80000 10217 20187 39749 40043 54000 8255/ 333 10231 20215 555 583//=
15655 42568 61103 10229 20209 30014 40045 58001 85530 333 10245 20229 555 589// 92024 92427=
15730 41670 83401 10170 20165 39665 40043 57002 72586 8652/ 333 10172 20168 555 59707 61723=
16627 41560 80504 10224 20199 30034 40039 58001 76062 8587/ 333 82820 85630 88358 90730 91115==
16650 42460 61908 10218 20203 30025 40033 50002 84850 333 82815 84620 85358 90730 91122==
16667 42560 61813 10262 20184 30040 40051 50000 86800 333 82820 85625 90730 91124==
16706 42560 32007 10260 20215 30040 40047 50005 83250 333 83820 83358 90730 91118==
16723 42560 51905 10246 20222 30049 40062 54000 84560 333 84625 85358 90730 91113==
16732 46/// /1710 10267 20206 30039 40049 52006 333 90730 91115==
16742 42560 41410 10250 20217 39916 40065 54000 82141 333 82825 83357 90730 91117==
16749 41460 60003 10254 20228 30051 40065 56002 72065 83860 333 81816 83620 85358 90730 91113==
16754 42560 21604 10260 20209 30012 40060 51009 81130 333 90730 91112==
16760 46/// /1907 10244 20190 39669 40063 52004 333 90730 91113==
16765 46/// /1710 10265 20238 30046 40065 57001 333 90730 91116==
17022 42570 61001 10219 20192 39904 40060 50000 86600 333 86728 90730 91107==
17031 41340 41703 10206 20203 30051 40057 57007 71000 84600 333 84707 90730 91104==
17034 42970 00000 10237 20209 30026 40069 57007 333 90730 91104==
17038 42970 02203 10233 20201 30019 40064 57008 333 90730 91112==
17050 42670 50000 10219 20167 39997 40056 52006 83230 333 83835 85360 90730 91104==
17056 42670 52904 10230 20196 30040 40044 57005 83230 333 83835 85360 90730 91106==
17060 42660 61105 10253 20193 30014 40052 57003 82250 333 82835 86360 90730 91110==
17070 42665 40000 10193 20126 39233 40047 50005 84200 333 84835 90730 91106==
17084 42970 02102 10199 20149 39202 40049 52003 333 90730 91105==
17085 42970 03308 10263 20128 39584 40037 50001 333 90730 91119==
17092 42970 03303 10162 20113 38821 48476 51003 333 90730 91109==
17096 42970 00810 10155 20114 38244 48496 58002 333 90730 91117==
17098 42960 02702 10110 20107 38222 48519 57007 333 90730 91105==
17100 42970 00000 10185 20161 39162 40110 57006 333 90730 91103==
17115 42660 52304 10220 20160 30003 40051 50000 83230 333 83835 85360 90730 91109==
17116 42/65 20000 10231 20178 39942 40056 52004 82030 333 82360 90730 91103==
17124 42660 52408 10217 20138 39197 40051 51008 83108 333 83840 85270 90730 91114==
17128 42960 33304 10187 20046 39015 40041 52003 80001 333 83070 90730 91108==
17150 42660 31601 10201 20127 39937 40054 50004 82130 333 82835 83360 90730 91107==
17170 42660 11002 10147 20127 38337 48500 57004 81100 333 81840 90730 91104==
17184 42670 52701 10236 20132 39951 40056 51003 82201 333 82840 85070 90730 91103==
17190 41670 71201 10193 20158 38940 48472 50012 72582 85250 333 85835 87360 90730 91110==
17190 41670 71201 10193 20158 38940 48472 50012 72582 85250 333 85835 87360 90730 91110==
17195 42970 00504 10194 20098 38924 48476 52008 333 90730 91110==
17200 42960 02505 10199 20076 39128 40043 53001 333 90730 91113==
17202 42970 02706 10219 20073 39077 40038 58002 333 90730 91108==
17203 42970 02801 10219 20096 38843 48523 51001 333 90730 91104==
17219 42565 51404 10221 20151 39926 40063 50003 83250 333 83830 85360 90730 91118==
17237 42670 22301 10237 20139 39594 40064 52003 82100 333 82840 90730 91106==
17240 42570 21506 10207 20161 38993 40067 50005 82100 333 82830 90730 91124==
17244 42970 02006 10202 20088 38947 48476 50007 333 90730 91111==
17248 42970 00000 10188 20097 38931 48472 51004 333 90730 91107==
17250 42970 01902 10230 20020 38766 48479 50000 333 90730 91112==
17260 42960 03604 10231 20143 39268 40023 58005 333 90730 91108==
17280 42/60 23208 10283 20100 39308 40028 58004 82030 333 82360 90730 91114==
17292 42570 10000 10201 20143 39355 40070 57001 81100 333 81830 90730 91108==
17300 42560 41004 10270 20199 30024 40091 50002 84200 333 84830 90730 91114==
17310 42670 30801 10276 20203 30072 40079 58002 83200 333 83835 90730 91105==
17350 42660 20405 10233 20206 30007 40081 56001 82100 333 82835==
33088 42560 81501 10191 20107 39894 40075 58001 885//==
33135 429// 20000 10142 20112 39964 40106 52003 80001==
33177 41560 83501 10163 20155 39863 40090 52002 72582 889//==
33317 42/// 61402 10179 20118 39754 40074 58004 86030==
33393 41256 80000 10154 20151 39719 40094 52002 78088 889// 333 86705==
33415 42/60 53303 10174 20104 39702 40080 54000 85030==
33429 42660 81301 10180 20118 39674 40074 54000 8255/==
33466 42/60 20601 10170 20144 39913 40092 58004 82030 333 30///==
33506 42/60 50000 10174 20148 39911 40098 57006 85030==
33562 42/60 60000 10180 20146 39798 40087 53002 86030==
33587 42/// 20000 10189 20117 39837 40086 52001 82050==
33658 42/79 82904 10193 20123 39792 40075 52002 8807/==
33663 42/60 50000 10190 20141 39984 40075 52004 85030==
33664 42997 81001 10189 20122 39770 40069 54000 8805/=
33678 42898 62801 10189 20118 39894 40092 57004 86050=
33679 42497 50701 10197 20153 39898 40079 53006 85500=
33711 42/60 80904 10194 20148 39886 40084 58002 83031==
33745 42897 51101 10200 20126 39904 40088 57006 80001=
33748 42997 71202 10204 20156 39798 40066 58003 87030=
33754 42997 00000 10188 20143 39928 40066 56001=
33761 42/70 20000 10196 20121 39866 40077 57004 82030==
33791 42976 00702 10200 20169 39968 40089 58002==
33815 42598 60000 10204 20131 39872 40068 58002 86500=
33837 41/59 80000 10196 20181 30024 40073 58002 71022 8805/==
33881 42598 50903 10198 20160 39886 40071 52001 85500=
33883 42997 01501 10197 20173 39916 40070 54000=
33885 42597 81201 10197 20164 39950 40078 54000 83340=
33892 42997 52201 10175 20171 39870 40069 57003 85030=
33902 42960 02402 10208 20182 30023 40079 58001==
33924 42560 61301 10208 20184 30067 40079 58007 86400==
33946 42982 31202 10208 20187 39867 40075 58005 80001==
33983 42960 02401 10187 20167 30023 40080 58007==
34300 42660 40000 10196 20138 39945 40113 58003 84500==
34336 42/60 30502 10192 20085 30044 40142 54000 83080==
34344 42/70 71202 10186 20107 30058 40142 57002 87030==
34356 42970 00902 10160 20086 30024 40165 58004==
34357 42/70 31004 10181 20080 30003 40151 54001 83030 333 90730 91110==
34398 429// 20902 10167 20058 30186 40196 58005 80001==
34415 42960 00000 10174 20167 30012 40104 58006==
34438 42560 20804 10179 20100 39943 40124 58001 82400==
34445 42/70 50904 10188 20086 30035 40143 54001 85030==
34461 42960 00902 10175 20083 30110 40163 55004==
34473 425// 81303 10205 20069 30140 40176 57011 8657/=
34476 42570 81402 10183 20098 30171 40178 58008 8293/==
34504 42/70 21602 10199 20168 39928 40092 57007 82030==
34535 42/70 31301 10196 20093 30047 40115 54001 83040==
34545 42970 01003 10179 20099 30023 40129 55002==
34555 42/// /1105 10194 20109 30062 40148 51008 333 90730 91114==
34560 41760 50905 10168 20106 39974 40156 57010 70281 82330 333 90730 91111==
34578 41560 80903 10197 20095 30154 40161 58012 70282 8296/==
34579 41570 50502 10195 20094 30126 40168 57017 70182 85500==
34644 42960 00704 10192 20102 30034 40107 57004==
34646 42970 01004 10207 20119 30042 40119 57001 333 90730 91110==
34655 42960 00804 10199 20079 30076 40133 55001 333 90730 91111==
34662 41570 70904 10201 20082 30138 40149 57009 71322 81970==
34691 42570 80904 10207 20085 30194 40182 58006 8655/==
34720 42970 00402 10211 20141 30050 40088 57006==
34727 42560 60601 10207 20183 30057 40085 57006 86400==
34743 42960 00903 10211 20109 30034 40118 54000 333 90730 91110==
34759 42960 30904 10194 20132 39998 40122 58004 80001 333 90730 91111==
34772 42/60 30904 10192 20077 30150 40153 58008 8303/==
34785 41/60 81104 10210 20086 30178 40156 58017 70398 85063 333 90730 91117==
34798 42/60 60803 10197 20122 30194 40166 57003 86030==
34824 42560 40302 10221 20178 30077 40081 57005 84100==
34838 42660 30802 10244 20145 39990 40079 57005 83400==
34845 42970 01103 10231 20162 39995 40095 52001==
34858 42/60 61002 10216 20152 30012 40112 52003 86030==
34861 42/60 21106 10183 20104 39894 40124 57005 82030 333 90730 91110==
34866 42960 00804 10195 20099 30138 40130 58004==
34880 41560 80901 10191 20142 30171 40146 57014 79598 883//==
34887 41570 30403 10194 20131 30155 40137 57012 72998 83900==
34949 42970 30903 10201 20134 39583 40095 57003 80001==
34954 42670 81003 10228 20164 39935 40097 54001 885//==
34958 42570 80902 10212 20164 39920 40107 52003 82501==
34975 42970 01003 10197 20135 30123 40119 58005==
34984 42/70 60504 10196 20133 30159 40130 58008 80061==
35217 429// 51104 10186 20048 30185 40223 52001 80003==
35302 429// 21302 10168 20099 30194 40214 58001 80001==
35315 429// 00902 10161 20058 30168 40223 58002=
35344 429// 23601 10117 20083 39988 40266 54000 82080=
35358 429// 00203 10136 20050 30082 40245 53001==
35368 429// 00000 10111 20055 39987 40246 58007=
35386 425// 50000 10128 20093 39735 40232 58005 85500=
35394 42970 01201 10104 20064 39586 40238 57003==
35404 429// 01201 10164 20095 30194 40202 58004=
35406 429// 00902 10164 20058 30208 40210 54000==
35416 429// 02602 10172 20061 30114 40229 56001==
35426 429// 00000 10158 20095 39970 40246 54000==
35437 429// 31101 10182 20119 39948 40243 58002 80004=
35449 429// 03603 10162 20105 30148 40246 58005=
35497 429// 00501 10106 20046 39462 40229 57005==
35498 429// 00000 10077 20034 39392 40244 57002=
35514 42998 00703 10175 20048 30215 40211 58003=
35522 429// 01104 10203 20062 39994 40229 58001=
35542 429// 00501 10138 20057 30109 40250 58004=
35563 42998 00000 10134 20085 39500 40232 58005=
35576 429// 00703 10120 20054 39795 40225 58004==
35582 429// 00203 10109 20051 39650 40226 58006=
35594 429// 01601 10078 20008 39421 40233 58004=
35605 42998 60704 10185 20051 30214 40194 58002 85072=
35633 429// 00703 10152 20056 30038 40242 58002=
35671 42970 00501 10135 20074 39812 40221 58002==
35699 429// 00901 10158 20071 39507 40218 58001==
35700 42/70 61406 10218 20045 30212 40190 58004 86070==
35715 42597 50000 10185 20055 30216 40202 58003 86500=
35739 429// 00903 10181 20071 30088 40219 58002=
35746 429// 00104 10180 20065 30155 40218 58008==
35777 429// 00000 10148 20061 39900 40230 52009=
35796 42/60 60303 10132 20046 39803 40218 58001 86030==
35849 429// 00302 10171 20074 30127 40207 58008==
35895 42997 00501 10128 20086 39797 40220 57001=
35907 42998 70908 10216 20151 30161 40133 57008 87070=
35925 429// 20903 10176 20030 30090 40195 58007 80002==
35927 426// 20902 10202 20037 30184 58006 82500=
35953 429// 00103 10188 20064 30082 40204 58007==
35969 429// 00000 10120 20011 30039 40206 57006==
35997 429// 20000 10130 20062 39794 40208 58004 82030=
36259 42684 20903 10039 21023 38275 48541 52002 82900==
36335 429// 00000 10061 20025 39270 40267 58003=
36358 429// 00000 10047 20018 39272 40267 58003=
36394 429// 20000 10093 20072 39821 40228 58006 80001=
36397 429// 00000 10096 20071 39686 40229 58005==
36403 429// 31202 10085 20077 39863 40210 58004 80001=
36418 429// 22402 10102 20060 39613 40200 57005 80003=
36421 429// 00000 10020 20012 39669 40225 58001=
36428 427// 20101 10074 20063 39726 40210 58006 81541==
36439 427// 51502 10056 20045 38996 48533 57005 81501=
36498 426// 50104 10130 20067 39471 40220 57001 85500=
36501 429// 70000 10103 20087 39512 40232 57003 87030=
36535 42/// 60000 10121 20070 39609 40209 57007 83031==
36546 429// 21102 10070 20030 39694 40216 53003 80001=
36619 425// 60000 10150 20074 86900=
36622 429// 30000 10121 20056 39455 40218 56002 83040=
36639 415// 80000 10129 20104 39619 40192 58002 78082 889//==
36643 425// 83002 10132 20062 39579 40204 56004 8697/=
36665 426// 62102 10150 20051 39505 40186 57006 84902=
36666 425// 52506 10163 20072 39733 40193 57001 83970=
36729 42998 62305 10165 20067 39742 40193 57001 86030=
36736 425// 73001 10130 20069 39680 40205 58003 86950=
36744 429// 70000 10142 20071 39784 40210 54000 87040=
36770 425// 70000 10104 20065 39525 40222 57005 87900=
36786 42999 00000 10092 20063 39337 40221 57003=
36796 429// 00000 10026 21005 39068 48535 56001=
36803 42599 32003 10143 20055 39778 40203 54000 83900=
36806 429// 00000 10139 20042 39753 40196 57002=
36819 429// 41603 10112 20037 39626 40214 57010 81041=
36821 425// 30000 10115 20081 39746 40215 57008 83900==
36839 42998 02101 10071 20042 39142 40241 53003=
36843 429// 02602 10063 20043 39092 40239 57004=
36846 429// 00901 10040 20017 38655 48549 57009=
36859 425// 70000 10122 20089 39473 40220 58007 83971==
36870 429// 00000 10105 20045 39235 40211 57012==
36874 429// 01802 10089 20040 39470 40223 57010=
36877 429// 00000 10061 20050 39286 40243 57010=
36885 429// 01402 10080 20045 39134 40231 57009=
36889 429// 20000 11017 21085 37107 47138 57007 80001=
36894 429// 00000 10102 20033 39510 40224 57009=
36905 429// 81201 10094 20053 38788 48546 57007 8807/=
36911 429// 00000 10112 20065 39272 40213 58007=
36927 42697 73602 10107 20045 38385 48550 58007 85950=
36934 41597 43202 10082 20043 38299 48422 58002 701// 82902=
36953 426// 70000 10050 20033 38258 48508 53001 86943=
36963 427// 61401 11020 21048 37087 48/// 57008 86500=
36974 429// 20901 10078 20015 38012 48549 54000 80002=
36982 429// 72005 11018 21063 36581 47134 57007 87050=
37018 42/60 60601 10251 20163 39998 40069 57003 82031==
37031 42/60 11301 10219 20164 39898 40080 57002 81030==
37054 42960 00000 10189 20151 39740 40103 57002==
37061 42/60 20703 10203 20172 39950 40109 51001 82080==
37085 42940 00704 10202 20160 30134 40109 58008==
37171 42940 80801 10236 20189 30051 40068 58002 80001==
37228 42960 00000 10171 20139 39310 40102 54000==
37235 42960 00000 10191 20185 39795 40093 57002==
37472 41940 01501 10226 20201 30117 40096 57010 71000==
38149 42970 00603 10178 20050 30108 40181 58010==
38178 429// 00402 10180 20004 39914 40187 57005==
38262 429// 30601 10142 20045 30106 40185 58003 80002==
38264 42970 00402 10173 21012 30085 40175 57010==
38345 42998 01001 10090 20002 38831 48531 58010=
38353 429// 21301 10142 20034 39332 40198 58013 80001=
38388 42998 00000 10194 20050 30096 40163 52006=
38392 42997 20503 10176 20074 30066 40165 52014 80001=
38396 42960 20702 10146 20048 30049 40170 58011 80001==
38403 429// 00702 10196 20056 30058 40173 58003==
38413 429// 01002 10196 21022 39916 40194 58007==
38457 42960 00302 10154 20056 39596 40162 57006==
38462 429// 00000 10103 20002 38785 48533 52002==
38462 429// 00000 10103 20002 38785 48533 52002==
38507 42996 01004 10236 21033 30025 40121 58012=
38545 42998 03301 10133 20092 30007 40178 58006=
38565 129// 00903 10126 20034 39577 40150 58009 60002==
38579 129// 00000 10125 20071 39753 40160 57011 60002==
38583 12960 01101 10126 20084 39847 40160 57009 60002==
38599 42997 00000 10140 20051 39672 40172 56004=
38611 42960 03303 10153 20077 39628 40180 57005==
38613 429// 00101 10130 20080 40189 54000=
38616 429// 00000 10128 20068 39202 40187 56002=
38618 429// 01101 10131 20082 39502 40171 57006==
38647 42997 00806 10226 20002 30065 40105 57016=
38656 42998 00902 10214 21007 30065 40169 52007=
38683 42960 00000 10149 20046 39881 40148 58014==
38687 42997 00203 10182 20062 39921 40146 58010=
38696 129// 00701 10149 20056 39330 40157 57010 60002==
38713 429// 01801 10110 20002 39048 48530 56004=
38750 42997 02201 10229 20211 30138 40111 58020=
38763 42997 01005 10238 20000 30023 40122 57002=
38774 42995 01701 10195 20029 39953 40140 57014=
38799 42997 03601 10160 20027 39928 40152 58011=
38806 42997 03601 10152 20065 39875 40127 58005=
38812 42960 00603 10157 20041 39700 40137 57002==
38880 42997 01602 10208 20007 39898 40141 57011=
38886 42997 02001 10159 20050 39959 40181 57001=
38895 42996 00000 10187 20021 39875 40153 58012=
38911 42997 00000 10160 20025 39867 40152 52006=
38915 42997 00000 10184 20055 39832 40142 58003=
38927 12960 01102 10154 20045 39774 40138 56003 60002==
38933 429// 00201 10141 20092 39661 40162 54000=
38944 419// 03603 10173 20027 39572 40086 52003 70500=
38974 42998 03202 10181 20027 39848 40171 52004=
38987 42996 00000 10134 20023 39436 40162 58008=
40100 43/70 29901 10272 20220 30093 40108 58006 333 58///=
40101 55008 70500 84960 333 84920 85356=
40180 02960 00302 10265 20218 30046 40093 57004 333 70000==
40199 02/// /0205 10330 20172 30053 40076 52004 333 70000==
40265 42960 00000 10228 20155 39348 40096 57001=
40270 41958 03204 10242 20129 39240 40087 52001 70500=
40272 41950 03305 10244 20147 39302 40088 52003 70500=
40340 42960 00906 10326 20178 30024 40085 52012=
40356 42960 03010 10278 20060 39142 48498 333 58013 555 04410 50049=
40357 42960 03311 10328 20050 39440 40028 333 58007=
40360 42960 03110 10274 20130 39509 40059 333 58012=
40361 42960 00000 10296 20060 39323 40074 333 58003=
40362 42960 00000 10320 20000 39567 40041 333 58014=
40373 42960 03305 10364 20010 39634 40014 333 59009=
40375 42960 02506 10298 20100 39228 40046 333 59003=
40394 42960 01504 10300 20060 38991 48506 333 58003 555 04410 50032=
40394 42960 01504 10300 20060 38991 48506 333 58003 555 04410 50032=
40400 42960 00103 10295 20240 30039 40066 333 59002=
40405 42960 03402 10317 20010 39338 40037 333 59001=
40417 42960 02604 10309 20080 39989 40003 333 59017=
40420 42960 02703 10326 20090 39812 40008 333 59019=
40430 42960 03203 10347 20030 39350 40050 333 59004=
40437 42660 32802 10324 21020 39370 40018 83100 333 59016 83840=
40439 42960 22708 10338 20140 30009 40027 82030 333 59017 82360=
40582 32960 20000 10353 20084 40005 58008 80030 333 00276 10489 20299 50000 55085 00654 10201 22121 43432 54124=
40703 42960 00000 10192 20102 38891 40073 57005 333 70000 555 10141 29056 31214=
40706 42963 00605 10247 20078 38632 40046 56007 333 70000 555 10151 29034 30707=
40712 42965 00301 10166 20097 38653 40056 58002 333 70000 555 10127 29063 33004=
40713 42962 01105 10243 20067 38629 40023 57005 333 70000 555 10145 29032 31105=
40718 42960 01602 10242 20219 30123 40096 57022 333 70000 555 10227 29087 31005=
40723 42970 09901 10154 21057 38955 40127 50000 333 70000 555 10070 29023 32904=
40726 42960 00000 10206 20076 38636 40052 58001 333 70000 555 10134 29043 33605=
40727 42960 00000 10163 20016 38469 40053 57006 333 70000 555 10092 29037 32910=
40732 42960 02201 10240 20210 30114 40091 57023 333 70000 555 10220 29083 30205=
40736 42960 00000 10249 20227 30129 40105 57022 333 70000 555 10235 29088 33005=
40737 42660 60000 10246 20221 30085 40102 57022 82570 333 70000 82635 85360 555 10229 29086 33206=
40738 42960 00000 10222 20195 30120 40122 58017 333 70000 555 10205 29084 32705=
40739 42965 03502 10198 21015 38691 40093 58003 333 70000 555 10100 29024 30510=
40741 42960 00000 10166 20023 39823 40142 57014 333 70000 555 10101 29038 33606=
40743 42965 00707 10210 21066 39052 40104 58007 333 70000 555 10096 29015 31013=
40745 42962 02002 10168 20041 39048 40143 58010 333 70000 555 10106 29043 31306=
40747 42960 00000 10194 20035 38618 40049 57002 333 70000 555 10114 29035 32903=
40754 42960 03502 10259 20070 38811 40057 54000 333 70000 555 10154 29030 32205=
40762 42965 00000 10140 21089 38558 40100 56007 333 70000 555 10054 29020 30411=
40766 42960 03202 10262 21015 38662 40021 58002 333 70000 555 10128 29016 32005=
40768 42960 02901 10176 21021 38265 40050 52001 333 70000 555 10086 29026 32706=
40769 41958 02601 10223 21005 38306 40038 58001 70600 333 70000 555 10112 29022 30108=
40780 42960 00903 10241 20011 38666 40045 58003 333 70000 555 10126 29022 32511=
40782 42965 01303 10222 21018 38828 40033 52003 333 70000 555 10111 29020 32803=
40785 42960 00903 10265 21014 39043 40051 57003 333 70000 555 10132 29016 30306=
40791 42970 00402 10265 21154 39291 40057 57008 333 70000 555 10111 29005 33213 43213=
40792 42962 00702 10184 21128 38702 40072 58002 333 70000 555 10071 29011 30412=
40798 42960 03003 10177 21064 37988 40053 54000 333 70000 555 10075 29019 32808 4////=
40800 42960 01902 10254 20001 38467 40049 58001 333 70000 555 10128 29019 31408=
40809 42960 00702 10155 21160 38482 40057 57009 333 70000 555 10051 29010 33607 43611=
40811 42960 03003 10387 20084 39966 49990 57009 333 70000 555 10211 29016 33003=
40812 42960 01402 10347 20020 39645 49985 57007 333 70000 555 10176 29013 32805=
40818 42965 02701 10166 21052 38007 40064 52002 333 70000 555 10072 29022 30209=
40821 42967 02703 10249 21008 38773 40058 58004 333 70000 555 10125 29018 33212 4////=
40829 41958 03412 10238 21017 39508 40046 54000 70700 333 70000 555 10122 29018 33420 43530=
40831 42960 03103 10343 20141 39996 40004 57005 333 70000 555 10218 29030 32906=
40833 42960 02801 10308 20052 39971 40000 58005 333 70000 555 10173 29020 33008=
40835 42960 00000 10310 20045 39242 40003 54000 333 70000 555 10167 29019 32609=
40841 42960 03304 10204 21049 38243 40037 57006 333 70000 555 10092 29017 33107 43312=
40848 42960 00000 10270 20009 38498 40008 58001 333 70000 555 10136 29018 31904=
40851 42960 00603 10198 21064 38256 40031 58003 333 70000 555 10086 29016 33615=
40854 42960 02802 10279 21079 38903 40020 57007 333 70000 555 10124 29009 33604=
40856 41956 02203 10166 21073 38610 40053 58009 70600 333 70000 555 10071 29019 30508 40512=
40859 42960 03602 10258 21008 38667 40011 54000 333 70000 555 10128 29017 33207=
40875 41935 00303 10318 20286 39997 40008 50001 71000 333 70000 555 10294 29083 32308=
40879 42960 00000 10278 21039 39384 40016 51004 333 70000 555 10134 29012 33309 43216=
40882 41930 02902 10318 20290 39960 49993 57011 71000 333 70000 555 10297 29085 32805=
40883 41930 02902 10322 20272 39969 49991 58007 70500 333 70000 555 10285 29075 32506=
40893 41957 01503 10311 20284 39991 49997 56003 71000 555 10291 29086 31508 4////=
40898 41956 01702 10292 20273 39987 49996 57005 71000 333 70000 555 10278 29089 31605 4////=
41024 42960 03402 10327 20210 30017 40042 333 59011=
41036 42960 10000 10268 20090 38548 48500 81030 333 59004 81358 555 04410 50044=
41055 42960 01004 10278 20030 38350 48490 333 59002 555 04410 50030=
41061 42560 41406 10302 20000 39351 40008 84200 92048 333 59002 84830=
41084 42960 00804 10317 20020 38816 48489 333 58007 555 04410 50005=
41112 42960 00000 10212 20110 37941 48486 333 59005 555 04410 50017=
41114 42560 20000 10229 20130 37973 48482 82400 333 59004 82622 555 04410 50006=
41128 42560 20604 10300 21020 38761 48482 82400 333 59009 82630 555 04410 50008=
41136 42960 00705 10338 20010 39244 40001 333 59001=
41140 42960 30107 10323 20270 30031 40042 83030 333 59009 83360=
41150 42964 03103 10335 20262 40001 333 59019=
41170 42960 09902 10360 20161 39986 49999 333 59020=
41176 44/70 /2404 10338 20209 39994 40000 333 59023=
41184 41950 09901 10299 20272 40013 70500 333 59009=
41194 42460 43404 10331 20286 39998 40004 84500 333 59012 84615=
41196 41958 00703 10310 20278 39971 40009 70500 333 59012=
41216 42960 02403 10320 20288 39997 40001 333 59016=
41217 43960 09902 10315 20277 39969 49997 333 59018=
41255 36/// /0705 10329 20187 39508 49991 333 0E035 59013=
41256 32960 02305 10295 20272 39979 49996 333 59006 55000 55407 55408 55507 55508=
41258 36/// /0602 10312 20299 39986 49989 333 0E/// 55300 20000 59008=
41263 26/// /1208 10335 20142 39448 49981 333 0E028 55300 20000 59018 70000=
41265 36/// /0802 10306 20194 39453 49994 333 0E034 55300 20000 59007=
41268 36/// /2411 10314 20233 39949 49995 333 0E032 55300 25022 59009=
41275 36/// /2706 10306 20096 39855 40017 333 0E031 55300 20000 59016=
41304 36/// /2104 10311 20033 39715 40011 333 0E029 55300 20000 59011=
41315 26/65 /0000 10219 20213 39248 47359 333 0E025 55300 27865 59007 70000=
41316 32460 73404 10267 20250 30025 40054 87600 333 59007 55000 55407 55408 55507 55508 84710 87618=
41396 42962 40506 10314 20146 39332 40020 84031 333 58001 84362=
41398 71316 10240 20210 40192 52/// 703// 837// 22274 04240 20604 313// 40904 80220=
41480 41956 01105 10315 20268 30017 40025 70544 333 58010=
41497 22004 10260 20232 40170 54000 70299 82107 22233 06250 20201 80240=
41498 50607 10280 20252 40062 53004 70311 851// 22213 00300 2//// 80260=
41508 11420 30000 10183 20144 38593 48580 60001 72992 83500 333 56800 59005==
41515 12420 50000 10232 20110 38483 48460 60001 83520 333 56880 58004==
41523 12440 60000 10240 20195 39011 48540 60001 82520 333 56880 58008==
41535 12940 00000 10215 20176 38653 48300 60001 333 58020==
41536 12940 00000 10220 20174 38964 48540 60001 333 58013==
41560 12940 20000 10190 20125 38246 48640 60001 82030 333 56080 58017==
41571 219// 20904 10260 20209 39468 40027 70500 82030 333 56090 58008 60007=
41598 11940 20000 10275 20239 39744 40005 60001 70400 82030 333 56080 58009==
41600 11940 00000 10270 20249 30000 40015 60001 70400 333 58016==
41620 12940 00501 10240 20162 38512 48170 60001 333 58008==
41624 11440 31301 10280 20221 30000 40002 60001 70400 83500 333 56800 58021==
41630 11940 20000 10280 20252 30000 40014 60001 70400 82030 333 56080 58006==
41640 11440 40000 10275 20254 39773 40011 60001 70400 83530 333 56880 58009==
41660 11900 02302 10195 21055 38386 48730 60001 70500 333 58008==
41678 11940 00000 10300 20220 30000 40009 60001 70500 333 58013==
41696 12940 00000 10170 20034 37980 48840 60001 333 59020==
41697 12940 00000 10305 20249 30000 49989 60001 333 58004==
41700 11940 00000 10310 20254 30000 49985 60001 70400 333 58001==
41710 11940 03105 10245 21111 30000 40015 60001 70600 333 58004==
41712 12940 00000 10250 20005 39119 48600 60001 333 58000==
41715 11940 00000 10300 20265 30000 49997 60001 70500 333 58002==
41718 11940 00000 10300 20258 30000 49976 60001 70400 333 59015==
41725 12940 00000 10325 20263 30000 49998 60001 333 58012==
41739 12940 00000 10260 21033 38988 48670 60001 333 58001==
41744 12940 00000 10245 20059 38698 48320 60001 333 59007==
41749 12940 01303 10290 20248 30000 40003 60001 333 58001==
41756 11220 40000 10265 20244 30000 40012 60001 70500 84600 333 56800 59005==
41759 11920 00000 10260 20231 30000 40015 60001 71011 333 59012==
41764 12940 02105 10280 20244 39971 40019 60001 333 58004==
41768 12940 02301 10280 20259 30001 40008 60001 333 59001==
41780 11340 42503 10280 20244 39986 40013 60001 70400 84600 333 56800 59001==
41785 12940 02301 10275 20254 30008 40021 60001 333 59004==
41898 21016 10240 20210 40110 54000 70222 82002 22253 06240 21002 80180=
42001 10211 99259 70897 46/// /1706 10302 20288 30081 40084 92040 22200 00304 333 91207 555 11065 22069 8//06 92035=
42027 22596 20000 10167 20135 38371 48455 82100 333 58011 6990/=
42056 32996 40502 10246 20222 39588 80002 333 58007 84070=
42071 31996 00203 10274 20263 40013 71010 333 58008=
42097 10211 99257 70837 46/// ///// 1//// 92056 22200 00329 10601 20601 70007=
42101 32696 30000 10260 20243 40020 83500 333 58003 83635=
42111 21595 70000 10240 20234 39325 40005 71022 84830 333 59003 6033/ 83620 84830 87360=
42123 32996 00000 10288 20263 49999 333 58002=
42131 21696 30000 10254 20251 40012 71021 82530 333 59002 6018/=
42165 32696 30000 10292 20246 49987 83500 333 59008 83635=
42182 21695 69902 10262 20256 40001 71022 82530 333 59003 6006/ 82635 85360=
42189 21995 20000 10276 20268 49996 71000 80001 333 59007 6996/ 82070=
42328 32996 02306 10286 20249 49982 333 58004=
42339 31695 30000 10274 20242 49996 70500 83500 333 59003 83635=
42348 21595 69902 10254 20245 40011 71022 83520 333 59002 6065/ 83625 85459=
42361 21996 30000 10264 20261 49987 70522 83030 333 59012 6009/ 83360=
42369 21595 70000 10270 20267 49989 76196 84330 333 59005 6043/ 84620 81925 85360=
42379 31495 71406 10298 20273 40000 71022 84430 333 58003 84618 87360=
42452 31596 70000 10270 20256 49992 71022 84531 333 59009=
42492 21495 60905 10294 20266 40002 75052 83530 333 58004 6990/ 83618 86360=
42559 21495 80000 10242 20239 49993 76066 8572/ 333 59021 6033/ 82715 83620 88458=
42571 22596 70501 10268 20257 49954 84530 333 59023 6005/ 84625 86360=
42667 21495 72306 10234 20230 39426 40003 76062 85930 333 58004 6046/ 82710 83620 81930 85360=
42675 21495 83206 10240 20240 49948 79596 8692/ 333 59027 6167/ 83712 85618 81935 88458=
42701 21494 82303 10240 20240 39288 40000 79596 8492/ 333 57982 58023 6036/ 83712 83618 81930 88458=
42724 21495 40000 10278 20264 40025 71011 82530 333 58005 6005/ 82618 83360=
42754 21496 72706 10248 20234 39383 40005 70522 84530 333 58005 6003/ 84618 86360=
42779 21495 80000 10238 20232 39270 49951 76066 8572/ 333 59013 6016/ 81712 85618 88458=
42798 21495 61104 10278 20261 49995 71022 83530 333 58011 6004/ 83615 85360=
42809 21495 60000 10282 20274 40006 70562 83530 333 58015 6001/ 83618 85360=
42867 21495 82502 10250 20247 49992 71062 8672/ 333 58008 6013/ 83710 83618 88458=
42874 21496 70000 10256 20247 49986 71022 85720 333 58029 6008/ 82712 84620 87458=
42886 21495 70000 10262 20248 49991 70521 85510 333 58028 6001/ 85618 87459=
42895 32596 40000 10288 20271 49999 83530 333 58023 83620=
42971 21495 62009 10288 20271 40012 70522 85430 333 58045 6990/ 83618 85360=
43003 21595 30000 10268 20239 40040 70510 82801 333 58008 6009/ 82620=
43014 22596 72506 10234 20213 39389 40028 85830 333 58018 6003/ 83620 83825 85360=
43041 21495 80000 10238 20232 39413 40021 71062 8561/ 333 58035 6008/ 82712 85620 88458=
43110 21496 82701 10262 20239 40054 70262 8577/ 333 58008 6009/ 82712 84618 85456=
43128 21596 52303 10254 20216 39441 40038 70522 83530 333 58019 6990/ 83615 84360=
43150 32596 52304 10286 20249 39963 40023 82501 333 58038 83620 85075=
43185 32596 30000 10286 20269 30021 40024 82530 333 58021 82620=
43189 32596 30000 10278 20261 30019 40028 81501 333 58022=
43192 22596 60000 10262 20259 40061 84502 333 58015 6006/=
43201 32496 62003 10222 20207 39322 40044 84630 333 56590 58012 83710 83612 85358=
43213 22596 62703 10250 20217 39725 40040 82838 333 58019 6996/=
43237 32996 22504 10254 20208 39647 40035 81032 333 58020 81360=
43245 32596 32702 10300 20242 30016 40042 82401 333 58015=
43284 21194 70203 10256 20242 39957 40072 71062 84731 333 58011 6002/ 82702 83612 83358=
43295 22396 72305 10208 20183 39065 48473 85631 333 56599 58013 6002/ 84708 83612=
43314 21495 80000 10256 20253 40081 76062 8387/ 333 58010 6021/=
43321 31496 42308 10240 20225 39628 40074 71021 81501 333 58013 81612 83070=
43333 21495 82305 10266 20258 40074 70562 8542/ 333 56599 58005 6007/ 83617 85819 88457=
43344 31496 52910 10294 20220 39965 40064 70522 82531 333 58013 82616 83660=
43369 21596 70000 10260 20257 40089 70262 84530 333 58009 6005/ 86420 86358=
43371 22496 30000 10258 20252 30023 40096 83800 333 56700 58011 6002/ 83617=
43413 22470 12206 10281 20247 30065 40070 57021 81100 333 553// 20006 58003 60008 91010==
43418 22970 32302 10273 20232 30032 40073 57013 80001 333 58001 60008 555 60008==
43421 22470 22402 10259 20000 39972 40077 57021 82000 333 553// 20000 58003 60008 91005 555 60008==
43424 22470 22002 10280 20252 30078 40080 56016 82000 333 58001 60008 555 60008==
43436 22470 40000 10279 20233 30064 40067 57018 81000 333 59004 60008 555 60008==
43441 22470 62101 10256 20239 39948 40081 56017 86000 333 59003 60008 555 60018==
43444 22470 60000 10234 20216 39556 40081 57018 86100 333 58000 60008 555 60008==
43450 21/60 71302 10258 20249 30084 40096 57012 71082 333 59002 69908 86/16 555 60098==
43466 21470 41401 10260 20246 30083 40091 5/017 70282 84000 333 553// 20000 58003 60068 91002==
43467 22466 52302 10283 20251 30087 40093 56018 83130 333 58002 60008 555 60008==
43473 21/68 72806 10152 20152 38113 48479 57015 70352 333 553// 20006 58007 60008 84708 84810 91011 555 69918==
43486 22468 30502 10246 20246 39991 40091 5/020 83000 333 553// 20000 59003 60008 91003==
43495 22470 52504 10284 20257 30076 40089 57019 85000 333 59003 60008 555 60158==
43497 22470 52402 10265 20000 30068 40085 5/017 85000 333 553// 20006 58005 60008 91004==
44212 429// 01803 10050 21004 39116 40232 57006==
44213 429// 01902 10070 20004 38800 40224 57006==
44214 42970 00000 10065 21051 38300 40231 58004==
44215 329// 22203 10038 21028 38431 40256 57006 82040 333 91203=
44217 32998 20000 10035 21030 37910 40306 54000 82040 333 91200=
44218 42/// 32202 10078 21024 38618 40223 57007 83040==
44219 32999 00703 10109 21051 38634 40205 57008 333 91204=
44265 42/// 60000 10099 20011 38851 40213 58001 83034==
44266 329// 53102 10098 21087 37820 40217 57007 85080 333 91205=
44454 42458 41602 10221 20220 38615 48457 84800 333 58005 =
50557 14/80 /2503 10100 20044 39865 40152 52014 60001 333 10235 20094 3/006 58111 70000 90761 91111==
51076 14/80 /0101 10097 20047 39339 40182 57001 60001 333 10231 20053 3/010 59013 70000 90761 91106==
51087 14/79 /2301 10122 20049 39203 40175 54000 60001 333 10237 20076 3/011 59012 70000 90761 91110==
51156 14/80 /0401 10116 20034 38719 40184 57006 60001 333 10185 20056 3/011 59007 70000 90761 91107==
51243 14/80 /0101 10189 20074 39657 40176 57007 60001 333 10238 20129 3/018 59016 70000 90761 91105==
51334 14/72 /2101 10124 20094 39800 40189 57005 60001 333 10211 20109 3/011 59003 70000 90761 91106==
51379 14/80 /2503 10160 20034 39278 40171 57004 60001 333 10250 20067 3/012 59009 70000 90761 91106==
51463 14/80 /0102 10135 20046 39055 40195 57002 60001 333 10202 20104 3/011 58004 70000 90761 91107==
51573 14/80 /0904 10243 21001 30057 40103 54000 60001 333 10338 20209 3/020 59022 70000 90761 91107==
51644 14/61 /3502 10157 20082 38927 40117 57006 60001 333 10240 20117 3/013 59004 70000 90761 91109==
51656 14/58 /2701 10153 20092 39110 40107 57006 60001 333 10275 20146 3/012 59007 70000 90761 91104==
51709 14/80 /0301 10143 20062 38639 40144 52003 60001 333 10226 20099 3/015 58001 70001 90761 91111==
51711 14/80 /2302 10068 20048 38064 40148 57007 60031 760// 333 10165 20062 3/008 58006 70063 90761 91107==
51716 14/63 /0001 10177 20063 38909 40135 54000 69911 721// 333 10239 20174 3/017 58023 70001 90761 91108==
51765 14/80 /2301 10165 20036 39162 40096 57003 60001 333 10295 20129 3/013 59009 70000 90761 91107==
51811 14/59 /3301 10174 20085 38787 40131 57003 60001 721// 333 10228 20128 3/018 59003 70000 90761 91106==
51818 14/58 /3001 10173 20092 38637 40119 57002 60001 333 10231 20135 3/016 59006 70000 90761 91105==
51828 14/57 /2903 10183 20074 38626 40106 52001 60001 706// 333 10225 20150 3/018 58006 70000 90761 91108==
51886 14/74 /2401 10125 21001 37132 40005 57001 60001 333 10220 20065 3/011 59016 70000 90761 91111==
52203 14/66 /0803 10195 21034 39270 40092 57010 60001 333 10312 20084 3/012 59027 70000 90761 91106==
52602 14/80 /3102 10123 21052 37277 40002 57004 60001 333 10242 20075 3/008 59011 70000 90761 91110==
52681 14/71 /0902 10128 20119 38656 40171 57008 60001 333 10176 20118 3/013 59010 70058 90761 91107==
52818 14/80 /1101 10124 20073 37237 49991 57011 60001 333 10231 20107 3/012 59032 70008 90761 91107==
52908 14/57 /1103 10047 20034 35837 49998 57006 60021 750// 333 10124 20017 3/004 58000 70031 90761 91113==
53463 14/80 /3302 10129 20110 38930 40218 52009 60001 760// 333 10215 20111 3/013 58012 70000 90761 91104==
54857 14/47 /3505 10247 20231 30068 40157 52002 60001 710// 333 10299 20246 3/024 58029 70000 90761 91107==
55228 04980 /0301 10073 21048 36061 49924 57003 60002 700// 333 10184 20068 3/003 5002/ 54415 58005 60001 70000 90720 91112=
55299 14/80 /0601 10059 20041 35914 40001 57004 60001 333 10151 20052 3/004 58005 70041 90761 91110==
55578 04980 /2501 10104 20069 36413 49975 57001 60002 700// 333 10196 20103 3/011 5000/ 58005 60001 70000 90720 91107=
55591 14/09 /1002 10105 20083 36577 40002 52004 60061 760// 333 10207 20105 3/012 58020 70076 90761 91107==
55664 04980 /0201 10064 20021 36064 49999 52001 60002 700// 333 10192 20064 3/006 5000/ 54415 58009 60001 70000 90720 91114=
55773 04980 /1304 10052 20024 36072 40034 57006 60002 700// 333 10145 20032 3/002 5001/ 54415 58010 60001 70000 90720 91111=
56004 14/80 /2801 10055 20038 35891 49981 57005 69921 333 10141 20035 3/005 58002 70002 90761 91112==
56018 14/80 /2401 10089 20058 36250 40006 52002 60031 720// 333 10174 20084 3/009 58018 70095 90761 91109==
56116 04980 /3500 10088 20057 36392 49979 52001 60002 700// 333 10208 20082 3/006 5000/ 58009 60001 70000 90720 91105=
56299 60007 86811 84640 90710 91124 555 60005 10630 59005=
56312 04980 /2002 10145 20117 37118 40025 57007 69912 700// 333 10238 20127 3/014 5000/ 54405 58006 69911 70001 90720 91106=
57494 14962 /0303 10263 20226 30090 40118 52009 60001 333 10378 20263 3/027 58041 70000 90761 91111==
58847 14/58 /3102 10267 20230 39977 40073 52006 60001 333 10363 20255 3/026 58002 70000 90761 91108==
62306 42/60 41009 10302 20201 40075 57007 84050==
62309 42960 03603 10286 20206 40074 52008==
62332 42960 00707 10288 20213 40097 57002==
62366 45960 00808 10299 20177 40088 52003==
62387 42960 01302 10273 20145 40088 52003==
62393 42960 03606 10296 20106 40119 52004==
62405 42960 00000 10314 20099 40083 52004==
62414 42960 03103 10334 20078 40087 52004==
62419 42960 00000 10311 20087 40076 52002==
62420 42960 02102 10297 20095 40073 57005==
62435 42960 00102 10313 20085 40075 52003==
62458 42960 03303 10302 20178 40083 52004==
62459 42960 03004 10295 20224 40074 52003==
62465 42960 02101 10294 20213 40069 57003==
