SMPK OPKC 080000=
41504 02995 01302 10160 20069 37811 48434 60002 333 58006 60007 RH55%=
41505 12995 00000 10140 20076 38/// 48/// 60001 80000 333 56000 58/// 65% =
41506 02995 00000 10160 20127 38476 48475 60002 333 58011 60007 81% =
41507 02996 00000 10230 20200 39186 49685 60002 333 58004 60007 83%=
41508 02995 00000 10189 20158 38623 48498 333 58011 60007 82%=
41509 02996 01804 10245 20159 38702 48454 60002 333 58005 60007 RH59%=
41515 02996 00000 10212 20126 38483 48447 60002 333 58005 60007 59%=
41516 02996 20000 10170 20145 38514 48473 60002 82030 333 56090 58032 60007  82360 RH85%=
41517 01696 70000 10150 20125 37799 48498 69922 70462 83570 333 56990 58024 69927 83635 87760 85%=
41518 02696 71802 10200 20114 38/// 48/// 60002 83520 333 56990 5//// 60007 83640 87461 58%=
41519 02696 73604 10240 20113 38729 48479 60002 83520 333 56990 58019 60007 83640 87462 RH45%=
41520 01695 43602 10125 20089 37633 48246 60052 70162 82530 333 56990 58021 69907 82640 82362 79%=
41524 02996 00000 10240 20203 39274 40105 60002 333 58010 60007 RH 80%=
41525 12996 00000 10130 20104 37668 48365 60002 333 59001 84%=
41528 01996 00000 10200 20185 39144 48452 60002 70400 333 59017 60007 91%=
41529 02696 43602 10255 20233 39685 40052 60002 82530 333 56990 59019 60007 82640 82360 RH 88%=
41530 016// 40506 10255 20231 39655 40055 60002 70511 81430 333 56990 58006 60007 81840 83360 84%=
41534 02696 63102 10255 20233 39646 40046 60002 82520 333 56900 59003 60007 82640 84460 RH 88%=
41535 02996 00000 10180 20156 38670 48445 60002 333 58007 60007 RH86%=
41536 02996 00000 10190 20166 38963 48448 60002 333 58008 60007 86%=
41536 02996 00000 10190 20166 38963 48448 60002 333 58008 60007 86% =
41560 02996 00000 10200 20145 38236 48453 60002 333 59002 60007 71%=
41562 02996 00000 10260 20238 39594 40042 60002 333 58013 60007 RH 88%=
41565 02996 02302 10172 20154 38595 48466 60002 333 58007 60007 90%=
41567 01996 00000 10260 20231 39631 40033 60002 70400 333 58010 60007 84%=
41571 11996 10504 10245 20224 39502 40065 60002 70500 81030 333 56090 58008 RH88%=
41572 01696 20000 10235 20228 39437 40042 60002 70400 82500 333 56900 58009 60007 82640 RH 96%=
41573 02996 00000 10165 20133 37960 48471 60012 333 58002 60007 81%=
41574 02997 00000 10135 20127 38312 48488 60002 333 58002 60007 95%=
41576 01996 00000 10260 20238 40067 60002 70400 333 59003 60007 88%=
41577 01996 00000 10225 20210 39467 40067 60002 70400 333 58009 60007 RH 91%=
41593 01996 00000 10250 20228 39835 40043 60002 70400 333 58001 60007 88%=
41597 01996 00000 10270 20256 39774 40057 60002 70400 333 58004 60007 92%=
41598 01996 00000 10260 20238 39780 40043 60002 70400 333 58001 60007 88%=
41599 01996 00000 10265 20236 39772 40051 60002 70400 333 59002 60007 84%=
41600 01996 00000 10255 20241 39757 40044 60002 70411 333 59008 60007 92%=
41620 32996 00000 10220 20190 38521 48427 60002 333 58019 60007 83%=
41624 01696 80000 10280 20259 39839 40031 60002 70422 8352/ 333 56990 58013 60007 83637 85460 88%=
41625 01696 60000 10255 20241 39827 40021 60002 70400 83520 333 56990 58002 60007 83640 83460 92%=
41630 01996 00000 10275 20254 40047 60002 70400 333 58011 60007 88%=
41633 02997 00000 10270 20249 4//// 60002 333 5//// 60007 88%=
41634 02997 00000 10230 20208 3//// 4//// 60002 333 5//// 60007 87%=
41635 01996 00000 10275 20254 3//// 4//// 60002 70400 333 5//// 60007 88%=
41636 01996 00000 10270 20256 39859 40037 60002 70400 333 58015 60007 92%=
41638 01996 00000 10275 20239 4//// 60002 70400 333 5//// 60007 81%=
41639 01696 50000 10250 20235 3//// 4//// 60002 70420 82530 333 56990 5//// 60007 82640 83460 92%=
41640 01996 00000 10270 20241 39807 40047 60002 70400 333 58005 60007 84%=
41641 01996 00000 10255 20226 39784 40049 60002 70400 333 58005 60007 84%=
41642 01995 01302 10240 20225 3//// 4//// 60002 71000 333 5//// 60007 91%=
41643 01995 00000 10250 20228 39778 40047 60002 70400 333 58007 60007 88%=
41644 01996 00000 10260 20238 3//// 4//// 60002 70400 333 5//// 60007 88%=
41646 01996 00000 10275 20254 39847 40051 60002 70400 333 58015 60007 88%=
41652 01996 00000 10280 20244 39862 40033 60002 70400 333 58012 60007 81%=
41660 029// 01310 10200 20118 38448 48536 60002 333 58058 60007 RH59%=
41669 02696 50902 10285 20264 3//// 4//// 60002 82520 333 56990 5//// 60007 82640 83460 89%=
41670 01996 30000 10280 20258 3//// 4//// 60002 70400 83030 333 5//// 56090 60007 83360 88%=
41674 01996 01304 10280 20259 3//// 4//// 60002 70400 333 5//// 60007 88%=
41675 01996 01306 10300 20251 39892 40029 60002 70400 333 58014 60007 75%=
41676 01996 00000 10295 20267 39908 40059 60002 70400 333 58029 60007 85%=
41677 01996 00000 10270 20256 39860 40020 60002 70400 333 58015 60007 92%=
41678 01996 00000 10290 20208 40033 60002 70500 333 58014 60007 61%=
41679 01996 00000 10270 20263 4//// 60002 70400 333 5//// 60007 96%=
41680 01995 30000 10280 20259 39839 40029 60002 71000 83030 333 56090 58000 60007 83362 88%=
41685 02997 20000 10230 20208 38859 48456 60002 82020 333 56090 58010 60007 82460 RH87%=
41696 02996 00000 10140 20076 37988 48497 60002 333 58005 60007 Rh65%=
41697 02996 00000 10320 20242 39877 40024 60002 333 58030 60007 RH64%=
41700 01996 00000 10290 20255 39888 40010 60002 70400 333 58010 60007 81%=
41701 01996 00000 10285 20250 39899 40037 60002 70400 333 58019 60007 81%=
41710 11996 03106 10275 21017 39275 40012 60002 70600 333 58017 RH15%=
41712 12996 00000 10270 20060 39123 48468 60002 333 58018 RH26%=
41715 01996 00000 10290 20255 39958 40021 60002 70500 333 59004 60007 RH81%=
41716 01996 00000 10290 20276 39939 40037 60002 70400 333 58009 60007 92%=
41718 01996 00000 10290 20248 39915 40013 60002 70400 333 58002 60007 78%=
41724 01996 00000 10300 20258 39971 40046 60002 70500 333 58012 60007 RH78%=
41725 02996 00000 10315 20274 39950 40024 60002 333 58004 60007 RH79%=
41726 02996 00000 10300 20265 39958 40028 60002 333 59001 60007 RH82%=
41738 02696 40000 10265 20236 39869 40045 60002 84600 333 56900 58002 60007 84630 RH84%=
41739 02996 02304 10255 20122 38973 48451 60002 333 58011 60007 RH44%=
41742 12696 60000 10285 20250 39956 40057 60002 86500 333 56900 58023 86640 RH 81%=
41743 01996 00000 10270 20239 60002 70500 333 60007 RH81%=
41744 12996 00000 10220 20073 38693 48426 60002 333 58008 RH39%=
41745 01995 01804 10280 20244 60002 70500 333 60007 RH81%=
41746 01996 00000 10280 20244 39962 40014 60002 70500 333 58003 60007 RH81%=
41747 02996 00000 10290 20255 39953 40010 60002 333 58015 60007 RH81%=
41748 02996 01304 10300 20243 39968 40029 60002 333 58016 60007 RH72%=
41749 22996 01304 10270 20256 30000 40033 60002 333 58026 60007 RH92%=
41756 01495 32302 10255 20226 39974 40038 60002 70500 83600 333 56900 58010 60007 83715 RH84%=
41757 11995 00000 10265 20251 30037 40049 60002 71000 333 58006 RH92%=
41759 01995 00000 10260 20238 30036 40042 60002 71011 333 58011 60007 RH88%=
41764 02996 02106 10270 20241 39989 40038 60002 333 58016 60007 RH84%=
41765 02996 02304 10270 20241 30002 40038 60002 333 58014 60007 RH84%=
41766 11996 02306 10255 20233 39990 40020 70400 333 58014 60007 RH88%=
41767 02996 0//// 10260 20238 60002 333 60007 RH88%=
41768 02996 02304 10270 20252 30034 40041 60002 333 58015 60007 RH92%=
41780 02996 02904 10275 20247 30024 40051 60002 333 58014 60007 RH85%=
41785 02996 02702 10275 20254 30033 40046 60002 333 58006 60007 RH88%=
41786 02596 30000 10270 20241 39991 40027 60002 83600 333 56900 58014 60007 83720 RH84%=
41BKI 12696 50504 10270 20234 39651 40053 60002 82520 333 56990 58010 82640 83460 RH81%=
41SKP 01996 30000 10260 20246 3//// 4//// 60002 70400 83030 333 56090 5//// 60007 83360 92%=
43532 01996 00000 10205 20190 39250 40032 60002 70400 333 58022 60007 91%=
43533 02996 00000 10215 20192 39164 48454 60002 333 58004 60007 87%=
43563 02997 00000 10250 20229 39386 40052 60002 333 59001 60007 88%=
41BAG 02696 40502 10130 20095 60002 84500 333  56900 60007 84635 75%=
41783 02696 42302 10260 20246 30002 40031  60002 82530 333 56990 58006 60007 82635 82360 RH92%=


UPPK OPKC 080000=
PPAA 5800/ 41646 MISDA DUE TO TECHNICAL FAULT=
PPAA 5800/ 41640 MISDA DUE TO TECHNICAL PROBLEM=
PPAA 58001 41678 55185 08505 77999=
PPAA 58001 41718 55185 18003 77999=
PPAA 5800/ 41624 MISDA DUE TO OVERCAST=
PPAA 58001 41675 55185 20506 77999=
PPAA 58001 41600 55185 15002 77999=
PPAA 5800/ 41598 MISDA DUE TO NOT PERMISSION BY PAF=
PPAA 58001 41780 MISDA NO ASCENT DUE TO SHORTAGE OF RED BALOON=
PPAA 5800/ 41517 MISDA DUE TO SMOKE HAZE=
PPAA 5800/ 41764 NO ASCENT DUE PAF FLYING=
PPAA 5800/ 41739 no acent due to security risk=
PPAA 5800/ 41768 NO ASCENT DUE TO SHORTAGE OF STAFF=
PPAA 5800/ 41516 MISDA DUE TO TECHNICAL FAULT=
PPBB 58001 41718 90/12 00000 06002 08002 903// 15003 =
PPBB 58001 41675 90/12 13004 14007 16014 903// 17008=
PPBB 58001 41600 90/12 00000 33001 29003 9037/ 21502 20004=
PPBB 58001 41715 90/12 00000 07104 06308 9037/ 05405 16012=
PPAA 58001 41715 55185 08206 77999=
PPBB 58001 41678 90/12 00000 07003 06003 9037/ 05005 07003=
PPAA 58001 41675 55185 20506 77999=
PPBB 58001 41675 90/12 13004 14007 16014 903// 17008=















Data Generated from File : D:\all data handling\Rmc_lhr\2024090800.FSU.txt
08/09/24 01:29:59
______________________________________________________________
15020 05/70 /0201 10122 20028 30025 40222 57004 60001 7000/ 333 55300 0//// 20000 3//// 55105 0//// 22082 3//// 60007=
15090 05970 02901 10117 20100 30126 40218 57006 60001 7000/ 333 4/000 55300 10234 20000 30000 55105 00873 22186 30313 60007 91002 91102=
15108 02999 01107 10064 21014 38157 48560 57010 60001 333 55300 0//// 20000 3//// 55066 0//// 21669 3//// 60007 91008 91110=
15150 05970 03401 10111 20088 30007 40220 57005 60001 7000/ 333 4/000 55300 0//// 20000 3//// 55107 0//// 21976 3//// 60007 91001 91103=
15170 02998 03401 10042 20037 39452 42838 57005 60001 333 4//// 55300 0//// 20000 3//// 55104 0//// 22088 3//// 60007 91002 91102=
15280 06/// /3205 10041 20017 37573 47142 57012 60001 333 55300 0//// 20000 3//// 55067 0//// 21665 3//// 60007=
15310 05970 03502 10187 20082 30111 40195 57008 60001 7000/ 333 4/000 55300 10230 20000 30000 55082 00742 21895 31781 60007 91006 91106=
15335 05970 03002 10158 20096 30181 40188 57007 60001 7000/ 333 4/000 55300 0//// 20000 3//// 55101 0//// 22093 3//// 60007 91003 91103=
15350 05970 03205 10170 20043 30085 40202 57009 60001 7000/ 333 55300 0//// 20000 3//// 55090 0//// 21515 3//// 60007 91007 91107=
15360 05970 00411 10228 20136 30153 40169 57015 60001 7000/ 222// 0//// 2//// 333 55096 60007 91014 91115 92448=
15420 05970 03201 10130 20101 30088 40198 57004 60001 7000/ 333 4/000 55300 0//// 20000 3//// 55100 0//// 22050 3//// 60007 91001 91102=
15460 05970 02701 10141 20110 30164 40189 57006 60001 7000/ 333 4/000 55300 0//// 20000 3//// 55074 0//// 21795 3//// 60007 91001 91102=
15470 05970 00702 10187 20108 30073 40195 50001 60001 7000/ 333 55300 0//// 20000 3//// 55101 0//// 22112 3//// 60007 91002 91103=
15480 05970 02802 10204 20142 30155 40172 56010 60001 7000/ 222// 0//// 2//// 333 4/000 55300 10206 20000 30000 55068 00706 21668 31513 60007 91004 91104 92448=
15549 12970 00701 10148 20107 39781 40187 58005 60001 333 10211 20143 555 576//=
15552 12970 03403 10201 20105 30113 40160 57015 60001 222// 0//// 10402 333 10219 20201 555 554// 92035 92438=
15640 12974 00202 10197 20162 39884 40184 54000 60001 333 10227 20195 555 580//=
15655 12968 03202 10203 20137 30132 40164 57011 60001 222// 00252 10302 333 10235 20200 555 566// 92035 92437=
15730 12670 73605 10195 20140 39794 40175 58003 60001 86331 333 10244 20193 555 571//=
16627 12565 20000 10218 20155 30155 40160 53002 60001 82100 333 90730 91114 555 40000 47651 44250 50000 50180=
16650 12960 00511 10234 20203 30142 40150 54000 60001 333 90730 91118 555 40000 47643 44270 50000 50214=
16706 12960 00309 10256 20208 30109 40115 57005 60001 333 90730 91117 40000 47621 44275 50000 50224=
16732 36/// /3507 10262 20210 30117 40128 57006 333 90730 91116=
16742 12560 13408 10260 20182 39947 40095 57013 60001 81100 333 90730 91118 40000 47500 44270 50000 50210=
16749 12960 02711 10282 20207 30067 40080 57013 60001 333 90730 91117 555 40000 47586 44240 50000 50232=
16754 12960 01606 10236 20186 30085 40131 55006 60001 333 90730 91108=
16760 17/// /9904 10229 20167 39738 40137 57006 69901 7//4/ 333 90730 91108=
17031 12670 21504 10193 20185 30116 40122 58005 60001 82200 333 82835 91107=
17034 12670 60000 10233 20195 30083 40127 57008 60001 83250 333 83835 86360 91105 92428=
17038 12670 52212 10236 20169 30070 40115 57013 60001 85200 333 85835 91120 92428=
17060 11460 60309 10216 20186 30102 40141 57008 69901 79581 84950 333 81915 83825 85357 91122=
17070 12665 42301 10162 20136 39288 40110 57008 60001 84200 333 84835 91105=
17084 11670 71601 10153 20148 39250 40105 57020 60371 70292 84250 333 84835 87360 91122=
17092 11660 63402 10167 20136 38853 48505 58001 69901 70298 83230 333 83845 86358 91119=
17096 11660 50909 10130 20104 38263 48517 57007 69941 70292 83130 333 83835 85357 91127=
17098 11660 53103 10113 20110 38233 48527 50007 60031 72196 83250 333 83835 85357 91115=
17100 12670 53401 10192 20125 39186 40125 55003 60001 82230 333 82840 85360 91111=
17115 12660 60207 10230 20202 30096 40144 56004 60001 83230 333 83835 85360 91116=
17116 12965 30000 10206 20174 30022 40137 57004 60001 83030 333 83360 91105=
17124 12960 02505 10160 20139 39249 40118 57008 60001 333 91114=
17128 12960 30308 10171 20123 39063 40098 57006 60001 80001 333 83068 91116=
17150 12660 40105 10210 20180 30015 40131 57005 60001 82130 333 82835 83360 91112=
17170 12660 20904 10137 20077 38340 48502 56001 60001 82100 333 82840 91106=
17184 12970 23203 10222 20165 30017 40122 57002 60001 82030 333 82361 91112=
17190 12670 23201 10170 20125 38980 48508 57003 60001 82100 333 82835 91108=
17190 12670 23201 10170 20125 38980 48508 57003 60001 82100 333 82835 91108=
17195 12970 00804 10159 20095 38942 48492 57004 60001 333 91111=
17200 12660 32003 10168 20117 39147 40066 54000 60001 81130 333 81840 83360 91112=
17202 12670 42705 10186 20127 39094 40061 57004 60001 82140 333 82835 84360 91110=
17203 12970 02501 10195 20111 38858 48537 56003 60001 333 91108=
17219 12965 00111 10245 20145 39979 40114 58002 60001 333 91122=
17237 12970 00000 10237 20130 39632 40101 57003 60001 333 91109=
17240 12970 02401 10182 20103 39010 40082 57005 60001 333 91111=
17244 12870 33409 10195 20110 38977 48505 58001 60001 83030 333 83358 91121=
17260 12960 02303 10205 20185 39263 40026 57005 60001 333 91108=
17280 12960 02604 10218 20114 39320 40047 55000 60001 333 91110=
17292 12970 03201 10220 20117 39371 40075 57004 60001 333 91107=
17300 12960 03406 10258 20118 30007 40074 57011 60001 333 91110=
17310 12970 00501 10278 20177 30050 40057 57010 60001 333 91104 92438=
17330
17350 12560 20504 10254 20219 39993 40066 58007 60001 82100 333 82830=
17370 12670 40602 10286 20241 30076 40080 58003 60001 84100 333 84835 91110 92438=
17375
33088 32997 00000 10093 20057 30054 40245 54000 555 1/008=
33135 329// 00000 10094 20066 30114 40261 57002 555 1/011=
33177 32997 00901 10140 20063 39989 40221 58003 555 1/012=
33317 329// 00000 10101 20034 39909 40244 54000 555 1/010=
33393 32960 01203 10180 20019 39828 40205 57002=
33415 32997 00000 10160 20097 39838 40224 57002 555 1/011=
33429 32997 20901 10119 20024 39819 40235 57003 80001 555 1/009=
33466 32968 00000 10102 20056 30056 40242 57003 555 10010=
33506 32997 00501 10139 20032 30052 40244 57003 555 1/009=
33562 32960 00000 10093 20070 39944 40247 57004 555 1/010=
33587 329// 00000 10105 20038 39975 40237 57004 555 1/008=
33658 32980 00000 10123 20061 39928 40223 57003 555 1/009=
33663 32997 00000 10109 20055 30133 40228 58005 555 1/010=
33664 42997 00802 10142 21003 39911 40221 57003=
33678 42998 02801 10125 21006 30036 40241 57002=
33679 42997 00000 10143 20077 30046 40233 53001=
33711 32960 00603 10146 20039 30018 40223 57004 555 1/011=
33745 42997 01001 10121 20016 30039 40232 57009 10010=
33748 42997 01103 10162 20057 39936 40213 57004=
33754 42997 03301 10134 20058 30072 40215 58007=
33761 32998 00202 10127 20031 30001 40220 57006 555 1/010=
33791 32984 00604 10169 20016 30092 40216 57004 555 1/013=
33815 42998 00201 10172 20020 30002 40203 57005 10011=
33837 32981 00000 10176 20098 30140 40190 57006 555 1/015=
33881 42998 03502 10147 20069 30013 40205 57006=
33883 42997 03302 10146 20065 30039 40198 57006 10012=
33885 42997 03403 10140 20074 30079 40209 52001=
33892 42997 00202 10145 20039 30004 40213 57006=
33902 32897 60404 10181 20050 30133 40190 57008 86040 555 1/014=
33924 42998 00605 10193 20122 30151 40163 57013 333 91112=
33946 41979 20605 10168 20158 39935 40147 57010 71311 80001=
33983 42997 00608 10218 20155 30087 40144 57010 333 91012 91113=
34300 32997 00000 10118 20050 30085 40260 56001 555 1/009=
34336 42997 00000 10086 20021 30168 40271 54000=
34344 82998 00000 10080 20080 30179 40267 54000=
34356 82998 00000 10076 20033 30125 40273 57002=
34357 82998 00902 10121 20035 30112 40264 54001=
34398 429// 00000 10113 20068 30250 40260 57001 10010=
34415 32997 00000 10077 20052 30150 40247 57003 555 1/006=
34438 82997 00604 10130 20025 30065 40252 57005=
34445 82998 02802 10071 21000 30151 40265 54001=
34461 82997 00201 10109 20023 30211 40266 57002=
34473 429// 00301 10110 20037 30226 40264 57004 10007=
34476 82998 00101 10123 20022 30256 40263 56003=
34504 32983 00602 10169 20013 30056 40225 57003=
34535 82998 00000 10124 20012 30173 40244 57004=
34545 82998 00802 10120 20019 30140 40249 57005=
34555 82998 03501 10145 20057 30172 40261 56004=
34560 42997 00904 10114 20023 30077 40265 56003=
34578 82997 00402 10132 20027 30250 40257 58004=
34579 82998 00202 10127 20018 30217 40260 57004=
34601 33429 32997 20901 10119 20024 39819 40235 57003 80001 555 1/009=
34644 82997 00603 10145 20034 30156 40231 57004=
34646 82998 01003 10173 20062 30158 40236 57004=
34655 82997 01101 10094 21010 30188 40248 57004=
34662 82998 00901 10114 20015 30243 40254 57003=
34691 42998 00000 10114 20038 30274 40262 58004 10010=
34712 38178 429// 00202 10114 20005 39940 40221 58003 10010=
34720 82998 20303 10181 20069 30170 40208 57003 80001 333 91112=
34727 82997 00906 10187 20035 30161 40190 57004 333 91112=
34743 82997 00703 10113 21025 30148 40236 57006=
34759 82997 01002 10091 20018 30105 40235 57009=
34772 82997 00502 10097 21010 30251 40254 58004=
34785 82997 00403 10097 20031 30276 40254 57002=
34798 42997 00202 10094 20042 30283 40254 57001 10007=
34824 82997 00704 10201 20077 30165 40170 57006=
34838 42997 00804 10187 20065 30086 40178 57006 333 91111=
34845 82998 00903 10141 20061 30103 40208 58010=
34858 42997 00801 10135 20055 30116 40221 57008=
34861 82997 01104 10111 20017 39996 40235 57006=
34866 82997 00703 10102 20028 30246 40237 57004=
34880 82997 00602 10127 20074 30273 40247 57002=
34887 82998 00301 10103 20084 30261 40242 57005=
34949 82998 50909 10150 20083 39665 40193 57009 85030 333 91013 91115=
34954 82997 00702 10162 20089 30037 40204 57009=
34958 42998 00803 10143 20082 30019 40213 57008=
34975 42998 00903 10128 20084 30229 40225 56008=
34984 82997 00203 10127 20106 30261 40232 57008=
35217 429// 03401 10100 20032 30222 40261 54000 10009=
35302 429// 03601 10114 20050 30244 40264 57001 10009=
35315 429// 03502 10086 20052 30199 40255 58008 10007=
35344 429// 00303 10095 20072 39963 40243 51004 11009=
35345 46/// /3603 10072 20072 39926 40242 53004=
35358 429// 63201 10107 20043 30049 40215 52008 86040 11008=
35368 415// 80102 10116 20080 39944 40200 53002 70282 885// 555 11010=
35386 425// 30101 10090 20069 39712 40215 52007 83500 10008=
35394 42698 71802 10102 20055 39563 40214 52003 87500 10008=
35404 429// 01901 10130 20065 30254 40262 57002 10009=
35406 429// 23402 10120 20039 30259 40261 57001 82030 10011=
35416 429// 00801 10146 20052 30136 40252 54000 10013=
35426 425// 83101 10159 20109 39961 40237 53002 885// 10015=
35437 429// 70401 10155 20108 39936 40233 53004 83054 10014=
35449 415// 83604 10113 20071 30115 40214 52003 70282 889// 555 11009=
35497 429// 63202 10076 20033 39453 40228 57002 86030 10005=
35498 429// 02301 10014 21016 39383 40256 54000 10001=
35514 42998 03601 10113 20034 30262 40258 57001 10009=
35519 42998 03202 10098 20045 30185 40255 57001 10007=
35522 429// 52602 10127 20076 30004 40246 57001 85030 10011=
35542 415// 20203 10115 20091 30079 40221 52003 70281 82900 555 11009=
35563 41595 80000 10092 20076 39463 40204 57002 71082 885// 555 11008=
35576 428// 62801 10091 20039 39779 40213 57001 86041 10008=
35582 425// 82302 10094 20060 39641 40220 57009 889// 10008=
35594 429// 01501 10021 21027 39419 40249 53001 10002=
35605 42998 00401 10112 20056 30275 40254 57003 10006=
35633 429// 20205 10154 20129 30018 40221 53008 82070 10015=
35671 42598 70000 10100 20047 39795 40209 57002 87900 10008=
35699 429// 00000 10034 20011 39506 40252 57004 10000=
35700 42998 00000 10129 20051 30275 40252 57005 10008=
35715 42997 00401 10102 20017 30262 40248 57003 10008=
35739 429// 00000 10104 20024 30084 40219 56006 18008=
35746 429// 83103 10166 20059 30133 40196 57009 8807/ 10015=
35777 429// 00000 10051 21005 39920 40260 52005 10003=
35796 42997 00602 10066 21001 39813 40239 57004 10005=
35816 46/// /3603 10132 20022 30252 40263 56005=
35849 425// 82302 10113 20076 30125 40208 57013 8235/ 10010=
35895 42997 01104 10134 20059 39803 40227 57003 10011=
35907 42998 00809 10165 20133 30262 40233 57009=
35925 429// 02902 10117 21014 30133 40241 56004 10011=
35927 429// 00000 10106 21010 30239 57003=
35953 425// 50000 10099 20024 30087 40212 57006 85300 10009=
35969 429// 00000 10074 20006 30045 40214 57009 10060=
35997 429// 00000 10072 20019 39801 40225 57007 333 91104 10005=
36259 62599 82802 10028 21030 38262 48530 52011 60002 85902 333 20018 30002 55062=
36335 426// 71902 10076 20010 39248 40237 52001 82530 11005=
36358 42999 00000 10051 20004 39258 40250 53008 10004=
36394 42697 21403 10065 20054 39830 40241 58002 82500=
36397 42699 52302 10060 20036 39694 40244 57002 83570 11004=
36403 42698 71002 10088 20073 39892 40240 52001 87900 11009=
36418 42699 82802 10085 20055 39659 40253 52004 8395/ 10008=
36421 42699 70000 10064 20055 39713 40262 52004 87500 11006=
36428 41699 70301 10081 20066 39773 40258 53002 70282 86950 333 95000 11009=
36439 42698 71201 10049 20033 39027 48558 51003 86930 11006=
36467 42998 03201 11006 21063 39329 40273 53002 10101=
36498 42698 10000 10028 20010 39484 40264 58001 81500 10001=
36501 42699 52003 10101 20026 39506 40227 54000 85500 10008=
36535 42999 30000 10030 21011 39652 40276 52003 83030 10001=
36546 42699 70000 10068 20038 39734 40258 53009 84943 10005=
36619 42999 00000 10066 20023 10006=
36622 42998 20000 10014 20004 39473 40269 53001 82040 10003=
36639 42999 00000 10017 20009 39664 40265 54000 11001=
36643 42699 12003 10067 20024 39611 40254 54000 81500 10002=
36665 42699 20000 10076 20045 39552 40255 52002 82900 11007=
36666 42599 60000 10082 20053 39780 40257 52003 84930=
36729 42998 00000 10052 20025 39776 40248 57004 333 91115 10002=
36736 42999 33201 10043 20029 39729 40274 54000 83040 11002=
36744 42998 00000 10071 21003 39791 40229 58010 333 91103 10006=
36770 42999 00000 10030 20023 39530 40247 57007 333 91107 11002=
36786 42999 00000 10055 20019 39349 40247 57004 333 91109=
36796 41/92 90000 11012 21025 39086 48544 56003 74741 333 91103=
36803 42999 02103 10094 20032 39815 40249 57005 333 91116=
36806 42999 00000 10080 21004 39798 40254 58003 333 91115=
36819 429// 01401 10082 20049 39606 40199 57014 333 91114=
36821 429// 20401 10055 20018 39751 40232 57007 80001 333 91108=
36839 42999 02301 10046 20009 39138 40248 57009 333 91110=
36843 429// 03204 10065 21030 39095 40243 57008 333 91111=
36846 429// 20904 10026 21030 38655 48549 57016 82020 333 91113=
36859 42999 00000 10108 20053 39495 40249 57007 333 91117 11006=
36870 429// 00000 10088 20037 39229 40210 57007 333 91103 10006=
36874 429// 01804 10043 20016 39468 40234 57004 333 91116=
36877 42999 00000 10033 20018 39282 40249 57006 333 91107=
36885 42999 01804 10062 20015 39126 40231 57008 333 91110=
36889 429// 01603 10001 21158 37110 47138 57007 333 91104=
36894 42999 00506 10106 20038 39513 40226 56003 333 91112=
36905 42999 01102 10050 20027 38797 48556 57005 333 91107=
36911 429// 00000 10064 20060 39267 40226 57001 555 11003=
36927 42697 23602 10073 20019 38400 48560 57003 82900=
36934 42597 13302 10090 21014 38309 48432 57039 81500=
36953 42699 80000 10015 21010 38274 48508 57005 8394/ 333 91110 555 1/001=
36963 429// 01602 11042 21042 37101 48/// 57005 555 14106=
36974 429// 00903 10036 20010 38017 48566 57012 555 10001=
36982 42999 00201 11078 21104 36602 47182 57002=
37018 82997 30502 10222 20137 30054 40125 52003 80009=
37031 82997 00803 10175 20109 39982 40169 57005 333 91112=
37054 82597 80000 10158 20097 39828 40198 57007 885//=
37061 82997 00704 10139 20096 30050 40215 57007=
37085 82996 00503 10166 20127 30240 40214 57007=
37171 42996 80904 10242 20160 30102 40119 57002 8805/=
37228 82597 80000 10157 20144 39378 40178 57006 885//=
37235 82597 70000 10166 20144 39881 40185 57003 8750/=
37472 82997 21503 10205 20150 30215 40194 57009 80001=
38149 42998 03002 10069 20000 30163 40239 57001 555 10005=
38178 429// 00202 10114 20005 39940 40221 58003 555 10010=
38262 429// 03301 10092 20032 30148 40229 57006 555 10006=
38264 42998 03401 10106 20021 30137 40228 57004 333 00008 555 10007=
38345 42998 01001 10051 20004 38834 48526 57004 555 10003=
38353 429// 21901 10098 20040 39334 40214 57004 80001=
38388 42998 00201 10136 20019 30137 40206 58003 555 18012=
38392 42997 00102 10117 20040 30120 40222 57003 555 10011=
38396 42997 09901 10102 20030 30100 40223 57003 333 00009 555 10009=
38403 429// 00201 10133 20004 30098 40216 57002 555 10010=
38413 429// 02301 10121 21050 39933 40218 52002 555 10009=
38457 42997 00301 10119 20027 39605 40180 57005 555 10004=
38462 429// 00000 10092 20023 38784 48524 57010 555 10003=
38462 429// 00000 10092 20023 38784 48524 57010 555 10003=
38507 42996 20705 10206 21054 30087 40185 58003 82030 333 91006 555 10018=
38545 42998 03403 10124 20058 30031 40203 57007 555 10011=
38565 329// 00000 10082 20013 39592 40166 56002 555 10004=
38579 329// 00000 10103 20038 39770 40182 57003 555 10006=
38583 32997 00701 10113 20071 39861 40177 57003 333 00007 555 10008=
38599 42997 02302 10120 20033 39678 40182 56007=
38611 42997 23402 10150 20058 39629 40181 57008 82040 333 00012 555 10012=
38613 429// 00102 10106 20006 39312 40198 57008 555 10009=
38616 429// 01801 10083 20047 39204 40206 56009=
38618 429// 01301 10131 20064 39502 40173 57011 333 00010 555 10010=
38647 42997 00906 10201 21033 30133 40173 52001 555 10018=
38656 42998 00702 10172 21017 30095 40201 58007 555 10017=
38683 42997 03405 10125 20002 39905 40176 57003 333 00/// 555 10009=
38687 42997 03603 10136 20034 39958 40187 57003 555 10014=
38696 329// 01101 10131 20030 39338 40171 57005 333 00010 555 10010=
38713 429// 01802 10100 20006 39058 48530 56007=
38750 42597 52204 10264 20251 30200 40173 54000 85300 555 10026=
38763 42997 01003 10188 21038 30084 40185 53002 555 10017=
38774 42995 01502 10181 21005 30014 40203 52001 555 10015=
38799 42997 03603 10166 20025 39975 40194 53002 555 10016=
38806 42997 03201 10110 20058 39904 40160 57002 555 10010=
38812 42997 00000 10099 20038 39721 40168 54000 555 10008=
38836 416// 80000 10174 20062 39226 40122 54000 70500 88500=
38880 42997 01003 10190 21015 39942 40187 54000 555 10018=
38886 42997 00000 10132 20034 39976 40200 54000 555 10010=
38895 42996 00501 10164 20029 39916 40198 57002 555 10013=
38911 42997 03302 10138 20002 39887 40176 53006 555 10013=
38915 42997 00000 10152 20076 39847 40162 52004 555 10012=
38927 32960 01402 10151 20034 39795 40160 51003 555 10012=
38933 429// 00000 10158 20113 39675 40172 52006=
38944 419// 00401 10178 20051 39586 40098 52004 70500=
38954 429// 00000 10128 20004 37976 48550 52010=
38974 42998 00000 10162 20045 39863 40188 58006 555 10017=
38987 42996 00000 10164 20011 39479 40201 52007 555 10014=
40030 32970 00000 10246 20194 40094 58005=
40080 32965 02503 10198 20166 39390 4//// 56010=
40083
40095
40100 43/60 01203 10269 20218 30081 40096 56011 6///1 333 58///=
40265 32960 00000 10188 20172 39339 40092 57008=
40270 31958 00000 10232 20138 39230 40076 57010 70500=
40272 31950 01305 10210 20169 39298 40086 57004 70500=
40310
40340 32960 03605 10304 20184 30030 40091 54000=
40356 32960 00110 10244 20140 39139 48495 333 59006 555 04410 50048=
40357 32960 00000 10295 20030 39435 40021 333 59008=
40360 32960 02908 10240 20170 39510 40062 333 59010=
40361 32960 03504 10291 20080 39319 40070 333 59006=
40362 32960 01010 10315 20070 39552 40024 333 58002=
40373 32960 00804 10301 20030 39647 40032 333 58007=
40375 32960 02703 10277 20060 39227 40044 333 59006=
40394 12960 03308 10312 20060 38980 48497 69932 333 59003 555 04410 50016=
40394 12960 03308 10312 20060 38980 48497 69932 333 59003 555 04410 50016=
40400 32960 03605 10276 20220 30043 40070 333 59009=
40405 32660 41306 10334 20040 39318 40011 84500 333 59018 84640=
40417 32960 00000 10282 20160 30011 40025 333 58010=
40420 32960 00000 10290 20100 39833 40032 333 58008=
40430 32960 02606 10325 20100 39354 40058 333 59004=
40437 32960 01503 10321 20020 39381 40031 333 58004=
40439 32960 02905 10284 20220 30037 40055 92349 333 59007=
40582 32960 00000 10320 20092 40034 56003 333 00029 55300 00000 10136 20000 30000 41279 51412 60000 55407 40000 90467 91003 91105 91203 91301=
40703 12960 00000 10164 20086 38916 40106 52005 60001 333 70000 555 10122 29060=
40706 12965 00806 10181 20078 38661 40102 55002 60001 333 70000 555 10125 29051=
40712 12960 02302 10120 20072 38680 40107 50001 60001 333 70000 555 10095 29072=
40713 12964 01010 10184 20089 38655 40070 54000 60001 333 70000 555 10131 29054=
40718 12560 22702 10223 20172 30207 40180 57006 60001 82500 333 70000 82625 555 10192 29073=
40723 12960 29901 10151 20040 38987 40159 54000 60001 82050 333 70000 82360 555 10097 29048=
40726 12960 00000 10159 20066 38654 40091 54000 60001 333 70000 555 10110 29054=
40727 12960 00000 10119 20036 38486 40093 56003 60001 333 70000 555 10079 29057=
40732 11550 72601 10234 20183 30190 40166 57008 60001 70522 83570 333 70000 83626 86458 555 10202 29073=
40736 11560 82302 10230 20214 30197 40173 57001 69901 70252 8461/ 333 79999 84722 88459 555 10220 29091=
40737 12560 82501 10221 20202 30155 40172 57002 60001 8452/ 333 70003 84630 88459 555 10209 29089=
40738 12560 72302 10246 20205 30181 40183 58001 60001 83570 333 70000 83625 87459 555 10219 29078=
40739 12965 00401 10173 20116 38709 40122 54000 60001 333 70000 555 10140 29069=
40741 12960 00000 10172 21006 39861 40180 54000 60001 333 70000 555 10095 29030=
40743 12960 00908 10201 21023 39076 40126 52005 60001 333 70000 555 10102 29022=
40745 12962 01702 10158 20032 39069 40166 55000 60001 333 70000 555 10098 29043=
40747 12960 00202 10225 20045 38624 40046 52002 60001 333 70000 555 10130 29031=
40754 12960 02902 10245 20058 38826 40081 50000 60001 333 70000 555 10144 29030=
40762 12962 00000 10165 21037 38566 40097 57005 60001 333 70000 555 10078 29025=
40766 12980 00000 10181 21061 38668 40046 58001 60001 333 70000 555 10081 29019=
40768 12965 02101 10136 20025 38266 40061 54000 60001 333 70000 555 10082 29047=
40769 11957 02902 10205 20018 38308 40052 57003 60001 70600 333 70000 555 10111 29029=
40780 12960 01003 10186 21029 38652 40047 58008 60001 333 70000 555 10091 29023=
40782 12965 01102 10187 20012 38827 40041 57001 60001 333 70000 555 10104 29031=
40785 12960 00000 10204 21009 39058 40079 52003 60001 333 70000 555 10106 29024=
40791 12962 00000 10249 21074 39291 40050 52013 60001 333 70000 555 10114 29011=
40792 12962 00501 10182 21056 38704 40059 53002 60001 333 70000 555 10083 29019=
40798 12960 03303 10127 21044 37980 40049 56001 60001 333 70000 555 10055 29030=
40800 12960 03401 10183 21005 38461 40055 57001 60001 333 70000 555 10095 29028=
40809 12960 00805 10159 21077 38487 40043 55007 60001 333 70000 555 10066 29019=
40811 12960 03101 10288 20095 39989 40013 56005 60001 333 70000 555 10179 29030=
40812 12960 00501 10273 20009 39664 40011 57006 60001 333 70000 555 10144 29018=
40818 12965 03004 10163 21088 37997 40042 53001 60001 333 70000 555 10063 29017=
40821 12962 02503 10236 21040 38772 40055 52013 60001 333 70000 555 10112 29016=
40829 12960 03411 10236 21041 39524 40057 52007 60001 333 70000 555 10116 29016=
40831 12960 03204 10336 20100 30021 40028 57006 60001 333 70000 555 10199 29024=
40833 12960 01302 10261 20061 30001 40031 58003 60001 333 70000 555 10157 29028=
40835 12960 00000 10235 20051 39260 40035 56003 60001 333 70000 555 10139 29030=
40841 12970 00000 10152 21118 38245 40040 54000 60001 333 70000 555 10054 29014=
40848 12960 20000 10214 20049 38501 40017 53004 60001 82030 333 70000 82360 555 10126 29034=
40851 12960 01303 10240 20001 38250 49992 53001 60001 333 70000 555 10120 29021=
40854 12960 02605 10276 21132 38898 40005 54000 60001 333 70000 555 10116 29006=
40856 12960 01502 10173 21051 38624 40060 55002 60001 333 70000 555 10079 29021=
40859 12960 03302 10226 20065 38670 40019 53005 60001 333 70000 555 10138 29035=
40875 11556 20604 10295 20254 30028 40039 51002 60001 70500 82500 333 70000 82630 555 10266 29079=
40879 12960 00302 10292 20136 39397 40023 53004 60001 333 70000 555 10196 29039=
40882 11940 03502 10306 20286 39990 40023 55000 60001 71000 333 70000 555 10291 29089=
40883 11940 00000 10302 20276 30002 40024 58001 60001 71000 333 70000 555 10283 29086=
40893 11957 01107 10290 20256 30034 40039 53001 60001 71000 333 70000 555 10266 29082=
40898 11556 31702 10284 20247 30041 40050 51004 60001 71000 83600 333 70000 83720 555 10258 29080=
41024 32960 03307 10313 20180 30031 40056 333 59008=
41036 32960 02906 10256 20000 38546 48498 333 59005 555 04410 50045=
41055 32960 03205 10256 20110 38352 48492 333 58000 555 04410 50039=
41061 32960 00804 10292 21040 39356 40015 333 59001=
41084 32960 00604 10283 20000 38816 48487 333 59002 555 04410 50011=
41112 32960 00000 10189 20090 37941 48489 333 59005 555 04410 50025=
41114 32960 00000 10179 20100 37974 48489 333 59002 555 04410 50029=
41128 32960 02404 10263 21020 38770 48489 333 59001 555 04410 50028=
41136 32960 00000 10276 21010 39253 40020 333 58006=
41140 32960 00000 10321 20270 30039 40042 333 59011=
41150 32962 09902 10324 20271 40028 333 58011=
41176 34/62 /3204 10288 20244 30024 40030 333 58014=
41184 32960 09901 10267 20196 40036 333 58014=
41194 12960 00804 10326 20251 30024 40030 60001 333 58013 70000=
41196 12960 01005 10278 20221 39996 40036 60001 333 58014=
41216 31956 00505 10318 20294 30024 40028 70500 333 58011=
41217 31957 00509 10313 20279 39996 40024 70500 333 58012=
41240 36/// /3101 10319 20299 30020 40049 333 0E/// 55300 25022 58013 =
41244 36/// /1712 10322 20205 39621 40016 333 0E036 55300 25022 58014=
41253 36/// /3405 10283 20233 39687 40036 333 0E030 55300 25022 58021 =
41255 36/// /1902 10270 20190 39544 40038 333 0E029 58017 =
41256 32960 00102 10288 20249 30019 40036 333 58013 55000 55407 55408 55507 55508=
41265 36/// /1202 10257 20217 39484 40035 333 0E031 55300 20000 58018 =
41267 36/// /0501 10278 20240 30030 40043 333 0E028 58026 =
41268 36/// /2213 10269 20233 39998 40044 333 0E028 55300 25022 58022=
41275 36/// /1411 10253 20228 39896 40061 333 0E026 55300 20000 58013 =
41315 26/68 /0000 10221 20213 39254 47425 333 0E025 55300 27865 58012 70000 =
41316 31257 79902 10262 20252 30035 40064 70522 87600 333 58013 55000 55407 55408 55507 55508 83706 87618=
41480 40582 32960 00000 10320 20092 40034 56003 333 00029 55300 00000 10136 20000 30000 41279 51412 60000 55407 40000 90467 91003 91105 91203 91301=
41598 01996 00000 10260 20238 39780 40043 60002 70400 333 58001 60007=
41620 32996 00000 10220 20190 38521 48427 60002 333 58019 60007=
41624 01696 80000 10280 20259 39839 40031 60002 70422 8352/ 333 56990 58013 60007 83637 85460=
41640 01996 00000 10270 20241 39807 40047 60002 70400 333 58005 60007=
41660 029// 01310 10200 20118 38448 48536 60002 333 58058 60007=
41712 12996 00000 10270 20060 39123 48468 60002 333 58018=
41715 01996 00000 10290 20255 39958 40021 60002 70500 333 59004 60007=
41756 01495 32302 10255 20226 39974 40038 60002 70500 83600 333 56900 58010 60007 83715=
41764 02996 02106 10270 20241 39989 40038 60002 333 58016 60007=
41768 02996 02304 10270 20252 30034 40041 60002 333 58015 60007=
41780 02996 02904 10275 20247 30024 40051 60002 333 58014 60007=
41859 32440 80000 10288 20280 39995 40032 83570 333 56990 59004 79999 83618 85458=
41883 32330 80902 10294 20280 30015 40035 8562/ 333 56299 58001 70000 85709 88458=
41891 11440 60404 10267 20250 30009 40047 69901 70596 83340 333 56990 58009 70005 83615 81930 85365=
41907 31440 80000 10276 20270 30015 40029 70522 8552/ 333 56399 59001 70032 85615 88458=
41923 11440 40000 10277 20260 30032 40042 69987 70562 82530 333 56990 58001 70044 82616 83365=
41936 31420 31503 10276 20270 30020 40027 70522 81830 333 56990 59004 79999 81615 83362=
41943 32435 60000 10270 20260 30034 40040 83510 333 56990 58005 70020 83616 85458=
41950 11450 50000 10275 20270 30031 40033 60026 70162 82530 333 56990 58001 70038 82617 84362=
41978 32456 60504 10273 20260 30033 40040 84310 333 56990 58005 70031 83615 81930 85360=
41992 31430 40902 10270 20250 30037 40039 70522 82530 333 56990 58001 70000 82616 84362=
42044 32596 20000 10140 20133 38268 48503 82500 333 58015=
42056 22996 00501 10246 20237 39622 333 58002 6990/=
42071 31996 29902 10262 20256 40049 71000 82030 333 58004 82359=
42101 21695 70000 10260 20260 40055 71022 83520 333 59003 6010/ 83635 86460=
42123 32996 00000 10274 20260 40035 333 58005=
42131 22696 50000 10258 20249 40044 82530 333 58007 6995/=
42165 32996 10000 10302 20254 40014 81030 333 59005 81360=
42182 21595 60000 10270 20264 40037 71022 84530 333 58005 6002/ 84630 85360=
42189 21995 50000 10274 20263 40035 70522 82031 333 58003 6990/ 82360 85070=
42260 21496 80204 10278 20278 40032 71092 83630 333 58005 6994/=
42309 31596 30000 10268 20265 40032 71000 83500 333 59007=
42314 31996 20000 10288 20271 40035 71000 82031 333 59001 82360=
42328 31595 32506 10270 20256 40017 70500 83030 333 58008 83360=
42339 21995 20000 10258 20246 40043 70522 80001 333 58011 6009/ 82070=
42348 21595 79901 10254 20239 40041 76022 85430 333 58009 6005/ 85625 85360=
42361 21996 30000 10268 20262 40034 70500 83030 333 58007 6001/ 83360=
42369 21595 50000 10282 20259 40028 71022 83530 333 59006 6017/ 83620 83360=
42379 31595 30000 10284 20273 40023 71000 83500 333 59006 83622=
42410 31595 50000 10270 20256 40044 71022 83530 333 58002 83620 85360=
42415 31596 50000 10272 20240 40049 70391 82431 333 59005 81620 83360=
42452 21595 81803 10258 20246 40027 71062 8682/ 333 58008 6034/=
42492 31595 50000 10296 20285 40026 71011 82530 333 59008 82620 83360=
42559 21496 80000 10252 20249 40027 72162 8562/ 333 58011 6005/ 82715 85620 88458=
42571 32596 80000 10276 20265 40027 8553/ 333 58000 85625 87360=
42623 31495 30000 10224 20215 39206 40060 71000 82530 333 58004 82618 83360=
42647 31596 62703 10278 20252 40055 70522 86700 333 56600 58008 83715 83620=
42667 21595 52305 10244 20236 39471 40050 70522 83930 333 58010 6005/ 82620 81930 84360=
42675 31495 32702 10260 20246 40036 70500 83500 333 58005 83618=
42701 31495 70905 10256 20245 39319 40032 71022 84530 333 59003 84618 86360=
42724 21495 60501 10260 20254 40043 71062 83530 333 58007 6994/ 83618 85360=
42737 32496 32503 10260 20251 40067 83600 333 58012 83712=
42754 31395 72708 10236 20222 39421 40048 70522 85630 333 58012 83708 83618 86360=
42779 22596 60000 10242 20233 39353 40038 8352/ 333 59002 6025/ 83620 85360=
42798 31495 50000 10276 20247 40022 71022 83530 333 59007 83615 85360=
42809 21495 43601 10278 20272 40024 70511 82530 333 59004 6009/ 82618 84360=
42840 32596 42702 10274 20260 40064 83530 333 58010 83620=
42867 21495 83202 10248 20239 40044 71022 8352/ 333 58004 6007/ 83618 88458=
42874 21595 70000 10268 20262 40029 71022 83530 333 59004 6009/ 83618 86359=
42886 31595 40000 10270 20250 40027 70521 83530 333 59005 83620 84360=
42895 21596 70501 10276 20265 40018 70262 84530 333 59007 6992/ 84620 87360=
42971 21496 70206 10266 20260 40009 71062 85320 333 57932 59017 6030/ 85616 81930 87459=
43003 21495 60000 10272 20255 40067 70562 84720 333 58008 6007/ 82712 83618 84458=
43014 21596 52504 10224 20221 39417 40059 70542 82530 333 58011 6015/ 82620 84360=
43041 21595 83203 10240 20234 39421 40030 71062 8451/ 333 59009 6998/ 84620 88458=
43063 22596 50000 10222 20213 39456 40078 84730 333 56690 58009 6994/ 82722 83626=
43086 22596 80000 10256 20232 39862 40038 8557/ 333 59001 6992/=
43110 21495 82902 10256 20247 40084 72162 8672/ 333 58009 6016/ 86712 88456=
43117 22596 72702 10240 20228 40069 85630 333 59014 6004/=
43128 21496 73203 10238 20218 39455 40057 70552 85730 333 56790 58003 6990/ 82710 83615 87360=
43150 21495 82504 10256 20253 39959 40019 76596 8462/ 333 56699 58002 6056/ 83712 84618 88458=
43185 21596 82706 10260 20245 30033 40036 75065 8487/ 333 58011 6007/ 83620 86458=
43189 21596 89901 10260 20245 30022 40031 76065 8382/ 333 58007 6006/=
43192 22596 40502 10262 20253 40084 82730 333 58006 6996/=
43201 22496 52302 10228 20213 39338 40060 84630 333 56690 58006 6990/ 82710 83612=
43213 22596 82902 10248 20236 39742 40058 8487/ 333 58011 6993/=
43237 22596 82503 10250 20226 39659 40049 8552/ 333 58010 6002/ 85620 88458=
43245 32596 72505 10286 20236 30032 40058 84870 333 58020=
43279 32596 70000 10274 20233 30048 40065 84430 333 58014 83620 84360=
43284 21096 59902 10254 20245 39977 40093 71062 83631 333 58008 6009/ 82701 83612=
43295 32496 62302 10212 20187 39086 48494 84530 333 58014 84612 84358=
43314 21596 60000 10260 20246 40100 70262 83532 333 58008 6007/=
43321 31496 52306 10242 20224 39643 40089 71022 81501 333 58006 81612 85070=
43329 22596 40000 10272 20266 30055 40068 82531 333 58016 6002/=
43333 21495 82304 10266 20252 40072 70562 8542/ 333 56599 58012 6007/ 82618 84820 88458=
43344 31496 62710 10286 20224 39981 40080 70522 82531 333 58014 82616 85360=
43369 21596 60000 10256 20256 40106 70262 83530 333 58008 6004/ 83620 86358=
43371 21496 40000 10260 20246 30035 40108 70352 83501 333 58016 6990/ 83617=
44212 11598 82204 10088 20026 39101 40199 52009 60012 76162 885// 333 20076 55008 91110 91205 30062 80200=
44213 11597 83403 10050 20046 38783 40216 52031 60092 76162 8872/ 333 20050 91115 91210 30062 80641=
44214 11698 63205 10045 21055 38298 40245 52006 69902 70266 44212 11598 82204 10088 20026 39101 40199 52009 60012 76162 885// 333 20076 55008 91110 91205 30062 80200=
44215 32698 72707 10051 21020 38413 40224 52017 87800 333 20051 91011 91114 91209 30028=
44217 32698 60000 10005 21049 37860 40271 53006 86800 333 20003 91202 31009=
44218 32999 32507 10094 21071 38605 40198 51010 82041 333 20087 91210 30034=
44219 11593 83208 10062 20054 38617 40214 52018 60022 78082 889// 333 20056 91013 91117 91210 30074 80332=
44265 32699 72605 10081 20032 38877 40252 52007 82808 333 20081 91111 91205 30074=
44266 32699 72405 10063 21011 37791 40213 52009 86520 333 20060 91110 91207 30081=
48010 32556 30000 10280 20268 39888 40038 82430 333 20265 56440 59004 60002=
48020 32340 30000 10268 20256 83800 333 20255 56400 60002=
48025 22320 61401 10263 20263 39920 40058 84870 333 20227 56990 58016 60002=
48031 32256 61801 10185 20165 86800 333 20170 56400 60002=
48048 32556 31801 10267 20258 39991 40047 83800 333 20262 56400 58006 60002=
48052 22450 50000 10260 20238 83430 333 20254 56990=
48064 32450 71401 10278 20268 39987 40043 85831 333 20260 56999 58006=
48071 22456 70000 10272 20256 30035 40043 85970 333 20247 56590 58005=
48094 21456 80000 10260 20255 30040 40050 70266 85970 333 20224 56990 58011 60252=
48109 22496 82306 10287 20259 30056 40060 8697/ 333 20240 5699/ 58013 60032=
62309 32960 03104 10260 20230 40102 57006=
62332 32960 02103 10280 20240 40096 57006=
62366 34556 33405 10274 20226 40096 57004 70500 83200=
62387 32960 03506 10266 20178 40102 57002=
62393 32960 03610 10278 20153 40129 57002=
62405 32960 02003 10290 20142 40087 57005=
62414 32960 00000 10304 20096 40096 57006=
62419 32960 00000 10272 20095 40087 57002=
62420 32960 00602 10253 20171 40111 57004=
62423 41217 31957 00509 10313 20279 39996 40024 70500 333 58012=
62435 32960 03104 10289 20114 40089 57005=
62440 62309 32960 03104 10260 20230 40102 57006=
62458 32960 00000 10292 20167 40084 57004=
62459 62420 32960 00602 10253 20171 40111 57004=
