SIPK OPKC 040900=
41504 22697 20902 10270 20097 37796 48391 82200 333 56900 59001 60007 82845 RH34%=
41505 22696 50000 10270 20108 38/// 48/// 84430 333 56990 58/// 84840 84360 36%=
41506 22697 21808 10330 20084 38428 48422 82100 333 56900 59025 60007 82830 RH22%=
41508 22697 22702 10306 20178 38605 48485 82200 333 56900 59031 60007 82835 47%=
41509 22697 12306 10350 20104 38660 48418 81200 333 56900 59033 60007 81845 RH 22%=
41510 22997 21302 10250 20123 37877 48433 82200 333 56090 59019 60007 82840 45%=
41515 22697 22306 10312 20156 38488 48451 82200 333 56900 59018 60007 82850 39%=
41516 22696 30000 10300 20142 38481 48439 83400 333 56900 59037 60007 83840 RH38%=
41517 22697 32302 10240 20123 37754 48425 83500 333 56900 59037 60007 83835 45%=
41518 22596 51802 10300 20097 38/// 48/// 84730 333 56990 5//// 60007 81730 83840 81362 28%=
41519 22697 32702 10320 20139 38683 48439 83200 333 56900 59053 60007 83840 RH33%=
41520 22697 33604 10230 20073 37611 48189 83400 333 56900 59021 60007 83840 36=
41523 22697 22706 10315 20190 39020 48476 82400 333 56900 59033 60007 82840 48%=
41524 22997 01802 10340 20212 39231 40030 333 59035 60007 RH 47%=
41525 22697 60000 10205 20133 37678 48352 82220 333 56990 59017 60007 82640 84460 63%=
41528 22997 00000 10340 20220 39128 48467 333 59044 60007 50%=
41529 22996 21804 10360 20232 39662 40016 82030 333 56090 59042 60007 82360 RH 48%=
41530 21696 21306 10350 20220 39621 40006 70500 81430 333 56990 59047 60007 81840 47%=
41534 22696 20000 10335 20244 39623 40011 82500 333 56900 59058 60007 82640 59%=
41535 22696 81302 10285 20205 38662 48443 8592/ 333 5699/ 59036 60007 85935 83460 RH62%=
41536 22597 31802 10325 20302 38970 48477 83200 333 56900 59031 60007 83830 48% =
41562 22997 01306 10350 20229 39596 40031 333 59035 60007 RH 49%=
41565 22696 42302 10267 20168 38639 48515 82520 333 56990 58002 60007 82630 82460 RH 68%
41567 21696 10000 10335 20227 39604 49995 70400 81500 333 56900 59055 60007 81640 53%=
41571 21696 42708 10320 20221 39472 40020 70511 84800 333 56900 59040 60007 RH56%=
41572 21696 32704 10320 20221 39410 49997 70400 83500 333 56900 59043 60007 83630 RH56%=
41573 21491 60000 10210 20188 37989 48449 72162 86600 333 56900 59032 69907 83710 84630 87%=
41574 22697 41302 10270 20183 38308 48474 84400 333 56900 59028 60007 84840 59%=
41576 21696 40000 10335 20251 40039 70400 84400 333 56900 59040 60007 84840 62%=
41577 21696 50000 10335 20239 39434 40011 70421 82570 333 56990 59047 60007 82640 83460 RH 57%=
41593 21996 30000 10340 20257 39816 40015 70411 83030 333 56090 59034 60007 83360 63%=
41597 22997 40000 10330 20268 40035 84030 333 56090 59039 60007 84362 70%=
41598 21696 41802 10335 20259 39760 40015 70411 83420 333 56990 59040 60007 83835 65%=
41599 21696 53104 10320 20250 39749 40023 70422 85400 333 56900 59036 60007 85640 67%=
41600 21696 73102 10320 20265 40022 70422 83570 333 56990 59029 60007 83645 84363 73%=
41620 32696 41802 10315 20172 38514 48419 84500 333 56900 59022 60007 84640 42%=
41624 22997 31304 10340 20257 40020 83020 333 56090 59041 60007 83460 62%=
41625 22997 00000 10340 20249 40009 333 59045 60007 59%=
41630 21696 43104 10335 20251 40028 70400 84400 333 56900 59033 60007 84640 62%=
41633 22997 00000 10350 20237 4//// 333 5//// 60007 52%=
41634 22997 00000 10315 20246 3//// 4//// 333 5//// 60007 67%=
41635 22997 20000 10350 20261 3//// 4//// 82030 333 56090 5//// 60007 82362 60%=
41636 21696 30000 10330 20276 39867 40041 70412 83500 333 56900 59011 60007 83640 73%=
41638 21696 53604 10330 20253 4//// 70410 85400 333 56900 5//// 60007 85840 64%=
41639 21696 70000 10340 20249 4//// 70420 83570 333 56990 5//// 60007 83640 85460 59%=
41640 21696 80000 10320 20250 39792 40029 70422 8352/ 333 5699/ 59017 60007 83640 88460 67%=
41641 21696 73604 10320 20226 39765 40025 70422 84470 333 56990 59024 60007 84640 85460 58%=
41642 22697 40000 10325 20270 4//// 84800 333 56900 5//// 60007 84640 73%=
41643 21696 30000 10330 20238 39760 40021 70412 83400 333 56900 59027 60007 83640 58%=
41644 22697 30000 10345 20270 4//// 83020 333 56090 5//// 60007 83460 65%=
41646 21996 20000 10340 20272 39834 40034 70411 82030 333 56090 59024 60007 82360 68%=
41652 21996 00902 10350 20268 39859 40027 70400 333 59030 60007 63%=
41660 21996 02310 10310 20067 38387 48469 70500 333 59005 60007 21%=
41661 22996 03106 10320 20032 38343 48459 70500 333 59009 60007 17%=
41669 22997 23102 10370 20252 3//// 4//// 82030 333 56090 5//// 60007 82360 51% =
41670 21696 20000 10340 20241 4//// 70400 82500 333 56900 5//// 60007 82640 56%=
41674 21696 73104 10330 20268 3//// 4//// 70422 8347/ 333 56990 5//// 60007 83840 86460 70%=
41675 21695 40000 10350 20253 39888 40023 70400 84400 333 56900 59026 60007 84840 57%=
41676 21996 20000 10345 20270 39908 40057 70400 82030 333 56090 59026 60007 82361 65%=
41677 21696 70000 10330 20276 39858 40016 70400 84530 333 56990 59030 60007 84640 83360 73%=
41678 21996 40000 10320 20234 40036 70500 84020 333 56090 58000 60007 84460 61%=
41679 21696 70502 10325 20236 4//// 70422 83570 333 56990 5//// 60007 83640 84460 63%=
41680 21696 40000 10335 20253 40022 70410 84400 333 56900 59023 60007 84840 64%=
41685 22697 42302 10300 20206 38843 48448 84200 333 56900 59020 60007 84840 RH57%=
41696 22996 00000 10260 20154 37983 48474 333 59004 60007 Rh52%=
41697 22997 01804 10375 20258 40022 333 59011 60007 RH52%=
41700 21696 50504 10350 20253 40011 70420 85500 333 56900 59012 60007 85640 34%=
41701 21696 60504 10350 20237 40047 70400 83530 333 56990 58005 60007 83640 83360 52%=
41710 21996 01302 10390 21040 49972 70600 333 59005 60007 RH06%=
41712 21996 31306 10385 20017 39114 48472 70600 83500 333 56900 59005 60007 83640 RH10%=
41715 21996 00000 10350 20276 40025 70500 333 59009 60007 RH65%=
41716 21696 50906 10340 20272 39931 40028 70422 85500 333 56900 59011 60007 85640 68%=
41718 21696 30000 10345 20270 40018 70400 83500 333 56900 59010 60007 83630 65%=
41724 21996 20000 10365 20270 40046 70500 82030 333 56090 58002 60007 82360 RH58%=
41725 22996 30504 10350 20261 40031 83030 333 56090 58003 60007 83360 RH60%=
41726 22996 50000 10355 20274 39985 40051 82530 333 56990 58023 60007 82640 83360 RH63%=
41738 22696 22305 10370 20219 39875 40044 82500 333 56900 58006 60007 82630 RH42%=
41739 21996 22706 10350 20104 38976 48469 70500 82030 333 56090 58007 60007 82360 RH16%=
41742 22697 21802 10360 20256 40032 82100 333 56900 58006 60007 82830 RH 55%=
41743 21996 02302 10370 20242 70500 333 60007 RH 49%=
41744 22696 40000 10305 20065 38734 48473 81520 333 56990 58000 60007 81630 83460 RH 22%=
41745 21996 33602 10350 20268 70500 83030 333 56090 60007 83360 RH 63%=
41746 22696 43602 10350 20238 39977 4002 84200 333 56900 59005 60007 84840 RH58%=
41746 22696 43602 10350 20238 39977 40028 84200 333 56900 59005 60007 84840 RH58% CORR=
41747 22696 20904 10360 20249 40023 82500 333 56900 59001 60007 82640 RH53%=
41748 22996 03104 10355 20259 40040 333 59001 60007 RH58%=
41749 22696 43604 10350 20268 40040 84500 333 56900 58013 60007 84635 RH63%=
41756 21996 31806 10320 20250 40061 70504 83030 333 56090 58014 60007 83358 RH 67%=
41757 21996 02310 10335 20235 30048 40060 70400 333 58006 60007 RH56%=
41759 21996 22306 10335 20244 40055 70500 82030 333 56090 58008 60007 82360 RH59%=
41760 21996 02312 10320 20258 40039 70500 333 59004 60007 RH 70%=
41764 22696 70000 10335 20244 39984 40032 84810 333 56990 59008 60007 84835 84360 RH59%=
41765 22696 60000 10345 20270 39997 40031 84810 333 56990 58005 60007 84840 83360 RH65%=
41766 22696 70000 10330 20274 40025 83520 333 56990 59005 60007 83635 84460 RH70%=
41767 22996 4//// 10340 20272 84830 333 56990 60007 82835 82360 RH68%=
41768 22596 70000 10310 20276 30025 40032 83630 333 56990 59009 60007 83720 85360 RH82%=
41780 21696 32710 10340 20241 30012 40038 70400 83500 333 56900 58003 60007 83600 RH56%=
41783 22696 52306 10325 20255 30000 40029 83130 333 56990 59008 60007 83830 82360 RH 67%=
41785 22597 62702 10320 20265 30036 40049 83630 333 56690 58001 60007 83730 83360 RH 73%=
41786 22696 82304 10300 20243 39995 40031 84630 333 56990 59012 60007 84630 85462 RH 72%=
41BAG 22697 32302 10225 20089 83500 333 56900 60007 83635 42%=
41BKI 22696 41306 10355 20226 39617 40007 82530 333 56990 59056 60007 82640 84362 RH 47%=
41SKP 21996 30000 10320 20258 4//// 70400 83030 333 56090 5//// 60007 83360 70%=
43532 22997 00000 10360 20203 39240 49981 333 59030 60007 40%=
43533 22697 23104 10335 20215 39119 48441 82500 333 56900 59055 60007 82640 49%=
43563 22997 00502 10322 20237 40016 333 59036 60007 62%=
41560 22997 00000 10270 20191 38288 48501 333 58005 60007 Rh62%=
==================
41533 Not Received
41564 Not Received
41568 Not Received
41592 Not Received
41594 Not Received
41672 Not Received
41781 Not Received
==================




Data Generated from File : D:\all data handling\Rmc_lhr\2024090409.FSU.txt
04/09/24 10:13:43
______________________________________________________________
15020 24570 83503 10243 20112 30006 40195 50004 83577 333 55302 21273 60007 91007 90730 91107==
15090 24570 80206 10247 20110 30091 40179 58002 85547 333 55309 01260 22366 30842 60007 91010 90730 91111==
15108 22270 60402 10098 20062 38159 48557 51007 82570 333 55302 21203 60007 91008 90730 91108==
15150 24570 63506 10248 20103 39979 40182 58003 83570 333 55308 21720 60007 91011 90730 91112==
15170 24570 23505 10239 20092 39426 42827 58006 81140 333 55310 22250 60007 91008 90730 91109==
15280 22284 80103 10078 20042 37580 47158 52002 83257 333 55310 22580 60007 91007 90730 91107==
15310 24/70 33603 10259 20096 30076 40157 58005 82031 333 55309 01100 22070 31920 60007 91007 90730 91108==
15335 24/70 23403 10245 20126 30147 40154 58002 82040 333 55310 22255 60007 91008 90730 91108==
15350 24970 00105 10279 20089 30052 40165 58006 333 55310 21608 60007 91011 90730 91112==
15420 24/65 10903 10286 20099 30059 40163 58002 81080 333 55309 22021 60007 91007 90730 91108==
15460 24969 13602 10263 20122 30145 40169 50000 80001 333 55310 22319 60007 91005 90730 91107==
15470 24567 60906 10274 20106 30042 40161 50003 84340 333 55308 21894 60007 91009 90730 91110==
15480 24970 03001 10251 20143 30138 40155 50000 333 55310 01400 22414 32287 60007 91003 90730 91105==
15549 42966 00504 10252 20101 39758 40149 54000 333 10256 20204 555 538//=
15552 42960 02702 10278 20152 30106 40152 52007 333 10286 20237 555 546// 92024 92427=
15640 42674 22001 10287 20159 39856 40146 52001 81230 333 10290 20227 555 546//=
15655 42565 12002 10285 20172 30116 40147 52002 81200 333 10286 20215 555 551// 92023 92427=
15730 42670 21801 10296 20120 39771 40138 58004 82200 333 10297 20196 555 534//=
16627 42565 41107 10326 20149 30130 40135 58004 81101 333 81830 84070 90730 91114==
16650 42960 60209 10304 20195 30129 40136 50003 80005 333 90730 91114==
16667 42960 33311 10298 20176 30120 40131 54000 80001 333 90730 91117==
16706 42960 10210 10282 20186 30110 40116 51004 80001 333 90730 91116==
16723 42960 00209 10308 20193 30103 40116 54000 333 90730 91114==
16732 46/// /3616 10276 20214 30115 40125 54000 333 90730 91121==
16742 42960 03308 10290 20189 39959 40106 50001 333 90730 91118==
16749 42460 12515 10296 20223 30086 40099 52003 81100 333 90730 91119==
16754 42560 13309 10294 20195 30094 40094 52007 81100 333 90730 91113==
16760 42560 13408 10290 20140 40135 52003 81100 333 90730 91118==
17022 42670 33205 10266 20208 39988 40146 51005 83200 333 83834 90730 91108==
17024 41670 13009 10278 20263 30057 40131 52006 70190 81100 333 81835 90730 91113==
17026 42570 33110 10275 20223 30098 40135 51005 83200 333 83828 90730 91114==
17031 42670 23406 10274 20204 30127 40133 53001 82100 333 82836 90730 91111==
17034 41560 72106 10213 20207 30100 40144 51009 79592 85950 333 84830 87358 82925 90730 91115==
17038 41470 72909 10251 20197 30084 40129 53006 72992 87200 333 84716 87830 90730 91119==
17042 41670 73005 10259 20227 30094 40131 52012 70282 84250 333 84835 87360 90730 91112==
17050 42970 02101 10329 20153 30091 40149 58007 333 90730 91103==
17056 42670 31706 10265 20204 30140 40144 50002 83100 333 83835 90730 91107==
17060 42560 40610 10295 20185 30105 40144 50000 84100 333 84830 90730 91117==
17070 42665 20702 10243 20132 39300 40125 58005 82200 333 82835 90730 91104==
17074 42670 31901 10246 20195 39235 40119 58003 83200 333 83835 90730 91104==
17084 42670 33502 10255 20175 39260 40114 58006 83200 333 83840 90730 91106==
17085 42670 33002 10280 20163 39653 40114 57010 83100 333 83840 90730 91107==
17092 42/60 33202 10278 20128 38831 48489 58011 83050 333 83357 90730 91108==
17096 42660 22705 10256 20049 38234 48484 57008 82100 333 82840 90730 91118==
17098 42660 10905 10251 20112 38194 48483 57010 81100 333 81840 90730 91114==
17100 42970 00000 10323 20122 39117 40028 57019 333 90730 91109==
17112 42970 50208 10303 20147 30130 40132 58002 80001 333 85070 90730 91114==
17115 42660 40314 10273 20198 30099 40147 51007 82101 333 82835 84070 90730 91118==
17116 42965 42901 10301 20172 30021 40135 58004 80001 333 84070 90730 91105==
17124 42960 21401 10267 20114 39254 40118 57005 80001 333 82070 90730 91109==
17128 42670 40002 10265 20135 39072 40107 58005 84100 333 84840 90730 91108==
17135 42670 41402 10273 20160 39277 40098 58007 84100 333 84840 90730 91106==
17140 42665 30302 10231 20139 38711 48509 58002 83100 333 83840 90730 91109==
17150 42660 40212 10299 20156 30010 40126 58007 81101 333 81835 84070 90730 91118==
17160 42670 30204 10261 20125 39007 48511 58004 83100 333 83840 90730 91109==
17170 42660 12608 10254 20157 38316 48477 56009 81100 333 81840 90730 91114==
17175 42665 53606 10299 20159 30115 40119 58003 82240 333 82840 85360 90730 91109==
17184 42/70 23103 10305 20157 30010 40114 58006 82030 333 82360 90730 91107==
17190 42670 20501 10242 20131 38985 48514 58003 82100 333 82835 90730 91106==
17190 42670 20501 10242 20131 38985 48514 58003 82100 333 82835 90730 91106==
17195 42670 22507 10270 20127 38954 48505 58006 82100 333 82840 90730 91112==
17200 42660 11005 10322 20105 39138 40046 58005 81100 333 81840 90730 91116==
17202 42670 22904 10322 20096 39082 40045 57007 82100 333 82835 90730 91110==
17203 42970 00502 10315 20069 38837 48517 58008 333 90730 91106==
17210 42970 02503 10321 20086 39088 40037 50000 333 90730 91108==
17219 42565 33513 10310 20161 39980 40116 58002 81101 333 81830 83068 90730 91118==
17234 42670 21101 10321 20159 30047 40111 58004 82100 333 82840 90730 91105==
17237 42670 33001 10304 20156 39635 40106 58007 83200 333 83840 90730 91104==
17240 42570 33404 10277 20150 39018 40094 58007 83200 333 83830 90730 91110==
17244 42670 20412 10264 20122 38988 48517 50001 82100 333 82840 90730 91120==
17248 42670 13102 10265 20120 38966 48506 58003 81100 333 81840 90730 91108==
17250 42970 00703 10266 20112 38797 48508 58004 333 90730 91112==
17260 42960 02303 10327 20128 39269 40022 51001 333 90730 91110==
17270 42970 01105 10313 20197 39457 40055 58001 333 90730 91109==
17275 42970 01704 10282 20146 38951 48504 51005 333 90730 91109==
17280 42960 01204 10332 20120 39316 40043 58003 333 90730 91110==
17290 42970 02603 10332 20169 30076 40106 58002 333 90730 91107==
17292 42670 23002 10298 20147 39379 40086 58002 82100 333 82840 90730 91107==
17300 42560 21908 10307 20225 30029 40096 50000 82100 333 82830 90730 91113==
17310 42570 22303 10319 20244 30079 40086 50001 82200 333 82831 90730 91105==
17330 42670 11302 10328 20196 30073 40090 58004 81100 333 81840 90730 91108==
17350 42660 32308 10325 20191 30005 40078 58004 83100 333 83835==
17370 42670 43301 10305 20221 30093 40097 50002 84100 333 84835 90730 91104==
17375 42670 12202 10311 20225 30079 40081 58002 81200 333 81836 90730 91108==
33088 42960 50304 10262 20107 30028 40207 58004 80009==
33135 41960 00603 10264 20047 30073 40211 58002 70511==
33177 42970 51501 10271 20131 39983 40204 52001 80001==
33317 42970 50204 10249 20122 39888 40204 52003 80005==
33393 42960 21404 10259 20093 39830 40197 53005 80001==
33415 42/70 33201 10270 20116 39823 40194 58002 81031==
33429 42960 50304 10254 20120 39797 40192 53002 80001==
33466 41670 80105 10260 20071 30003 40178 57003 70282 82539 333 30///==
33506 42560 71007 10278 21017 39991 40174 51001 82539==
33562 41560 80602 10197 20146 39915 40206 50003 78082 8595/==
33587 42570 80401 10209 20113 39926 40177 57001 8695/ 333 86924==
33658 41580 73304 10191 20117 39919 40206 52002 70282 83330 333 83933==
33663 42570 60303 10236 20109 30102 52002 84530==
33664 42598 60303 10240 20123 39890 40188 53003 85230=
33678 41598 72803 10201 20099 30001 40202 52003 78082 87900=
33679 41597 80205 10193 20125 30010 40193 52011 72582 889// 333 88921=
33711 41560 80604 10223 20110 39961 40159 52001 72582 883// 333 88929==
33745 42597 60407 10221 20100 30014 40198 53008 85930 333 91112=
33748 42597 80904 10196 20106 39907 40179 53008 883//=
33754 41598 80303 10189 20144 30035 40175 53007 72582 8335/=
33761 41462 80107 10155 20134 39954 40170 52001 72582 883//==
33791 42575 60505 10255 20097 30033 40152 51007 83330 333 83933==
33815 41598 83404 10155 20139 39967 40168 52007 72582 889//=
33837 42465 83302 10196 20138 30087 40136 53003 885// 333 88718==
33881 42598 73607 10200 20115 39980 40167 53003 86330 333 91112=
33883 42598 73506 10195 20117 30002 40157 52004 87300 333 91113=
33885 42998 63607 10239 20085 30038 40166 57004 82031 333 91112=
33892 41598 83604 10149 20145 39949 40156 54000 78082 883//=
33902 42560 60905 10246 20170 30074 40130 50000 86300==
33924 42570 63003 10238 20193 30113 40125 57002 84405==
33946 42665 22303 10272 20168 39910 40114 58005 82100==
33983 42560 40407 10278 20177 30063 40199 53002 82530==
34300 42/60 61004 10278 20005 30024 40189 58002 86030==
34336 42570 60705 10275 21045 30100 40196 58003 85389==
34344 42570 60904 10285 20005 30108 40190 57003 83939==
34356 42960 30905 10277 21041 30059 40195 58001 80009 333 90730 91110==
34357 42/70 50705 10273 21030 30044 40187 54001 83031 333 91010 90730 91111==
34398 42/70 50705 10277 20053 30178 40187 58010 85081==
34415 42/70 60903 10284 20028 30082 40171 58001 83039==
34438 42/// /0606 10281 20019 39995 40172 57003 333 91011 90730 91112==
34445 41/70 70806 10262 21021 30079 40185 57002 70723 83079 333 91010 90730 91112==
34461 42560 60803 10272 21035 30138 40190 57005 84531==
34473 42997 50605 10276 20039 30156 40192 57004 83061=
34476 42/70 60704 10285 21048 30183 40190 58004 82034 333 90730 91110==
34504 42/70 60905 10251 20106 39998 40161 53009 86030==
34535 42/70 30807 10277 21027 30098 40165 57005 81031 333 91011 90730 91111==
34545 42/70 50806 10280 21036 30062 40165 57005 80089 333 91010 90730 91112==
34555 42/70 70607 10256 20086 30092 40177 57004 84034==
34560 42/60 70909 10277 21026 30003 40179 57001 84031 333 91013 90730 91113==
34578 42/60 51405 10298 21031 30164 40170 57003 85080 333 90730 91111==
34579 42/70 50604 10290 21033 30136 40176 57005 82032 333 90730 91110==
34644 42/60 60805 10283 20006 30080 40151 57005 86030 333 91010 90730 91111==
34646 42/70 60604 10264 20064 30077 40153 57004 85031==
34655 42560 60509 10299 21043 30098 40153 57007 84230 333 91014 90730 91114==
34662 41/70 80805 10291 21049 30157 40167 57005 70722 80032 333 91010 90730 91112==
34691 42/70 60904 10300 21009 30189 40178 57006 85032==
34720 42670 70601 10248 20110 30112 40149 54001 87530==
34727 41560 80406 10221 20151 30115 40143 58002 70298 883// 333 90730 91110==
34743 42960 60705 10293 21010 30063 40145 57006 80009 333 91010 90730 91110==
34759 42/70 30706 10298 20029 30016 40136 58008 82031==
34772 42570 60606 10300 21034 30152 40155 58005 8558/ 333 91012 90730 91112==
34785 41/70 51007 10310 21031 30175 40155 58007 70711 83081 333 91010 90730 91112==
34798 42960 21108 10289 20117 30187 40160 57004 80001==
34824 41560 60703 10252 20195 30126 40131 54000 70282 86400==
34838 42660 60603 10292 20166 30035 40123 57005 83439==
34845 42970 50703 10292 20146 30030 40128 58005 80009==
34858 42960 60502 10284 20052 30032 40131 57005 80005==
34861 42/70 30807 10283 20008 39907 40130 57006 82031 333 91010 90730 91110==
34866 42770 30806 10307 20036 30140 40132 58009 82131 333 91012 90730 91112==
34880 42/60 20904 10299 20042 30169 40145 57006 82031==
34887 42/70 60504 10296 20031 30156 40139 58004 86030==
34949 42570 50604 10267 20174 39614 40116 57003 83501==
34954 42960 00402 10285 20159 39965 40124 57004==
34958 42970 80402 10298 20102 39937 40119 57008 80004==
34975 42570 71004 10303 20151 30122 40118 57008 82570==
34984 42/70 60706 10278 20115 30160 40132 54000 80032 333 91011 90730 91111==
35217 42660 33207 10258 20077 30156 40193 57004 83200==
35302 42970 50805 10261 20070 30176 40195 58006 80001==
35315 42598 63604 10260 20103 30132 40184 57004 86502=
35344 42599 70405 10174 20071 39920 40191 54000 87200=
35358 42/60 63405 10179 20067 30002 40161 58001 86040==
35368 42599 73607 10158 20103 39898 40149 52007 72582 85970=
35386 42598 53503 10140 20102 39620 40109 57002 85900=
35394 42670 53205 10186 20093 39454 40077 57013 84140==
35404 42598 61004 10262 20090 30181 40188 57007 84581=
35406 42/60 70603 10270 20101 30185 40187 58007 87030==
35416 42670 71202 10258 20055 30068 40179 57008 84430==
35426 42684 53204 10240 20103 39901 40168 57006 82301==
35437 42998 70102 10253 20052 39875 40162 57008 85054=
35449 42598 83410 10148 20128 30077 40175 52011 889// 333 91115=
35497 42670 62304 10230 20006 39346 40071 57019 82202==
35498 42998 62806 10230 20028 39276 40073 57018 80001=
35514 42598 50503 10284 20015 30183 40179 57010 85200=
35522 42998 70104 10245 20067 39939 40170 58011 87030=
35542 42999 83604 10153 20091 30043 40182 52019 8807/=
35563 42598 83305 10184 20093 39399 40110 57002 86802=
35576 42/70 73007 10253 20082 39680 40085 57017 87070==
35582 41998 72310 10237 20049 39580 40127 57039 70232 80003 333 91117=
35594 42599 82206 10225 21024 39316 40079 57019 82946=
35605 42998 70403 10288 21014 30195 40175 57009 84072=
35633 42698 60105 10258 20056 39960 40155 57007 82202=
35671 42570 62905 10249 20037 39709 40099 57013 82502==
35699 42960 72703 10237 21011 39407 40094 57021 80004==
35700 42570 61004 10288 20019 30196 40174 57007 82335==
35715 42999 51901 10294 21022 30183 40170 57014 85030=
35739 42999 63602 10279 20053 30024 40150 58011 80008=
35746 42/70 43206 10280 20040 30083 40144 57014 82051==
35777 42997 52707 10256 20089 39812 40124 57022 85030=
35796 42960 71602 10213 20159 39711 40109 57023 80002==
35849 42970 02903 10283 20081 30062 40140 57018==
35895 42998 51404 10227 20060 39711 40116 57018 82032=
35907 42998 50607 10254 20109 30170 40142 58004 80009=
35925 42/70 70903 10275 21036 30058 40160 58016 86082==
35927 41598 50904 10282 21030 30155 58017 70281 82980=
35953 42984 22807 10294 20057 30022 40138 57015 80002==
35969 42984 23601 10286 20020 39975 40133 57018 80001==
35997 42998 32004 10287 20074 39701 40089 57024 82041=
36259 42584 61102 10158 21060 38222 48478 57013 82902==
36335 42999 22107 10219 21042 39143 40073 57015 80002=
36358 42999 01802 10205 20021 39150 40077 57019=
36394 42797 22007 10254 20061 39717 40097 57019 81102=
36397 42/84 22004 10250 21019 39591 40101 57021 82041==
36403 42798 51605 10250 20032 39778 40103 57016 83101=
36418 42999 61203 10234 20007 39558 40116 57022 80004=
36421 42699 22801 10235 20054 39604 40115 57026 81201=
36428 42784 61802 10240 20041 39665 40119 57021 81244==
36439 42998 53302 10196 20017 38945 48509 57020 80001=
36498 42998 21806 10233 21020 39380 40097 57022 80001=
36501 42999 02306 10237 20039 39406 40085 57020=
36535 42/84 61503 10233 20068 39544 40117 57021 82031==
36546 42999 21805 10260 20023 39630 40115 57027 80001=
36619 42999 40000 10270 20053 80001=
36622 42998 62204 10242 21015 39371 40097 57021 84041=
36639 42984 20000 10269 20048 39549 40091 57022 80001==
36643 42999 60401 10242 20013 39510 40108 57023 80003=
36665 42999 50705 10254 20028 39443 40095 57024 80001=
36666 42999 70506 10219 20124 39667 40115 57027 80001=
36729 42998 23202 10275 20028 39658 40088 57021 80005=
36736 42999 51105 10279 20040 39606 40101 57025 82041=
36744 42998 32103 10281 20036 39693 40095 57023 80001=
36770 42999 00000 10268 20010 39436 40089 57023=
36786 42999 02901 10252 20009 39257 40086 57018=
36796 42998 02701 10240 20056 38989 48498 56014=
36803 42999 01202 10264 20092 39695 40098 57022=
36806 42999 01513 10267 20080 39689 40109 57013 333 91018 91124=
36819 42998 81104 10284 20017 39539 40088 57021 82044=
36821 42984 31302 10285 20060 39655 40093 57020 80002==
36839 42999 03302 10275 20079 39051 40061 57016=
36843 42998 00000 10261 20015 39016 40075 57013=
36846 42999 02304 10239 20003 38590 48490 57010=
36859 42984 00000 10283 20010 39377 40078 57023==
36870 42960 01501 10270 20101 39157 40068 57013==
36874 42999 00501 10276 20028 39382 40080 57016=
36877 42999 03201 10275 20046 39206 40084 57013=
36885 42999 03204 10247 20069 39059 40083 57011=
36889 42999 03602 10115 21027 37104 47131 53001=
36894 42999 00902 10281 20028 39417 40081 57016=
36905 42999 00501 10213 20062 38733 48506 58010=
36911 42999 02502 10272 20162 39203 40083 57002=
36927 42699 21404 10201 20025 38344 48495 57018 82100=
36934 42699 21403 10175 20097 38263 48374 57017 82200=
36953 42999 00501 10204 20058 38198 48508 57011=
36963 42799 11603 10155 21071 37082 48/// 57010 81500=
36974 42998 02703 10244 20084 37976 48487 57016=
36982 42599 52007 10098 21086 36592 47139 57006 82960=
37018 42670 82501 10314 20220 30042 40110 54000 81231==
37031 42/60 60802 10299 20198 39935 40113 57006 82034==
37054 42570 60701 10290 20173 39762 40113 57009 84800==
37061 42/60 20703 10290 20133 39967 40121 57007 82030==
37085 42570 60503 10295 20176 30138 40113 57008 86100==
37171 42770 82703 10268 20217 30093 40110 53002 8255/ 333 83656==
37228 42560 70901 10272 20164 39325 40089 57006 86570==
37235 42/70 60202 10292 20197 39811 40100 57009 8007/==
37472 41940 01304 10274 20226 30129 40109 57008 71000==
38149 42970 00804 10288 20027 30080 40151 58023==
38178 42970 00103 10298 20067 39867 40128 58015==
38262 42970 00903 10282 20080 30074 40149 57011==
38264 42970 00504 10298 21064 30054 40141 57016==
38345 42999 02503 10265 20059 38788 48512 57006=
38353 42998 03202 10276 20041 39277 40099 57008=
38392 42997 00804 10300 20034 30038 40133 57012=
38396 42960 00304 10292 20000 30019 40134 57014==
38403 42960 00502 10315 20086 30023 40133 57008==
38413 42970 03402 10313 21002 39857 40122 53003==
38457 42960 02501 10303 20015 39566 40103 57009==
38462 42984 02305 10276 20013 38734 48492 57012==
38462 42984 02305 10276 20013 38734 48492 57012==
38507 42998 01504 10291 20131 30011 40105 58014=
38545 42998 00201 10321 20070 39956 40115 58015=
38565 12970 03202 10316 20095 39541 40111 58011 60002==
38579 12984 03503 10304 20053 39717 40100 57010 60002==
38583 12960 03602 10312 20084 39812 40105 58012 60002==
38599 42998 00803 10312 21004 39625 40094 57015=
38611 42960 02503 10306 20051 39573 40093 57019==
38613 42999 01803 10297 20046 40084 57011=
38616 42599 12701 10285 20062 39161 40089 56009 81500=
38618 42960 00301 10306 20058 39453 40080 57015==
38647 42998 00908 10339 21107 30049 40088 57013=
38656 42998 00902 10340 21050 30019 40118 57011=
38683 42960 03203 10322 20056 39848 40099 58014==
38687 42997 00204 10325 20056 39893 40107 58011=
38696 12984 02901 10311 20085 39301 40079 58008 60002==
38713 42998 03602 10292 20056 39020 48530 54000=
38750 42597 52703 10310 20267 30137 40111 58006 85100=
38763 42998 00905 10322 21060 30010 40107 58006=
38774 42998 01102 10337 20088 39933 40110 57008=
38799 42997 02903 10350 20046 39891 40100 57016=
38806 42997 02702 10332 20050 39847 40083 58010=
38812 42960 02404 10327 20032 39673 40085 52013==
38836 41999 01802 10323 20132 39169 40013 57022 70500=
38880 42997 01105 10344 20074 39869 40103 57008=
38886 42997 01102 10342 21007 39918 40125 58004=
38895 42996 00000 10326 20077 39848 40112 58015=
38911 42998 00802 10324 20093 39829 40097 57017=
38915 42997 00000 10334 20058 39813 40108 58008=
38927 12960 02002 10330 20056 39744 40086 57022 60002==
38933 42998 01802 10332 20209 39630 40094 58014=
38944 41996 01602 10323 20107 39534 40019 57024 70500=
38954 42999 00000 10291 20061 37907 48430 57028=
38974 42998 00501 10337 21002 39701 40106 58014=
38987 42996 00405 10304 20017 39401 40082 57022=
40100 43970 02409 10299 20212 30110 40125 50001 333 58///=
40180 02660 23004 10312 20182 30065 40111 57004 82100 333 70000==
40199 02/// /0405 10343 20165 30078 40102 57014 333 70000==
40255 46/// /2608 10269 29053 3//// 4//// 5////=
40265 41556 23308 10276 20125 39361 40120 57004 70510 82100 333 82825=
40270 41558 12709 10272 20131 39254 40111 57003 70511 81100 333 81830=
40272 41950 02813 10270 20148 39323 40119 54000 70500=
40296 46/// /3404 10349 29045 4//// 5////=
40310 42960 00000 10284 20189 38950 48434 57002=
40340 42960 00110 10336 20167 30052 40113 57010=
40356 42960 02306 10295 20010 39161 48508 333 59011 555 04410 50081=
40357 42960 03103 10367 20030 39472 40060 333 59011=
40360 42960 03010 10296 20120 39534 40096 333 59014=
40361 42960 02906 10345 20080 39355 40095 333 59008=
40362 42960 03005 10387 20040 39583 40063 333 59005=
40373 42960 03610 10391 20030 39662 40049 333 59002=
40375 42960 00805 10336 20040 39247 40067 333 59019=
40394 42960 01304 10362 20100 39005 48518 333 59001 555 04410 50054=
40394 42960 01304 10362 20100 39005 48518 333 59001 555 04410 50054=
40405 42960 00209 10386 20060 39362 40046 333 59009=
40417 41957 03506 10412 20180 30013 40027 70600 333 58006=
40420 41957 03612 10419 20090 39833 40024 70700 333 58003=
40430 42960 01205 10406 20030 39360 40047 333 59019=
40437 42960 03209 10383 20000 39389 40045 333 59001=
40439 42660 12410 10426 20170 30029 40047 81500 333 59021 81640=
40582 31957 03516 10420 20094 40032 58009 70500 333 55310 00879 10000 22759 31061 41414 51961 63821 55407 41698 90400 91019 91123 91217 91315=
40703 42960 00000 10324 20115 38854 40016 57020 333 70000 555 10195 29028 66666 00292 10280 20286 30284 50282 90260=
40706 42562 12504 10352 20037 38606 49994 58009 81100 333 70000 555 10176 29014 66666 00400 10328 20312 30314 50306 90288=
40712 42960 00802 10335 20083 38629 40011 58011 333 70000 555 10185 29021 66666 00310 10248 20246 30246 50241 90229=
40713 42965 01803 10369 20048 38616 49988 58008 333 70000 555 10185 29014 66666 00297 10288 20292 30290 50283 90260=
40718 42460 10302 10310 20231 30123 40096 57012 81100 222// 0//// 20301 333 70000 81815 555 10255 29063 66666 00348 10300 20302 30296 50288 90266=
40723 42970 09901 10325 21120 38925 40079 58022 333 70000 555 10138 29005 66666 00350 10300 20238 30244 50254 90248=
40726 42960 01805 10368 20019 38616 40011 58006 333 70000 555 10176 29011 66666 00320 10300 20284 30178 50272 90258=
40727 42965 02702 10354 20066 38454 40017 57014 333 70000 555 10185 29017 66666 00376 10278 20259 30263 50256 90232=
40732 42560 50304 10304 20229 30120 40097 58001 85800 333 70000 82825 83627 555 10252 29064 66666 00318 10306 20294 30294 50282 90262=
40736 42860 43404 10316 20244 30122 40098 57008 84070 333 70000 84358 555 10266 29066 66666 00354 10320 20302 30302 50300 90288 77777 00/// 10026 20016 30016 50017 70/// 99///=
40737 42560 43001 10308 20224 30071 40088 57011 83530 333 70000 81827 555 10250 29061 66666 00300 10282 20272 30272 50264 90257 77777 00014 10005 20013 30020 50023 70/// 99026=
40738 41657 22705 10334 20222 30102 40104 57012 70510 82100 333 70000 82835 555 10257 29052 66666 00330 10338 20304 30302 50294 90276=
40739 42965 00000 10324 21026 38679 40071 57008 333 70000 555 10150 29010 66666 00332 10354 20286 30288 50282 90279=
40741 42960 00000 10346 21007 39788 40103 57020 333 70000 555 10171 29011 66666 00384 10325 20296 30308 50321 90320=
40743 42970 01003 10354 21210 39025 40058 57021 333 70000 555 10144 29002 66666 00388 10329 20301 30315 50322 90319=
40745 42962 01305 10315 20018 39018 40100 57017 333 70000 555 10160 29015 66666 00362 10294 20250 30262 50268 90275=
40747 42960 02203 10360 21035 38601 40019 57021 333 70000 555 10162 29008 66666 00402 10304 20297 30308 50304 90293=
40754 42663 19903 10345 21063 38800 40044 58014 81100 333 70000 81840 555 10153 29007=
40762 42965 01304 10324 21156 38533 40044 58017 333 70000 555 10130 29004 66666 00390 10300 20256 30268 50278 90276=
40766 42960 02604 10368 21052 38656 40017 58012 333 70000 555 10162 29007 66666 00420 10334 20300 30302 50300 90282=
40768 42960 03202 10312 21035 38250 40034 57015 333 70000 555 10140 29010 66666 00340 10298 20274 30286 50288 90282=
40769 42960 00602 10322 21001 38300 40029 57010 333 70000 555 10152 29013 66666 00390 10320 20296 30300 50304 90294=
40780 42960 02503 10365 20057 38657 40035 58003 333 70000 555 10187 29015 66666 00404 10340 20330 30330 50322 90308=
40782 42965 02802 10386 20029 38814 40015 57016 333 70000 555 10187 29011 66666 00372 10320 20302 30302 50314 90292=
40785 42960 00904 10381 21145 39033 40044 57020 333 70000 555 10159 29003 66666 00430 10374 20352 30360 50374 90384 77777 00/// 10000 20/// 30/// 50/// 70/// 99///=
40791 42970 02902 10372 21241 39278 40038 57019 333 70000 555 10151 29001 66666 00388 10364 20332 30340 50356 90358=
40792 42965 02504 10328 21180 38682 40038 57018 333 70000 555 10132 29003 66666 00330 10334 20294 30308 50334 90316=
40798 42960 01402 10311 21160 37977 40056 57016 333 70000 555 10119 29004 66666 00411 10307 20253 30264 50269 90259=
40800 42960 01502 10347 21061 38457 40054 57017 333 70000 555 10151 29007 66666 00446 10348 20304 30316 50300 90300=
40809 42965 03103 10344 21217 38459 40022 57017 333 70000 555 10134 29002 66666 00378 10332 20290 30302 50306 90302=
40811 41958 02303 10418 20142 39993 40017 58009 70500 333 70000 555 10242 29020 66666 00438 10380 20370 30382 50388 90382=
40812 42960 01903 10426 20131 39668 40011 57007 333 70000 555 10238 29018 66666 00470 10430 20402 30404 50402 90390=
40818 42965 00000 10289 21252 37989 40043 57014 333 70000 555 10104 29002 66666 00152 10274 20290 30296 50310 90302=
40821 42980 03203 10336 21178 38761 40050 57016 333 70000 555 10136 29003 66666 00386 10348 20329 30340 50347 90354=
40829 42960 03410 10355 21019 39507 40039 57024 333 70000 555 10170 29009 66666 00388 10342 20320 30320 50318 90302=
40831 42960 03007 10424 20123 30019 40026 58008 333 70000 555 10237 29017 66666 00456 10396 20380 30382 50378 90370=
40833 42960 01604 10420 20226 30008 40038 58005 333 70000 555 10282 29033 66666 00414 10378 20376 30382 50388 90370=
40835 42960 00000 10411 20060 39252 40019 57011 333 70000 555 10207 29012 66666 00426 10386 20358 30360 50360 90350=
40841 42960 00402 10303 21113 38232 40026 57019 333 70000 555 10124 29006 66666 00285 10280 20278 30286 50300 90292=
40845 41958 01604 10357 20292 30026 40031 58005 70500 333 70000 555 10308 29069 66666 00402 10410 20386 30380 50374 90366=
40848 42962 01602 10342 21023 38498 40016 57013 333 70000 555 10156=
40851 42960 03406 10318 21078 38249 40014 57013 333 70000 555 10135 29007 66666 00418 10326 20298 30314 50322 90324=
40854 42960 00604 10364 21121 38891 40005 57019 333 70000 555 10153 29004 66666 00454 10372 20354 30356 50344 90340=
40856 41958 00403 10346 21008 38594 40013 57020 70500 333 70000 555 10162 29010 66666 00434 10342 20296 30306 50318 90314=
40859 42960 00000 10358 21043 38665 40024 58015 333 70000 555 10160 29008 66666 00402 10314 20282 30282 50296 90295=
40875 41557 11106 10348 20260 30033 40043 58017 70510 81100 333 70000 81830 555 10284 29060 66666 00426 10376 20368 30368 50375 90372=
40879 42960 02002 10396 21005 39387 40017 58023 333 70000 555 10187 29008 66666 00450 10416 20386 30394 50404 90400=
40882 41958 01306 10358 20265 30003 40036 58009 70500 333 70000 555 10290 29059 66666 00432 10396 20390 30388 50376 90364=
40883 41957 01802 10358 20262 30016 40037 58015 70500 333 70000 555 10288 29058 66666 00448 10409 20377 30386 50386 90377=
40893 41958 01705 10313 20255 30035 40041 58018 70500 333 70000 555 10271 29071 66666 00362 10367 20363 30364 50369 90368=
40898 41958 01704 10322 20260 30022 40031 58020 70500 222// 00304 20801 333 70000 555 10277 29070 66666 00444 10410 20366 30370 50380 90374=
41024 42960 02812 10379 20260 30026 40050 333 59020=
41036 42560 20910 10334 20040 38556 48508 82800 333 59011 82830 555 04410 50058=
41055 42560 20707 10320 21010 38359 48500 82400 333 59010 82630 555 04410 50052=
41061 42960 00406 10410 20000 39361 40019 333 59010=
41084 42560 10708 10368 21010 38819 48489 81100 333 59011 81830 555 04410 50019=
41112 42560 20610 10295 20010 37947 48497 82100 333 59008 82820 555 04410 50029=
41114 42560 20610 10287 21020 37978 48489 82200 333 59009 82822 555 04410 50007=
41128 42560 13604 10357 20000 38774 48493 81100 333 59006 81830 555 04410 50032=
41136 42960 00110 10399 20040 39250 40010 333 59006=
41140 41558 12110 10352 20270 30044 40052 70500 81100 333 59024 81830=
41150 42962 00708 10366 20264 40034 333 58005=
41176 44/56 /0906 10359 20261 30021 40027 333 58005=
41184 42960 01410 10416 20133 40031 333 58008=
41194 42960 01604 10408 20192 30022 40027 333 58008=
41196 42960 09902 10404 20169 39994 40032 333 58009=
41216 42960 01507 10402 20181 30022 40026 333 58008=
41217 42960 01908 10405 20184 39996 40023 333 58010=
41246 32960 00809 10329 20280 30039 41037 333 5////=
41253 36/// /0108 10371 20207 39681 40021 333 0E030 55300 25022 58007=
41255 32960 01204 10361 20208 39521 41006 333 58010=
41258 36/// /1017 10290 20254 30031 40035 333 0E/// 55310 23261 58002=
41263 36/// /1504 10361 20204 39464 49992 333 0E028 55300 23524 58008=
41267 36/// /0508 10297 20263 30034 40046 333 0E028 59001=
41275 36/// /0810 10364 20211 39880 40039 333 0E027 55300 23504 58004=
41288 32660 62402 10288 20248 30032 40053 86500 333 58017 86640=
41315 26/70 /0000 10256 20231 39239 47278 333 0E025 55300 27865 58007 70002=
41316 31457 82011 10271 20250 30018 40047 70522 886// 333 58007 55407 55408 55507 55508 84710 88620=
41396 41558 23502 10402 20130 39326 49994 70600 81130 333 58002 81830=
41480 41440 12419 10339 20263 30037 40045 70644 81530 333 58004 81618=
41506 12460 21804 10330 20084 38428 48220 60001 82100 333 56800 59025==
41508 12460 22701 10306 20178 38605 48850 60001 82200 333 56800 59031==
41515 12460 22303 10312 20156 38488 48510 60001 82200 333 56800 59018==
41523 22697 22706 10315 20190 39020 48476 82400 333 56900 59033 60007 82840=
41535 12440 81301 10285 20205 38662 48430 60001 8392/ 333 5688/ 59036==
41536 12460 31801 10325 20302 38970 48770 60001 83200 333 56800 59031==
41571 11640 42704 10320 20221 39472 40020 60001 70511 84800 333 56800 59040==
41598 21696 41802 10335 20259 39760 40015 70411 83420 333 56990 59040 60007 83835=
41600 11440 73101 10320 20265 30000 40022 60001 70422 84570 333 56880 59029==
41620 32696 41802 10315 20172 38514 48419 84500 333 56900 59022 60007 84640=
41624 22997 31304 10340 20257 40020 83020 333 56090 59041 60007 83460=
41630 11440 43102 10335 20251 30000 40028 60001 70400 84400 333 56800 59033==
41640 21696 80000 10320 20250 39792 40029 70422 8352/ 333 5699/ 59017 60007 83640 88460=
41660 21996 02310 10310 20067 38387 48469 70500 333 59005 60007=
41678 11940 40000 10320 20234 30000 40036 60001 70500 84020 333 56080 58000==
41696 12940 00000 10260 20154 37983 48740 60001 333 59004==
41697 12960 01802 10375 20258 30000 40022 60001 333 59011==
41700 11440 50502 10350 20253 30000 40011 60001 70420 85500 333 56800 59012==
41710 11940 01301 10390 21040 30000 49972 60001 70600 333 59005==
41712 21996 31306 10385 20017 39114 48472 70600 83500 333 56900 59005 60007 83640=
41715 21996 00000 10350 20276 40025 70500 333 59009 60007=
41718 11440 30000 10345 20270 30000 40018 60001 70400 83500 333 56800 59010==
41725 12940 30502 10350 20261 30000 40031 60001 83030 333 56080 58003==
41739 11940 22703 10350 20104 38976 48690 60001 70500 82030 333 56080 58007==
41744 12440 40000 10305 20065 38734 48730 60001 83520 333 56880 58000==
41749 12440 43602 10350 20268 30000 40040 60001 84500 333 56800 58013==
41756 21996 31806 10320 20250 40061 70504 83030 333 56090 58014 60007 83358=
41759 11940 22303 10335 20244 30000 40055 60001 70500 82030 333 56080 58008==
41764 22696 70000 10335 20244 39984 40032 84810 333 56990 59008 60007 84835 84360=
41768 22596 70000 10310 20276 30025 40032 83630 333 56990 59009 60007 83720 85360=
41780 21696 32710 10340 20241 30012 40038 70400 83500 333 56900 58003 60007 83600=
41785 12460 62701 10320 20265 30036 40049 60001 83630 333 56880 58001==
41859 42450 52702 10342 20250 39973 40010 84470 333 59046 82618 82825 85362==
41883 01450 80000 10300 20260 39995 40015 70292 8452/ 333 59040 70000 84618 88458==
41891 01445 81202 10319 20270 39981 40018 70522 8532/ 333 59032 70248 82710 83615 88458 81930==
41907 01350 81304 10320 20270 39998 40012 71722 8692/ 333 59035 70000 85709 88458 81930==
41923 02456 51802 10347 20250 30003 40013 84430 333 59040 70000 82615 83824==
41936 01230 51903 10340 20280 30006 40013 70522 82830 333 59023 70050 82615 84362==
41950 02450 60000 10350 20250 30010 40012 85430 333 59026 70024 84617==
41978 02559 52512 10330 20270 30012 40018 82102 333 59031 70000 82828 83080==
41992 01440 42103 10328 20260 30024 40026 70521 83530 333 59027 70000 83615 84362==
42001 04081 99259 70897 46/// /1405 10294 20280 30103 40106 90830 22200 00302 333 91207 555 11058 22061 8//06 90829=
42027 32596 40901 10277 20174 38357 48434 84200 333 59046=
42044 32596 20501 10272 20171 38230 48451 82200 333 59042=
42045 32596 41402 10274 20160 38268 48383 84400 333 59037=
42056 32696 52302 10316 20248 39599 82230 333 59030 82835 83358=
42071 32596 53203 10334 20302 40025 85800 333 59024 84630 81835=
42101 22596 60501 10284 20262 40031 84430 333 59024 6004/ 83830 81635 85359=
42111 21495 80000 10254 20243 39333 40010 76196 8572/ 333 59025 6009/ 83712 84616 85830 88456=
42123 32596 60000 10328 20258 40018 84430 333 59021 83630 84835 86360=
42165 32696 70000 10314 20261 40013 87500 333 59015 87635=
42182 21595 82304 10248 20248 40035 79596 8592/ 333 58001 6007/ 84630 81935 88459=
42189 21595 80000 10268 20257 40031 79522 8592/ 333 59005 6003/ 84620 81925 88458=
42260 32596 62703 10348 20318 40005 83530 333 59020=
42309 21496 60203 10304 20268 40010 71022 84430 333 59017 6002/=
42314 21496 60203 10304 20268 40012 71062 84530 333 59013 6992/ 84618 86360=
42328 21495 80000 10294 20251 40008 75052 8572/ 333 59003 6990/ 83715 85630 88458=
42339 21595 80000 10266 20257 40028 75062 8352/ 333 59008 6090/ 83630 88458=
42348 21495 83203 10306 20258 40019 71022 8632/ 333 59014 6990/ 82715 83625 81935 88459=
42361 31596 70000 10330 20281 40027 70522 85430 333 59018 83620 85825 87360=
42369 31596 50000 10366 20279 49998 70522 85800 333 59032 82620 83825=
42379 31495 60000 10334 20274 40003 70522 84830 333 59029 84618 81825 86360=
42410 31496 50000 10340 20256 40011 70522 83330 333 59049 83618 91925 84360=
42415 32996 50000 10340 20265 40018 82032 333 59023 82360 83075=
42452 21595 80903 10270 20253 40013 71062 8452/ 333 59005 6002/=
42492 21494 80902 10268 20268 40010 79596 8533/ 333 5629/ 57921 59025 6012/ 81710 84618 81930 87359=
42559 32596 62702 10320 20258 49990 86400 333 59017 82620 84825=
42571 32596 51801 10338 20241 49993 85800 333 59026 82625 83830=
42591 31496 42005 10360 20263 40000 70510 84400 333 59031 83618 83825=
42623 31496 63201 10296 20234 39172 40004 70521 84530 333 59023 84618 86360=
42634 22596 62902 10306 20243 40049 84530 333 59005 6992/ 84620 85358=
42647 21495 82906 10274 20248 40047 76165 8472/ 333 5669/ 58008 6002/ 83712 83618 88458=
42667 32596 72306 10310 20252 39442 40007 83930 333 59011 83620 83825 81930 85360=
42675 32596 53203 10330 20245 49996 85800 333 59019 82620 84830=
42701 31496 51605 10314 20288 39299 49993 71022 84830 333 59030 83618 83825=
42724 31496 72702 10350 20270 40009 70522 85330 333 59040 83618 84825 81930 85360=
42737 21595 62706 10294 20275 40046 70562 83530 333 59002 6005/ 83620 84358=
42754 32496 72908 10276 20231 39406 40023 85830 333 58006 83618 83825 85360=
42779 32495 70000 10318 20246 39331 49998 84610 333 59029 82712 84620 87458=
42798 21495 61108 10300 20261 40004 79596 86300 333 57920 59027 6992/ 83615 84825 81930=
42809 31595 62502 10341 20262 40012 71792 85230 333 57960 59025 82620 84825 81930 84360=
42840 32596 62302 10310 20260 40054 84830 333 58007 82620 83825 85360=
42867 31496 82902 10326 20256 40012 70522 85820 333 59015 84618 87458=
42874 32596 62303 10320 20261 39675 40000 86800 333 59027 83620 85825=
42886 32596 41404 10338 20251 40006 84400 333 59029 83620 84825=
42895 32596 31402 10328 20258 40016 82530 333 59029 82620=
42909 32596 42506 10306 20273 40051 83800 222// 20000 333 58002 81620 83825=
42971 31496 51602 10338 20257 40018 70522 84330 333 57972 59029 83618 81930 84360=
43003 21495 82504 10304 20247 40064 75122 8672/ 333 58012 6990/ 82710 84616 86456=
43014 31596 72508 10290 20234 39404 40033 70542 85830 333 58009 83620 83825 85360=
43041 32596 50000 10314 20233 39403 49994 85800 333 59024 83620 85825=
43063 32597 72708 10290 20218 39440 40048 87700 333 56600 58003 81722 85626=
43086 22597 73202 10296 20273 39842 40016 83531 333 59009 6998/=
43110 21496 72908 10296 20254 40077 70162 86830 333 56690 58007 6006/ 82618 85822=
43117 32597 72302 10314 20262 40044 85630 333 58014=
43128 31496 82903 10276 20227 39440 40033 70522 8472/ 333 56699 59004 81710 83615 88458=
43150 21596 80000 10310 20268 39953 40014 70552 8457/ 333 59029 6990/ 84618 88458=
43185 21596 82702 10280 20260 30017 40020 75065 8482/ 333 59016 6002/ 83620 86458=
43189 21597 80000 10274 20254 30002 40011 70265 8381/ 333 59035 6014/=
43192 21596 62705 10312 20271 40077 70250 82732 333 58005 6992/=
43198 21396 72712 10266 20214 39249 40056 70262 85631 333 56699 58002 6992/ 84707 84612 85358=
43201 32497 62306 10290 20218 39330 40036 84830 333 58005 82612 83818 85358=
43213 32597 82303 10296 20241 39724 40034 8487/ 333 58006=
43233 32497 62710 10280 20229 39266 40065 83631 333 56699 58003=
43237 32497 72908 10314 20219 39644 40024 82878 333 56699 58006 81615 85360=
43245 21597 82703 10276 20253 30021 40047 76165 8487/ 333 58006 6001/=
43279 32597 73206 10344 20238 30033 40050 84831 333 57812 59004 83620 81825 85070=
43295 32497 62708 10276 20164 39064 48485 84831 333 56699 59003 83612 83818=
43314 32597 52302 10330 20263 40087 82401 333 59005=
43321 31496 62315 10318 20218 39619 40053 70522 83232 333 59004 82612 85270=
43329 32597 82704 10312 20256 30040 40053 81532 333 58004=
43333 21496 72708 10290 20244 40057 70522 85431 333 56599 59026 6990/ 83618 84820 86360=
43353 32396 43208 10298 20250 40087 81520 333 56790 59007 81608 83612=
43369 32597 63206 10312 20268 40093 84405 333 59003 84620=
43371 32497 53206 10312 20250 30013 40084 83332 333 56799 57921 59014 83617 82925=
43404 22470 62103 10314 20263 30053 40056 56030 86000 333 553// 20241 59007 60008 91006 555 60008==
43410 22470 7//// 10249 20209 30052 40055 57031 83000 333 59010 60008==
43413 22470 52106 10302 20251 30063 40067 5/029 85130 333 553// 20419 59010 60008 91009==
43415 22470 52701 10350 20249 39965 40073 56030 85000 333 59009 60008 555 60008==
43418 22470 61803 10354 20220 30020 40061 56024 84000 333 59010 60008 555 60008==
43421 22470 62603 10322 20231 39966 40069 57024 84000 333 553// 20243 59009 60008 91008==
43422 22470 72704 10326 20247 39941 40072 57022 87130 333 59007 60008 555 60008==
43424 22470 42105 10310 20254 30076 40078 57024 84200 333 59007 60008 555 60008==
43436 22470 70502 10318 20250 30060 40063 57023 85000 333 59007 60008 81920 555 60008==
43441 21460 81601 10254 20245 39955 40088 56013 76086 88000 333 59004 60108 555 60118==
43444 21470 83602 10236 20219 39563 40095 53012 78082 88000 333 59007 60038 555 60038==
43450 21459 72702 10288 20253 30091 40103 57011 70382 85000 333 58004 60018 555 60018==
43466 22470 62602 10290 20234 30082 40090 5/021 86000 333 553// 20140 59010 60008 91005==
43467 22/58 72505 10310 20255 30085 40091 57021 333 59009 60008 85816 83918 555 69938==
43473 21262 82806 10174 20172 38113 48476 53018 70285 88000 333 553// 20184 59008 60008 91011 555 60008==
43475 22570 61201 10338 20262 30057 40061 57028 81000 333 553// 20511 59005 60008 91004 555 60008==
43476 22470 73204 10254 20179 38756 48506 57015 85000 333 59005 60008 555 60008==
43479 21/70 72903 10276 20207 39232 57019 71722 87/4/ 333 59008 60008 84/16 555 60008==
43486 21460 80103 10260 20260 39989 40089 57019 78082 88220 333 553// 20220 59013 60038 91007==
43495 21570 82703 10288 20249 30073 40086 57020 70282 85000 333 59009 60018 555 60018==
43497 22470 82304 10293 20000 30055 40072 5/022 85000 333 553// 20273 59012 60008 91007==
44212 42584 60203 10196 21004 39060 40111 57014 83108==
44213 42684 52405 10200 21058 38750 40099 57011 83204==
44214 42/70 22907 10184 21068 38258 40093 57015 82040==
44215 42/70 43002 10184 21087 38386 40101 57016 81044==
44217 32998 22302 10146 21042 37871 40151 57009 82040 333 91204=
44218 42684 12204 10233 21090 38572 40078 57017 81100==
44219 32999 02902 10206 21045 38604 40113 57014 333 91206=
44265 42984 02603 10212 21035 38834 40138 57024==
44266 32999 02903 10165 21106 37793 40118 57010 333 91205=
48010 42560 63201 10330 20283 39853 40000 83870 333 59039==
48020 42358 61801 10345 20268 84970==
48025 42458 60000 10310 20282 39882 40017 59046 84320==
48031 42257 61801 10260 20215 86800==
48048 42558 71801 10335 20288 39962 40015 85950 333 59032==
48052 32458 50000 10355 20264 85700 333 56900=
48062 42558 52305 10320 20265 30017 40023 84930 333 59045==
48064 42458 50901 10332 20244 39960 40015 84801 333 59018==
48071 41456 82304 10286 20274 30031 40040 72992 8697/ 333 59013==
48094 41458 72202 10297 20270 30026 40036 70366 84970 333 59020==
48109 42460 72304 10293 20248 30043 40046 85970 333 59035==
50557 14/80 /0304 10206 20092 39731 40012 52019 60001 333 10256 20156 3/015 59034 70000 90761 91111==
51076 14/80 /1801 10212 20025 39325 40170 57020 60001 333 10215 20075 3/006 59044 70000 90761 91105==
51087 14/76 /2604 10217 21003 39186 40168 57019 60001 333 10220 20065 3/005 59042 70000 90761 91107==
51156 14/80 /1805 10182 20004 38692 40167 57013 60001 333 10185 20048 3/004 59044 70000 90761 91111==
51243 14/80 /1002 10234 20023 39629 40152 57024 60001 333 10236 20119 3/011 59062 70000 90761 91107==
51334 14/80 /3202 10255 20046 39753 40139 57023 60001 333 10255 20080 3/008 59080 70000 90761 91105==
51379 14/80 /0202 10254 21031 39243 40150 57024 60001 333 10254 20038 3/003 59085 70000 90761 91107==
51463 14/80 /3504 10232 20003 39003 40135 57016 60001 333 10232 20103 3/005 59088 70000 90761 91107==
51573 14/80 /1602 10298 20022 30100 40147 57037 60001 333 10300 20171 3/014 59008 70000 90761 91107==
51644 14/75 /3101 10199 20145 38965 40169 57022 60011 70065 333 10224 20148 3/015 58009 70013 90761 91104==
51656 14/80 /2603 10206 20133 39160 40181 57025 60001 333 10206 20102 3/007 59007 70001 90761 91107==
51709 14/63 /1703 10238 20079 38642 40134 57022 60001 333 10260 20158 3/015 58017 70000 90761 91107==
51711 14/59 /0603 10146 20116 38046 40107 57011 60011 76200 333 10217 20114 3/011 58009 70014 90761 91108==
51716 14/71 /1002 10243 20106 38920 40148 57023 60001 333 10247 20157 3/016 58006 70000 90761 91104==
51765 14/80 /3202 10238 20066 39216 40172 57023 60001 333 10240 20099 3/009 59011 70005 90761 91105==
51811 14/75 /1201 10247 20113 38799 40142 57019 60001 333 10278 20145 3/013 58018 70000 90761 91104==
51818 14/69 /0602 10228 20115 38654 40141 57019 60001 333 10253 20150 3/015 58011 70000 90761 91105==
51828 14/62 /0102 10219 20133 38654 40150 57017 60001 333 10219 20141 3/014 58005 70000 90761 91105==
51886 14/80 /1305 10198 21025 37146 40041 57019 60001 333 10206 20091 3/008 58023 70000 90761 91109==
52203 14/78 /3102 10230 20030 39325 40177 57024 60001 333 10233 20089 3/007 58018 70000 90761 91107==
52602 14/80 /2809 10164 21042 37293 40084 57016 60001 333 10244 20076 3/009 58052 70000 90761 91118==
52681 14/79 /2903 10138 20113 38685 40205 57001 69941 76000 333 10258 20110 3/012 58125 70197 90761 91112==
52818 14/80 /2703 10146 20040 37285 40104 57015 60001 333 10206 20105 3/010 58066 70016 90761 91111==
52908 14/80 /0708 10092 20042 35826 40000 57011 60001 333 10130 20046 3/005 58009 70019 90761 91110==
53463 14/69 /3404 10158 20142 38836 40107 52022 60071 76200 333 10208 20158 3/016 58038 70340 90761 91116==
54857 14/80 /1803 10263 20213 39971 40060 57007 60001 333 10276 20238 3/023 59038 70000 90761 91108==
55228 14/80 /2605 10189 21027 36041 49850 57022 60001 333 10201 20103 3/008 59027 70000 90761 91110==
55299 14/80 /1603 10127 20058 35883 49934 57022 60031 333 10153 20065 3/006 59016 70064 90761 91107==
55578 14/80 /0503 10223 20034 36368 49851 57032 60001 333 10231 20132 3/014 59021 70000 90761 91107==
55591 14/80 /2501 10254 20034 36503 49813 57030 60001 333 10262 20158 3/013 59028 70000 90761 91108==
55664 14/80 /1802 10187 20021 36018 49879 57027 60001 333 10211 20074 3/009 59022 70000 90761 91107==
55773 14/80 /1207 10115 20054 36043 40002 57015 60001 333 10131 20031 3/001 59026 70008 90761 91113==
56004 14/80 /0305 10131 20053 35868 49938 57014 60001 333 10149 20058 3/006 59008 70056 90761 91109==
56018 14/80 /1201 10153 20047 36205 49942 57012 60001 333 10182 20074 3/008 59015 70107 90761 91110==
56116 14/80 /1804 10137 20077 36362 49978 57012 60001 333 10227 20091 3/010 58007 70121 90761 91107==
56312 14/80 /1304 10238 20086 37053 49909 57028 60001 333 10246 20153 3/015 59031 70000 90761 91109==
57494 14/66 /3601 10377 20248 39994 40022 57013 60001 333 10380 20266 3/028 59031 70000 90761 91105==
58847 14/80 /0805 10317 20190 39941 40037 57006 60001 333 10342 20265 3/025 59021 70000 90761 91109==
63330 42580 22802 10234 20138 37799 40999 82100 333 59012 82823=
63331 42580 30000 10220 20176 38112 40250 83200 333 59003 83826=
63332 42580 22302 10238 20164 38233 40103 82100 333 58000 82825=
63333 42580 40902 10268 20168 38163 40175 82130 333 59009 82826 83358=
63340 42580 32402 10208 20163 37964 40191 83200 333 59010 83824=
63402 42580 60000 10220 20160 83270 333 83827 85360=
63403 42580 61602 10196 20163 82130 333 82823 85360=
63451 41375 31802 10244 20184 38155 40077 70500 83800 333 59006 81708 82826=
63453 42580 32302 10292 20191 39069 40296 83100 333 59006 83825=
63460 42580 62704 10220 20160 86800 333 82824 84625=
63471 42580 21603 10300 20187 38853 40085 82100 333 59004 82830=
63474 42580 50904 10198 20134 37608 4//// 85800 333 59007 82823 83625=
63478 42580 22409 10324 20173 39811 40130 82100 333 58000 82829=
63500 42580 51702 10270 20168 82550 333 82621 83360=
