SMPK OPKC 110000=
41504 02995 02302 10140 20066 37815 48443 60002 333 58025 60007 61%=
41505 12595 82702 10180 20049 38/// 48/// 60001 83520 333 56990 58/// 83640 88460 42%=
41506 02995 00000 10180 20149 38447 48444 60002 333 59001 60007 82%=
41507 02996 00000 10220 20190 39167 49667 69922 72196 333 59006 69927 83%=
41508 02996 00000 10164 20131 38599 48473 60002 333 59001 60007 80%=
41509 02696 60000 10215 20159 38674 48425 60002 82520 333 56990 59021 60007 82640 84460 71%=
41510 02996 00000 10135 20118 37883 48471 69932 333 59001 60007 90%=
41515 02696 30000 10204 20120 38491 48455 60002 83500 333 56900 58006 60007 83650 58%=
41516 02696 50908 10245 20045 38473 48432 60002 82530 333 56990 58012 60007 82640 83360 27%=
41517 11696 40000 10170 20081 37760 48450 60002 70400 82530 333 56990 58006 82635 56%=
41518 02696 71802 10233 20062 38/// 48/// 60002 83520 333 56990 5//// 60007 83640 85462 34%=
41519 02696 30000 10270 20099 38681 48434 60002 83500 333 56900 58004 60007 83640 34%=
41520 02695 33602 10145 20061 37605 48209 60002 82530 333 56990 58002 60007 82640 51362 57%=
41523 01696 60000 10210 20195 39016 48453 60032 72996 83520 333 56990 58010 60037 83640 82460 91%=
41524 02696 60000 10230 20193 39273 40107 60022 82520 333 56990 58021 60007 82635 84460 79%=
41525 01696 30000 10140 20123 37655 48348 60022 72996 83500 333 56900 59011 60027 83640 90%=
41528 02996 00000 10200 20185 39122 48431 60002 333 59025 60007 91%=
41529 02996 33102 10260 20207 39662 40028 60002 83030 333 56090 58012 60007 83360 73%=
41530 016// 72308 10260 20207 39632 40030 60002 70522 84330 333 56990 58017 60007 81830 84840 73%=
41535 02696 83102 10210 20187 38666 48443 60002 8563/ 333 5699/ 58034 60007 85835 86460 87%=
41536 02996 00000 10200 20169 38971 48457 60002 333 58020 60007 82%=
41560 02996 00000 10180 20123 38242 48461 60002 333 58016 60007 69%=
41562 02996 30000 10275 20224 39556 40000 60002 83020 333 56090 59001 60007 83460 74%=
41567 01696 80000 10260 20231 39621 40023 69902 79596 8292/ 333 56990 58012 69907 82930 82640 88460 84%=
41571 01696 70518 10250 20214 39472 40033 69902 79596 85930 333 56990 58010 69907 80%=
41572 01596 53616 10260 20232 39405 40003 60002 71790 84910 333 56990 58007 60007 81930 83640 85460 88%=
41573 02997 01304 10150 20107 37942 48454 60002 333 58002 60007 76%=
41574 02997 00000 10125 20116 38312 48489 60002 333 58009 60007 95%=
41576 01996 13104 10260 20231 40042 60002 70400 81030 333 56090 58017 60007 81360 84%=
41577 01696 70502 10235 20221 39438 40033 60022 76021 83520 333 56990 58006 60027 83640 85460 92%=
41593 01996 00000 10275 20254 39801 40006 60002 70400 333 58002 60007 88%=
41597 01996 30000 10270 20256 39747 40030 60002 70411 83030 333 56090 58012 60007 83362 92=
41599 01696 30000 10270 20241 39739 40018 60002 70412 83400 333 56900 58008 60007 83640 84%=
41600 01996 00502 10265 20251 39729 40013 60002 70400 333 58014 60007 92%=
41620 32996 03602 10235 20182 38508 48413 60002 333 58001 60007 72%=
41624 01996 00502 10270 20218 39809 40001 60002 70400 333 58010 60007 73%=
41630 01996 20000 10275 20249 40016 60002 70400 82030 333 56090 58005 60007 82360 88%=
41633 02997 00000 10270 20249 4//// 60002 333 5//// 60007 88%=
41634 02997 00000 10250 20229 3//// 4//// 60002 333 5//// 60007 88%=
41635 01996 00502 10265 20236 3//// 4//// 60002 70400 333 5//// 60007 84%=
41636 01996 30000 10275 20247 39828 40006 69902 70422 83030 333 56090 59001 60007 83360 85%=
41638 01996 40000 10285 20250 4//// 60002 70400 84030 333 56090 5//// 60007 84360 81%=
41639 01996 32702 10260 20246 3//// 4//// 60002 70420 83030 333 56090 5//// 60007 83360 92%=
41640 01696 20000 10265 20251 39774 40013 60002 70400 82500 333 56900 58008 60007 82640 92%=
41641 01996 20000 10265 20244 39754 40018 60002 70400 82030 333 56090 58005 60007 82360 88%=
41642 01996 30000 10250 20235 3//// 4//// 60002 70400 83030 333 56090 5//// 60007 83460 92%=
41643 01696 60000 10250 20235 39743 40011 60002 70421 83470 333 56990 58003 60007 83640 89460 92%=
41644 01996 20000 10250 20235 4//// 60002 70400 82030 333 56090 5//// 60007 82362 92%=
41646 01996 00000 10270 20241 39818 40024 60002 70400 333 58009 60007 84%=
41652 01996 20504 10275 20224 39836 40008 60002 70400 82020 333 58011 60007 82460 74%=
41660 019// 02304 10165 21003 38379 48467 60002 70500 333 59001 60007 33%=
41661 01995 00000 10150 20056 38339 48465 60002 70540 333 58017 60007 53%=
41669 01996 00000 10270 20226 3//// 4//// 60002 70400 333 5//// 60007 77%=
41670 01996 00000 10275 20239 3//// 4//// 60002 70400 333 5//// 60007 81%=
41674 01996 00000 10290 20262 3//// 4//// 60002 70400 333 5//// 60007 85%=
41675 01996 00000 10295 20260 39861 49998 60002 70400 333 58010 60007 82%=
41676 01996 00000 10285 20250 39882 40032 60002 70400 333 58013 60007 81%=
41677 01996 00000 10270 20256 39829 49990 60002 70400 333 58002 60007 92%=
41678 01996 00000 10285 20219 40000 60002 70500 333 58015 60007 67%=
41679 01996 00000 10270 20249 4//// 60002 70400 333 5//// 60007 88%=
41680 01996 00504 10275 20254 39819 40009 60002 70400 333 58005 60007 88%=
41685 02697 20000 10240 20203 38834 48433 60022 82500 333 56900 58012 60007 82635 80%=
41696 02996 00000 10150 20031 37982 48490 60002 333 59020 60007 45%=
41697 02996 00000 10280 20252 39829 49978 60002 333 59004 60007 85%=
41700 01996 00000 10300 20258 39858 49977 60002 70400 333 58001 60007 78%=
41701 01996 00000 10270 20241 39861 49999 60002 70400 333 58003 60007 84%=
41710 11996 03108 10225 21083 39276 40026 60002 70600 333 58004 12%=
41712 12996 00000 10220 20015 39127 48461 60002 333 58004 26%=
41715 01996 00000 10295 20560 39930 49993 60002 70500 333 59001 60007 82%=
41716 01996 00000 10280 20252 39903 40003 60002 70400 333 58000 60007 85%=
41718 01996 00000 10285 20242 39883 49981 60002 70400 333 58000 60007 78%=
41724 01996 00000 10290 20248 39936 40012 60002 70500 333 58001 60007 78%=
41725 12996 00000 10300 20258 39920 49996 60002 333 58010 78%=
41726 02996 00000 10290 20262 39936 40005 60002 333 59009 60007 85%=
41738 02996 00000 10270 20226 39837 40011 60002 333 59003 60007 77%=
41739 02996 03104 10235 21029 38990 48463 60002 333 58001 60007 17%=
41742 12996 00000 10285 20250 39922 40022 60002 333 58005 81%=
41743 01996 00000 10270 20226 60002 70500 333 60007 77%=
41744 12996 00000 10230 20062 38693 48426 60002 333 59006 34%=
41745 01995 01302 10255 20233 60002 70500 333 60007 88%=
41746 02996 00000 10270 20256 49995 60002 333 58007 60007 92%=
41747 02996 00000 10295 20245 39923 49980 60002 333 59004 60007 75%=
41748 02996 01804 10290 20232 39929 49990 60002 333 58001 60007 71%=
41749 02996 01306 10270 20241 39965 49998 60002 333 58000 60007 84%=
41756 01494 60000 10255 20241 39952 40016 60002 71000 86600 333 56900 59007 60007 86715 92%=
41757 11995 00000 10275 20254 39999 40011 60002 70400 333 59002 88%=
41759 01995 00000 10250 20220 39994 40000 60002 71011 333 59015 60007 84%=
41764 02996 02110 10265 20244 39958 40007 60002 333 58006 60007 88%=
41765 01996 02304 10265 20236 39971 40006 60002 71000 333 58004 60007 84%=
41766 21696 02308 10250 20228 39960 49990 70400 333 59014 60007 88%=
41767 02996 0//// 10255 20233 60002 333 60007 88%=
41768 02996 02304 10270 20256 39999 40006 60002 333 59002 60007 92%=
41780 01696 52906 10285 20250 39987 40014 60002 70400 85500 333 56900 58000 60007 85630 81%=
41785 02996 02302 10275 20254 30002 40015 60002 333 59008 60007 88%=
41786 02996 02302 10260 20238 39964 49999 60002 333 59002 60007 88%=
41BAG 02696 30502 10150 20056 60002 83500 333 56900 60007 83640 53%=
41BKI 02996 30000 10270 20210 39624 40024 60002 83030 333 56090 58018 60007 83360 70%=
41SKP 01996 00000 10265 20251 3//// 4//// 60002 70400 333 5//// 60007 92%=
43532 01996 00000 10205 20190 39229 40009 60002 70400 333 59009 60007 91%=
43533 02696 40000 10240 20203 39147 48448 60002 84520 333 56900 58010 60007 84640 80%=
43563 02697 40000 10233 20213 39356 40025 60022 84500 333 56900 58003 60007 84640 88%=


UPPK OPKC 110000=
PPAA 6100/ 41516 Misda due TO AIR Technical fault=
PPAA 6100/ 41517 MISDA DUE TO SMOKE HAZE=
PPAA 6100/ 41640 MISDA DUE TO TECHNICAL PROBLEM=
PPAA 6100/ 41675 MISDA DUE TO NOT PERMITTED BY A T C O=
PPAA 6100/ 41739 no acent due to security risk=
PPAA 6100/ 41768 NO ASCENT DUE TO SHORTAGE OF STAFF=
PPAA 61001 41600 55185 01006 77999=
PPAA 61001 41624 55185 11006 77999=
PPAA 61001 41678 55185 06004 77999=
PPAA 61001 41715 55185 02002 77999=
PPAA 61001 41718 55185 23506 77999=
PPBB 61001 41600 90/12 00000 01502 05002 903// 06503=
PPBB 61001 41678 90/12 00000 01004 02505 903// 04506=
PPBB 61001 41715 90/12 00000 30003 33003 9037/ 01502 03002=
PPBB 61001 41718 90/12 00000 28506 28009 903// 26510=



Data Generated from File : D:\all data handling\Rmc_lhr\2024091100.FSU.txt
11/09/24 01:04:33
______________________________________________________________
15007 07/70 /3003 10170 20126 39632 40085 50000 60001 7238/ 333 4/000 55300 0//// 20000 3//// 55060 0//// 21467 3//// 60007=
15020 04/69 /2902 10187 20120 39887 40077 52003 60001 333 55064 21629 55300 20000 60007==
15023 05/70 /3203 10174 20122 39655 40065 52002 60001 7000/ 333 55300 0//// 20000 3//// 55068 0//// 21497 3//// 60007=
15056 05/70 /2905 10192 20131 39736 40072 54001 60001 7000/ 333 4/000 55300 0//// 20000 3//// 55053 0//// 21391 3//// 60007=
15069 07/57 /3401 10121 20120 39043 42734 57004 60041 7818/ 333 4/000 55300 0//// 20000 3//// 55024 0//// 20892 3//// 60027=
15073 05/70 /3301 10177 20127 39633 40082 51002 69941 7000/ 333 4/000 55300 0//// 20000 3//// 55067 0//// 21516 3//// 60007=
15090 04570 83101 10186 20161 39984 40073 57002 60001 8257/ 333 55042 00533 21293 30798 55300 10070 20000 30000 60007 91001 90760 91102==
15107 07/57 /2400 10133 20130 39304 42737 57006 60021 7818/ 333 55300 0//// 20000 3//// 55021 0//// 20856 3//// 69927=
15108 01160 81106 10084 20075 38052 48448 57007 60011 70262 8457/ 333 55043 21222 55300 20000 60007 91007 90760 91107==
15109 05/70 /2703 10169 20138 39660 40080 52002 69901 7000/ 333 55300 0//// 20000 3//// 55068 0//// 21538 3//// 60007=
15111 05/70 /3203 10189 20130 39814 40067 54000 60001 7000/ 333 4/000 55300 0//// 20000 3//// 55049 0//// 21324 3//// 60007=
15113 05/70 /2800 10171 20158 39914 40072 54001 60001 7000/ 333 4/000 55300 0//// 20000 3//// 55031 0//// 21173 3//// 60007=
15127 01442 83101 10131 20128 39231 42734 57005 60011 71062 886// 333 4//// 55300 0//// 20000 3//// 55036 0//// 20990 3//// 69917 91002 91103=
15148 01463 80403 10107 20104 38653 48432 57005 60011 70264 8557/ 333 55300 0//// 20000 3//// 55028 0//// 20933 3//// 69917 91004 91104=
15150 04570 62901 10171 20161 39871 40076 52002 60001 83570 333 55017 21033 55300 20000 60007 91001 90760 91101==
15154 05570 73100 10179 20160 39930 40067 57002 60001 7000/ 84570 333 4/000 55300 0//// 20000 3//// 55013 0//// 21064 3//// 60007 91001 91101=
15168 07/22 /1701 10136 20133 39477 42729 56003 60011 723// 333 4/000 55300 0//// 20000 3//// 55022 0//// 20812 3//// 69937=
15170 01559 82401 10133 20127 39324 42729 56004 69981 71082 8387/ 333 55024 20993 55300 20000 69957 91001 90760 91102==
15194 05/70 /2704 10173 20155 39790 40074 55002 60001 7000/ 333 4/000 55300 0//// 20000 3//// 55034 0//// 21119 3//// 60007=
15197 05/70 /2401 10203 20169 39871 40072 57002 60001 7000/ 333 4/000 55300 0//// 20000 3//// 55017 0//// 21037 3//// 60007=
15215 07/50 /2700 10138 20134 39495 42730 55004 69961 7101/ 333 4/001 55300 0//// 20000 3//// 55015 0//// 20872 3//// 69917=
15217 05/70 /0401 10144 20125 39428 42731 57003 69911 7000/ 333 4/000 55300 0//// 20000 3//// 55034 0//// 21205 3//// 60007=
15219 05/70 /2802 10184 20162 39946 40066 54000 60001 7000/ 333 4/000 55300 0//// 20000 3//// 55046 0//// 21241 3//// 60007=
15238 05/68 /0100 10139 20135 39478 42730 57002 69951 7000/ 333 4/000 55300 0//// 20000 3//// 55018 0//// 21016 3//// 60007=
15261 07/56 /0201 10119 20117 39290 42745 57004 69911 7101/ 333 55300 0//// 20000 3//// 55028 0//// 21068 3//// 60007=
15262 02298 80904 10095 20093 38166 48443 57006 60001 885// 333 55300 0//// 20000 3//// 55/// 0//// 2//// 3//// 60007 91007 91107=
15265 05/70 /0401 10198 20163 39994 40066 57002 60001 7000/ 333 4/000 55300 0//// 20000 3//// 55041 0//// 21260 3//// 60007=
15280 01170 81003 10051 20028 37477 47041 57004 60001 72842 883// 333 55020 20911 55300 20000 60007 91005 90760 91106==
15300 01597 82401 10138 20134 39462 42727 57005 69951 70262 885// 333 55300 0//// 20000 3//// 55012 0//// 20881 3//// 60007 91001 91102=
15301 01568 80502 10104 20096 38570 48454 57005 60001 70242 883// 333 55300 0//// 20000 3//// 55004 0//// 20706 3//// 60007 91003 91105=
15302 07/57 /1501 10112 20110 38860 48437 57006 69911 7616/ 333 55300 0//// 20000 3//// 55005 0//// 20787 3//// 60007=
15307 05/70 /3602 10203 20166 39883 40061 57006 60001 7000/ 333 4//// 55300 0//// 20000 3//// 55051 0//// 21249 3//// 60007=
15310 04/67 60601 10201 20188 39985 40067 50001 60001 86070 333 55045 00510 21346 30963 55300 10130 20000 30000 60007 91002 90760 91103==
15324 07/70 /0100 10144 20124 39292 42721 55003 60011 7616/ 333 4/000 55300 0//// 20000 3//// 55004 0//// 20609 3//// 69947=
15325 01550 83001 10108 20102 38428 48441 57003 60021 78082 883// 333 4/000 55300 0//// 20000 3//// 55010 0//// 20859 3//// 60027 91003 91104=
15328 07/70 /0102 10184 20140 39731 40068 57004 69931 7810/ 333 4//// 55300 0//// 20000 3//// 55019 0//// 20944 3//// 69927=
15335 02560 52201 10188 20185 30062 40069 57002 60001 85500 333 55037 21298 55300 20000 60007 91001 90760 91103==
15336 07/56 /0101 10189 20185 30062 40064 57004 60001 7101/ 333 4/000 55300 0//// 20000 3//// 55065 0//// 21575 3//// 60007=
15349 07/70 /3201 10155 20152 39533 40069 50001 60171 7818/ 333 4/000 55300 0//// 20000 3//// 55019 0//// 20966 3//// 60177=
15350 04/70 /0402 10214 20171 39951 40065 58003 60001 333 55015 20863 55300 20000 60007==
15360 04970 03303 10215 20196 30050 40066 57004 60001 333 55060 60007 91003 90760 91103==
15375 01570 80203 10172 20159 39716 40062 54000 60121 70282 8437/ 333 4/000 55300 0//// 20000 3//// 55014 0//// 20972 3//// 60037 91006 91106=
15377 07/70 /0103 10179 20174 39851 40059 50000 60051 7818/ 333 55300 0//// 20000 3//// 55003 0//// 20676 3//// 60057=
15387 05/70 /3401 10186 20176 30063 40067 57005 60001 7000/ 333 4/000 55300 0//// 20000 3//// 55063 0//// 21556 3//// 60007=
15402 05/70 /0401 10202 20188 39986 40058 50000 69981 7000/ 333 55300 0//// 20000 3//// 55039 0//// 21224 3//// 69987=
15405 07/70 /0802 10195 20184 30004 40065 57002 69941 7616/ 333 4/000 55300 0//// 20000 3//// 55054 0//// 21564 3//// 69947=
15406 05/70 /0602 10201 20178 30012 40058 57006 60001 7000/ 333 4/000 55300 0//// 20000 3//// 55047 0//// 21470 3//// 60007=
15408 05/70 /0903 10187 20174 39807 40064 57006 60001 7000/ 333 4/000 55300 0//// 20000 3//// 55052 0//// 21441 3//// 60007=
15409 05/70 /0202 10197 20183 30018 40063 57005 60001 7000/ 333 4//// 55300 0//// 20000 3//// 55044 0//// 21236 3//// 60007=
15419 01570 60502 10189 20179 39875 40062 52005 60061 70298 83370 333 4/000 55300 0//// 20000 3//// 55033 0//// 21151 3//// 69987 91004 91106=
15420 01568 80501 10196 20187 39944 40051 52002 69981 72582 8437/ 333 55032 21122 55300 20000 69947 91003 90760 91103==
15421 01570 81201 10198 20186 39956 40062 54001 69951 70282 8437/
15422 01570 80700 10207 20190 39953 40050 52002 69911 78082 8437/ 333 55300 0//// 20000 3//// 55018 0//// 20977 3//// 69917 91001 91102=
15425 05570 80402 10207 20180 39997 40058 57002 60001 7000/ 8657/ 333 4/000 55300 0//// 20000 3//// 55054 0//// 21532 3//// 60007 91002 91103=
15434 01564 80402 10164 20156 39851 40054 55000 60011 78082 8537/ 333 4/000 55300 0//// 20000 3//// 55005 0//// 20682 3//// 69947 91003 91104=
15444 05/70 /1001 10210 20182 39988 40057 57006 60001 7000/ 333 4/000 55300 0//// 20000 3//// 55057 0//// 21554 3//// 60007=
15455 07/69 /0902 10186 20171 39927 40053 53009 60001 7004/ 333 4/000 55300 0//// 20000 3//// 55020 0//// 20994 3//// 60007=
15460 04570 80401 10207 20187 30029 40052 57002 60001 8657/ 333 55049 21428 55300 20000 60007 91002 90760 91102==
15462 05570 71103 10208 20184 39975 40057 57007 60001 7000/ 87500 333 4/000 55300 0//// 20000 3//// 55057 0//// 21610 3//// 60007 91004 91104=
15470 01566 82201 10186 20177 39925 40047 53003 69921 78082 8437/ 333 55024 20999 55300 20000 69927 91002 90760 91103==
15475 06/// /2901 10210 20174 30030 40049 54001 69941 333 55300 0//// 20000 3//// 55038 0//// 21360 3//// 69917=
15479 05/70 /1204 10204 20187 39871 40056 55006 60001 7000/ 333 55300 0//// 20000 3//// 55050 0//// 21532 3//// 60007=
15480 04570 51202 10237 20192 30039 40056 57009 60001 85500 333 55064 00834 21722 31573 55300 10100 20000 30000 60007 91003 90760 91104==
15489 01563 82203 10184 20165 39960 40050 52007 69911 78082 8537/ 333 55300 0//// 20000 3//// 55027 0//// 21091 3//// 69917 91004 91107=
15491 02570 82001 10189 20165 30023 40053 53005 60001 8337/ 333 55300 0//// 20000 3//// 55031 0//// 21144 3//// 60007 91003 91104=
15499 05/70 /1203 10240 20208 30044 40052 56009 60001 7000/ 222// 0//// 2//// 333 55050 60007=
15549 11468 73401 10178 20165 39652 40048 53004 60021 78082 87300 333 10202 20178 555 59201 66299 70048=
15552 11460 80202 10226 20215 39998 40044 58006 60101 71798 889// 222// 0//// 10301 333 10238 20206 555 40200 59400 66199 70042 92023 92427=
15640 11670 80000 10201 20185 39749 40044 54000 69951 70282 8455/ 333 10231 20201 555 59101 69999 70000=
15655 11565 82508 10224 20216 30012 40043 57002 60021 79798 883// 222// 00247 10301 333 10245 20224 555 40700 59602 65416 70041 92025 92427=
15730 11660 80000 10172 20169 39661 40039 57004 60131 76186 86977 333 10173 20168 555 59806 69999 70033=
16627 11457 80000 10200 20190 30029 40034 58005 60121 79596 8697/ 333 85625 88358 83918 90730 91114==
16650 12460 60000 10222 20207 30022 40030 56003 60001 84850 333 82815 84620 85358 90730 91115==
16706 11460 72908 10210 20204 30036 40043 57004 60201 79596 86970 333 86625 87358 82918 90730 91118==
16723 12460 61315 10252 20222 30034 40047 57015 60001 84860 333 81818 84625 85358 90730 91122==
16732 26/// /1713 10260 20221 30031 40041 57008 333 60005 90730 91120==
16742 12560 41610 10248 20221 39905 40053 56011 60001 82141 333 82825 84357 90730 91116==
16749 11460 60002 10250 20229 30049 40062 56002 60091 70365 84870 333 82816 83620 86358 90730 91111==
16754 12560 11602 10246 20210 30009 40054 58003 60001 81100 333 90730 91108==
16760 26/// /1604 10220 20189 39668 40065 57001 333 60005 90730 91110==
16765 26/// /2009 10263 20245 30042 40061 57003 333 60005 90730 91117==
17022 12970 71305 10219 20160 39893 40049 57011 60001 80008 333 87270 90760 91110==
17031 11340 41802 10186 20178 30049 40055 55002 60001 71000 84600 333 84707 90760 91105==
17034 12970 01901 10232 20186 30024 40067 58002 60001 333 90760 91104==
17038 12470 51802 10243 20217 30017 40062 58002 60001 85200 333 83716 85833 90760 91112==
17050 12670 50000 10223 20164 39986 40044 58011 60001 83230 333 83835 85360 90760 91104==
17056 12670 52902 10223 20177 30031 40035 57009 60001 83230 333 83835 85360 90760 91107==
17060 12960 00704 10242 20208 30008 40045 56006 60001 333 90760 91111==
17070 12665 40000 10181 20124 39229 40034 57004 60001 84200 333 84835 90760 91106==
17084 12970 01901 10172 20153 39204 40049 50002 60001 333 90760 91105==
17085 12970 03002 10220 20123 39593 40045 52009 60001 333 90760 91119==
17092 12960 00000 10148 20108 38822 48478 51001 60001 333 90760 91110==
17096 12960 01105 10140 20111 38245 48496 52001 60001 333 90760 91117==
17098 11912 03003 10092 20092 38217 48513 56005 60001 74111 333 90760 91105==
17100 12970 00000 10169 20153 39160 40103 55002 60001 333 90760 91103==
17115 12660 50701 10191 20150 39997 40045 57006 60001 83230 333 83835 85360 90760 91110==
17116 12/70 20000 10211 20184 39931 40045 57011 60001 82030 333 82360 90760 91103==
17124 12660 60000 10186 20144 39194 40048 58003 60001 83108 333 83840 86270 90760 91114==
17128 12/60 30703 10168 20033 39017 40042 52002 60001 83030 333 83360 90760 91108==
17150 12660 20000 10185 20135 39926 40042 56011 60001 82100 333 82835 90760 91107==
17170 12660 11002 10133 20119 38333 48495 56004 60001 81100 333 81840 90760 91104==
17184 11565 73101 10203 20133 39938 40042 57013 69901 78011 85250 333 85830 86359 90760 91103==
17190 11670 31901 10177 20158 38934 48466 56006 60011 70281 83100 333 83840 90760 91110==
17190 11670 31901 10177 20158 38934 48466 56006 60011 70281 83100 333 83840 90760 91110==
17195 12970 00404 10157 20085 38924 48476 50000 60001 333 90760 91110==
17200 12960 01602 10174 20074 39132 40045 52004 60001 333 90760 91113==
17202 12970 02804 10202 20060 39079 40039 53002 60001 333 90760 91109==
17203 12970 00000 10197 20112 38846 48526 52003 60001 333 90760 91104==
17219 11565 62005 10237 20162 39914 40050 57012 69901 78022 85950 333 84830 86360 81920 90760 91118==
17237 12970 02301 10219 20116 39581 40050 57013 60001 333 90760 91106==
17240 12570 41205 10204 20160 38986 40056 57007 60001 84200 333 84830 90760 91124==
17244 12/70 30804 10164 20079 38945 48473 58002 60001 83030 333 83360 90760 91111==
17248 12970 00901 10165 20088 38934 48475 50003 60001 333 90760 91107==
17250 12970 00404 10156 20065 38767 48478 53001 60001 333 90760 91112==
17260 12960 03305 10225 20123 39263 40017 57005 60001 333 90760 91108==
17280 12960 01704 10226 20102 39314 40039 52006 60001 333 90760 91114==
17292 12570 40000 10202 20152 39346 40059 57009 60001 81130 333 81830 84359 90760 91108==
17300 12560 43104 10252 20214 30021 40088 56003 60001 84200 333 84830 90760 91114==
17310 12/70 20702 10263 20193 30066 40073 55006 60001 82030 333 82360 90760 91105==
17350 12960 00405 10230 20196 30005 40078 56002 60001==
33088 32997 00000 10159 20117 39895 40078 53001 555 1/015=
33135 329// 20000 10126 20105 39957 40100 58007 80001 555 1/011=
33177 /1597 82801 10163 20153 39862 40089 58001 70282 889// 555 1/016 60021=
33317 329// 60000 10149 20113 39754 40077 54000 86030 555 1/015=
33393 /1257 83401 10155 20155 39714 40089 58005 71082 886// 333 88704 555 60021=
33415 32697 73203 10162 20109 39701 40081 58001 83530 555 1/016=
33429 32997 60000 10165 20122 39673 40075 58001 85031 555 1/016=
33466 31956 60601 10156 20146 39910 40090 57003 71011 80001 555 10017=
33506 32997 50702 10161 20145 39910 40098 58001 85030 555 1/015=
33562 32960 00000 10164 20143 39795 40086 57003 555 1/016=
33587 329// 00000 10159 20112 39835 40088 58002 555 1/015=
33658 32981 82904 10178 20131 39794 40079 52002 8807/ 555 1/017=
33663 32997 41201 10180 20146 39983 40074 58001 84030 555 1/018=
33664 42997 80000 10165 20128 39768 40070 58002 8805/=
33678 42598 82801 10170 20116 39887 40091 57007 8297/=
33679 42997 30401 10178 20145 39903 40085 52005 80001=
33711 32960 00000 10175 20149 39886 40085 54000 555 1/016=
33745 42597 60901 10187 20126 39907 40084 54000 85901 555 10019=
33748 42997 71202 10194 20152 39797 40066 57001 87030=
33754 42997 40000 10165 20125 39933 40072 53005 84030=
33761 32998 00000 10174 20119 39867 40079 52001 555 1/016=
33791 32967 00802 10176 20145 39967 40089 55001 555 1/015=
33815 42598 70000 10193 20137 39872 40068 54000 83530 555 10018=
33837 31950 00000 10193 20180 30025 40074 53001 71011 555 1/018=
33881 42598 50402 10184 20164 39883 40069 58003 85500=
33883 42997 00000 10178 20178 39913 40068 57003 555 10017=
33885 41596 81402 10183 20180 39952 40078 54000 71022 84340=
33892 41996 61501 10164 20164 39869 40072 57001 71022 86030=
33902 31996 00000 10190 20174 30023 40079 54000 71011 555 1/017=
33924 42560 31101 10203 20184 30066 40078 57001 83400==
33946 41981 31302 10191 20172 39867 40076 54000 71311 80001==
33983 41940 00000 10181 20176 30021 40079 57002 71000==
34300 32997 00000 10188 20147 39942 40110 56003 555 1/017=
34336 42960 01002 10189 20073 30045 40143 52001==
34344 42970 01102 10173 20091 30060 40144 52002==
34356 42970 20903 10157 20088 30023 40165 57001 80001==
34357 42970 01103 10150 20082 30003 40152 54000==
34398 429// 31203 10164 20058 30185 40195 57001 80001==
34415 32997 00000 10157 20150 30011 40103 56001 555 1/016=
34438 42560 20804 10169 20103 39944 40126 54001 82400==
34445 42970 01102 10163 20080 30037 40146 52002==
34461 42/60 33601 10147 20092 30111 40164 53001 83030==
34473 425// 80803 10189 20072 30144 40180 53004 8857/ 555 10017=
34476 42/70 80703 10195 20066 30169 40176 56002 8805/==
34504 32960 01602 10176 20166 39926 40091 57002=
34535 42970 01303 10184 20102 30049 40117 52002==
34545 42970 00803 10156 20101 30026 40133 53003==
34555 41570 60903 10186 20110 30063 40149 52002 70381 86500==
34560 41660 50806 10159 20126 39974 40156 54000 71798 85900 333 90760 91111==
34578 41960 00902 10178 20085 30150 40157 57004 70181==
34579 41970 00602 10175 20077 30123 40165 57003 70181==
34644 42960 00703 10185 20110 30038 40110 52004==
34646 42970 01004 10197 20119 30045 40122 52003 333 90760 91110==
34655 42960 00804 10185 20076 30075 40132 55001==
34662 42970 00901 10169 20090 30137 40148 55001==
34691 41570 70904 10195 20103 30186 40174 57008 70282 87300==
34720 41670 60403 10205 20169 30051 40088 54000 70281 86500==
34727 42560 60501 10205 20180 30056 40084 55001 86400==
34743 42960 00804 10181 20109 30034 40119 54000==
34759 42/60 70903 10183 20114 39997 40121 57001 86031==
34772 42/60 20804 10192 20071 30142 40146 56008 8003/==
34785 41/60 60803 10198 20091 30175 40154 57003 70198 86030==
34798 42/60 60905 10201 20133 30182 40154 58012 86030==
34824 42/60 63601 10213 20188 30075 40080 57002 86030==
34838 42660 21002 10228 20143 39989 40078 54001 82400==
34845 42/70 21203 10216 20162 39997 40097 52002 80030==
34858 42/60 81102 10197 20148 30011 40112 54000 8803/==
34861 42/60 21104 10169 20086 39894 40125 54000 82030 333 90760 91110==
34866 42960 00903 10173 20122 30136 40127 57002==
34880 41560 20801 10192 20136 30172 40147 52001 70298 81901==
34887 41970 00201 10168 20134 30156 40138 53001 70198==
34949 42970 00802 10178 20157 39585 40101 52002==
34954 42970 00901 10208 20168 39938 40101 52003==
34958 42570 20701 10191 20158 39923 40111 52003 82500==
34975 42970 01003 10190 20123 30124 40120 53001==
34984 42970 60504 10186 20133 30157 40128 57002 80001==
35217 429// 51104 10166 20047 30189 40227 52004 80003==
35302 429// 01403 10143 20090 30196 40216 53002==
35315 429// 01103 10139 20059 30173 40228 53005 555 10012=
35344 429// 30202 10101 20074 39991 40271 53003 83080 555 10011=
35345 46/// /0503 10094 20094 39956 40270 51002=
35358 429// 00203 10122 20048 30084 40248 52002==
35368 429// 00000 10106 20059 39988 40247 53001 555 10009=
35386 425// 70502 10124 20089 39738 40235 53003 87500 555 10013=
35394 42670 70000 10088 20069 39589 40245 53003 87500==
35404 429// 01402 10148 20071 30193 40201 57001 555 10012=
35406 429// 00901 10148 20070 30210 40212 53002==
35416 429// 02201 10155 20072 30120 40235 53006==
35426 429// 00000 10130 20075 39974 40254 53004==
35437 429// 30801 10145 20105 39955 40254 53007 80004 555 10012=
35449 429// 00204 10145 20096 30145 40244 57003 555 10012=
35497 429// 00501 10102 20043 39463 40231 53001==
35498 429// 03201 10034 21002 39390 40257 57002 555 10002=
35514 42998 01102 10164 20056 30218 40214 53003 555 10014=
35519 42998 01102 10138 20089 30162 40231 52004 555 10011=
35522 429// 01201 10167 20058 30000 40239 53006 555 10012=
35542 429// 00601 10124 20065 30105 40247 57004 555 10010=
35563 42998 00000 10128 20098 39500 40234 54000 555 10009=
35576 429// 00603 10108 20052 39793 40225 57002==
35582 429// 00502 10080 20054 39651 40234 53001 555 10006=
35594 429// 01001 10033 21022 39425 40252 53004 555 10004=
35605 42998 50703 10171 20050 30212 40192 57002 85070 555 10014=
35633 429// 00402 10122 20058 30038 40244 54000 555 10011=
35671 42970 00702 10124 20071 39815 40226 53003==
35699 429// 00503 10127 20056 39508 40228 53001==
35700 42/70 31403 10210 20050 30209 40187 57003 83070==
35715 42597 21703 10166 20048 30216 40202 54000 82500 555 10014=
35739 429// 00902 10144 20070 30091 40224 53003 555 18011=
35746 429// 03604 10138 20056 30152 40216 57003==
35777 429// 00000 10106 20043 39909 40241 52009 555 10007=
35796 42/60 30303 10128 20103 39806 40220 53003 82031==
35816 46/// /0904 10189 20054 30204 40215 53002=
35849 429// 00402 10138 20070 30125 40207 57002==
35895 42997 00501 10107 20055 39802 40229 53005 555 10010=
35907 42998 70809 10204 20150 30172 40144 53011 87070=
35925 429// 30903 10168 20030 30090 40196 56000 80002==
35927 429// 20902 10193 20025 30184 54000 82040=
35953 429// 00202 10179 20072 30078 40200 57004==
35969 429// 00000 10103 20005 30038 40206 57001==
35997 429// 20000 10119 20059 39797 40212 53003 82030 333 91104 555 10009=
36259 12684 30901 10013 21023 38277 48546 52002 60002 82901 333 21004 30/// 55125==
36335 429// 02601 10061 20033 39272 40269 53002 555 10004=
36358 42998 60000 10061 20029 39273 40263 53001 86030 555 10008=
36394 42697 70000 10070 20064 39823 40233 53002 82543=
36397 42684 50000 10106 20084 39685 40225 57001 82570==
36403 42998 30801 10061 20057 39867 40218 53004 80002 555 11005=
36418 42999 72301 10108 20057 39616 40202 53003 83033 555 10009=
36421 42999 70000 10015 20007 39674 40231 53005 80002 555 10002=
36428 42784 53302 10068 20057 39730 40215 53004 82542==
36439 42798 71103 10063 20041 38994 48524 56002 82531 555 10006=
36467 429// 03201 10032 21050 39340 40271 52001 555 10003=
36498 425// 73503 10116 20069 39475 40229 53004 87300 555 10011=
36501 42999 70000 10097 20079 39516 40238 53004 87030 555 10007=
36535 42584 70000 10116 20071 39611 40212 53002 86330==
36546 42999 41001 10067 20032 39686 40208 58008 82043 555 10006=
36619 415// 60000 10145 20091 70282 86900 555 10011=
36622 42998 80000 10113 20063 39455 40220 54000 8807/ 555 10008=
36639 41584 80000 10123 20098 39618 40192 57001 70282 889//==
36643 425// 72903 10138 20060 39582 40206 53003 87900 555 10013=
36665 42699 61902 10141 20052 39507 40190 53002 86900 555 10012=
36666 42599 72706 10144 20049 39734 40198 53001 82540=
36729 42998 72403 10162 20065 39745 40196 53003 87070 333 91109 555 10015=
36736 42599 70901 10136 20089 39682 40206 53002 86950 555 10012=
36744 429// 70000 10117 20060 39781 40211 58003 87030 333 91103 555 10010=
36770 425// 81101 10085 20055 39525 40227 54000 85901 333 91106 555 11009=
36786 42699 30000 10082 20052 39340 40228 53003 83900 333 91104=
36796 42998 60000 10025 20002 39071 48535 53003 86070 333 91100=
36803 42699 32702 10140 20056 39778 40203 54000 81502 333 91106=
36806 42999 03601 10121 20040 39755 40202 53002 333 91109=
36819 429// 41402 10090 20036 39626 40218 54000 81041 333 91118=
36821 415// 20000 10101 20087 39749 40221 53003 71011 82900 333 90760 91113==
36839 42998 32201 10063 20041 39133 40234 58009 82041 333 91108=
36843 429// 32702 10057 20034 39093 40242 53001 80004 333 91108=
36846 429// 20000 10041 20015 38651 48540 57004 81072 333 91108=
36859 42570 80000 10112 20088 39472 40222 57001 8597/ 333 90760 91106==
36870 429// 00000 10098 20037 39232 40210 57003 333 90760 91104==
36874 429// 01802 10054 20015 39465 40228 57005 333 91117=
36877 429// 02101 10039 20030 39281 40245 57005 333 91107=
36885 42999 01402 10069 20038 39132 40234 57002 333 91106=
36889 429// 00000 11025 21086 37104 47127 57003 333 91104=
36894 42999 40000 10099 20037 39509 40224 56001 80002 333 91106=
36905 42999 70000 10085 20069 38784 48536 57004 87030 333 91111=
36911 429// 00000 10100 20064 39268 40214 57004 555 10009=
36927 42697 73602 10079 20027 38386 48550 53001 84952=
36934 41597 43302 10080 20036 38297 48422 56002 70281 82530=
36953 42699 70000 10048 20031 38255 48508 58003 86943 333 91106 555 1/003=
36963 427// 21101 11034 21051 37085 48/// 57002 82500 555 14105=
36974 429// 00000 10042 20027 38008 48555 58004 555 11001=
36982 42999 03001 11049 21071 36580 47136 57001=
37018 42960 30302 10238 20163 30001 40071 52003 80001==
37031 42960 01401 10200 20161 39899 40082 52001==
37054 42960 00000 10189 20168 39743 40105 57002==
37061 41940 00702 10191 20168 39953 40112 52003 71011==
37085 42940 00705 10209 20161 30139 40113 53005==
37171 42940 40701 10220 20181 30047 40064 57004 80001==
37228 42960 01601 10160 20128 39313 40108 52003==
37235 41/05 90000 10188 20185 39803 40102 52008 74740 89///==
37472 41940 00000 10220 20201 30120 40099 52003 71000==
38149 42970 20804 10154 20061 30106 40180 57002 80002==
38178 429// 00502 10158 20009 39910 40185 57004==
38262 429// 20602 10125 20046 30103 40182 57003 80002==
38264 42970 00302 10157 21027 30082 40172 57003==
38345 42998 00000 10062 21013 38836 48537 53005 555 10004=
38353 429// 01401 10118 20032 39331 40204 57001=
38388 42998 00000 10162 20036 30094 40163 58002 555 18014=
38392 42997 20904 10152 20043 30062 40162 57004 80001 555 10015=
38396 42960 20302 10110 20056 30048 40171 57001 80001==
38403 429// 00503 10189 20058 30057 40173 57001==
38413 429// 01102 10178 21014 39916 40195 54000==
38457 42960 03401 10136 20061 39596 40166 54000==
38462 429// 00000 10071 21014 38782 48524 58003==
38462 429// 00000 10071 21014 38782 48524 58003==
38507 42996 00602 10191 21038 30015 40113 57010 333 91003 555 10017=
38545 42998 03501 101118 20092 39998 40169 57009 555 10010=
38565 129// 00902 10097 20021 39577 40149 54000 60002==
38579 129// 00000 10107 20058 39752 40162 57001 60002==
38583 12960 02501 10105 20071 39848 40164 53001 60002==
38599 42997 00000 10110 20058 39675 40180 52003=
38611 42960 03403 10145 20074 39629 40182 52001==
38613 429// 00202 10116 20058 39310 40190 56002 333 10090=
38616 429// 00701 10091 20056 39195 40194 58007=
38618 429// 01801 10131 20068 39502 40173 54000==
38647 42997 01003 10182 21002 30059 40099 57006 555 10015=
38656 42998 00902 10182 21017 30060 40164 58005 555 10016=
38683 42960 00202 10128 20053 39878 40147 57003==
38687 42997 00203 10156 20061 39920 40147 52001 555 10015=
38696 129// 00901 10142 20041 39328 40157 57002 60002==
38713 429// 01801 10090 21014 39044 48510 56004=
38750 42997 01301 10209 20195 30138 40110 54000 555 10020=
38763 42997 01004 10196 20017 30017 40117 57006 555 10018=
38774 42995 01902 10177 20023 39942 40130 57011 555 10013=
38799 42997 03203 10130 20004 39928 40155 54000 555 10012=
38806 42997 00000 10120 20062 39869 40124 57006 555 10011=
38812 42960 00603 10146 20029 39696 40135 57004==
38836 429// 00000 10135 20032 39209 40117 58012=
38880 42997 01602 10166 20034 39883 40128 57015 555 10017=
38886 42998 01601 10141 20055 39958 40181 57001 555 10009=
38895 42996 00000 10134 20053 39870 40153 57005 555 10012=
38911 42997 00000 10136 20029 39867 40155 54000 555 10014=
38915 42997 10156 20043 39832 40146 54000 555 10012=
38927 12960 00501 10136 20036 39774 40140 54000 60002==
38933 429// 00000 10113 20071 39662 40168 51001=
38944 419// 03602 10153 20027 39572 40090 54000 70500=
38954 429// 00000 10108 20021 37923 48490 52003=
38974 42998 03202 10136 20015 39851 40179 52003 555 10015=
38987 42996 02301 10114 20009 39431 40162 57005 555 10007=
40100 43960 01205 10263 20212 30089 40104 57003 6///1 333 58///=
40180 12960 01303 10255 20209 30044 40092 57002 60001 333 70000==
40199 12/// /3503 10313 20180 30061 40085 52009 60001 333 70000==
40255 36/// /0000 10231 29036 3//// 4//// 5////=
40265 32960 00000 10198 20114 39344 40095 57004=
40270 31958 02604 10234 20096 39238 40083 57002 70500=
40272 31950 03003 10210 20125 39302 40089 54000 70500=
40296 36/// /0000 10314 29054 4//// 5////=
40340 32960 03517 10310 20125 30033 40094 52009=
40356 32960 00112 10250 20090 39143 48500 333 58016 555 04410 50049=
40357 32960 03312 10310 20050 39439 40022 333 58007=
40360 22960 02905 10244 20100 39512 40064 333 58011 60005==
40361 32960 02405 10265 20050 39325 40084 333 58009=
40362 32960 02803 10304 20000 39552 40024 333 58002=
40373 22960 03306 10327 20020 39630 40012 333 59007 60005==
40375 32960 02203 10270 20090 39234 40053 333 58009=
40394 32960 01804 10266 20040 38989 48501 333 58005 555 04410 50035=
40394 32960 01804 10266 20040 38989 48501 333 58005 555 04410 50035=
40400 32960 03205 10300 20210 30037 40064 333 59006=
40405 22960 00000 10290 20040 39334 40038 333 59006 60005==
40417 32960 02803 10289 20090 39985 49999 333 59015=
40420 32960 03006 10335 20080 39806 40002 333 59020=
40430 32960 03204 10314 20050 39348 40055 333 59005=
40437 32960 02703 10299 21010 39367 40017 333 59013=
40439 32960 02403 10320 20140 30012 40030 333 59013=
40582 32960 03108 10330 20076 40004 55001 333 00031 55300 00000 10135 20000 30000 41379 51516 60000 55407 40000 90467 91005 91109 91207 91303=
40703 12960 00000 10176 20105 38888 40070 57003 60001 333 70000 555 10136 29063=
40706 12963 33001 10197 20068 38631 40051 55001 60001 83070 333 70000 83360 555 10127 29043=
40712 12965 02703 10165 20095 38652 40052 55001 60001 333 70000 555 10126 29063=
40713 12962 01004 10228 20074 38630 40021 53001 60001 333 70000 555 10142 29037=
40718 12960 00000 10226 20212 30114 40087 57009 60001 333 70000 555 10217 29092=
40723 12970 09901 10121 21047 38952 40124 55003 60001 333 70000 555 10055 29030=
40726 12960 00000 10180 20071 38638 40056 53002 60001 333 70000 555 10121 29049=
40727 12960 01802 10132 20006 38469 40055 54000 60001 333 70000 555 10074 29042=
40732 12960 02401 10228 20197 30100 40077 57014 60001 333 70000 555 10208 29083=
40736 12960 00000 10240 20226 30116 40092 57013 60001 333 70000 555 10231 29092=
40737 12660 51901 10218 20206 30072 40089 56013 60001 82570 333 70000 82635 84360 555 10210 29093=
40738 12960 00000 10203 20181 30108 40110 55012 60001 333 70000 555 10189 29087=
40739 12965 03602 10178 20001 38685 40085 56006 60001 333 70000 555 10096 29030=
40741 12960 00000 10147 20016 39813 40132 57010 60001 333 70000 555 10089 29041=
40743 12965 00705 10186 21062 39049 40101 57003 60001 333 70000 555 10086 29018=
40745 12960 00000 10122 20029 39036 40137 56012 60001 333 70000 555 10079 29053=
40747 12960 00000 10162 20015 38618 40052 54000 60001 333 70000 555 10092 29037=
40754 12960 01302 10271 20015 38816 40058 53005 60001 333 70000 555 10140 29019=
40762 12965 01202 10140 21094 38545 40081 58013 60001 333 70000 555 10053 29019=
40766 12960 01402 10201 21020 38659 40027 56003 60001 333 70000 555 10100 29022=
40768 12960 00000 10140 21033 38263 40050 56002 60001 333 70000 555 10066 29030=
40769 11959 01901 10189 21005 38302 40037 57004 60001 70600 333 70000 555 10097 29027=
40780 12960 01101 10226 20010 38661 40041 56005 60001 333 70000 555 10119 29024=
40782 12965 00000 10193 20026 38828 40038 54000 60001 333 70000 555 10111 29033=
40785 12960 00000 10231 20008 39043 40053 54000 60001 333 70000 555 10123 29023=
40791 12965 00801 10214 21173 39293 40064 53002 60001 333 70000 555 10085 29006=
40792 12962 00802 10157 21136 38696 40070 57006 60001 333 70000 555 10057 29012=
40798 12960 01001 10098 21022 37988 40079 55000 60001 333 70000 555 10046 29043=
40800 12960 02901 10193 21002 38467 40065 55000 60001 333 70000 555 10101 29027=
40809 12960 00504 10124 21163 38475 40055 57007 60001 333 70000 555 10034 29012=
40811 12960 03302 10347 20085 39965 49989 58001 60001 333 70000 555 10197 29020=
40812 12960 00000 10299 20029 39643 49986 57002 60001 333 70000 555 10160 29018=
40818 12962 03403 10139 21058 38002 40067 57005 60001 333 70000 555 10058 29025=
40821 12964 01701 10211 21017 38771 40062 55002 60001 333 70000 555 10106 29022=
40829 11957 03416 10230 21010 39506 40043 58002 60001 70700 333 70000 555 10120 29020=
40831 12960 03103 10342 20121 39995 40003 58001 60001 333 70000 555 10209 29026=
40833 12960 00000 10291 20071 39965 49994 56006 60001 333 70000 555 10172 29025=
40835 12960 00000 10259 20060 39238 40004 57004 60001 333 70000 555 10152 29028=
40841 12960 02102 10134 21059 38244 40057 53001 60001 333 70000 555 10056 29025=
40848 12960 03402 10186 20008 38501 40030 52003 60001 333 70000 555 10100 29030=
40851 12960 00000 10183 21064 38253 40029 55003 60001 333 70000 555 10079 29018=
40854 12960 02803 10247 21066 38902 40023 57001 60001 333 70000 555 10112 29012=
40856 11957 02302 10146 21072 38605 40055 56005 60001 70600 333 70000 555 10061 29022=
40859 12960 00302 10220 21022 38667 40021 54000 60001 333 70000 555 10108 29020=
40875 11930 09901 10301 20279 39999 40010 53002 60001 71000 333 70000 555 10285 29088=
40879 12960 00202 10247 21042 39389 40024 53005 60001 333 70000 555 10120 29014=
40882 11920 00000 10310 20294 39957 49990 56003 60001 71000 333 70000 555 10298 29091=
40883 11930 00000 10329 20294 39976 49998 53007 60001 71000 333 70000 555 10303 29082=
40893 11957 01104 10304 20283 39992 49998 50001 60001 71000 333 70000 555 10289 29089=
40898 11956 00702 10288 20264 39994 40003 51007 60001 71000 333 70000 555 10271 29087=
41024 22960 03208 10329 20200 30010 40035 333 59019 60005==
41036 22960 03004 10254 20090 38535 48486 333 59011 60005==
41055 22960 02804 10270 20030 38345 48485 333 59007 60005==
41061 22560 40304 10266 20040 39347 40009 84200 333 59007 60005 84830==
41084 22960 00000 10298 20040 38802 48474 333 59006 60005==
41112 22560 20000 10201 20110 37935 48482 82400 333 59005 60005 82620==
41114 22560 20000 10213 20110 37969 48481 82400 333 59003 60005 82622==
41128 22560 20000 10290 20020 38765 48485 82400 333 59002 60005 82630==
41136 22960 00704 10309 20020 39238 49998 333 59010 60005==
41140 22560 20603 10318 20270 30027 40032 82100 333 59005 60005 82830==
41150 32962 09902 10333 20270 49997 333 59019=
41170 32960 02503 10351 20153 39986 49999 333 59020=
41176 34/70 /3501 10291 20224 39994 40000 333 59022=
41184 31925 02406 10284 20270 40003 71000 333 59015=
41194 11957 01205 10316 20278 39997 40003 60001 70500 333 59009 70000=
41196 11956 01604 10308 20279 39967 40007 60001 70500 333 59011=
41216 31958 00904 10310 20288 39999 40003 70500 333 59016=
41217 31150 30709 10293 20273 39974 40002 70500 83600 333 59011 83703=
41246 36/// /3304 10309 20288 30009 40011 333 0E032 55300 25022 58009=
41255 36/// /1003 10301 20202 39508 49995 333 0E032 59010=
41256 31450 20607 10297 20272 39990 40007 70500 82600 92345 333 59003 55000 55407 55408 55507 55508 82715=
41265 36/// /3001 10277 20183 39451 49998 333 0E031 55300 20000 59013=
41275 36/// /2411 10296 20127 39852 40015 333 0E029 55300 20000 59016=
41288 36/// /2109 10249 20235 30001 40023 333 0E027 59012=
41315 26/57 /2000 10213 20210 39244 47330 333 0E025 55300 27865 59008 70000=
41316 32/60 79903 10267 20248 30023 40052 87500 333 59007 55000 55407 55408 55507 55508 84711 87616=
41397 81810 10250 2//// 40091 5//// 758// 887// 22212 0//// 20601 302// 41206=
41398 21908 10270 20241 40199 5/010 70200 81405 22200 00300 20300 318// 40702 80250=
41480 11956 31504 10309 20269 30016 40024 60002 70544 83030 333 58000 83360=
41498 51802 10304 20259 40103 53001 703// 85164 22272 00310 20602 332// 40802 80270=
41506 12920 00000 10180 20149 38447 48440 60001 333 59001==
41508 12940 00000 10164 20131 38599 48730 60001 333 59001==
41515 12440 30000 10204 20120 38491 48550 60001 83500 333 56800 58006==
41523 11440 60000 10210 20195 39016 48530 60031 72996 82520 333 56880 58010==
41535 12440 83101 10210 20187 38666 48430 60001 8663/ 333 5688/ 58034==
41536 12940 00000 10200 20169 38971 48570 60001 333 58020==
41560 12940 00000 10180 20123 38242 48610 60001 333 58016==
41571 11640 70509 10250 20214 39472 40033 69901 79596 85930 333 56880 58010==
41598 33016 10250 2//// 40024 54000 71311 834// 22232 00276 20503=
41600 11940 00501 10265 20251 39729 40013 60001 70400 333 58014==
41620 12940 03601 10235 20182 38508 48130 60001 333 58001==
41624 11940 00501 10270 20218 39809 40001 60001 70400 333 58010==
41630 11940 20000 10275 20249 30000 40016 60001 70400 82030 333 56080 58005==
41640 11440 20000 10265 20251 39774 40013 60001 70400 82500 333 56800 58008==
41660 11900 02302 10165 21003 38379 48670 60001 70500 333 59001==
41678 11940 00000 10285 20219 30000 40000 60001 70500 333 58015==
41696 12940 00000 10150 20031 37982 48900 60001 333 59020==
41697 12940 00000 10280 20252 39829 49978 60001 333 59004==
41700 11940 00000 10300 20258 39858 49977 60001 70400 333 58001==
41710 11940 03104 10225 21083 39276 40026 60002 70600 333 58004==
41712 12940 00000 10220 20015 39127 48610 60002 333 58004==
41715 01996 00000 10295 20560 39930 49993 60002 70500 333 59001 60007=
41718 11940 00000 10285 20242 39883 49981 60001 70400 333 58000==
41725 12940 00000 10300 20258 39920 49996 60002 333 58010==
41739 12940 03102 10235 21029 38990 48630 60001 333 58001==
41744 12940 00000 10230 20062 38693 48260 60002 333 59006==
41749 12940 01303 10270 20241 39965 49998 60001 333 58000==
41756 11210 60000 10255 20241 39952 40016 60001 71000 86600 333 56800 59007==
41759 11920 00000 10250 20220 39994 40000 60001 71011 333 59015==
41764 12940 02105 10265 20244 39958 40007 60001 333 58006==
41768 12940 02302 10270 20256 39999 40006 60001 333 59002==
41780 11440 52903 10285 20250 39987 40014 60001 70400 85500 333 56800 58000==
41785 12940 02301 10275 20254 30002 40015 60001 333 59008==
41859 02/40 31302 10283 20270 39989 40026 83030 333 58001 70000 83362==
41883 02/50 40902 10284 20270 30005 40025 84030 333 58005 70000 84362==
41891 01430 80000 10275 20270 30000 40038 70562 8532/ 333 58002 70040 82710 83615 88458 81930==
41898 21016 10240 20210 40110 54000 70222 82002 22253 06240 21002 80180=
41907 02450 31302 10280 20270 30004 40018 82530 333 58006 70015 82615==
41923 01340 70000 10288 20270 30020 40030 70521 84670 333 58004 70002 82709 83615 86458==
41936 41120 60000 10230 20260 30008 40015 79517 83630 333 58007 83710 86362 81930==
41943 02435 71702 10270 20250 30025 40032 83570 333 58006 70020 83615 84458==
41950 02350 80000 10285 20280 30018 40020 8562/ 333 58004 70000 82708 84616 88458==
41978 21458 80302 10273 20260 30028 40034 72122 8432/ 333 58006 60015 70014 83617 88460 81930==
41992 21420 80904 10270 20270 30034 40036 71766 8592/ 333 58002 60209 70220 84615 88458==
42001 11001 99259 70897 46/// /1907 10272 20263 30079 40082 92340 22200 00301 333 91211 555 11075 22080 8//09 92340=
42027 22996 11402 10153 20123 38378 48462 80001 333 58014 6990/=
42044 22596 30000 10120 20106 38244 48481 83500 333 58006 6994/=
42045 22596 50000 10138 20125 38277 48404 83530 333 58005 6990/=
42056 32696 40502 10234 20206 39585 81130 333 58002 81835 83358=
42071 31596 29902 10266 20258 40012 71000 82500 333 58009 82630=
42097 11001 99257 70837 46/// ///// 1//// 92356 22200 00316 10701 20701 70006=
42101 31595 40000 10258 20244 40024 71000 81530 333 58006 81630 83360=
42111 21595 70000 10236 20233 39331 40012 71022 84830 333 58007 6033/ 83620 84830 87360=
42123 32996 00000 10272 20249 40007 333 58002=
42131 21696 40000 10250 20247 40012 71010 82530 333 59004 6018/=
42165 32996 00000 10280 20246 49995 333 58003=
42182 21995 20000 10260 20254 40008 71022 82030 333 58000 6006/ 82360=
42189 21595 80000 10280 20269 40004 71791 86302 333 56309 59004 6996/ 85620 81925 88070=
42309 21293 80210 10244 20244 40074 79596 8792/ 333 58042 6010/=
42314 21496 89902 10254 20248 40059 79596 8492/ 333 57960 58027 6004/ 84616 81925 88459=
42328 31595 42305 10272 20249 49982 70500 84500 333 59003 84630=
42339 31695 20000 10270 20256 40006 70500 82500 333 59001 82635=
42348 21595 52903 10254 20242 40006 71021 82530 333 59004 6065/ 82625 84360=
42361 21596 80000 10254 20254 49982 70562 8542/ 333 59023 6018/ 84620 85825 88458=
42369 21595 60904 10276 20270 49987 71096 84330 333 59021 6044/ 84620 81925 84360=
42379 31495 70905 10292 20275 49997 71022 84430 333 58000 85618 87360=
42410 21495 40000 10276 20268 40029 71021 83530 333 59001 6990/ 83618 84360=
42415 21596 80000 10290 20273 40033 72162 8552/ 333 59002 6001/ 85620 88459=
42452 31596 63604 10264 20247 49987 71022 83531 333 59011=
42492 21495 70905 10290 20271 40005 71052 85630 333 56290 58006 6990/ 82710 84618 86360=
42559 21495 80000 10242 20239 49989 76066 8572/ 333 59027 6037/ 82715 83620 88458=
42571 22596 70502 10266 20257 49948 84530 333 59034 6005/ 84625 87360=
42623 31495 70901 10246 20238 39191 40039 71021 83620 333 58002 81710 83618 81925 87459=
42634 32996 00000 10256 20239 40027 333 58005=
42647 21496 70000 10276 20244 40022 70522 84630 333 56590 58007 6027/ 82712 83618 85358=
42667 21495 72307 10236 20234 39418 49995 76062 84930 333 59012 6049/ 81710 83620 81930 85360=
42675 21495 83215 10240 20237 49947 76096 8672/ 333 59033 6187/ 83712 85618 88458=
42701 21494 80000 10236 20236 39290 40004 71096 8467/ 333 58018 6047/ 83712 83618 88458=
42724 21495 50000 10276 20259 40030 71021 83530 333 58002 6005/ 83618 84360=
42737 32596 42705 10256 20241 40033 83530 333 58002 83620=
42754 21495 72907 10240 20231 39381 40003 71062 84530 333 59004 6003/ 84618 86360=
42779 21495 81402 10232 20229 39289 49970 75066 8472/ 333 58001 6018/ 82710 84618 88458=
42798 21495 70000 10270 20256 40002 71062 84530 333 58020 6007/ 84615 86360=
42809 21495 60000 10281 20274 40015 70562 83530 333 58014 6001/ 83618 85360=
42840 21596 62702 10266 20252 40035 70162 83530 333 58009 6002/ 83620 85360=
42867 21495 82302 10248 20239 49997 71062 8572/ 333 58005 6013/ 83710 83618 88458=
42874 21496 72706 10260 20246 39666 49997 71022 84720 333 58037 6008/ 82712 84618 86358=
42886 21495 61606 10262 20245 40008 70521 85570 333 56490 58042 6001/ 85618 86359=
42895 32596 62302 10286 20278 40006 83530 333 58018 83620 86360=
42971 21495 50000 10284 20270 40015 70522 83430 333 58033 6990/ 82618 84360=
43003 21595 40000 10268 20251 40038 70522 84800 333 58004 6009/ 82620 84825=
43014 21596 72506 10230 20215 39390 40031 70542 85830 333 58007 6003/ 83620 83825 85360=
43041 21495 80000 10238 20230 39418 40027 71062 8561/ 333 58036 6009/ 82712 85620 88458=
43063 21596 70000 10224 20221 39429 40049 70262 84530 333 58009 6002/ 84626 85356=
43086 32596 60000 10262 20244 39844 40019 84530 333 58020=
43110 21496 81401 10256 20241 40056 70262 8672/ 333 58007 6019/ 82712 85618 88456=
43117 22596 62302 10236 20218 40059 8652/ 333 58025 6007/=
43128 21496 62708 10236 20209 39442 40043 70522 84730 333 56690 58015 6990/ 81710 84615=
43150 32596 62306 10280 20254 39967 40028 83501 333 58025 83620 85075=
43185 32596 32001 10280 20263 30022 40025 82530 333 58014 82620=
43189 32596 80000 10276 20261 30026 40035 8357/ 333 58022=
43192 22596 60000 10256 20253 40057 84502 333 58010 6006/=
43201 32496 62004 10220 20208 39320 40043 84630 333 56690 58006 84710 83612 85358=
43213 22596 62703 10238 20216 39729 40045 82838 333 58019 6996/=
43237 32996 29902 10246 20206 39647 40036 80002 333 58014 82075=
43245 32596 42302 10290 20222 30020 40046 82432 333 58010=
43284 21094 60000 10250 20235 39958 40074 72164 84731 333 58006 6002/ 82701 83612=
43295 22396 72304 10204 20179 39067 48475 85631 333 56599 58010 6002/ 83708 83612=
43333 21495 72709 10264 20253 40082 76062 85430 333 56590 58007 6007/ 82617 83819 85360=
43344 31496 52705 10280 20221 39969 40068 71022 82531 333 58003 82616 83360=
43353 24396 41403 10244 20239 40090 71021 83520 333 56790 58004 6019/ 83614 83458=
43369 21496 82702 10250 20250 40082 76062 8452/ 333 58000 6009/ 84618 88458=
43371 21496 40000 10246 20243 30021 40094 70362 84400 333 56700 58007 6005/ 84617=
43404 22470 32202 10280 20265 30063 40066 52005 82000 333 55001 553// 20000 58004 60008 91005 555 60008==
43410 22470 1//// 10269 20246 30070 40073 80002 333 58006 60008 555 60008==
43413 22470 22207 10279 20245 30072 40077 51007 82100 333 553// 20006 58005 60008 91012==
43415 22470 22102 10260 20246 39979 40087 54/// 82000 333 58008 60008 555 60008==
43418 22/70 32301 10270 20235 30035 40076 52003 333 58002 60008 555 60008==
43421 22470 12402 10258 20000 39979 40085 52007 81000 333 553// 20000 58005 60008 91005 555 60008==
43422 22470 32102 10255 20240 39952 40086 81101 333 58005 60008 555 60008==
43424 22470 12303 10280 20252 30083 40085 51005 81000 333 58004 60008 555 60008==
43436 22470 30000 10263 20233 30066 40069 51002 81000 333 59008 60008 555 60008==
43441 21470 72701 10250 20237 39959 40092 52011 70382 85000 333 58005 69988 555 60028==
43444 22470 72301 10233 20215 39562 40090 53006 85101 333 55001 58003 60008 555 60008==
43450 21/57 82704 10245 20243 30092 40104 51008 78188 333 58007 60088 88/12 555 60178==
43466 21470 52202 10274 20242 30090 40098 5/007 72582 85000 333 553// 20000 59001 60008 91003==
43467 22466 52302 10282 20251 30093 40099 52006 84200 333 58005 60008 555 60008==
43473 21/66 82808 10155 20155 38118 48483 51005 70352 333 553// 20006 58004 60008 85706 88810 91012 555 69918==
43475 22/70 42201 10262 20217 30083 40088 52008 333 553// 20000 58006 60008 91004 555 60008==
43476 22470 30000 10184 20162 38765 48508 81000 333 55001 58009 60008 555 69908==
43479 22/70 20901 10200 20187 39249 333 55001 58014 60008 555 60008==
43486 21460 30302 10245 20245 39999 40099 5/008 71010 82000 333 553// 20000 58001 60008 91002==
43495 22470 62503 10283 20257 30083 40096 52007 86000 333 58004 60008 555 60158==
43497 22470 52502 10261 20000 30076 40093 5/008 85000 333 553// 20006 58004 60008 91003==
44212 32999 21802 10051 21005 39117 40232 52001 80004 333 20040 55123 91204 555 30030=
44213 42984 31802 10071 21001 38796 40219 57004 80008 333 20056 3/005==
44214 42970 42901 10065 21045 38301 40233 53001 80001 333 20058 3/003==
44215 42/70 72402 10039 21027 38429 40252 57002 87070 333 20033 3/001==
44217 32698 60000 10018 21027 37899 40309 58011 86500 333 20018 91202 555 31009=
44218 42/84 70000 10092 21025 38614 40209 55004 87020 333 20070 3/007==
44219 32999 20905 10103 21053 38631 40205 57003 82040 333 20081 91206 555 30051=
44265 32999 60801 10082 20011 38854 40226 53003 85051 333 20068 91201 555 30041=
44266 32999 73204 10093 21111 37820 40221 54000 84049 333 20077 91205 555 30063=
44404 42356 70902 10182 20176 38089 48414 85270 333 58000=
44416 42556 60102 10242 20237 39270 40005 83570 333 59004=
44424 42557 51401 10153 20143 37658 47070 82532 333 58005=
44434 41130 32903 10238 20224 39157 48468 710// 82630 333 58010=
44438 42560 50812 10286 20257 39890 40009 83870 333 58007=
44449 42560 40601 10284 20265 39865 40014 82130 333 58002=
44454 42457 21803 10206 20203 38611 48452 82100 333 58008=
44462 41/01 90901 10188 20185 38219 48433 747// 89/// 333 58002=
44474 42056 20000 10194 20186 38216 48457 82200 333 59004=
44477 41440 10000 10210 20202 38765 48482 710// 81100 333 58006=
44478 41550 10904 10280 20266 39936 40018 710// 81100 333 58007=
48010 42540 70000 10285 20250 39878 40028 84730 333 20273 59004==
48020 41240 63601 10270 20256 70352 84930 333 20255==
48025 41320 71401 10280 20268 39889 40025 70395 84970 333 20243 59001==
48031 41150 83201 10200 20200 72055 888// 333 20181==
48048 41550 81801 10260 20260 39952 40007 79596 8692/ 333 20255 59007==
48052 21450 81801 10245 20191 70295 8687/ 333 20236 5699/ 60202=
48062 41450 80403 10258 20246 30024 40030 79596 86920 333 20209 58003==
48064 42440 83601 10260 20246 39994 40051 8582/ 333 20240 58034==
48071 41320 82302 10263 20260 30030 40038 76566 8692/ 333 20240 59008==
48094 42456 80000 10260 20255 30035 40045 8597/ 333 20219 58002==
48109 42440 62302 10290 20274 30069 40072 86900 333 20230 58004==
50557 14/80 /2704 10169 20061 39873 40160 52008 60001 333 10235 20094 3/006 58103 70000 90761 91107==
51076 14/80 /0301 10087 20051 39338 40187 57001 60001 333 10231 20053 3/008 59022 70000 90761 91103==
51087 14/64 /2501 10119 20058 39200 40178 57003 60001 333 10237 20078 3/010 59022 70000 90761 91109==
51156 14/80 /0004 10095 20014 38717 40193 57002 60001 333 10185 20074 3/008 59017 70000 90761 91106==
51243 14/80 /3302 10163 20073 39658 40180 52001 60001 333 10238 20132 3/015 59024 70000 90761 91105==
51334 14/72 /1902 10111 20087 39801 40192 52001 60001 333 10211 20108 3/010 59011 70000 90761 91105==
51379 14/80 /2001 10134 20040 39282 40185 52004 60001 333 10250 20072 3/011 59012 70000 90761 91106==
51463 14/80 /0000 10133 20045 39050 40193 57005 60001 333 10202 20109 3/011 59007 70000 90761 91104==
51573 14/80 /0702 10239 20003 30067 40113 52010 60001 333 10338 20209 3/020 59030 70000 90761 91108==
51644 14/60 /0201 10122 20090 38921 40122 57006 60001 333 10240 20117 3/012 59013 70000 90761 91104==
51656 14/59 /2501 10128 20096 39111 40119 52001 60001 333 10275 20128 3/010 59015 70000 90761 91104==
51709 14/78 /3001 10136 20074 38639 40149 54000 60001 333 10226 20099 3/014 58000 70001 90761 91111==
51711 14/80 /2502 10068 20048 38050 40142 57014 60031 333 10165 20064 3/007 59006 70044 90761 91107==
51716 14/61 /1800 10164 20100 38903 40134 57006 69911 333 10239 20163 3/017 58009 70001 90761 91108==
51765 14/74 /0201 10166 20046 39169 40109 52007 60001 333 10295 20129 3/013 59011 70000 90761 91103==
51811 14/62 /2901 10162 20092 38791 40140 52004 60001 333 10228 20131 3/017 59003 70000 90761 91105==
51818 14/57 /3002 10163 20080 38641 40129 52004 60001 333 10231 20137 3/016 59005 70000 90761 91105==
51828 14/56 /2703 10172 20073 38633 40120 52007 69901 72100 333 10225 20150 3/015 59006 90761 91106==
51886 14/71 /2401 10111 21010 37131 40016 57001 60001 333 10220 20069 3/011 59020 70000 90761 91111==
52203 14/72 /3301 10148 20045 39280 40122 52010 60001 333 10312 20098 3/012 59028 70000 90761 91107==
52602 14/80 /3201 10120 21030 37277 40017 54000 60001 333 10242 20080 3/008 59016 70000 90761 91109==
52681 14/59 /0903 10130 20121 38658 40174 52002 60001 75000 333 10176 20124 3/013 59016 70058 90761 91107==
52818 14/80 /0000 10099 20073 37241 40026 52004 60001 333 10231 20098 3/009 59022 70001 90761 91104==
52908 14/80 /1302 10052 20045 35837 40018 54000 69931 72100 333 10124 20021 3/004 59004 70033 90761 91113==
53463 14/80 /3202 10126 20120 38937 40236 52007 69981 76050 333 10215 20118 3/012 58009 70008 90761 91104==
54857 14/59 /3404 10260 20229 30078 40167 52010 60001 333 10299 20245 3/024 58028 70000 90761 91107==
55228 14/80 /1201 10057 21047 36065 49954 52004 60001 333 10184 20051 3/002 58003 70000 90761 91110==
55299 14/80 /1201 10063 20045 35918 40034 52004 69921 72100 333 10151 20052 3/004 58003 70043 90761 91107==
55578 14/80 /2801 10086 20053 36419 40022 52006 60001 333 10196 20086 3/009 58004 70000 90761 91106==
55591 14/69 /1002 10105 20070 36576 40011 57001 60061 333 10207 20102 3/011 58011 70073 90761 91107==
55664 14/64 /2601 10052 20017 36067 40016 52003 60001 333 10192 20052 3/005 58004 70000 90761 91105==
55773 14/80 /0801 10017 20005 36072 40101 54000 60001 333 10145 20014 3/101 58004 70000 90761 91111==
56004 14/80 /1202 10052 20035 35892 40035 52001 69921 333 10141 20037 3/003 59001 70002 90761 91110==
56018 14/80 /1902 10071 20048 36251 40064 52001 60021 333 10174 20071 3/007 58009 70098 90761 91107==
56116 14/63 /0101 10075 20048 36400 40031 52008 60001 333 10208 20071 3/005 58005 70000 90761 91105==
56299 70073 82816 84627 87360=
56312 14/80 /2301 10137 20112 37118 40043 54000 60001 333 10238 20133 3/014 59003 70001 90761 91104==
57494 14960 /0204 10255 20214 30107 40135 52017 60001 333 10378 20253 3/026 58043 70000 90761 91110==
58847 14/58 /2902 10288 20235 39987 40084 52010 60001 333 10363 20264 3/026 59001 70000 90761 91105==
62309 42960 01202 10270 20213 40065 57009==
62332 42960 01205 10283 20208 40089 57008==
62366 45960 01210 10296 20146 40075 57013==
62387 42960 00202 10256 20140 40079 57009==
62393 42960 03504 10270 20114 40111 57008==
62405 42960 02503 10285 20105 40079 57004==
62414 42960 03604 10308 20076 40088 52001==
62419 42960 00000 10274 20077 40076 52004==
62420 42960 02702 10279 20088 40075 54000==
62435 42960 02606 10281 20091 40079 57006==
62458 42960 00408 10300 20161 40086 52003==
