SMPK OPKC 070000=
41504 02995 02304 10150 20056 37805 48430 60002 333 58019 60007 RH53%=
41505 12595 60000 10185 20090 38/// 48/// 60001 83520 333 56990 58/// 83840 86460 54% =
41506 02995 00000 10185 20154 38465 48463 60002 333 58023 60007 82%=
41507 22996 00000 10260 20217 39178 49671 333 59006 60007 77%=
41508 02695 30000 10194 20171 38612 48487 60002 83500 333 56900 58020 60007 83635 86%=
41509 02996 01804 10245 20168 38697 48449 60002 333 58029 60007 RH62%=
41510 02996 40000 10140 20132 37900 48490 60002 85030 333 56090 58016 60007 84360 95%=
41515 02996 00000 10218 20147 38478 48442 60002 333 58005 60007 63%=
41516 02696 40000 10195 20155 38482 48441 60002 82530 333 56990 58025 60007 82640 83360 RH78%=
41517 01696 70000 10165 20124 37775 48467 69932 70422 83530 333 56990 58029 69937 83640 86460 77%=
41518 02696 81802 10211 20106 38/// 48/// 60002 8352/ 333 5699/ 5//// 60007 83640 88461 51%=
41519 02696 73602 10250 20126 38710 48461 60002 83520 333 56990 58042 60007 83640 87462 RH46%=
41520 02695 70000 10150 20116 37612 48216 69942 85670 333 56990 58020 60007 82720 83640 86762 80%=
41523 02695 80000 10220 20198 39031 48469 60012 8352/ 333 5699/ 58032 60007 83640 85460 87%=
41524 02696 60000 10230 20200 39264 40096 60002 82520 333 56990 58022 60007 82640 84460 RH 83%=
41525 12996 20000 10140 20106 37669 48363 60002 82030 333 56090 58009 82362 80%=
41528 01996 00000 10190 20182 39161 48466 60002 70400 333 58049 60007 95%=
41529 02696 73102 1025 20205 39704 40073 69902 83520 333 56990 58058 60007 83640 84460 RH 76%=
41530 016// 71310 10240 20210 39649 40051 70522 83430 333 56990 59034 60007 83840 85360 83%=
41530 016// 71310 10240 20210 39649 40051 70522 83430 333 56990 58034 60007 83840 85360 83% CORR=
41534 02996 00000 10225 20210 39649 40052 60012 333 58047 60007 91%=
41535 02696 60000 10170 20162 38663 48428 60002 84420 333 56990 58013 60007 84835 84460 RH95%=
41536 02996 00000 10190 20166 38955 48441 60002 333 58019 60007 86% =
41560 02996 30000 10195 20156 38238 48456 60002 83030 333 56090 58007 60007 83360 Rh78%=
41562 01696 60000 10280 20237 39581 40025 60002 71792 83930 333 58024 60007 RH 77%=
41565 02696 71302 10172 20154 38588 48470 60242 82520 333 56990 58015 60007 82635 85460 90%=
41567 01696 40000 10230 20215 39621 40027 60032 70462 82530 333 56990 58034 60037 82640 82360 91%=
41571 01696 73604 10215 20208 39494 40064 60552 70596 85330 333 56990 58025 60257 RH96%=
41572 01696 33604 10210 20203 39428 40038 60062 70496 82510 333 56990 58029 60027 82640 83460 RH96%=
41573 01696 80000 10155 20131 37958 48471 60072 72162 84520 333 56990 58024 60067 83630 84460 85%=
41574 01697 80000 10135 20127 38310 48486 60022 72166 8552/ 333 5699/ 58009 60027 85640 88460 95%=
41576 01596 80000 10230 20223 40074 60102 79699 8597/ 333 5690/ 58037 60107 81930 84640 87460 96%=
41577 01696 50000 10205 20198 39458 40061 60733 70496 82530 333 56990 58024 60027 82640 83360 RH 95%=
41593 01595 80504 10235 20228 39834 40043 60172 79596 84920 333 56990 58034 60177 81930 83640 88460 96%=
41597 01596 83602 10235 20228 39770 40061 60272 79596 8492/ 333 5699/ 58028 60277 81930 83640 88460 96%=
41598 01697 80000 10250 20243 39779 40043 60082 76562 84520 333 56990 58030 60087 84640 88460 96%=
41599 01595 83116 10270 20256 39774 40054 69902 79596 8192/ 333 5699/ 58032 69907 81930 84640 86460 92%=
41600 01596 81308 10260 20238 39765 40050 69902 79592 8532/ 333 5699/ 58053 69907 81935 84645 86460 88%=
41620 32996 00000 10225 20195 38507 48412 60002 333 58010 60007 83%=
41624 01696 50504 10285 20250 39826 40017 60002 70421 82520 333 56990 58024 60007 82637 83460 81%=
41625 01696 71308 10275 20247 39825 40017 60002 70400 84520 333 56990 58027 60007 84640 83460 85%=
41630 01696 20000 10280 20266 40036 60002 70401 82500 333 56900 58022 60007 82640 92%=
41633 02997 00000 10290 20255 4//// 60002 333 5//// 60007 81%=
41634 01696 70000 10230 20223 3//// 4//// 60012 75000 83570 333 56990 5//// 60017 83640 84460 96%=
41635 01595 73604 10270 20226 3//// 4//// 60002 71792 84370 333 56990 5//// 60007 81935 83640 85462 77%=
41636 01996 00000 10285 20257 39844 40020 60002 70400 333 58016 60007 85%=
41638 01996 00000 10290 20251 4//// 60002 70400 333 5//// 60007 78%=
41639 01996 80000 10250 20235 3//// 4//// 60042 79596 85920 333 56990 5//// 60047 81930 84640 87460 92%=
41640 01696 51302 10265 20244 39802 40042 60002 70421 82530 333 56990 58026 60007 82640 83360 88%=
41641 01996 20000 10260 20238 39779 40044 60002 70400 82030 333 56090 58024 60007 82360 88%=
41642 01695 60000 10260 20246 3//// 4//// 60002 71010 82530 333 56990 5//// 60007 82640 84360 92%=
41643 01995 30000 10260 20246 39771 40038 60002 70400 83070 333 56090 58026 60007 83460 92%=
41644 01595 80000 10250 20250 3//// 4//// 60042 79596 8592/ 333 5699/ 5//// 60047 82935 83640 88460 100%=
41646 01996 00000 10285 20264 39832 40037 60002 70400 333 58030 60007 89%=
41652 01996 00000 10275 20247 39850 40022 60002 70400 333 58017 60007 85%=
41660 029// 01308 10200 20145 38390 48486 60002 333 58016 60007 71%=
41661 01995 00000 10195 20032 38345 48469 60002 70540 333 58019 60007 34%=
41669 01996 01302 10290 20269 3//// 4//// 60002 333 5//// 60007 89%=
41670 01996 30000 10285 20250 3//// 4//// 60002 70400 83030 333 5//// 56090 60007 83360 81%=
41674 01996 21304 10280 20259 3//// 4//// 60002 70400 82030 333 56090 5//// 60007 82360 88%=
41675 01996 01304 10300 20251 39878 40015 60002 70400 333 58018 60007 75%=
41676 01996 00000 10290 20269 39879 40029 60002 70400 333 58024 60007 89%=
41677 01996 00000 10280 20259 39845 40005 60002 70400 333 58029 60007 88%=
41678 01996 00000 10290 20208 40019 60002 70500 333 58025 60007 61%=
41679 01996 00000 10265 20244 4//// 60002 70400 333 5//// 60007 88%=
41680 01996 00000 10285 20264 39839 40029 60002 70400 333 58022 60007 89%=
41685 02697 20000 10225 20195 38849 48445 60002 82500 333 56900 58029 60007 82635 RH83%=
41696 02996 00000 10150 20098 37983 48491 60002 333 58006 60007 RH71%=
41697 02996 00000 10300 20258 39851 49999 60002 333 58005 60007 RH78%=
41700 01996 00000 10290 20248 39878 49997 60002 70400 333 58028 60007 78%=
41701 01996 00000 10280 20252 39880 40018 60002 70400 333 58018 60007 85%=
41710 12996 03106 10280 21051 39258 49993 60002 333 58015 RH11%=
41712 12996 00000 10260 20026 39105 48448 60002 333 58008 RH22%=
41715 01996 00000 10290 20248 39954 40017 60002 70500 333 58025 60007 RH78%=
41716 01996 00000 10280 20266 39930 40030 60002 70400 333 58021 60007 92%=
41716 01996 00000 10280 20266 39930 40030 60002 70400 333 58021 60007 92%=
41718 01996 00000 10290 20248 39913 40011 60002 70400 333 58015 60007 78%=
41724 01996 00000 10300 20265 39959 40035 60002 70500 333 58031 60007 RH82%=
41725 02996 00000 10320 20261 39946 40020 60002 333 58033 60007 RH75%=
41726 02996 00000 10290 20269 39959 40027 60002 333 58029 60007 RH89%=
41738 02996 31806 10270 20234 39867 40041 60002 83040 333 56090 58014 60007 83460 RH81%=
41739 02996 00000 10265 20182 38962 48442 60002 333 59009 60007 RH60%=
41742 12996 70000 10280 20244 39933 40035 60002 87010 333 56090 58017 87460 RH 81%=
41743 01996 00000 10275 20239 60002 70500 333 60007 RH81%=
41744 12996 00000 10205 20063 38685 48417 60002 333 59020 RH 40%=
41745 01995 01802 10275 20247 60002 70500 333 60007 RH 85%=
41746 01996 00000 10270 20256 39964 40016 60002 70500 333 58026 60007 RH92%=
41747 02996 01302 10285 20250 39938 49995 60002 333 58017 60007 RH 81%=
41748 02996 01802 10300 20258 39952 40013 60002 333 58008 60007 RH78%=
41749 02996 01306 10285 20264 39974 40007 60002 333 58026 60007 RH89%=
41756 01495 41802 10255 20226 39964 40028 60002 70500 84600 333 56900 58005 60007 84715 RH84%=
41757 11995 00000 10270 20249 30031 40043 60002 71000 333 58023 RH88%=
41759 01995 00000 10255 20233 30025 40031 60002 71011 333 58016 60007 RH88%=
41764 02996 02306 10265 20244 39973 40022 60002 333 58022 60007 RH88%=
41765 01996 02104 10270 20241 39988 40023 60002 71040 333 58006 60007 RH84%=
41766 11996 02306 10245 20223 39977 40006 70400 333 59021 60007 RH87%=
41767 02996 0//// 10265 20251 60002 333 60007 RH92%=
41768 02596 32304 10270 20256 30019 40026 60002 83600 333 56500 58014 60007 83720 RH92%=
41780 01596 72706 10275 20247 30010 40037 69903 70400 87600 333 56900 58019 60007 83720 85630 RH85%=
41783 02696 42304 10265 20244 39996 40025 60002 82530 333 56990 58004 60007 82635 82360 RH 88%=
41785 02996 42302 10275 20254 30027 40040 60002 84030 333 56090 58019 60007 84360 RH 88%=
41786 02596 52306 10275 20239 39977 40013 60002 83630 333 56590 58024 60007 83720 82362 RH81%=
41BAG 02696 40502 10145 20102 60002 84500 333 56900 60007 84635 75%=
41BKI 01996 30000 10250 20220 39641 40045 69902 70421 83030 333 56090 58037 60007 83360 RH 84%=
41SKP 01996 00000 10265 20244 3//// 4//// 60002 70400 333 5//// 60007 92%=
43532 01696 60000 10220 20195 39228 40007 60012 70400 83520 333 56990 58011 60007 83640 83460 91%=
43533 02996 40000 10205 20190 39160 48452 60002 84020 333 56090 58039 60007 84460 91%=
43563 02697 80000 10239 20218 39387 40055 60002 83530 333 56990 58027 60007 83640 85360 88%=

==================
41526 Not Received
41533 Not Received
41564 Not Received
41568 Not Received
41592 Not Received
41594 Not Received
41672 Not Received
41760 Not Received
41781 Not Received
==================

UPPK OPKC 070000=
PPAA 57001 41624 55185 10006 77999=
PPAA 57001 41675 55185 13513 77999=
PPAA 57001 41678 55185 30503 77999=
PPAA 57001 41718 55185 24013 77999=
PPBB 57001 41624 90/12 09002 10003 09004 9037/ 07005 14008=
PPBB 57001 41675 90/12 13004 14507 16007 903// 17511=
PPBB 57001 41678 90/12 00000 00503 34505 9037/ 33506 01003=
PPBB 57001 41718 90/12 00000 22507 23007 903// 23509=
PPAA 5700/ 41516 MISDA DUE TO TECHNICAL FAULT=
PPAA 5700/ 41517 MISDA DUE TO SMOKE HAZE=
PPAA 5700/ 41600 MISDA DUE TO THUNDERSTORM RAIN=
PPAA 5700/ 41640 MISDA DUE TO TECNICAL PROBLEM=
PPAA 5700/ 41646 MISDA DUE TO TECHNICAL PROBLEM=
PPAA 5700/ 41739 no acent due to security risk=
PPAA 5700/ 41764 NO ASCENT DUE PAF FLYING=
PPAA 5700/ 41768 NO ASCENT DUE TO SHORTAGE OF STAFF=
PPAA 5700/ 41598 MISDA DUE TO RAIN=
PPAA 57231 41780 MISDA NO ASCENT DUE TO SHORTAGE OF RED BALOON=


Data Generated from File : D:\all data handling\Rmc_lhr\2024090700.FSU.txt
07/09/24 01:02:08
______________________________________________________________
15007 05/70 /2701 10127 20099 39762 40229 57002 60001 7000/ 333 4/000 55300 0//// 20000 3//// 55068 0//// 21753 3//// 60007=
15020 04/70 /3102 10152 20110 30023 40217 54000 60001 333 55091 21965 55300 20000 60007==
15023 05/70 /2201 10149 20102 39788 40207 54001 60001 7000/ 333 55300 0//// 20000 3//// 55049 0//// 21509 3//// 60007=
15056 05/70 /3502 10203 20106 39872 40212 54001 60001 7000/ 333 4/000 55300 0//// 20000 3//// 55062 0//// 21647 3//// 60007=
15069 05/70 /0505 10096 20082 39166 42849 57002 60001 7000/ 333 4/000 55300 0//// 20000 3//// 55047 0//// 21484 3//// 60007=
15073 05/70 /3000 10148 20120 39765 40225 54001 60001 7000/ 333 4/000 55300 0//// 20000 3//// 55053 0//// 21419 3//// 60007=
15090 04/67 10000 10152 20144 30127 40219 53003 60001 81040 333 55051 00658 21511 30676 55300 10180 20000 30000 60007 91001 90760 91101==
15107 05/68 /1101 10097 20086 39433 42851 54000 60001 7000/ 333 55300 0//// 20000 3//// 55031 0//// 21076 3//// 60007=
15108 01984 01208 10081 20066 38165 48565 57003 60001 70241 333 55004 20628 55300 20000 60007 91010 90760 91110==
15109 05/70 /2704 10153 20124 39795 40223 54001 60001 7000/ 333 55300 0//// 20000 3//// 55030 0//// 21019 3//// 60007=
15111 05/70 /3102 10161 20132 39953 40211 52002 60001 7000/ 333 4/000 55300 0//// 20000 3//// 55055 0//// 21531 3//// 60007=
15113 05/69 /0101 10147 20139 30056 40217 52004 60001 7000/ 333 4/000 55300 0//// 20000 3//// 55071 0//// 21654 3//// 60007=
15127 05970 02101 10113 20094 39359 42849 54001 60001 7000/ 333 4/000 55300 0//// 20000 3//// 55038 0//// 21144 3//// 60007 91001 91102=
15148 05970 10502 10108 20081 38776 48550 54001 60001 7000/ 81040 333 55300 0//// 20000 3//// 55020 0//// 20805 3//// 60007 91003 91103=
15150 04970 02901 10146 20140 30010 40221 52002 60001 333 55028 21031 55300 20000 60007 91001 90760 91101==
15154 05967 03101 10152 20143 30073 40214 52003 60001 7000/ 333 4/000 55300 0//// 20000 3//// 55048 0//// 21321 3//// 60007 91001 91102=
15168 05/70 /0402 10180 20092 39598 42840 52002 60001 7000/ 333 4/000 55300 0//// 20000 3//// 55065 0//// 21471 3//// 60007=
15170 04966 00302 10101 20094 39454 42844 54001 60001 333 55046 21295 55300 20000 60007 91003 90760 91103==
15194 05/70 /2804 10155 20142 39931 40221 52004 60001 7000/ 333 4/000 55300 0//// 20000 3//// 55023 0//// 20892 3//// 60007=
15197 05/70 /3503 10184 20125 30009 40214 54000 60001 7000/ 333 4/000 55300 0//// 20000 3//// 55028 0//// 21026 3//// 60007=
15215 05/70 /0802 10169 20083 39617 42840 54001 60001 7000/ 333 4/000 55300 0//// 20000 3//// 55042 0//// 21250 3//// 60007=
15217 05/70 /3603 10135 20092 39556 42843 52003 60001 7000/ 333 4/000 55300 0//// 20000 3//// 55039 0//// 21237 3//// 60007=
15219 07/56 /3103 10154 20145 30087 40210 52002 60001 7101/ 333 4/000 55300 0//// 20000 3//// 55009 0//// 20754 3//// 60007=
15238 05/70 /2701 10137 20103 39602 42839 52002 60001 7000/ 333 4/000 55300 0//// 20000 3//// 55033 0//// 21211 3//// 60007=
15261 07/60 /2801 10113 20107 39415 42856 52003 60001 7101/ 333 55300 0//// 20000 3//// 55029 0//// 21124 3//// 60007=
15262 01699 60909 10070 20070 38275 48/// 54001 60001 70242 86070 333 55300 0//// 20000 3//// 55002 0//// 20495 3//// 60007 91015 91115=
15265 05/70 /3502 10165 20143 30131 40205 54001 60001 7000/ 333 4/000 55300 0//// 20000 3//// 55016 0//// 20962 3//// 60007=
15280 01/84 51209 10040 20015 37582 47152 57002 60001 70142 83031 333 55034 20900 55300 20000 60007 91015 90760 91115==
15300 05770 72201 10156 20131 39586 42837 54000 60001 7000/ 87500 333 55300 0//// 20000 3//// 55064 0//// 21660 3//// 60007 91002 91102=
15301 01970 11302 10126 20052 38690 48571 54001 69931 70181 81040 333 55300 0//// 20000 3//// 55072 0//// 21836 3//// 60007 91003 91104=
15302 05/70 /1401 10130 20092 38982 48553 57002 60001 7000/ 333 55300 0//// 20000 3//// 55051 0//// 21447 3//// 60007=
15307 05/70 /0103 10196 20129 30017 40198 52003 69921 7000/ 333 4//// 55300 0//// 20000 3//// 55019 0//// 20893 3//// 60007=
15310 04970 00102 10187 20142 30109 40193 54001 60001 333 55029 00396 21110 31006 55300 10180 20000 30000 60007 91004 90760 91106==
15324 05/70 /3401 10150 20128 39420 42837 50002 60001 7000/ 333 4/000 55300 0//// 20000 3//// 55091 0//// 21871 3//// 60007=
15325 05/70 /0301 10118 20036 38549 48559 54001 60001 7000/ 333 55300 0//// 20000 3//// 55041 0//// 21053 3//// 60007=
15328 05/70 /3501 10161 20113 39862 40206 52004 69911 7000/ 333 4/001 55300 0//// 20000 3//// 55032 0//// 21076 3//// 60007=
15335 04969 03602 10183 20164 30177 40184 57004 60001 333 55030 21018 55300 20000 60007 91004 90760 91104==
15336 05/67 /0102 10184 20163 30176 40178 57004 60001 7000/ 333 4/000 55300 0//// 20000 3//// 55029 0//// 20957 3//// 60007=
15349 05/70 /0201 10182 20105 39659 40197 54001 60001 7000/ 333 4/000 55300 0//// 20000 3//// 55048 0//// 21259 3//// 60007=
15350 01970 00204 10197 20131 30084 40200 52005 69941 70181 333 55019 20824 55300 20000 60007 91008 90760 91108==
15360 04970 00612 10241 20161 30155 40171 57007 60001 333 55049 60007 91015 90760 91116==
15375 01970 23502 10161 20131 39846 40199 54000 69911 70180 82040 333 4/000 55300 0//// 20000 3//// 55069 0//// 21696 3//// 60007 91003 91103=
15377 05/70 /0302 10193 20131 39981 40191 54001 60001 7000/ 333 55300 0//// 20000 3//// 55056 0//// 21351 3//// 60007=
15387 05/70 /0606 10237 20172 30168 40172 57005 69901 7000/ 333 4/000 55300 0//// 20000 3//// 55051 0//// 21516 3//// 69907=
15402 05/70 /0302 10193 20134 30117 40190 52002 60001 7000/ 333 55300 0//// 20000 3//// 55033 0//// 21395 3//// 60007=
15405 05/70 /0105 10174 20148 30130 40191 54001 60001 7000/ 333 4/000 55300 0//// 20000 3//// 55039 0//// 21246 3//// 60007=
15406 05/61 /3602 10178 20172 30133 40180 52002 60001 7000/ 333 4/000 55300 0//// 20000 3//// 55026 0//// 21078 3//// 60007=
15408 05/70 /0504 10186 20164 39920 40179 57002 60001 7000/ 333 4/001 55300 0//// 20000 3//// 55030 0//// 21160 3//// 60007=
15409 05/69 /3606 10195 20175 30128 40174 54001 60001 7000/ 333 4//// 55300 0//// 20000 3//// 55051 0//// 21403 3//// 60007=
15419 05570 40102 10202 20144 30007 40196 54000 60001 7000/ 82340 333 4/000 55300 0//// 20000 3//// 55074 0//// 21766 3//// 60007 91003 91103=
15420 04/70 20403 10208 20137 30077 40184 50001 60001 82030 333 55078 21784 55300 20000 60007 91006 90760 91107==
15421 05970 00403 10202 20139 30088 40195 54000 60001 7000/ 333 4/000 55300 10189 20000 30000 55070 00715 21692 30854 60007 91006 91106=
15422 05970 40402 10209 20146 30085 40183 50001 60001 7000/ 84030 333 55300 0//// 20000 3//// 55066 0//// 21692 3//// 60007 91005 91107=
15425 05969 00203 10178 20161 30120 40183 54001 69901 7000/ 333 4/000 55300 0//// 20000 3//// 55010 0//// 20755 3//// 60007 91005 91106=
15434 02970 30601 10199 20146 39990 40193 51007 60001 83070 333 4/000 55300 0//// 20000 3//// 55096 0//// 22012 3//// 60007 91002 91104=
15444 05/63 /0203 10188 20180 30106 40177 54001 60001 7000/ 333 4/000 55300 0//// 20000 3//// 55023 0//// 21007 3//// 60007=
15455 05/70 /0502 10204 20159 30061 40188 57002 60001 7000/ 333 4/000 55300 0//// 20000 3//// 55100 0//// 22018 3//// 60007=
15460 04961 00102 10187 20177 30152 40176 50001 60001 333 55016 20880 55300 20000 60007 91004 90760 91104==
15462 05968 20405 10204 20180 30085 40168 57005 60001 7000/ 80001 333 4/000 55300 0//// 20000 3//// 55025 0//// 21149 3//// 60007 91007 91108=
15470 04970 00000 10204 20162 30066 40188 55001 60001 333 55100 22060 55300 20000 60007 91001 90760 91103==
15475 06/// /3200 10190 20180 30162 40181 54001 69941 333 55300 0//// 20000 3//// 55062 0//// 21604 3//// 69927=
15479 07/50 /3402 10182 20180 39985 40173 57004 69941 720// 333 55300 0//// 20000 3//// 55026 0//// 21092 3//// 69947=
15480 04569 60603 10241 20183 30145 40162 56005 60081 86300 333 55028 00314 20966 30885 55300 10160 20000 30000 69967 91007 90760 91107==
15489 05970 00302 10197 20161 30096 40187 55001 60001 7000/ 333 55300 0//// 20000 3//// 55103 0//// 22081 3//// 60007 91003 91105=
15491 05970 00101 10194 20172 30153 40182 54001 60001 7000/ 333 55300 0//// 20000 3//// 55102 0//// 22069 3//// 60007 91002 91103=
15499 05/70 /2803 10205 20188 30147 40156 57011 60001 7000/ 222// 0//// 2//// 333 55058 60007=
15549 12570 60203 10182 20174 39768 40168 53001 60001 86200 333 10208 20182 555 595//=
15552 12965 22901 10210 20189 30109 40156 57003 60001 82030 222// 00262 10200 333 10223 20210 555 588// 92023 92427=
15640 12972 00000 10194 20175 39864 40164 58002 60001 333 10253 20193 555 589//=
15655 12968 03402 10213 20176 30127 40159 58002 60001 222// 00254 10000 333 10243 20213 555 579// 92024 92427=
15730 12970 00000 10188 20162 39785 40166 54000 60001 333 10245 20188 555 585//=
16627 12960 00203 10240 20166 30142 40147 51007 60001 333 90730 91107==
16650 12/60 30104 10240 20200 30127 40135 52004 60001 81041 333 90730 91107==
16706 12960 03606 10270 20193 30107 40114 57004 60001 333 90730 91112==
16723 12960 33610 10280 20169 30096 40110 57006 60001 80001 333 90730 91117==
16732 26/// /3603 10258 20188 30118 40129 54000 333 60005 90730 91111==
16742 12960 03511 10262 20150 39951 40099 57005 60001 333 90730 91121==
16749 12960 32305 10280 20187 30076 40090 50001 60001 80001 333 90730 91112==
16754 12960 20003 10230 20172 30085 40131 57002 60001 80001 333 90730 91109==
16760 26/// /0406 10243 20122 39738 40134 57004 333 60005 90730 91110==
17031 12570 31802 10187 20179 30139 40145 55000 60001 83200 333 83833 90760 91107==
17034 12970 02001 10222 20188 30106 40150 50001 60001 333 90760 91108==
17038 12670 52111 10231 20170 30095 40140 57005 60001 85100 333 85835 91021 90760 91123==
17060 12960 00406 10230 20177 30116 40155 53001 60001 333 90760 91116==
17070 12665 62101 10178 20139 39305 40126 57005 60001 83250 333 83835 85360 90760 91103==
17084 12970 00101 10176 20146 39271 40125 57001 60001 333 90760 91114==
17092 12960 00000 10158 20117 38856 48510 53001 60001 333 90760 91113==
17096 12960 00905 10101 20091 38264 48517 55001 60001 333 90760 91125==
17098 12660 43203 10083 20081 38237 48536 55002 60001 82250 333 82840 84358 90760 91113==
17100 11670 50000 10181 20156 39194 40143 55000 69931 70282 83230 333 83840 85359 90760 91106==
17115 12960 00106 10230 20198 30099 40147 56001 60001 333 90760 91111==
17116 12965 01702 10211 20126 30027 40141 58001 60001 333 90760 91106==
17124 12960 02406 10161 20113 39262 40130 57003 60001 333 90760 91115==
17128 12/70 20409 10176 20126 39077 40111 57002 60001 82030 333 82360 90760 91113==
17150 12960 02202 10195 20126 30021 40137 55000 60001 333 90760 91118==
17160 12970 03504 10196 20100 39012 48516 52006 60001 333 90760 91116==
17170 11660 10804 10148 20084 38348 48510 55003 69921 70190 81100 333 81840 90760 91114==
17184 12970 03301 10224 20121 30021 40125 51002 60001 333 90760 91108==
17190 12970 03001 10182 20076 38993 48522 57005 60001 333 90760 91109==
17190 12970 03001 10182 20076 38993 48522 57005 60001 333 90760 91109==
17195 12970 00406 10167 20106 38962 48512 57002 60001 333 90760 91110==
17200 12960 01404 10206 20100 39152 40064 53004 60001 333 90760 91119==
17202 12/70 22005 10186 20095 39099 40068 52004 60001 82040 333 82360 90760 91108==
17203 12670 32901 10178 20116 38864 48537 55001 60001 83100 333 83840 90760 91106==
17219 12965 03413 10274 20101 39984 40118 55002 60001 333 90760 91121==
17237 12970 02301 10239 20086 39644 40113 52004 60001 333 90760 91107==
17240 12970 02205 10196 20082 39030 40102 56001 60001 333 90760 91108==
17244 12970 03608 10203 20060 38988 48516 54000 60001 333 90760 91121==
17260 12960 02703 10228 20173 39270 40025 56001 60001 333 90760 91111==
17280 12960 02504 10226 20106 39324 40052 53001 60001 333 90760 91111==
17292 12970 02801 10234 20073 39382 40082 57002 60001 333 90760 91106==
17300 12960 03210 10280 20110 30023 40089 58005 60001 333 90760 91112==
17310 12970 00000 10287 20213 30063 40070 57005 60001 333 90760 91104==
17350 12670 40604 10250 20220 30001 40074 57004 60001 84200 333 84835==
17370 12670 22301 10281 20243 30082 40086 58003 60001 82200 333 82835 90760 91108==
33088 32997 01201 10154 20082 30063 40250 52003 555 1/012=
33135 329// 00803 10131 20091 30136 40282 52005 555 1/013=
33317 329// 21302 10141 20074 39917 40247 52003 80001 555 1/013=
33393 32960 01002 10191 20087 39834 40209 52003=
33415 32997 01103 10185 20108 39843 40225 52003 555 1/014=
33429 32997 00902 10159 20072 39824 40234 52001 555 1/013=
33466 32972 00000 10144 20060 30074 40258 52005 555 10012=
33506 32997 00701 10141 20019 30079 40272 53004 555 1/010=
33562 32960 00000 10135 20094 39950 40249 55001 555 1/013=
33587 329// 01201 10167 20071 39986 40242 53004 555 1/014=
33658 32982 00000 10156 20097 39930 40221 52003 555 1/013=
33663 32997 01201 10162 20110 30133 40226 58005 555 1/015=
33664 42997 00702 10177 20063 39912 40218 58001=
33678 42998 01701 10158 20064 30041 40242 52001=
33679 42997 00801 10175 20123 30049 40234 52007=
33711 32960 00805 10164 20036 30038 40242 52004 555 1/013=
33745 42997 50802 10168 20082 30041 40229 57005 80001 555 10015=
33748 42997 01303 10186 20117 39937 40211 53007=
33754 42997 00602 10166 20102 30078 40220 51005=
33761 32998 01201 10157 20089 30014 40231 52005 555 1/012=
33791 32984 00804 10172 20017 30114 40238 50002 555 1/015=
33815 42998 00203 10191 20114 30010 40209 52003 555 11015=
33837 32980 20707 10211 20123 30151 40200 58001 80001 555 1/017=
33881 42998 00101 10176 20126 30019 40209 58001=
33883 42997 03602 10175 20134 30047 40203 54000 555 11013=
33885 42997 00203 10177 20121 30080 40210 57003=
33892 42997 00303 10164 20127 30002 40204 52001=
33902 32997 00602 10169 20062 30152 40210 58004 555 1/012=
33924 42570 80708 10212 20128 30165 40177 57002 885// 333 91012 90760 91113==
33946 42/82 50708 10219 20138 39951 40160 57004 85030 333 91011 90760 91112==
33983 42/60 10609 10217 20120 30114 40171 58001 81030 333 91014 90760 91114==
34300 32997 00000 10144 20023 30112 40286 53002 555 1/010=
34336 42960 00000 10080 20021 30193 40297 52003==
34344 42970 00000 10074 20074 30204 40292 52002==
34356 42970 00000 10072 20023 30150 40298 52001==
34357 42970 01001 10107 20024 30135 40289 54000==
34398 429// 00202 10088 20023 30275 40285 52002==
34415 32997 00000 10108 20045 30177 40273 52002 555 1/008=
34438 42960 00703 10107 20015 30092 40281 55002==
34445 41970 02802 10048 21014 30177 40292 54000 70230==
34461 42960 00401 10101 20013 30237 40292 54001==
34473 429// 00902 10087 20019 30251 40289 57002 555 10006=
34476 42970 00603 10123 20011 30279 40286 58003==
34504 32981 00805 10165 20009 30083 40252 52003=
34535 42970 00000 10119 20004 30201 40272 54000==
34545 42970 00802 10105 20012 30167 40278 54000==
34555 42970 00903 10152 20051 30194 40283 57002 333 90760 91110==
34560 42960 00604 10116 20032 30099 40287 54000==
34578 42960 00401 10118 20021 30275 40282 54000==
34579 42970 00601 10109 20003 30241 40285 54000==
34644 42960 00502 10137 20036 30185 40261 52002==
34646 42970 01105 10173 20050 30184 40263 52001 333 90760 91113==
34655 42960 00602 10113 21010 30212 40272 54000==
34662 42970 00502 10102 20008 30268 40279 54000==
34691 42970 00000 10103 20009 30295 40283 54000==
34720 42970 00503 10170 20066 30200 40238 52004 333 90760 91110==
34727 42960 00806 10178 20024 30192 40221 52002 333 91010 90760 91111==
34743 42960 00703 10118 21010 30173 40261 52002==
34759 42960 00901 10098 20024 30132 40262 54000==
34772 42960 00503 10097 20000 30272 40275 54000==
34785 42960 00403 10091 20017 30296 40274 54000==
34798 42960 00302 10101 20048 30303 40274 52002==
34824 42960 00603 10200 20065 30196 40201 52003 333 90760 91111==
34838 42660 80704 10194 20062 30115 40207 54001 884//==
34845 42970 00903 10136 20050 30130 40236 52002==
34858 42960 00601 10124 20049 30141 40247 53004==
34861 42960 01005 10120 20050 30018 40257 54000==
34866 42960 00504 10108 20053 30265 40256 58001==
34880 42960 00503 10125 20071 30289 40263 54000==
34887 42970 00302 10108 20079 30278 40259 56001==
34949 42/70 60809 10146 20088 39689 40218 57001 86030 333 91011 90760 91115==
34954 42570 50902 10169 20079 30061 40229 54000 85500==
34958 42570 60903 10167 20085 30038 40230 57004 86500==
34975 42970 00803 10142 20087 30244 40240 57006==
34984 42960 50303 10131 20106 30278 40249 57002 80001==
35217 429// 00701 10072 20028 30246 40286 52004==
35302 429// 00501 10083 20038 30267 40288 52001==
35315 429// 00302 10070 20025 30220 40276 58001 555 10005=
35344 429// 02902 10053 20029 39972 40257 53003 555 10005=
35345 46/// /2802 10082 20076 39930 40245 56002=
35358 42/// 82902 10094 20040 30079 40245 52009 8804/==
35368 425// 82602 10104 20056 39968 40226 52003 885// 555 10009=
35386 425// 62702 10072 20045 39684 40189 52007 86500 555 10007=
35394 41570 62302 10064 20055 39525 40182 52009 70282 86900==
35404 429// 00602 10100 20055 30276 40284 52001 555 10006=
35406 429// 00202 10100 20032 30279 40281 54000==
35416 429// 00701 10081 20020 30160 40279 53003==
35426 429// 00000 10045 20006 39991 40280 52002==
35437 429// 20000 10040 20000 39966 40278 52002 80004 555 10003=
35449 429// 02703 10097 20048 30150 40250 52003 555 10006=
35497 425// 82701 10060 20053 39419 40195 52011 889//==
35498 416// 82902 10047 20031 39336 40193 52010 70262 885// 555 11004=
35514 42998 00201 10088 20019 30281 40277 52001 555 10006=
35519 42998 00501 10073 20027 30207 40277 52001 555 10003=
35522 429// 00000 10084 20033 30027 40273 52004 555 10007=
35542 429// 02802 10052 20008 30112 40257 52002 555 10005=
35563 42598 72803 10084 20029 39479 40224 52008 87500 555 10008=
35576 426// 83102 10096 20042 39782 40215 52011 8557/==
35582 425// 73004 10080 20044 39620 40201 52011 87900 555 10006=
35594 425// 82803 10061 20026 39384 40198 52011 889// 555 10007=
35605 42998 00302 10104 20030 30296 40275 52001 555 10006=
35633 429// 03301 10060 20003 30056 40267 52005 555 10005=
35671 42970 02401 10048 21008 39814 40237 52011==
35699 429// 03603 10071 20016 39458 40190 52013==
35700 42970 00000 10124 20029 30296 40273 52001==
35715 42997 01201 10112 20015 30287 40273 52006 555 10008=
35739 429// 00000 10053 20015 30129 40267 51003 555 18004=
35746 429// 03403 10086 20013 30190 40256 52007==
35777 429// 00000 10031 21014 39863 40204 52009 555 10002=
35796 42960 00702 10072 20010 39778 40200 52025==
35816 46/// /1103 10128 20006 30278 40289 53001=
35849 429// 00000 10081 20029 30171 40255 52008==
35895 42597 33401 10080 20009 39782 40213 52019 82330 555 10007=
35907 42998 00811 10165 20100 30289 40260 52006=
35925 429// 00702 10086 21012 30158 40268 51003==
35927 429// 01402 10117 21007 30262 52006=
35953 429// 03302 10080 20008 30117 40243 52008==
35969 429// 00000 10072 20007 30066 40236 52012==
35997 426// 60000 10111 20058 39780 40197 52023 83550 333 91103 555 10009=
36259 11584 81405 10040 20014 38186 48453 52018 69912 71582 86902 333 20040 31/// 55004==
36335 415// 82704 10047 20017 39186 40179 53010 70282 883// 555 11006=
36358 42999 82302 10048 20022 39179 40164 52012 8807/ 555 10004=
36394 42597 70000 10073 20058 39744 40150 52009 87300=
36397 42684 70000 10086 20034 39609 40150 52012 87500==
36403 42698 71001 10071 20049 39793 40140 52008 87900 555 10008=
36418 42999 72406 10069 20032 39550 40141 52009 85033 555 10006=
36421 42699 61401 10093 20079 39590 40126 52008 86500=
36428 41684 70000 10079 20068 39661 40141 52006 70282 83941==
36439 41698 71301 10064 20056 38924 48462 51003 70282 84931 555 11008=
36467 42698 52703 10054 21048 39270 40186 52009 85500 555 10005=
36498 42698 23101 10037 20010 39403 40174 52013 82500 555 11001=
36501 42999 20000 10053 20019 39430 40158 52011 82030 555 10003=
36535 42/84 43002 10034 21009 39545 40161 52009 84030==
36546 42699 40801 10105 20063 39623 40134 52017 82441 555 10008=
36619 42999 60000 10089 20049 86030 555 10005=
36622 42998 80000 10071 20032 39377 40148 52007 8807/ 555 10007=
36639 42584 80000 10108 20100 39569 40143 53017 889//==
36643 42599 72001 10080 20059 39510 40143 52008 87970 555 10005=
36665 41597 82003 10132 20090 39438 40118 53006 70282 889// 555 12012=
36666 41599 82702 10117 20070 39666 40131 52011 70182 8697/=
36729 42998 82003 10126 20073 39698 40153 52023 83075 333 91106 555 11011=
36736 42599 80901 10125 20112 39624 40146 53009 8695/ 555 12011=
36744 42998 53502 10078 20021 39738 40172 52011 80001 333 91103 555 10006=
36770 41598 83001 10116 20091 39488 40179 52009 72582 8697/ 333 91111 555 11011=
36786 41598 83402 10090 20074 39294 40174 52019 70282 889// 333 91110=
36796 41597 80000 10074 20062 39025 48506 53024 78082 889// 333 91102=
36803 41597 82602 10145 20127 39728 40149 53021 78082 889// 333 91110=
36806 41496 80000 10110 20082 39699 40144 53015 78082 889// 333 91117=
36819 415// 82903 10115 20085 39610 40195 52023 70286 8802/ 333 91114=
36821 415// 52102 10109 20099 39724 40192 52018 71082 85900 333 90760 91107==
36839 41597 83001 10088 20072 39100 40186 52012 78082 8694/ 333 91116=
36843 415// 82505 10083 20056 39053 40185 52007 78182 889// 333 91111=
36846 415// 81401 10059 20053 38614 48503 53016 78082 889// 333 91118=
36859 41520 82401 10132 20098 39404 40143 52030 78182 889// 333 90760 91114==
36870 415// 80501 10101 20093 39220 40194 52025 78082 889// 333 90760 91103==
36874 415// 81803 10107 20091 39452 40198 52019 70282 889// 333 91120=
36877 41697 80000 10098 20084 39269 40210 52024 78081 889// 333 91106=
36885 41597 82702 10088 20076 39112 40203 52020 78082 889// 333 91108=
36889 414// 80000 11015 21019 37074 47093 53017 75882 889// 333 91106=
36894 41596 82302 10121 20073 39477 40183 52028 78082 889// 333 91112=
36905 41596 82302 10087 20067 38745 48506 52026 78182 883// 333 91110=
36911 415// 80000 10102 20100 39301 40248 52030 78082 889// 555 11010=
36927 42697 72724 10079 20021 38322 48480 52023 87900 333 91128=
36934 42597 82708 10163 20010 38232 48342 52012 889// 333 91017=
36953 42699 80000 10102 20067 38174 48508 54002 8394/ 333 91109 555 1/010=
36963 417// 82301 10025 20001 37051 48/// 53006 78082 889// 555 12003=
36974 427// 80505 10116 20027 37974 48499 53031 889// 555 10012=
36982 42598 80901 10012 21037 36540 47085 57007 8296/=
37018 42660 60302 10222 20139 30084 40155 57001 86900==
37031 42560 60904 10177 20110 30011 40199 52002 86500 333 90760 91112==
37054 41560 80000 10152 20121 39851 40223 54001 70282 885//==
37061 42560 80605 10163 20103 30066 40229 58004 885// 333 91010 90760 91111==
37085 42540 80706 10203 20131 30250 40224 56005 885// 333 90760 91110==
37171 42940 00605 10207 20153 30131 40149 57003==
37228 42460 70000 10143 20137 39392 40198 57003 87500==
37235 41440 80000 10166 20158 39894 40198 52007 71022 886//==
37472 41540 81502 10212 20175 30225 40204 57007 71022 8557/==
38149 42970 00402 10094 20015 30177 40253 52005==
38178 429// 03504 10100 20004 39951 40233 52011==
38262 429// 00102 10095 20025 30161 40242 52008==
38264 42970 03501 10086 20019 30152 40246 52006==
38345 41798 80000 10085 20046 38827 48531 52021 70282 889// 555 11009=
38353 415// 81401 10108 20092 39327 40202 52011 70282 8593/=
38388 42998 00501 10142 20034 30151 40220 52009 555 18012=
38392 42997 30404 10112 20043 30131 40233 52006 83030 555 10011=
38396 42960 20403 10104 20036 30110 40233 52007 80001==
38403 429// 00204 10133 20017 30100 40217 52009==
38413 429// 00602 10128 21022 39936 40221 52003==
38457 42960 02801 10133 20032 39608 40180 52011==
38462 429// 00000 10129 20059 38782 48524 52020==
38462 429// 00000 10129 20059 38782 48524 52020==
38507 42957 00906 10216 20006 30092 40190 52005 333 91008 555 10018=
38545 42998 00102 10133 20051 30039 40211 52012 555 10015=
38565 129// 00702 10113 20023 39607 40182 51006 60002==
38579 129// 01801 10148 20030 39785 40190 52013 60002==
38583 12960 02702 10112 20029 39873 40190 52013 60002==
38599 42997 82508 10167 20020 39688 40184 52022 8295/=
38611 42760 8//// 10193 20038 39612 40156 52034 8337/==
38613 419// 83401 10177 20086 39297 40157 52022 78082 8802/ 555 10017=
38616 415// 70901 10160 20081 39192 40164 53042 70282 87300=
38618 426// 82603 10212 20000 39484 40121 52017 8357/==
38647 42997 60906 10206 20006 30140 40180 52005 86050 555 10020=
38656 42998 00504 10186 21017 30091 40196 52012 555 10019=
38683 42960 03404 10130 20019 39918 40189 52010==
38687 42998 00505 10165 20038 39961 40189 52002 555 10018=
38696 129// 01103 10138 20021 39348 40180 52014 60002==
38713 429// 33201 10105 20004 39036 48520 53011 83030=
38750 42997 02802 10248 20227 30171 40144 54000 555 10024=
38763 42997 20903 10194 20019 30094 40195 52012 82030 555 10019=
38774 42895 30902 10209 20027 30015 40209 52006 83070 555 10019=
38799 42997 00504 10176 20029 39963 40187 52004 555 10017=
38806 42997 00000 10128 20045 39906 40161 52009 555 10012=
38812 42960 03204 10134 20006 39711 40154 52010==
38836 429// 50000 10184 20068 39192 40082 52003 80002=
38880 42997 21602 10190 20016 39949 40194 53007 82030 555 10020=
38886 42997 00000 10158 20051 39970 40192 52012 555 10013=
38895 42996 00503 10180 20019 39908 40187 52008 555 10016=
38911 42997 03302 10176 20048 39837 40120 54000 555 10016=
38915 42997 03102 10171 20081 39820 40132 52002 555 10016=
38927 11950 02309 10219 20017 39758 40113 51009 60002 73033==
38933 429// 31802 10209 20113 39637 40124 52012 80001=
38944 429// 01806 10243 20025 39554 40055 52011=
38954 429// 00000 10144 20029 37948 48520 53011=
38974 42998 03202 10171 20076 39839 40162 52005 555 10020=
38987 42996 00000 10167 20013 39440 40157 52003 555 10014=
40030 32970 00000 10248 20200 40098 54000=
40080 32965 02206 10208 20182 39400 4//// 54000=
40100 43/60 09903 10276 20222 30091 40106 52000 6///1 333 58///=
40180 12560 11502 10255 20212 30047 40094 57001 60001 81400 333 70000==
40199 12/// /3503 10300 20195 30064 40088 54000 60001 333 70000==
40255 36/// /2705 10217 29087 3//// 4//// 5////=
40270 31958 02506 10220 20159 39236 40085 57004 70500=
40272 31950 03206 10190 20157 39301 40094 57003 70500=
40296 36/// /0000 10314 29060 4//// 5////=
40310 36/// /0000 10192 29074 4//// 5////=
40340 32960 03609 10294 20179 30008 40069 57028=
40356 32960 03306 10230 20100 39145 48497 333 58018 555 04410 50059=
40357 32960 00000 10287 20010 39443 40031 333 58018=
40360 32960 03006 10237 20160 39520 40074 333 58018=
40361 32960 03205 10291 20080 39325 40077 333 58019=
40362 32960 00809 10324 20050 39550 40021 333 58008=
40373 32960 00000 10307 20040 39640 40025 333 58008=
40375 32960 02603 10276 20080 39233 40052 333 58022=
40394 32960 01404 10288 20060 38983 48497 333 58019 555 04410 50024=
40394 32960 01404 10288 20060 38983 48497 333 58019 555 04410 50024=
40400 32960 03604 10282 20220 30052 40079 333 58028=
40405 22660 21602 10320 20040 39336 40018 82500 333 58006 60005 82640==
40417 32960 02904 10299 20080 30001 40015 333 58009=
40420 32960 03108 10322 20050 39825 40022 333 58013=
40430 32960 22706 10330 20080 39358 40062 82030 333 58022 82360=
40437 32960 02403 10291 20010 39377 40031 333 58008=
40439 32960 02806 10292 20210 30044 40062 333 58036=
40582 32960 03404 10350 20124 40021 53002 333 00032 55300 00000 10146 20000 30000 41339 51484 60000 55407 40000 90467 91005 91111 91209 91305=
40703 12660 13302 10176 20070 38918 40099 56002 60001 81500 333 70000 81640 555 10120 29050=
40706 12965 00809 10164 20050 38668 40114 57005 60001 333 70000 555 10106 29047=
40712 12960 03603 10164 20061 38685 40094 51001 60001 333 70000 555 10110 29050=
40713 12962 01106 10177 20035 38665 40082 52007 60001 333 70000 555 10106 29039=
40718 12460 83408 10249 20199 30203 40176 56006 60061 8352/ 333 70174 83615 88457 555 10217 29074=
40723 12460 12806 10183 20134 38973 40133 53004 60001 81600 333 70000 81717 555 10154 29073=
40726 12960 00404 10178 20054 38664 40093 52013 60001 333 70000 555 10114 29044=
40727 12960 00202 10161 20028 38484 40074 52006 60001 333 70000 555 10096 29041=
40732 12960 02802 10222 20170 30178 40155 58003 60001 333 70000 555 10190 29072=
40736 11560 70000 10244 20215 30185 40161 51004 60011 70282 87600 333 70022 87720 555 10225 29084=
40737 11558 82301 10229 20194 30144 40161 52003 60011 76122 8132/ 333 70011 81922 83625 88556 555 10207 29081=
40738 12660 20000 10213 20189 30171 40173 51002 60001 82500 333 79999 82635 555 10198 29086=
40739 12965 00504 10176 20118 38699 40107 53006 60001 333 70000 555 10142 29069=
40741 12960 00000 10165 20036 39856 40172 52015 60001 333 70000 555 10105 29042=
40743 12960 01011 10213 21007 39063 40101 53012 60001 333 70000 555 10111 29023=
40745 12960 02004 10175 20051 39062 40147 51003 60001 333 70000 555 10112 29044=
40747 12960 03504 10217 20008 38624 40047 53005 60001 333 70000 555 10115 29025=
40754 12960 03005 10198 20072 38806 40060 52009 60001 333 70000 555 10130 29044=
40762 12962 00000 10171 21021 38552 40067 56002 60001 333 70000 555 10085 29027=
40766 12960 00902 10172 21007 38664 40046 53001 60001 333 70000 555 10090 29030=
40768 12965 00702 10114 21047 38257 40052 52005 60001 333 70000 555 10049 29032=
40769 12960 03102 10205 21014 38290 40018 52002 60001 333 70000 555 10102 29023=
40780 12960 00902 10196 20006 38644 40040 57004 60001 333 70000 555 10105 29028=
40782 12960 01403 10184 21009 38819 40035 54000 60001 333 70000 555 10096 29027=
40785 12960 00000 10231 20031 39047 40058 52013 60001 333 70000 555 10130 29027=
40791 12965 00000 10285 21163 39266 40018 52010 60001 333 70000 555 10119 29004=
40792 12962 00000 10189 21064 38687 40036 53005 60001 333 70000 555 10084 29017=
40798 12960 03001 10114 21053 37963 40031 53002 60001 333 70000 555 10046 29031=
40800 12960 03301 10168 21128 38437 40032 53005 60001 333 70000 555 10062 29012=
40809 12960 00704 10196 21096 38472 40016 56005 60001 333 70000 555 10081 29013=
40811 12960 02802 10301 20091 39978 40002 51002 60001 333 70000 555 10183 29027=
40812 12960 01203 10306 20023 39648 49993 57002 60001 333 70000 555 10161 29016=
40818 12965 03303 10170 21068 37976 40006 52002 60001 333 70000 555 10070 29019=
40821 12967 01802 10215 21168 38739 40017 52010 60001 333 70000 555 10083 29006=
40829 11940 03518 10271 20010 39490 40015 58003 60001 70700 333 70000 555 10143 29018=
40831 12960 03203 10300 20123 30012 40019 53001 60001 333 70000 555 10195 29034=
40833 12960 01203 10262 20133 39984 40014 54000 60001 333 70000 555 10186 29045=
40835 12960 00000 10228 20108 39246 40020 52001 60001 333 70000 555 10159 29047=
40841 12970 01102 10127 21150 38229 40031 53002 60001 333 70000 555 10036 29013=
40848 11957 00000 10192 20107 38482 49999 55002 60001 70500 333 70000 555 10142 29058=
40851 12960 00000 10242 21002 38240 49982 51002 60001 333 70000 555 10120 29020=
40856 12962 02003 10172 21094 38606 40034 55000 60001 333 70000 555 10070 29015=
40859 12960 03002 10226 20085 38654 40000 51002 60001 333 70000 555 10146 29040=
40875 11540 10403 10298 20260 30012 40023 55000 60001 71000 81500 333 70000 81630 555 10271 29080=
40879 12960 00000 10291 20115 39384 40009 53002 60001 333 70000 555 10186 29034=
40882 11930 02502 10302 20276 39982 40015 53001 60001 71000 333 70000 555 10283 29086=
40883 11930 00000 10305 20289 39991 40013 54000 60001 71000 333 70000 555 10293 29091=
40893 11957 01107 10294 20260 30016 40021 51003 60001 71000 333 70000 555 10269 29082=
40898 11556 21403 10284 20252 30018 40027 56003 60001 71000 82600 333 70000 82720 555 10261 29083=
41024 22960 03108 10317 20220 30039 40064 333 58018 60005==
41036 22960 02611 10251 20050 38551 48503 333 58013 60005==
41055 22560 23215 10260 20050 38352 48492 82400 333 58010 60005 82630==
41061 22960 03302 10291 21020 39357 40016 333 58016 60005==
41084 22960 00402 10279 20080 38818 48489 333 58013 60005==
41112 22560 13005 10209 20160 37946 48493 81400 333 58011 60005 81620==
41114 22560 20000 10213 20140 37976 48488 82400 333 58008 60005 82622==
41128 22560 32104 10290 20010 38771 48491 83400 333 58014 60005 83630==
41136 22960 00000 10303 20010 39247 40009 333 58008 60005==
41140 22560 30403 10320 20260 30050 40062 83400 333 58013 60005 83630==
41150 32964 09902 10333 20233 40017 333 58012=
41170 42960 02303 10325 20260 30002 40015 333 58014=
41176 34/57 /2904 10270 20238 30010 40016 333 58013=
41184 31956 00000 10260 20232 40022 70500 333 58020=
41194 11958 00605 10317 20271 30011 40018 60001 70500 333 58020 70000=
41196 11935 00805 10278 20265 39982 40022 60001 71000 333 58019=
41216 31957 01004 10303 20278 30013 40017 70500 333 58015=
41217 31956 00704 10296 20269 39984 40012 70500 333 58013=
41255 36/// /2203 10273 20223 39526 40019 333 0E030 58013=
41258 36/// /0904 10298 20279 30011 40014 333 0E/// 55300 20000 58017=
41263 26/// /1702 10271 20222 39471 40014 333 0E027 55300 20000 58014 70000=
41275 36/// /1109 10270 20224 39882 40047 333 0E027 55300 20000 58013=
41316 31257 79901 10252 20247 30021 40050 70522 87600 92345 333 58003 55000 55407 55408 55507 55508 83705 87620=
41397 21805 10280 2//// 40130 52020 7//22 8271/ 22200 04290 21501=
41398 82033 10280 20253 40131 5//// 7//22 8/7// 22253 06310 2//07 323// 4//08 80260=
41480 11956 52604 10302 20267 30029 40037 60002 70544 85030 333 59001 85360=
41497 71425 10160 20124 40280 51010 7//// 8561/ 22224 00120 20501 330// 40701 80140=
41498 81318 10150 20067 40410 54000 70222 8687/ 22223 00165 20504 80110=
41506 12920 00000 10185 20154 38465 48630 60001 333 58023==
41508 12420 30000 10194 20171 38612 48870 60001 83500 333 56800 58020==
41515 12940 00000 10218 20147 38478 48420 60001 333 58005==
41523 12420 80000 10220 20198 39031 48690 60001 8552/ 333 5688/ 58032==
41535 12440 60000 10170 20162 38663 48280 60001 84420 333 56880 58013==
41536 12940 00000 10190 20166 38955 48410 60001 333 58019==
41560 12940 30000 10195 20156 38238 48560 60001 83030 333 56080 58007==
41571 11640 73602 10215 20208 39494 40064 60251 70596 85330 333 56880 58025==
41598 11460 80000 10250 20243 39779 40043 60081 76562 88520 333 56880 58030==
41600 11440 81304 10260 20238 39765 40050 69901 79592 8632/ 333 5688/ 58053==
41620 12940 00000 10225 20195 38507 48120 60001 333 58010==
41624 11440 50502 10285 20250 39826 40017 60001 70421 83520 333 56880 58024==
41630 11440 20000 10280 20266 30000 40036 60001 70401 82500 333 56800 58022==
41640 11440 51301 10265 20244 39802 40042 60001 70421 83530 333 56880 58026==
41660 12900 01304 10200 20145 38390 48860 60001 333 58016==
41678 11940 00000 10290 20208 30000 40019 60001 70500 333 58025==
41696 12940 00000 10150 20098 37983 48910 60001 333 58006==
41697 12940 00000 10300 20258 39851 49999 60001 333 58005==
41700 11940 00000 10290 20248 39878 49997 60001 70400 333 58028==
41710 12940 03103 10280 21051 39258 49993 60002 333 58015==
41712 12940 00000 10260 20026 39105 48480 60002 333 58008==
41715 11940 00000 10290 20248 39954 40017 60001 70500 333 58025==
41718 11940 00000 10290 20248 39913 40011 60001 70400 333 58015==
41725 12940 00000 10320 20261 39946 40020 60001 333 58033==
41739 12940 00000 10265 20182 38962 48420 60001 333 59009==
41744 12940 00000 10205 20063 38685 48170 60002 333 59020==
41749 12940 01303 10285 20264 39974 40007 60001 333 58026==
41756 11220 41801 10255 20226 39964 40028 60001 70500 84600 333 56800 58005==
41759 11920 00000 10255 20233 30025 40031 60001 71011 333 58016==
41764 12940 02303 10265 20244 39973 40022 60001 333 58022==
41768 12340 32302 10270 20256 30019 40026 60001 83600 333 56800 58014==
41780 11440 72703 10275 20247 30010 40037 60001 70400 85600 333 56800 58019==
41785 12940 42301 10275 20254 30027 40040 60001 84030 333 56080 58019==
41859 02440 80000 10284 20270 39999 40036 8552/ 333 59005 70000 85618 88458==
41883 02450 60000 10292 20280 30014 40034 83530 333 59005 70000 83616 86362==
41891 11440 40000 10269 20250 30000 40038 60006 70596 82501 333 58000 82616 83074==
41898 31921 10290 20262 40141 52010 70200 835// 22243 06295 20504 319// 40802 80270=
41907 42940 00000 10282 20280 30016 40031 59004==
41923 21330 83302 10266 20260 30031 40041 79596 8692/ 333 59002 60107 70106 86707 88458 81925==
41936 01420 40000 10270 20260 30024 40031 70522 82830 333 58004 70000 82615 83612==
41943 02330 80000 10267 20260 30029 40036 8662/ 333 59007 70460 83710 84614 88458==
41950 21340 81802 10265 20260 30030 40032 76165 8572/ 333 59002 60037 70069 82708 84616 88458==
41978 01456 80000 10271 20260 30028 40034 76162 8432/ 333 59004 70070 83615 88459 81928==
41992 11425 60000 10272 20260 30036 40038 60126 70562 84520 333 58002 70120 84616 86460==
42001 07001 99259 70897 46/// /1602 10301 20287 30076 40079 92340 22200 00305 333 91203 555 11026 22027 8//03 92331=
42027 32596 62001 10183 20166 38383 48466 84520 333 58020=
42044 32596 50000 10142 20132 38253 48487 82510 333 58023=
42045 32595 30000 10168 20155 38291 48416 83500 333 58016=
42056 21595 81402 10222 20216 39621 79596 8492/ 333 58027 6023/ 83625 81930 86456=
42071 31695 29902 10266 20262 40045 71000 82030 333 58028 82359=
42097 07001 99257 70837 46/// ///// 1//// 92356 22200 00302 10401 20401 70006=
42101 31595 61102 10258 20258 40058 71022 82530 333 58027 82630 84360=
42111 21595 70000 10246 20237 39350 40029 75052 85830 333 58018 6992/ 84618 85830 87360=
42123 32996 20000 10272 20252 40030 82030 333 58019 82360=
42131 32696 60000 10264 20250 40037 84510 333 58018=
42165 22996 00000 10266 20246 40022 333 58018 6998/=
42182 31595 69902 10262 20251 40032 71022 83330 333 58019 83630 81935 85360=
42189 21595 60000 10264 20258 40032 71022 83502 333 58016 6002/ 83620 86070=
42309 31996 50000 10266 20260 40039 71000 82034 333 59014=
42314 32996 40000 10282 20265 40037 82031 333 59012 82360 83075=
42328 31495 72304 10272 20255 40008 70522 87700 333 56500 58020 87715=
42339 21595 20000 10252 20234 40032 70521 82500 333 58011 6995/ 82630=
42348 21495 70903 10250 20244 40034 71022 85720 333 58014 6005/ 82712 84625 86458=
42361 31996 20000 10268 20262 40027 70500 82030 333 58010 82360=
42369 31595 30000 10268 20257 40035 71022 81530 333 58007 81620 83360=
42379 31995 30000 10276 20268 40030 71000 83030 333 59003 83360=
42410 31595 30000 10274 20266 40042 71021 82530 333 59012 82620 83360=
42415 32996 20000 10284 20262 40054 80001 333 59007 82075=
42452 21595 80000 10262 20256 40019 75052 8552/ 333 58011 6992/=
42492 21595 30000 10282 20274 40034 71011 81530 333 59003 6992/ 81620 83360=
42559 22596 60000 10254 20239 40015 85530 333 58010 6990/ 85620=
42571 21596 70000 10258 20252 40030 70262 84530 333 58010 6020/ 84625 87360=
42623 31495 40000 10218 20212 39202 40059 71010 82530 333 58000 82618 84360=
42634 32996 00000 10256 20247 40048 333 58017=
42647 21495 70000 10270 20250 40047 70522 84660 333 56890 58017 6996/ 83712 84618 86358=
42667 31595 72303 10244 20235 39461 40039 70522 84730 333 58013 82710 83620 86360=
42675 31596 72702 10260 20249 40030 70521 84530 333 58016 84625 86360=
42701 21594 50000 10250 20242 39322 40035 71022 82530 333 58008 6990/ 82620 83360=
42724 31495 50000 10270 20256 40036 71022 83530 333 59010 83618 84360=
42737 32496 62305 10258 20246 40055 83630 333 58017 83712 86358=
42754 21395 72705 10234 20231 39409 40035 70522 85730 333 58010 6010/ 83708 84620 85360=
42779 22596 60000 10244 20227 39355 40040 83530 333 58015 6990/ 82620 85360=
42798 21495 50000 10274 20263 40028 71021 83530 333 58008 6001/ 83615 84360=
42809 31595 60000 10286 20269 40028 70522 82530 333 59001 82620 85360=
42840 22596 60000 10264 20255 40054 84830 333 58013 6027/ 83620 85360=
42867 31495 82502 10256 20241 40038 70522 83520 333 58010 83618 86458=
42874 32596 20000 10260 20254 40034 82030 333 58002 82360=
42886 21595 30000 10264 20247 40032 71396 81930 333 57933 58003 6990/ 81930 83360=
42895 22596 30000 10278 20267 40025 82530 333 58001 6005/ 82620=
42971 21495 70206 10274 20263 40026 79592 85930 333 57952 59003 6005/ 84616 81930 87360=
43003 21495 70000 10276 20247 40059 70562 85830 333 58008 6006/ 82616 84825 86356=
43014 21496 72705 10224 20218 39406 40048 70542 85830 333 58007 83620 83825 85360=
43041 21595 50000 10238 20232 39430 40040 71062 83510 333 58003 6013/ 83620 85458=
43063 21596 52702 10228 20213 39447 40068 70252 83530 333 58012 6994/ 83626=
43086 21596 80000 10260 20233 39863 40039 70262 8357/ 333 58011 6995/=
43110 21496 80000 10260 20249 40076 75062 8672/ 333 58007 6013/ 83712 85618 88456=
43128 41440 60002 10236 20230 39452 40054 70596 83730 333 566// 58009 81710 83615 85360==
43150 21596 70000 10272 20255 39957 40017 70552 83501 333 59006 6990/ 83620 85075=
43185 42540 72702 10266 20245 30022 40025 84870 333 58003 83620 85360==
43189 22596 60000 10266 20249 30015 40024 83530 333 58001 6003/=
43192 21596 53204 10266 20257 40077 70265 82532 333 58011 6015/=
43201 32496 32702 10220 20211 39332 40055 83600 333 56600 58008 82710 83612=
43213 22596 82704 10254 20227 39731 40046 8457/ 333 58010 6002/=
43237 22596 72503 10254 20221 39649 40037 81572 333 58006 6994/ 81620 85360=
43245 32596 32502 10282 20244 30012 40038 82402 333 59004=
43279 21596 70000 10264 20235 30034 40051 70552 83530 333 59005 6991/ 83620 86360=
43284 21296 82704 10252 20237 39969 40084 72162 84771 333 58005 6025/ 82704 83612 87458=
43295 32496 72705 10214 20190 39072 48481 85631 333 56699 58008 84710 83612=
43314 21596 80000 10268 20257 40092 76062 8487/ 333 58009 6993/=
43329 32596 40000 10270 20241 30039 40052 82531 333 58006=
43333 21495 82711 10264 20258 40060 76062 8542/ 333 56590 58006 6005/ 83617 84819 88457=
43344 31496 52909 10276 20229 39967 40066 70522 82531 333 58011 82616 83360=
43369 21596 33202 10268 20254 40098 70261 83500 333 58005 6002/ 83620=
43371 22496 33203 10254 20245 30019 40092 81411 333 58011 6001/ 81618=
43404 22470 32002 10280 20269 30057 40060 54000 81000 333 55001 553// 20000 58008 60008 91005 555 60008==
43413 22/70 72006 10280 20250 30067 40072 5/003 333 58008 60008 82818 91010==
43418 22470 42303 10275 20231 30030 40071 51003 81000 333 58010 60008 555 60008==
43421 22470 12402 10261 20260 39974 40079 52001 81000 333 553// 20000 58012 60008 91005 555 60008==
43422 22470 62301 10261 20237 39947 40080 85106 333 58010 60008 555 69938==
43424 22470 32103 10280 20247 30076 40078 52004 83100 333 58010 60008 555 60008==
43436 22470 73201 10268 20254 30067 40070 52004 84/// 333 58011 60008 81920 555 60008==
43441 22470 60000 10259 20235 39951 40084 52002 81000 333 58008 60008 555 60038==
43444 22470 70201 10218 20215 39563 40093 52005 87000 333 55000 58010 60008 555 60018==
43450 22465 52704 10280 20252 30088 40100 52004 85000 333 58008 60008 555 69918==
43466 21/65 62302 10274 20236 30089 40097 55006 78022 333 55001 553// 20002 58012 60008 86/18 91005==
43467 21462 32302 10283 20247 30090 40096 52006 72521 83000 333 58010 69908 555 69908==
43473 22262 82806 10149 20149 38117 48484 52004 88000 333 553// 20001 58008 60008 91011 555 69958==
43475 22/70 32101 10264 20215 30075 40080 52008 333 553// 20000 58014 60008 91003 555 60078==
43476 22968 70000 10200 20158 38764 48509 85000 333 55001 58014 60008 555 60008==
43486 21440 80901 10240 20240 39999 40100 53006 72522 87000 333 553// 20000 58012 60008 91002==
43495 22468 82503 10284 20257 30082 40095 5/070 82000 333 58110 60008 555 60008==
43497 22470 12801 10260 20000 30074 40091 5/008 81000 333 553// 20012 58001 60008 91004==
44212 42584 63604 10124 20017 39000 40071 52014 84710 333 20098 3/009 55032==
44213 42684 62003 10156 21006 38678 40038 52011 85544 333 20124 3/010==
44214 42670 83201 10120 20026 38207 40077 52003 88500 333 20119 3/011==
44215 42670 72402 10135 20033 38325 40060 54000 87800 333 20123 3/011==
44217 11595 80000 10073 20027 37803 40130 58003 60012 76162 8802/ 333 20073 91202 555 30059 80105=
44218 42684 70802 10159 20006 38512 40049 50001 83570 333 20114 3/009==
44219 32999 31002 10167 21057 38536 40056 53009 81048 333 20136 91204 555 30096=
44265 32999 00502 10094 20000 38757 40107 55002 333 20085 91202 555 30061=
44266 32999 31501 10118 21061 37753 40111 57001 82038 333 20081 91204 555 30051=
48010 42556 40000 10270 20256 39892 40042 82830 333 20265 59018==
48020 42350 50000 10260 20246 85900 333 20250==
48025 42320 63201 10265 20246 39904 40042 85820 333 20230 59016==
48031 41905 01801 10195 20185 74744 89/// 333 20175==
48048 41556 61801 10263 20260 39985 40041 70395 85950 333 20258 58001==
48052 22450 60000 10250 20233 84530 333 20248 56990=
48062 42556 51305 10271 20256 30018 40025 83931 333 20230 58001==
48064 42450 61401 10264 20246 39980 40037 84831 333 20250 58011==
48071 42450 62302 10270 20256 30030 40038 85930 333 20250 58009==
48094 41456 80000 10265 20260 30029 40039 70366 8597/ 333 20229 58001==
50557 14/30 /2403 10142 20088 39816 40104 52005 60001 70500 333 10239 20052 3/005 58037 70000 90761 91105==
51076 14/80 /1102 10123 20100 39268 40106 52019 69911 76000 333 10214 20123 3/013 58022 70001 90761 91108==
51087 14/80 /2402 10153 20081 39107 40063 52003 60001 333 10295 20142 3/014 59006 70000 90761 91113==
51156 14/80 /2507 10106 20043 38635 40089 52003 69991 333 10203 20102 3/009 59001 70009 90761 91117==
51243 14/72 /3205 10155 20090 39580 40095 52017 69951 76000 333 10292 20152 3/014 58033 70005 90761 91116==
51334 14/80 /0803 10146 20104 39734 40117 52012 60041 72100 333 10285 20144 3/014 58048 70039 90761 91113==
51379 14/77 /2503 10153 20073 39187 40070 52010 60001 333 10291 20100 3/012 58010 70000 90761 91106==
51463 14/80 /2301 10138 20062 38976 40097 52021 60001 333 10266 20138 3/011 58032 70000 90761 91108==
51573 14/67 /1501 10248 20095 39971 40016 52004 60001 333 10362 20227 3/023 59065 70000 90761 91104==
51644 14/57 /0000 10120 20109 38851 40037 57003 60001 70500 333 10273 20120 3/014 59054 70000 90761 91103==
51656 14/62 /0802 10131 20103 39044 40041 52001 60001 333 10285 20118 3/008 59054 70000 90761 91104==
51709 14/68 /2802 10173 20090 38547 40017 57004 60001 333 10274 20154 3/016 59049 70000 90761 91104==
51711 14/80 /2502 10133 20075 37971 49996 57017 60001 333 10221 20097 3/009 59045 70000 90761 91109==
51716 14/59 /3601 10148 20100 38816 40025 57002 60001 333 10302 20143 3/014 59049 70000 90761 91103==
51765 14/62 /1101 10127 20093 39102 40040 57003 60001 333 10303 20114 3/011 59059 70000 90761 91104==
51811 14064 02601 10162 20109 38695 40013 57005 60001 333 10292 20131 3/014 59052 70000 90761 91103==
51818 14/61 /0000 10161 20121 38558 40018 57003 60001 333 10287 20127 3/015 59047 70000 90761 91103==
51828 14/60 /2302 10196 20089 38558 40012 52003 60001 333 10281 20175 3/016 59044 70000 90761 91106==
51886 14/80 /1201 10097 21094 37130 40026 57001 60001 333 10216 20034 3/006 59043 70000 90761 91108==
52203 14/74 /0802 10187 20025 39211 40039 57003 60001 333 10298 20136 3/011 59064 70000 90761 91104==
52602 14/80 /1801 10050 21057 37291 40086 54000 60001 333 10212 20027 3/000 59035 70000 90761 91104==
52681 14/80 /1003 10130 20114 38627 40130 57004 60001 333 10192 20115 3/010 59041 70008 90761 91105==
52818 14/76 /0000 10061 20029 37253 40075 57004 60001 333 10215 20057 3/003 59048 70000 90761 91103==
52908 14/65 /2201 10001 21015 35845 40087 52002 60001 333 10105 21011 3/103 59008 70000 90761 91106==
53463 14/80 /3504 10153 20109 38882 40175 52008 60001 333 10153 20131 3/011 59009 70100 90761 91109==
54857 14/65 /3303 10228 20183 30070 40160 52013 60001 333 10299 20208 3/020 58013 70000 90761 91106==
55228 14/80 /2701 10089 21007 36072 49927 52005 60001 333 10186 20080 3/006 58009 70000 90761 91106==
55299 14/80 /1202 10071 20048 35917 40014 52003 69911 333 10133 20049 3/006 59001 70001 90761 91105==
55578 14/80 /0202 10124 20062 36417 49966 52006 60001 333 10223 20102 3/011 58006 90761 91106==
55591 14/80 /3001 10131 20094 36566 49961 52008 69951 333 10232 20125 3/013 58006 70005 90761 91104==
55664 14/80 /2101 10084 20026 36065 49997 52006 60001 333 10198 20084 3/009 58007 70000 90761 91107==
55773 14/80 /1602 10054 20027 36075 40064 54000 60001 333 10144 20042 3/004 58007 70000 90761 91111==
56004 14/80 /0902 10040 20010 35897 40020 52001 60001 333 10135 20001 3/101 59011 70000 90761 91105==
56018 14/76 /1801 10074 20054 36254 40036 52005 60001 333 10181 20063 3/005 58012 70000 90761 91106==
56116 14/66 /2701 10087 20062 36410 40062 52005 60031 333 10184 20081 3/009 58019 70073 90761 91108==
56312 14/80 /2002 10155 20092 37125 40033 52008 60001 333 10234 20144 3/015 58006 70000 90761 91107==
57494 14/57 /0403 10275 20237 30091 40120 52016 60001 71000 333 10349 20254 3/026 58016 70000 90761 91109==
58847 14/65 /0002 10297 20241 30013 40110 52012 60001 333 10330 20283 3/027 58031 70005 90761 91106==
62306 42960 02606 10255 20223 40126 57004==
62309 42960 03205 10275 20214 40106 57007==
62332 42960 03205 10281 20231 40102 57006==
62366 45960 03504 10271 20214 40099 57005==
62387 42960 03204 10258 20171 40102 57001==
62393 42960 00000 10269 20136 40128 57006==
62405 42960 01503 10286 20123 40094 57004==
62414 42960 03403 10295 20088 40101 57007==
62419 42960 00000 10289 20101 40090 57007==
62420 32960 00102 10263 20182 40111 52001=
62432 32960 02904 10280 20136 40123 57005=
62435 32960 00000 10248 20115 40096 57003=
62458 32960 03205 10286 20211 40089 57002=
62465 42960 02505 10281 20178 40074 57006==
