SIPK OPKC 082100=
41504 22995 00904 10180 20061 37825 48444 333 58018 60007 46%=
41516 22696 30000 10190 20149 38480 48493 83500 333 56900 59020 60007 83640 77%=
41517 21696 20000 10140 20086 37772 48472 70400 82500 333 56900 59019 60007 82640 70%= 
41518 22696 41802 10211 20106 38/// 48/// 82520 333 56990 5//// 60007 82640 82462 51%= 
41519 22696 30000 10270 20132 38691 48444 83500 333 56900 59032 60007 83640 43%=
41520 22995 00000 10140 20066 37622 48231 333 59020 60007 61%= 
41530 219// 00504 10275 202129 39622 40018 70500 333 59025 60007 74%=
41620 32996 01303 10240 20195 38519 48424 333 58005 60007 76%=
41660 219// 01306 10220 20000 38390 48486 70500 333 59012 60007 23%=
41661 21996 00000 10185 20043 38345 48469 70540 333 59011 60007 39%= 
41685 22997 00000 10255 20211 38850 48450 333 59015 60007 77%=
41696 22996 00000 10140 20086 37992 48502 333 58007 60007 70%=
41697 22996 00000 10320 20265 40015 333 59019 60007 73%=
41710 21996 03110 10285 21063 40014 70600 333 58009 60007 10%=
41712 22996 00000 10310 20059 39121 48474 333 58003 60007 21%=
41715 21996 00000 10300 20258 40025 70500 333 58005 60007 78%=
41724 21996 00000 10320 20279 40043 70500 333 59007 60007 79%=
41725 22996 00000 10330 20253 40014 333 59013 60007 64%=
41726 22996 00000 10305 20271 39964 40032 333 58009 60007 82%=
41738 22996 01805 10290 20232 40062 333 58009 60007 71%=
41739 22996 00000 10270 21030 38990 48469 333 58016 60007 14%=
41742 22996 40000 10290 20248 40038 84010 333 56090 59003 60007 84460 78%=
41743 21996 00000 10290 20232 70500 333 60007 71%=
41744 22996 00000 10245 20073 38721 48454 333 58024 60007 33%=
41745 21996 01304 10270 20226 70500 333 60007 77%=
41746 01996 01802 10285 20264 40022 70500 333 59001 60007 89%=
41747 22996 01304 10320 20279 40004 333 59007 60007 79%= 
41748 22996 01804 10305 20241 40029 333 59007 60007 69%=
41749 02996 01308 10290 20240 40035 333 59005 60007 74%=
41756 21495 62304 10260 20231 40043 70500 86600 333 56900 58006 60007 86715 84%=
41757 21995 00000 10280 20252 30046 40058 71000 333 58004 60007 85%= 
41759 21995 00000 10265 20244 40055 71011 333 58005 60007 88%= 
41764 22996 02108 10280 20237 39985 40034 333 59003 60007 77%=
41765 22996 02106 10280 20244 39998 40033 333 59005 60007 81%=
41766 21696 02304 10265 20251 40022 70400 333 59006 60007 92%=
41767 22996 0//// 10280 20252 333 60007 85%=
41768 22996 02304 10285 20271 30028 40035 333 59010 60007 92%=
41780 22596 62506 10280 20244 30025 40052 86600 333 56900 59007 60007 86720 85%= 
41783 22696 42302 10260 20238 30003 40032 82530 333 56990 58002 60007 82635 82360 88%=
41785 22996 02302 10275 20254 30037 40050 333 58002 60007 88%= 
41786 22596 30000 10290 20248 40028 83600 333 56500 58005 60007 83720 78%=

41675 21996 00000 10310 20254 39873 40010 70400 333 59022 60007 72%=
41507 22996 00000 10240 20203 39189 49686 333 58005 60007 80%=
41508 22995 00000 10211 20145 38612 48488 333 59007 60007 66%=
41510 22996 00000 10135 20127 37911 48502 333 58009 60007 95%=
41515 22995 00000 10242 20123 38466 48429 333 59005 60007 48%=
41523 22996 00000 10230 20193 39019 48460 333 59011 60007 79%=
41524 22996 00000 10250 20190 39254 40080 333 59013 60007 RH 69%=
41525 22996 00000 10140 20106 37678 48373 333 58013 60007 80%=
41528 21996 00000 10225 20187 39161 48475 70400 333 59003 60007 79%=
41529 22996 03602 10270 20256 39662 40027 333 59021 60007 RH 92%=
41534 22996 00000 10265 20244 39622 40019 333 59016 60007 RH88%=
41535 22996 00000 10200 20185 38561 48428 333 59017 60007 RH91%=
41536 22996 00000 10220 20182 38967 48457 333 59004 60007 79%=
41560 22996 00000 10210 20130 38249 48465 333 58009 60007 Rh60%=
41562 22996 03102 10285 20242 39585 40029 333 59003 60007 RH 78%=
41565 22996 01302 10194 20180 38602 48475 333 59002 60007 91%=
41567 21996 00000 10280 20237 39621 40020 70400 333 58002 60007 77%=
41573 22996 03602 10165 20133 37952 48463 333 59011 60007 81%=
41574 22997 00000 10170 20162 38316 48490 333 58005 60007 95%=
41576 21996 00000 10270 20256 40045 70400 333 59016 60007 92%=
41593 21996 0000010290 20262 39818 40022 70400 333 59019 60007 85%=
41597 21996 00000 10300 20280 40035 70400 333 59014 60007 89=
41600 21996 05002 10285 20264 40025 70400 333 59008 60007 89%=
41624 21996 00000 10290 20255 40024 70400 333 59004 60007 81%=
41625 21996 00000 10300 20258 40005 70400 333 59002 60007 78%=
41633 22997 00000 10310 20261 4//// 333 5//// 60007 75%=
41634 22997 00000 10265 20230 3//// 4//// 333 5//// 60007 81%=
41635 21996 00000 10290 20262 3//// 4//// 70400 333 5//// 60007 85%=
41636 21996 00000 10305 20256 39842 40017 70400 333 59021 60007 75%=
41638 21996 00000 10290 20262 4//// 70400 333 5//// 60007 85%=
41639 21996 00000 10275 20254 4//// 70400 333 5//// 60007 88%=
41640 21996 00000 10285 20250 40020 70400 333 59027 60007 81%=
41641 21996 01805 10280 20250 39760 40023 70400 333 59024 60007 81%=
41642 21995 00000 10280 20259 4//// 71000 333 5//// 60007 88%=
41643 21995 00000 10280 20244 39757 40022 70400 333 59022 60007 81%=
41644 21996 00000 10275 20254 4//// 70400 333 5//// 60007 88%=
41652 21996 20504 10280 20229 39865 40037 70400 82030 333 56090 58007 60007 82360 74%=
41669 22996 00000 10305 20283 3//// 4//// 333 5//// 60007 86%=
41670 02996 00000 10290 20269 3//// 4//// 70400 333 5//// 60007 89%=
41674 21996 00000 10295 20267 3//// 4//// 70400 333 5//// 60007 85%=
41676 21996 00000 10310 20276 39900 40050 70400 333 59010 60007 82%=
41677 21996 00000 10280 20259 39849 40009 70400 333 59009 60007 88%=
41678 21996 00000 10305 20217 40031 70500 333 59008 60007 59%=
41679 21996 00000 10280 20259 4//// 70400 333 5//// 60007 88%=
41680 21996 00000 10305 20256 40021 70400 333 59008 60007 75%=
41700 21996 00000 10305 20256 40008 70400 333 59011 60007 75%=
41701 21996 00000 10270 20241 40030 70400 333 59007 60007 84%=
41716 21996 00000 10300 20273 39920 40018 70400 333 59012 60007 85%=
41718 21996 00000 10310 20269 40013 70400 333 58002 60007 79%=
41SKP 21996 00000 10295 20275 4//// 70400 333 5//// 60007 89%=
43532 21996 00000 10230 20193 39252 40028 70400 333 58000 60007 79%=
43533 22996 00000 10245 20209 39134 48432 333 59011 60007 80%=
43563 22997 00000 10272 20242 40031 333 59020 60007 85%=

Data Generated from File : D:\all data handling\Rmc_lhr\2024090821.FSU.txt
08/09/24 21:50:54
______________________________________________________________
15007 25/70 /2602 10123 20024 39733 40198 58003 7000/ 333 55300 0//// 20000 3//// 60007=
15020 24/70 /0000 10141 20037 39994 40189 57005 333 55300 20000 60007==
15023 25/70 /2003 10146 20027 39758 40177 58004 7000/ 333 55300 0//// 20000 3//// 60007=
15056 25/70 /2102 10202 20021 39845 40183 58007 7000/ 333 55300 0//// 20000 3//// 60007=
15069 25/70 /2101 10089 20025 39138 42823 57002 7000/ 333 55300 0//// 20000 3//// 60007=
15073 25/70 /2202 10144 20034 39738 40198 58005 7000/ 333 55300 0//// 20000 3//// 60007=
15090 24970 03101 10141 20095 30099 40190 57003 333 55300 10220 20000 30000 60007 91002 90730 91102==
15107 25/70 /1501 10085 20037 39407 42827 50004 7000/ 333 55300 0//// 20000 3//// 60007=
15108 22984 01306 10067 21002 38142 48543 58006 333 55300 20000 60007 91007 90730 91108==
15109 25/70 /2804 10149 20036 39768 40196 58003 7000/ 333 55300 0//// 20000 3//// 60007=
15111 25/70 /2000 10146 20055 39925 40184 58005 7000/ 333 55300 0//// 20000 3//// 60007=
15113 25/70 /2601 10121 20087 30028 40191 57003 7000/ 333 55300 0//// 20000 3//// 60007=
15127 25970 01401 10082 20028 39332 42824 50000 7000/ 333 55300 0//// 20000 3//// 60007 91001 91103=
15148 25970 00504 10112 21002 38749 48525 58005 7000/ 333 55300 0//// 20000 3//// 60007 91005 91105=
15150 24970 03301 10120 20085 39983 40195 57004 333 55300 20000 60007 91002 90730 91102==
15154 25970 00301 10126 20089 30046 40188 50001 7000/ 333 55300 0//// 20000 3//// 60007 91001 91103=
15168 25/70 /0302 10151 20032 39572 42813 50001 7000/ 333 55300 0//// 20000 3//// 60007=
15170 24970 03201 10074 20033 39429 42820 50001 333 55300 20000 60007 91002 90730 91102==
15194 25/70 /2806 10144 20079 39906 40196 54000 7000/ 333 55300 0//// 20000 3//// 60007=
15197 25/70 /0203 10165 20058 39981 40188 57003 7000/ 333 55300 0//// 20000 3//// 60007=
15215 25/70 /0102 10134 20039 39594 42816 50000 7000/ 333 55300 0//// 20000 3//// 60007=
15217 25/70 /3404 10119 20047 39534 42822 50000 7000/ 333 55300 0//// 20000 3//// 60007=
15219 25/70 /3103 10136 20084 30060 40184 50001 7000/ 333 55300 0//// 20000 3//// 60007=
15238 25/70 /2700 10115 20061 39582 42818 50002 7000/ 333 55300 0//// 20000 3//// 60007=
15261 25/64 /1702 10100 20059 39397 42840 50004 7000/ 333 55300 0//// 20000 3//// 60007=
15262 22999 01003 10067 2//// 38262 48/// 58005 333 55300 0//// 20000 3//// 60007 91004 91104=
15265 25/70 /3403 10168 20066 30106 40179 58002 7000/ 333 55300 0//// 20000 3//// 60007=
15280 22984 03105 10049 21007 37564 47134 58004 333 55300 20000 60007 91007 90730 91108==
15300 25997 01101 10132 20045 39562 42814 58003 7000/ 333 55300 0//// 20000 3//// 60007 91003 91103=
15301 25970 02502 10117 20001 38672 48553 58005 7000/ 333 55300 0//// 20000 3//// 60007 91004 91105=
15302 25/70 /1501 10122 20023 38962 48533 58004 7000/ 333 55300 0//// 20000 3//// 60007=
15307 25/70 /0601 10181 20036 30000 40182 52002 7000/ 333 55300 0//// 20000 3//// 60007=
15310 24970 01703 10195 20106 30093 40177 58002 333 55300 10210 20000 30000 60007 91005 90730 91106==
15324 25/70 /3200 10113 20048 39408 42824 50001 7000/ 333 55300 0//// 20000 3//// 60007=
15325 25970 02004 10107 21005 38527 48538 58005 7000/ 333 55300 0//// 20000 3//// 60007 91007 91107=
15328 25/70 /0102 10148 20047 39850 40195 50003 7000/ 333 55300 0//// 20000 3//// 60007=
15335 24970 03001 10156 20141 30166 40172 57003 333 55300 20000 60007 91001 90730 91102==
15336 25/70 /3203 10173 20147 30163 40165 57005 7000/ 333 55300 0//// 20000 3//// 60007=
15349 25/70 /3401 10115 20038 39652 40202 50002 7000/ 333 55300 0//// 20000 3//// 60007=
15350 24970 03203 10185 20022 30070 40187 52003 333 55300 20000 60007 91004 90730 91105==
15360 22970 03406 10197 20144 30145 40162 57007 333 55300 20000 60007 91007 90730 91107==
15375 25970 03303 10140 20038 39835 40190 50001 7000/ 333 55300 0//// 20000 3//// 60007 91004 91104=
15377 25/70 /0102 10174 20034 39972 40183 50002 7000/ 333 55300 0//// 20000 3//// 60007=
15387 25/70 /3203 10153 20132 30161 40165 57006 7000/ 333 55300 0//// 20000 3//// 60007=
15402 25/70 /0800 10172 20043 30108 40182 50004 7000/ 333 55300 0//// 20000 3//// 60007=
15405 25/70 /1401 10157 20098 30122 40184 50003 7000/ 333 55300 0//// 20000 3//// 60007=
15406 25/70 /2801 10171 20119 30127 40173 50001 7000/ 333 55300 0//// 20000 3//// 60007=
15408 25/70 /0602 10177 20079 39915 40174 58005 7000/ 333 55300 0//// 20000 3//// 60007=
15409 25/70 /3305 10174 20104 30121 40168 57006 7000/ 333 55300 0//// 20000 3//// 60007=
15419 25970 00502 10164 20037 39996 40187 50000 7000/ 333 55300 0//// 20000 3//// 60007 91003 91103=
15420 24970 03601 10140 20073 30072 40182 51006 333 55300 20000 60007 91002 90730 91103==
15421 25970 03501 10188 20057 30083 40191 51006 7000/ 333 55300 10192 20000 30000 60007 91002 91103=
15422 25970 00300 10186 20086 30081 40180 51007 7000/ 333 55300 0//// 20000 3//// 60007 91001 91101=
15425 25970 02501 10181 20113 30116 40178 51003 7000/ 333 55300 0//// 20000 3//// 60007 91002 91103=
15434 22970 01003 10206 20008 39966 40169 58007 333 55300 0//// 20000 3//// 60007 91005 91105=
15444 25/70 /3002 10159 20109 30105 40176 50000 7000/ 333 55300 0//// 20000 3//// 60007=
15455 25/70 /0501 10164 20029 30052 40180 50001 7000/ 333 55300 0//// 20000 3//// 60007=
15460 24970 01101 10169 20127 30152 40176 50002 333 55300 20000 60007 91001 90730 91101==
15462 25970 02902 10179 20130 30088 40172 57004 7000/ 333 55300 0//// 20000 3//// 60007 91002 91103=
15470 24970 00903 10192 20030 30049 40171 58003 333 55300 20000 60007 91003 90730 91103==
15475 26/// /0501 10155 20126 30156 40176 51004 333 55300 0//// 20000 3//// 60007=
15479 25/70 /2900 10167 20122 39986 40175 50001 7000/ 333 55300 0//// 20000 3//// 60007=
15480 24970 02801 10190 20159 30149 40166 57005 333 55300 10220 20000 30000 60007 91002 90730 91102==
15489 25970 00704 10186 20048 30084 40175 50000 7000/ 333 55300 0//// 20000 3//// 60007 91005 91105=
15491 25970 00101 10181 20099 30148 40177 51006 7000/ 333 55300 0//// 20000 3//// 60007 91002 91102=
15499 25/70 /2703 10187 20159 30156 40165 57005 7000/ 333 55300 0//// 20000 3//// 60007=
15549 42970 00000 10171 20125 39765 40167 53001 333 10211 20171 555 574//=
15552 42570 13402 10201 20161 30115 40162 53001 81500 333 10214 20200 555 578// 92033 92438=
15640 42970 00000 10192 20129 39872 40173 52005 333 10232 20191 555 567//=
15655 42968 00504 10212 20171 30131 40163 52007 333 10233 20212 555 578// 92035 92437=
15730 42970 00000 10181 20053 39788 40171 52009 333 10235 20181 555 543//=
16627 42965 00507 10228 20144 30151 40156 52012 333 90730 91113==
16650 42960 03303 10216 20149 30139 40147 51004 333 90730 91106==
16667 42960 00110 10250 20170 30126 40136 52011 333 90730 91117==
16706 42960 00211 10258 20149 30113 40119 52006 333 90730 91119==
16723 42560 20210 10262 20150 30087 40100 52005 81140 333 90730 91125==
16732 46/// /3624 10260 20167 30108 40118 57003 333 90730 91131==
16742 42960 03511 10252 20176 39943 40091 54000 333 90730 91121==
16749 42960 12410 10264 20210 30060 40074 52002 80001 333 90730 91115==
16754 42560 13215 10264 20172 30088 40135 51001 81100 333 90730 91123==
16760 46/// /0005 10224 20161 39741 40140 52002 333 90730 91112==
16765 46/// /3118 10254 20200 30076 40095 57004 333 90730 91130==
17031 41540 71404 10218 20208 30122 40128 52011 79522 87900 333 85830 82920 90730 91128==
17034 42670 72201 10238 20204 30086 40130 56003 83250 333 83835 87360 90730 91105==
17038 41470 62206 10232 20192 30072 40117 55005 70382 86200 333 84716 86828 90730 91118==
17060 42660 30405 10225 20194 30110 40150 52002 83100 333 83835 90730 91113==
17070 42665 10000 10159 20137 39296 40128 50001 81200 333 81834 90730 91105==
17084 41665 63103 10164 20159 39255 40118 58002 72992 86200 333 86835 90730 91110==
17092 41670 60204 10150 20141 38869 48516 55000 70192 84950 333 83845 86358 81940 90730 91110==
17096 42660 51604 10116 20082 38260 48514 50004 83250 333 83840 85358 90730 91113==
17098 42960 03502 10117 20114 38233 48525 58003 333 90730 91114==
17100 42670 10000 10205 20133 39176 40114 50005 81100 333 81840 90730 91104==
17115 42960 00110 10229 20187 30100 40149 54000 333 90730 91118==
17116 42970 00000 10193 20177 30028 40144 50000 333 90730 91104==
17124 42960 02403 10164 20130 39257 40132 52004 333 90730 91115==
17128 42970 03604 10164 20104 39070 40115 51004 333 90730 91112==
17150 42660 23407 10209 20166 30021 40139 51003 82100 333 82835 90730 91111==
17170 42660 51704 10186 20098 38358 48519 50002 82250 333 82840 85358 90730 91116==
17184 42970 03505 10220 20152 30017 40122 52005 333 90730 91115==
17190 42670 13302 10174 20121 38983 48507 51006 81100 333 81835 90730 91109==
17190 42670 13302 10174 20121 38983 48507 51006 81100 333 81835 90730 91109==
17195 42670 33601 10162 20086 38952 48499 52009 83100 333 83840 90730 91109==
17200 42/60 22208 10165 20135 39166 40095 51004 82030 333 82360 90730 91115==
17202 42/70 22007 10207 20109 39108 40079 55002 82030 333 82360 90730 91109==
17203 42970 00000 10204 20095 38862 48541 50000 333 90730 91104==
17219 42965 03516 10248 20123 39974 40110 50000 333 90730 91122==
17237 42970 03002 10251 20139 39629 40102 52012 333 90730 91111==
17240 42970 02502 10208 20128 39012 40087 50007 333 90730 91110==
17244 42670 40206 10175 20125 38988 48512 50008 82130 333 82840 84360 90730 91114==
17260 42960 03201 10202 20161 39283 40047 58002 333 90730 91108==
17280 42960 01601 10244 20112 39335 40063 51001 333 90730 91110==
17292 42970 03102 10224 20127 39365 40073 52004 333 90730 91106==
17300 42960 03405 10263 20201 30022 40089 50002 333 90730 91108==
17310 42670 20702 10291 20232 30067 40074 52003 82200 333 82835 90730 91104==
17350 42660 20503 10229 20140 30011 40084 54000 82100 333 82835==
17370 42670 31101 10279 20225 30091 40095 51007 83200 333 83835 90730 91104==
33088 42960 01301 10140 20066 30014 40201 57003==
33135 429// 00000 10107 20071 30076 40222 57007==
33177 42960 00801 10121 20046 39950 40183 57005==
33317 429// 01101 10142 20036 39871 40200 58005==
33393 42960 01204 10189 20005 39787 40162 57011==
33415 42960 00000 10178 20024 39803 40186 57003==
33429 42960 00902 10140 20032 39784 40196 57006==
33466 42978 00000 10124 20040 30022 40206 58007 333 30///==
33506 42560 80601 10188 20032 30012 40200 56010 885//==
33562 42960 03301 10113 20074 39911 40211 58003==
33587 429// 00000 10133 20027 39944 40202 58006==
33658 42984 00000 10144 20032 39894 40186 57005==
33663 42960 01801 10120 20056 30101 40195 57001==
33664 42997 03401 10130 20007 39877 40187 58007=
33678 42998 02802 10168 21019 30002 40206 57001=
33679 42997 00000 10161 20023 30001 40186 57004=
33711 42960 00704 10168 20040 39983 40186 58011==
33745 42997 00000 10129 21024 30012 40201 54000=
33748 42997 01103 10159 20044 39910 40186 57003=
33754 42997 00000 10137 20064 30046 40189 58001=
33761 42970 00302 10151 20035 39971 40188 58005==
33791 42/86 20604 10201 20028 30058 40180 57010 82030==
33815 42998 03601 10198 20013 39977 40176 58003=
33837 42983 00603 10211 20117 30115 40164 58006==
33881 42998 00202 10181 20045 39991 40180 58003=
33883 42998 03402 10174 20062 30018 40175 57004=
33885 42997 00000 10170 20066 30062 40188 52002=
33892 42997 00102 10153 20050 39966 40173 57007=
33902 42/60 20402 10202 20104 30107 40164 58011 80040==
33924 42970 00704 10190 20120 30138 40150 57007 333 90730 91111==
33946 42/81 60704 10194 20175 39927 40137 58004 86030==
34300 42/60 40601 10185 20036 30045 40215 58007 84030==
34336 42960 00302 10169 20029 30130 40230 57004==
34344 42970 00000 10111 20111 30143 40230 57004==
34356 42970 00801 10125 20036 30099 40243 54000==
34357 42970 01002 10158 20021 30079 40229 57004==
34398 429// 30402 10171 20065 30233 40243 58002 80001==
34415 42960 00000 10126 20062 30111 40206 58006==
34438 42960 00604 10167 20019 30032 40216 58008==
34445 42970 02701 10075 21012 30117 40231 58006==
34461 42960 00000 10115 20039 30182 40237 57004==
34473 429// 01002 10161 20045 30206 40243 57003=
34476 42970 00803 10183 20024 30232 40239 58005==
34504 42/81 80803 10206 20020 30020 40186 58009 8805/==
34535 42970 01201 10163 21003 30139 40209 57004==
34545 42970 00902 10151 20011 30110 40218 57005==
34555 42970 00000 10166 20059 30144 40232 58004==
34560 42960 00905 10152 20029 30047 40231 57008==
34578 42960 01601 10152 20046 30228 40235 57001==
34579 42970 01401 10161 20020 30195 40238 57003==
34644 42960 00702 10171 20011 30129 40203 57001==
34646 42970 01204 10194 20061 30130 40208 57002==
34655 42960 00501 10134 21012 30159 40218 57006==
34662 42970 00000 10125 20014 30219 40230 54001==
34691 42970 00000 10167 20027 30254 40242 58003==
34720 42570 70603 10211 20055 30134 40171 58007 87500 333 90730 91110==
34727 42560 81006 10221 20026 30125 40153 57018 884// 333 91010 90730 91112==
34743 42960 01003 10169 21004 30120 40206 57002==
34759 42960 01002 10149 20018 30083 40210 58004==
34772 42960 00602 10131 20012 30226 40229 58007==
34785 42/60 30803 10151 20054 30251 40229 57009 81031==
34798 42960 20402 10131 20071 30260 40232 57007 80001==
34824 41960 00703 10208 20087 30138 40143 57005 70281==
34838 42560 80904 10221 20058 30065 40155 58002 884// 333 90730 91110==
34845 42970 01103 10186 20050 30079 40182 58001==
34858 42960 01002 10173 20026 30090 40194 58006==
34861 42960 01205 10157 21007 39974 40209 57005==
34866 42960 00803 10154 20029 30219 40211 58006==
34880 42560 70702 10164 20091 30246 40221 57010 82930==
34887 42/70 80402 10174 20102 30233 40214 57011 82037==
34949 42970 20908 10163 20097 39643 40166 57004 80001 333 91012 90730 91115==
34954 42970 00802 10185 20092 30012 40177 57008==
34958 42970 00904 10171 20091 39988 40179 58010==
34975 42970 00903 10180 20086 30201 40197 58009==
34984 42570 60504 10182 20124 30235 40206 58012 82960==
35217 429// 00703 10170 20068 30216 40254 52002==
35302 429// 01002 10165 20100 30233 40253 52002==
35315 429// 00902 10151 20067 30200 40255 52003=
35344 429// 02901 10093 20063 39984 40265 54000=
35358 429// 00201 10105 20034 30081 40247 53006==
35368 429// 00000 10085 20051 39988 40248 54000=
35386 429// 00000 10070 20043 39738 40246 52005=
35394 42970 00502 10092 20053 39576 40231 58005==
35404 429// 20201 10210 20099 30237 40245 54000 80111=
35406 429// 00602 10176 20086 30241 40243 52001==
35416 429// 00000 10135 20045 30144 40260 52008==
35426 429// 00000 10112 20051 39986 40268 51003==
35437 429// 00401 10088 20027 39966 40272 52004=
35449 429// 00102 10146 20112 30155 40253 52004=
35497 429// 00000 10064 21004 39453 40232 57006==
35498 429// 03501 10040 21013 39383 40247 57003=
35514 42998 00903 10167 20088 30247 40243 52002=
35522 429// 01202 10151 20035 30017 40258 52002=
35542 429// 00902 10095 20053 30115 40258 52002=
35563 42998 00000 10096 20065 39497 40240 58001=
35576 429// 03503 10122 20030 39787 40217 57003==
35582 429// 00202 10074 20035 39647 40231 57001=
35594 429// 01001 10031 21028 39417 40244 57002=
35605 42998 62503 10180 20050 30258 40237 58001 80003=
35633 429// 00000 10122 20068 30058 40258 52007=
35671 42970 00103 10113 20029 39808 40220 53001==
35699 429// 00502 10114 21004 39492 40215 57006==
35700 42970 02902 10173 20074 30262 40239 57006==
35715 42997 01204 10188 20077 30255 40241 52007=
35739 429// 00000 10112 20058 30113 40248 52005=
35746 429// 00204 10149 20077 30173 40237 52002==
35777 429// 00000 10107 20029 39902 40234 52013=
35796 42960 50404 10112 21003 39787 40204 57009 80001==
35849 429// 03302 10125 20074 30146 40228 52004==
35895 42997 00201 10128 20073 39782 40205 57009=
35907 42998 50906 10176 20118 30245 40217 57006 80002=
35925 429// 30902 10143 20043 30133 40240 52006 80004==
35927 429// 01102 10181 20067 30230 52006=
35953 429// 03502 10100 20047 30097 40222 58001==
35969 429// 00000 10091 20007 30042 40210 58010==
35997 429// 00703 10148 20071 39777 40187 57003=
36259 42584 60902 10037 21022 38278 48545 57002 83902==
36335 429// 00000 10040 20012 39253 40256 57006=
36358 429// 00000 10070 20016 39257 40242 58010=
36394 425// 60000 10080 20067 39827 40236 57003 86300=
36397 429// 00000 10078 20056 39690 40237 57007==
36403 426// 51002 10111 20074 39884 40229 57003 85900=
36418 429// 52302 10087 20042 39644 40236 57008 82033=
36421 429// 30000 10022 20012 39706 40264 57003 80001=
36428 427// 33202 10058 20049 39762 40251 56002 82541==
36439 429// 11305 10044 20018 39022 48548 57007 80001=
36498 429// 00304 10104 20038 39461 40217 57007=
36501 429// 00000 10071 20049 39504 40232 57005=
36535 42/// 20000 10048 20005 39633 40252 57008 82030==
36546 429// 00000 10069 20034 39714 40237 57010=
36619 429// 00202 10100 20034=
36622 429// 20000 10069 20017 39449 40227 57007 82040=
36639 429// 00000 10044 20032 39625 40217 57009==
36643 429// 02302 10062 20034 39596 40239 56004=
36665 429// 01801 10104 20038 39527 40221 57005=
36666 429// 00000 10063 20035 39754 40233 57006=
36729 42998 02301 10080 20061 39732 40196 57007=
36736 429// 03401 10099 20058 39683 40214 57010=
36744 429// 60502 10123 20029 39771 40200 58003 86040=
36770 429// 00000 10056 20042 39498 40206 58007=
36786 42999 00000 10075 20037 39313 40201 57008=
36796 429// 00000 10016 21013 39050 48515 57007=
36803 42999 01802 10148 20067 39764 40188 57009=
36806 429// 01309 10128 20046 39747 40191 57008 333 91118=
36819 429// 40703 10115 20033 39596 40181 57004 82041=
36821 429// 20502 10092 20010 39717 40189 57012 80002==
36839 42998 03101 10092 20038 39105 40192 57009=
36843 429// 02601 10077 20006 39067 40205 58005=
36846 429// 00602 10059 21016 38634 48522 57011=
36859 429// 00000 10125 20047 39437 40181 57011==
36870 429// 00000 10118 20054 39196 40163 57011==
36874 429// 01804 10079 20044 39429 40181 57008=
36877 429// 12301 10074 20063 39246 40194 57009 81030=
36885 429// 21602 10099 20041 39094 40180 57012 82030=
36889 429// 01601 10038 21076 37101 47127 57013=
36894 429// 00000 10133 20025 39461 40163 57014=
36905 429// 01201 10097 20037 38758 48526 57016=
36911 429// 80000 10124 20093 39234 40167 57015 8804/=
36927 42697 50000 10114 20048 38378 48540 58010 85900=
36934 42997 23302 10119 20031 38278 48402 57011 80002=
36953 429// 00000 10035 20009 38243 48508 57011=
36963 429// 21101 10026 21052 37088 48/// 57005 80001=
36974 426// 80000 10138 20043 38002 48527 58009 889//=
36982 429// 31701 11020 21082 36598 47159 57010 83030=
37018 42960 30502 10225 20166 30052 40123 54000 80001==
37031 42/60 30803 10203 20111 39962 40147 57003 83030==
37054 42660 80702 10184 20121 39798 40164 57008 885//==
37061 42560 20704 10166 20103 30020 40183 58012 82500==
37085 42940 00606 10194 20146 30208 40182 58012 333 90730 91110==
37171 42/40 71601 10236 20174 30108 40125 52006 87030==
37228 42560 50000 10136 20131 39361 40167 57006 85500==
37235 42960 00000 10163 20154 39855 40158 57004==
37472 42/70 61503 10217 20184 30182 40161 57011 83081 333 90730 91113==
38149 42970 00201 10154 20036 30149 40223 52003==
38178 42/// 30000 10121 21007 39920 40199 53001 83070==
38262 429// 03502 10146 20058 30142 40221 52008==
38264 42970 03503 10159 20076 30123 40213 54000==
38345 42998 81001 10105 20032 38818 48524 53001 83032=
38353 429// 81701 10153 20055 39298 40157 57011 8803/=
38388 42998 00000 10142 20029 30146 40215 52006=
38392 42997 03204 10160 20067 30106 40206 53001=
38396 42960 03104 10128 20056 30082 40204 58006==
38403 429// 00000 10142 20000 30082 40199 52001==
38413 429// 01801 10138 21038 39894 40177 58014==
38457 42/60 62601 10155 20011 39596 40162 57003 85031==
38462 429// 00000 10096 20023 38766 48514 58006==
38462 429// 00000 10096 20023 38766 48514 58006==
38507 42996 00808 10225 21041 30077 40175 58008=
38545 42998 03302 10114 20062 30028 40201 58003=
38565 129// 00000 10122 20043 39596 40170 53002 60002==
38579 129// 02303 10169 20019 39753 40155 57006 60002==
38583 12960 23202 10139 20027 39847 40159 57006 60002 80001==
38599 42997 62306 10189 20027 39655 40146 58005 83031=
38611 42/60 70000 10195 20098 39600 40141 57005 87070==
38613 429// 63401 10166 20067 40149 57007 80002=
38616 425// 21801 10166 20064 39183 40152 56006 82500=
38618 429// 40000 10159 20126 39478 40139 57005 80001==
38647 42997 01006 10226 21054 30134 40174 54000=
38656 42998 00502 10200 21050 30091 40196 58003=
38683 42960 03604 10139 20000 39907 40176 57001==
38687 42997 03603 10131 20023 39957 40187 57003=
38696 129// 02902 10161 20041 39329 40152 58009 60002==
38713 429// 81802 10130 20013 39046 48530 58005 80004=
38750 42997 02501 10236 20208 30203 40176 57007=
38763 42997 00903 10217 21027 30088 40188 52003=
38774 42995 01602 10212 20000 30019 40206 52014=
38799 42997 00202 10170 20004 39965 40189 58001=
38806 42997 03601 10122 20061 39906 40162 58001=
38812 42960 00000 10134 20006 39716 40159 54000==
38836 429// 30000 10192 20061 39220 40110 53003 80002=
38880 42997 00502 10191 20008 39943 40188 54000=
38886 42997 00000 10150 20053 39969 40191 57004=
38895 42996 00502 10190 21009 39917 40196 54000=
38911 42997 03403 10178 20059 39884 40168 54000=
38915 42997 00000 10203 20034 39843 40152 57002=
38927 12960 02104 10166 20004 39782 40146 56007 60002==
38933 429// 60000 10180 201222 39657 40148 54000 80002=
38944 419// 03603 10201 20021 39574 40083 57002 70500=
38954 429// 00000 10152 20004 34947 48500 54000=
38974 42998 03201 10182 20034 39857 40180 58002=
38987 42996 00000 10156 20015 39467 40189 54000=
40030 42970 00000 10264 20162 40101 54000=
40080 42965 01903 10229 20141 39410 4//// 54000=
40100 43/60 01603 10277 20232 30087 40102 58006 333 58///=
40180 02960 00901 10273 20233 30041 40088 57004 333 70000==
40199 02/// /0206 10330 20190 30051 40075 52008 333 70000==
40265 42960 03104 10232 20153 39345 40097 57001=
40270 41958 03304 10246 20134 39238 40084 52001 70500=
40272 41950 03005 10240 20161 39302 40088 52004 70500=
40340 42960 03513 10322 20173 30020 40081 52008=
40356 42960 02708 10276 20060 39142 48498 333 58001 555 04410 50048=
40357 42960 00000 10332 20020 39440 40024 333 59001=
40360 42960 03114 10272 20150 39507 40058 333 59009=
40361 42960 03504 10311 20050 39321 40068 333 59004=
40362 42960 01112 10353 20050 39549 40019 333 59005=
40373 42960 31208 10336 20030 39649 40033 83030 92049 333 59001 83360=
40375 42960 02407 10293 20110 39225 40045 333 59006=
40394 42960 03004 10336 20070 38986 48504 333 59001 555 04410 50020=
40394 42960 03004 10336 20070 38986 48504 333 59001 555 04410 50020=
40400 42960 03003 10298 20230 30045 40072 333 59003=
40405 42660 41407 10340 20060 39334 40026 84500 333 58003 84640=
40417 42960 00000 10289 20240 30025 40039 333 58006=
40420 42960 03406 10307 20230 39847 40044 333 58007=
40430 42960 02710 10351 20060 39357 40056 333 59005=
40437 42960 01005 10331 20050 39391 40041 333 58006=
40439 42960 02605 10310 20220 30038 40056 333 59005=
40582 32960 01904 10320 20120 40038 58010 333 00265 10464 20290 51300 55086 00631 10210 22103 43334 54038=
40703 42960 00000 10200 20083 38908 40095 52009 333 70000 555 10136 29047 30204=
40706 42962 00705 10220 20066 38658 40091 54000 333 70000 555 10136 29037 30807=
40712 42960 03402 10164 20100 38673 40086 53003 333 70000 555 10128 29066 30205=
40713 42965 00905 10220 20068 38654 40063 51003 333 70000 555 10137 29037 31010=
40718 42960 21401 10220 20197 30200 40173 57007 80001 333 70008 82069 555 10205 29087 32606=
40723 42960 09901 10178 20025 38981 40151 56005 333 70000 555 10104 29036 33216=
40726 42960 00000 10196 20073 38657 40085 51003 333 70000 555 10129 29045=
40727 42960 01602 10146 21007 38494 40099 51002 333 70000 555 10077 29035 33309=
40732 42560 72701 10244 20194 30178 40155 51002 87500 333 70000 87626 555 10212 29074 33506=
40736 42960 70000 10233 20212 30192 40168 57007 87070 333 70026 87459 555 10219 29088 32206=
40737 42560 61901 10224 20199 30148 40165 57006 82570 333 70000 82630 86359 555 10208 29086 32007=
40738 42560 60000 10250 20209 30179 40181 57006 82550 333 70000 82630 86359 555 10223 29078 32827=
40739 42965 00302 10185 20120 38709 40118 57003 333 70000 555 10147 29066 30910=
40741 42960 00000 10180 21004 39853 40172 57011 333 70000 555 10100 29029 30508=
40743 42965 01006 10209 21051 39070 40123 50001 333 70000 555 10099 29017 30916=
40745 42960 02003 10178 20021 39066 40160 57005 333 70000 555 10103 29035 31210=
40747 42960 09901 10185 21019 38639 40082 52005 333 70000 555 10093 29025 31904=
40754 42960 00202 10252 20095 38830 40086 58002 333 70000 555 10160 29037 32104=
40762 42962 00105 10169 21054 38572 40105 58003 333 70000 555 10076 29021 30710=
40766 42960 03003 10241 21046 38684 40052 58002 333 70000 555 10112 29015 32907=
40768 42962 02901 10172 20024 38277 40067 53002 333 70000 555 10098 29037 30709=
40769 41958 02902 10217 20029 38321 40068 58001 70600 333 70000 555 10120 29029 30609=
40780 42960 00802 10228 21013 38680 40069 58001 333 70000 555 10114 29020 32005=
40782 42965 01102 10225 20003 38845 40054 52002 333 70000 555 10118 29023 32805=
40785 42960 00000 10233 20022 39067 40088 50001 333 70000 555 10128 29025 33207=
40791 42962 00401 10294 21038 39290 40048 57006 333 70000 555 10140 29011 33408=
40792 42962 00902 10221 21051 38707 40061 58001 333 70000 555 10102 29016 30310 40310=
40798 42960 03004 10168 21040 37993 40060 50000 333 70000 555 10076 29024 32312 4////=
40800 42960 01501 10218 21003 38475 40070 51005 333 70000 555 10111 29023 31107=
40809 42960 00606 10191 21090 38490 40043 58004 333 70000 555 10079 29014 33607 43610=
40811 42960 00601 10299 20136 30007 40031 58003 333 70000 555 10201 29037 33005=
40812 42960 01601 10311 20044 39684 40029 57003 333 70000 555 10169 29018 32603=
40818 42965 03202 10203 21064 38007 40040 50004 333 70000 555 10087 29016 31610=
40821 42960 42804 10267 21019 38775 40057 51001 84030 333 70000 84360 555 10130 29015 32907 4////=
40829 42960 03512 10256 21062 39522 40056 56004 333 70000 555 10121 29012 33514 43426=
40831 42960 01901 10290 20185 30029 40036 58006 333 70000 555 10222 29053 33008=
40833 42960 01202 10312 20164 30016 40046 58002 333 70000 555 10218 29041 33106=
40835 42960 00000 10265 20070 39270 40041 57007 333 70000 555 10158 29029 32707=
40841 42960 00000 10179 21068 38250 40040 57006 333 70000 555 10076 29018 30508=
40848 42960 03002 10232 21007 38506 40022 58006 333 70000 555 10116 29020 32808=
40851 42760 21104 10258 20035 38262 40005 54000 82400 333 70000 82650 555 10138 29024 31506=
40854 42960 02704 10293 21092 38903 40006 58008 333 70000 555 10128 29008 32605=
40856 42960 02903 10211 21047 38627 40048 58004 333 70000 555 10098 29017 30508 4////=
40859 42960 00000 10256 20077 38676 40021 53002 333 70000 555 10154 29032 30907=
40875 41956 10604 10303 20267 30027 40038 58008 71000 80001 333 70000 81070 555 10277 29081 31106=
40879 42960 03503 10328 20142 39393 40015 58006 333 70000 555 10211 29033 32605 40908=
40882 41940 03202 10312 20292 39996 40028 58008 71000 333 70000 555 10297 29089 31207=
40883 41950 00000 10311 20237 30009 40031 58005 70500 333 70000 555 10259 29065 31006=
40893 41958 02902 10294 20251 30029 40034 57010 70500 333 70000 555 10264 29078 31108=
40898 41556 31504 10295 20256 30025 40034 58009 71000 83600 333 70000 83720 555 10267 29080 31309 4////=
41024 42960 03505 10325 20200 30033 40058 333 59012=
41036 42960 02904 10270 20100 38553 48505 333 59006 555 04410 50049=
41055 42560 43010 10288 20070 38361 48501 84300 333 59001 81925 83630 555 04410 50043=
41061 42960 01704 10315 21020 39362 40018 333 59004=
41084 42560 21203 10326 21040 38815 48488 82200 333 59007 82830 555 04410 50002=
41112 42960 00000 10202 20140 37952 48498 333 59004 555 04410 50032=
41114 42960 00000 10212 20090 37985 48499 333 59003 555 04410 50030=
41128 42960 00304 10292 21060 38780 48497 333 59006 555 04410 50033=
41136 42960 00405 10324 21040 39257 40016 333 59004=
41140 42560 10103 10322 20280 30047 40052 81400 333 58000 81630=
41150 41960 03203 10323 20287 40040 70500 333 58008=
41176 44/40 /0505 10325 20268 30033 40039 333 58006=
41184 42960 02803 10283 20209 40039 333 58004=
41194 42960 00805 10340 20233 30029 40035 333 58006=
41196 42960 00000 10319 20233 39999 40039 333 58005=
41216 42960 00606 10322 20292 30031 40035 333 58007=
41217 42960 00506 10319 20281 30004 40033 333 58007=
41255 36/// /1002 10292 20198 39546 40036 333 0E032 58003=
41256 32960 03501 10300 20254 30017 40034 92045 333 58000 55000 55407 55408 55507 55508=
41267 36/// /0903 10287 20240 30018 40030 333 0E029 59001=
41268 36/// /2216 10292 20227 39986 40032 333 0E030 55300 25022 59007=
41275 36/// /1810 10283 20233 39896 40059 333 0E029 55300 20000 59005=
41288 36/// /2006 10261 20241 30037 40059 333 0E028 59004=
41315 26/50 /0000 10224 202226 55300 27865 58001 70000=
41316 32460 81802 10269 20253 30034 40063 886// 333 58002 55000 55407 55408 55507 55508 84712 88620=
41396 42865 32403 10319 20150 39346 40034 83030 333 58003 83358=
41397 62118 10280 20252 40234 54000 70322 8177/ 22243 00300 20603 321// 40603 80260=
41398 71419 10270 20243 40050 54000 70322 878// 22234 00260 20401 314// 40502 80250=
41480 41957 30806 10314 20257 30051 40059 70544 83030 333 58018 83360=
41498 22610 10184 20184 40120 50/// 703// 8/44/ 22234 06170 20202 327// 40301 80184=
41508 22995 00000 10211 20145 38612 48488 333 59007 60007=
41515 22995 00000 10242 20123 38466 48429 333 59005 60007=
41523 22996 00000 10230 20193 39019 48460 333 59011 60007=
41535 22996 00000 10200 20185 38561 48428 333 59017 60007=
41536 22996 00000 10220 20182 38967 48457 333 59004 60007=
41560 22996 00000 10210 20130 38249 48465 333 58009 60007=
41598 61809 10260 20231 40268 54000 70322 8685/ 22214 06280 20601 316// 41003 80240=
41600 21996 00502 10285 20264 40025 70400 333 59008 60007=
41620 32996 01303 10240 20195 38519 48424 333 58005 60007=
41624 21996 00000 10290 20255 40024 70400 333 59004 60007=
41640 21996 00000 10285 20250 40020 70400 333 59027 60007=
41660 219// 01306 10220 20000 38390 48486 70500 333 59012 60007=
41678 21996 00000 10305 20217 40031 70500 333 59008 60007=
41696 22996 00000 10140 20086 37992 48502 333 58007 60007=
41697 22996 00000 10320 20265 40015 333 59019 60007=
41700 21996 00000 10305 20256 40008 70400 333 59011 60007=
41710 21996 03110 10285 21063 40014 70600 333 58009 60007=
41712 22996 00000 10310 20059 39121 48474 333 58003 60007=
41715 21996 00000 10300 20258 40025 70500 333 58005 60007=
41718 21996 00000 10310 20269 40013 70400 333 58002 60007=
41725 22996 00000 10330 20253 40014 333 59013 60007=
41739 22996 00000 10270 21030 38990 48469 333 58016 60007=
41744 22996 00000 10245 20073 38721 48454 333 58024 60007=
41749 02996 01308 10290 20240 40035 333 59005 60007=
41756 21495 62304 10260 20231 40043 70500 86600 333 56900 58006 60007 86715=
41759 21995 00000 10265 20244 40055 71011 333 58005 60007=
41764 22996 02108 10280 20237 39985 40034 333 59003 60007=
41768 22996 02304 10285 20271 30028 40035 333 59010 60007=
41780 22596 62506 10280 20244 30025 40052 86600 333 56900 59007 60007 86720=
41785 22996 02302 10275 20254 30037 40050 333 58002 60007=
41898 62615 10296 20250 40074 51003 70311 83225 22282 04302 20200 331// 40501 80262=
42001 08211 99259 70897 46/// /1205 10301 20285 30071 40074 92040 22200 00300 333 91206 555 11055 22059 8//06 92035=
42027 32996 01601 10178 20161 38373 48456 333 59021=
42056 32996 00501 10262 20253 39595 333 59027=
42071 31996 09901 10276 20270 40021 71000 333 59025=
42097 08211 99257 70837 46/// ///// 1//// 92056 22200 00303 10502 20502 70008=
42101 31995 20000 10274 20268 40028 71000 82030 333 59026 82360=
42123 32996 00000 10288 20248 40019 333 59015=
42165 32996 20000 10314 20249 40008 80001 333 59003 82070=
42182 21993 32703 10270 20267 40015 71140 83030 333 59022 6992/ 83360=
42189 31595 80000 10268 20257 40012 71022 8551/ 333 59024 84630 88460=
42328 31595 22303 10286 20249 40005 70500 82500 333 59011 82630=
42339 21995 30000 10260 20231 40025 70500 80001 333 59016 6990/ 83070=
42348 21595 69903 10254 20248 40029 71022 84530 333 59014 6002/ 84630 85360=
42361 31596 30000 10268 20262 40014 70500 81530 333 59019 81620 83360=
42369 21594 50000 10280 20269 40014 71022 82530 333 59019 6018/ 82620 85360=
42379 31995 10000 10294 20283 40008 71020 81030 333 59019 81360=
42410 21595 40000 10270 20264 40044 71011 82530 333 58002 6018/ 82620 83360=
42415 31496 80000 10280 20254 40030 71311 8632/ 333 59012 85618 81925 88459=
42452 21595 60000 10264 20250 40020 71022 83530 333 59016 6005/=
42492 21495 50502 10284 20267 40011 71022 82530 333 59020 6016/ 82618 84360=
42559 22596 40000 10260 20249 40008 84030 333 59020 6001/ 84360=
42571 21596 60000 10270 20256 40014 72162 84530 333 59013 6004/ 42625 85360=
42623 31495 40000 10238 20229 39186 40035 71311 82330 333 59032 82618 81925 84360=
42634 32596 30000 10266 20249 40055 83500 333 59006 83620=
42647 31596 20000 10286 20269 40036 70500 82500 333 59021 82620=
42667 21596 72507 10238 20232 39449 40027 70562 83730 333 59026 6004/ 83620 86360=
42675 21495 80000 10266 20257 40008 79562 8573/ 333 59025 6008/ 82712 84620 88360=
42701 21495 50000 10244 20238 39291 40007 71022 83530 333 59034 6008/ 83618 84360=
42724 31495 40000 10286 20272 40027 71022 82530 333 59021 82618 83360=
42737 32496 32506 10270 20247 40048 83600 333 59019 83712=
42754 31496 42704 10236 20222 39400 40026 70500 82530 333 59019 82618 83360=
42779 22495 80000 10244 20235 39324 40006 8461/ 333 59027 6003/ 81712 84620 88458=
42798 21495 70000 10268 20257 40012 71022 84530 333 59011 6012/ 84615 86360=
42809 21495 50000 10286 20272 40002 70562 85500 333 59028 6002/ 85618=
42840 32596 20000 10280 20257 40046 82500 333 59022 82620=
42867 21496 62904 10264 20244 40012 70522 83520 333 59026 6990/ 83618 85458=
42874 21496 83201 10264 20264 49987 72162 8572/ 333 59040 6032/ 82712 84618 88459=
42886 21495 60000 10262 20251 49998 70522 84530 333 59036 6003/ 84618 86360=
42895 21495 70504 10268 20262 49977 76066 84530 333 59042 6035/ 84618 86360=
42971 21495 70505 10274 20263 49952 76062 85530 333 59062 6010/ 85616 87360=
43003 31595 50000 10280 20246 40053 70521 83830 333 59017 82620 83825 84358=
43014 21596 52505 10230 20221 39401 40042 70544 85800 333 59020 6993/ 83620 84825=
43041 21495 80000 10232 20226 39398 40005 76166 8672/ 333 59030 6027/ 84715 86620 88458=
43063 22596 32902 10224 20212 39438 40059 83500 333 59020 6002/ 83626=
43110 22496 60000 10270 20241 40070 84720 333 59014 6003/ 81712 83618 85456=
43117 22596 41802 10250 20236 40052 83630 333 59020 6002/=
43128 21496 72706 10242 20224 39435 40034 70552 85730 333 56690 59020 6004/ 82710 84615 87360=
43150 21495 82304 10254 20251 39927 49987 76366 8482/ 333 59025 6075/ 82712 84618 88458=
43185 21596 82904 10262 20241 30009 40012 75052 8487/ 333 59023 6004/ 83620 85458=
43189 21595 80000 10258 20243 39995 40004 76065 8352/ 333 59030 6019/=
43192 21496 72302 10254 20251 40071 70262 83772 333 59013 6024/=
43213 21596 82302 10248 20233 39726 40041 72162 8487/ 333 59017 6005/=
43245 32596 72506 10292 20230 30009 40035 84578 333 59015=
43284 21195 80000 10256 20247 39964 40079 71062 8567/ 333 59010 6029/ 82702 83612 87458=
43295 32496 52304 10216 20185 39070 48480 82531 333 56599 59008 82612 83358=
43314 22596 60000 10264 20253 40087 83831 333 59009 6016/=
43329 22596 70000 10276 20238 30044 40057 83531 333 59004 6990/=
43333 21495 82709 10270 20250 40078 76066 8442/ 333 58004 6001/ 82618 84820 88458=
43369 22596 73202 10270 20259 40092 84530 333 59002 6005/ 84620 87358=
43371 22496 60000 10254 20242 30026 40099 82648 333 59010 6002/ 82618 83457=
43413 22470 32106 10281 20246 30079 40084 56010 83100 333 553// 20006 59003 60008 91010==
43418 22470 22304 10275 20249 30044 40085 57006 82100 333 58001 60008 555 60008==
43421 22470 52402 10263 20000 39984 40089 57012 85000 333 553// 20000 59006 60008 91004 555 60008==
43424 21468 72003 10282 20253 30089 40091 57012 78021 87000 333 59004 69908 555 69908==
43436 22/70 50000 10274 20231 30081 40084 57005 333 58000 60008 555 60008==
43441 21470 32000 10252 20246 39961 40094 57014 70282 83000 333 59002 60028 555 60218==
43444 21470 70000 10233 20219 39566 40092 57016 76082 84110 333 59003 69918 555 69998==
43450 21470 32303 10276 20255 30100 40112 57005 70281 83100 333 58003 69948 555 69948==
43466 21470 72201 10269 20250 30095 40103 5/014 72522 87100 333 553// 20000 59001 60028 91003 555 60028==
43467 21460 72701 10278 20247 30098 40104 57015 78021 87200 333 59002 69908 555 69958==
43473 22/70 72806 10148 20148 38116 48482 57015 333 553// 20006 59003 60008 84708 86810 91012 555 69958==
43486 21460 80202 10247 20247 30003 40103 5/017 78082 87000 333 553// 20000 59003 60008 91002==
43495 21470 42306 10280 20259 30088 40101 56/// 72521 84000 333 59003 69938==
43497 21/70 42502 10264 20000 30079 40096 56016 70182 333 59004 69968 84458 81/18 91004==
44212 429// 00801 10054 21032 39130 40246 57001==
44213 42/// 22105 10062 21017 38809 40239 57006 82040==
44214 42970 02704 10060 21048 38313 40250 58002==
44215 429// 02101 10015 21042 38439 40282 57002==
44217 32998 00000 11020 21044 37909 40360 58003 333 91200=
44218 429// 01202 10050 21048 38630 40255 54001==
44219 32999 00605 10045 21005 38652 40266 57004 333 91205=
44265 429// 00602 10027 21012 38877 40282 57003==
44266 329// 03504 10008 21088 37818 40304 57009 333 91206=
44454 41457 30905 10219 20211 38616 48458 70195 83800 333 59022=
50557 14/80 /2004 10162 20131 39791 40072 57006 60001 333 10265 20084 3/014 59035 70000 90761 91108==
51076 14/80 /3500 10054 20027 39373 40235 57007 60001 333 10170 20054 3/005 59008 70000 90761 91106==
51087 14/78 /0802 10063 20035 39234 40234 57009 60001 333 10165 20063 3/005 59012 70000 90761 91110==
51156 14/80 /3403 10049 20017 38738 40235 57008 60001 333 10151 20027 3/004 59005 70000 90761 91107==
51243 14/80 /3302 10124 20077 39691 40219 57008 60001 333 10208 20108 3/011 59028 70000 90761 91105==
51334 04980 /1602 10114 20086 39821 40211 57009 60002 700// 333 10218 20078 3/010 5001/ 54405 59035 60001 70000 90720 91105=
51379 14/78 /1502 10063 20045 39309 40231 57009 60001 333 10193 20061 3/006 59035 70000 90761 91106==
51463 14/80 /1503 10094 20046 39065 40224 57009 60001 333 10160 20085 3/007 59032 70000 90761 91110==
51573 14/80 /0603 10220 21020 30118 40165 57001 60001 333 10305 20210 3/019 58039 70000 90761 91108==
51644 14/65 /0401 10114 20071 38957 40158 57001 60001 333 10257 20089 3/014 58041 70000 90761 91106==
51656 14/57 /0702 10157 20070 39157 40160 52004 60001 705// 333 10266 20146 3/011 58061 90761 91105==
51709 14/80 /1203 10206 21045 38628 40103 52001 60001 333 10266 20129 3/019 58017 70000 90761 91106==
51711 04980 /2501 10087 20014 38061 40116 57002 60002 700// 333 10215 20053 3/004 5001/ 54405 58021 60001 70000 90720 91106=
51716 04978 /0602 10181 21002 38905 40120 57001 60002 700// 333 10285 20117 3/018 5003/ 54405 58030 60001 70000 90720 91105=
51765 04977 /0801 10110 20028 39212 40162 57003 60002 700// 333 10283 20109 3/008 5002/ 54411 58055 60001 70000 90720 91106=
51811 04977 /1001 10198 20035 38768 40089 57009 60002 700// 333 10288 20189 3/020 5001/ 54415 59001 60001 70000 90720 91110=
51818 04964 /3500 10178 20125 38620 40081 57010 60002 700// 333 10289 20178 3/018 5000/ 54415 59015 60001 70000 90720 91106=
51828 04956 /1401 10201 20065 38617 40079 57007 60002 706// 333 10268 20195 3/017 5001/ 54415 59019 60001 79999 90720 91106=
51886 14/75 /0902 10091 21019 37173 40101 57005 60001 333 10186 20086 3/007 58033 70000 90761 91107==
52203 14/80 /0501 10095 20017 39331 40183 57001 60001 333 10255 20095 3/007 58069 70000 90761 91106==
52602 14/80 /3502 10064 21017 37315 40119 57006 60001 333 10206 20059 3/003 58042 70000 90761 91111==
52681 14/70 /2803 10155 20115 38666 40152 52005 69911 721// 333 10231 20140 3/015 58092 70009 90761 91110==
52818 14/80 /2903 10112 21006 37290 40085 57003 60001 333 10213 20111 3/008 58057 70001 90761 91113==
52908 04980 /1001 10025 20010 35848 40027 57009 60062 700// 333 10136 20025 3/002 54415 58012 69991 70071 90720 91114=
53463 14/31 /2900 10178 20178 38828 40096 52004 60001 710// 333 10188 20154 3/016 59023 70187 90761 91103==
54857 14/80 /1402 10246 20203 30040 40129 57004 60001 333 10291 20235 3/023 59027 70000 90761 91106==
55299 04980 /1702 10061 20039 35920 40003 57010 60022 700// 333 10158 20056 3/006 5000/ 54415 58004 60021 70019 90720 91109=
55591 04980 /0902 10159 20071 36549 49900 57005 60002 700// 333 10242 20154 3/015 5002/ 54415 59010 60001 70000 90720 91107=
56004 04980 /1102 10053 20027 35899 40049 57007 60042 700// 333 10145 20047 3/005 58007 60001 70063 90720 91111=
56018 04980 /1801 10097 20071 36241 49972 57004 69912 700// 333 10191 20081 3/010 54405 59007 69911 70001 90720 91108=
56299 57961 58022 82916 83080=
57494 14/59 /1301 10287 20240 30052 40080 57003 60001 333 10375 20265 3/028 59020 70000 90761 91104==
58847 14/65 /2801 10260 20233 39992 40089 57001 60001 333 10335 20256 3/025 59018 70000 90761 91107==
62306 32560 33408 10276 20218 40125 52001 83200=
62309 32960 03304 10268 20222 40107 52002=
62332 32960 03209 10284 20246 40100 52003=
62337 32960 01604 10253 20208 40094 57002=
62366 35960 03509 10283 20228 40097 52008=
62387 32960 03102 10270 20168 40089 52002=
62393 32960 00000 10283 20117 40118 54000=
62405 32960 02305 10304 20119 40083 52004=
62414 32960 00104 10325 20070 40093 52008=
62419 32960 02903 10306 20110 40081 52001=
62420 32960 03203 10289 20159 40099 52006=
62432 32960 03105 10302 20088 40121 52008=
62435 32960 03302 10289 20089 40085 52005=
62458 32960 00305 10318 20144 40076 57003=
62459 32960 02611 10290 20250 40058 57007=
62465 32960 02103 10314 20170 40068 57003=
