SMPK OPKC 020600=
41504 02697 61304 10225 20148 37824 48433 60001 86800 333 56900 59017 60007 83640 83845 Rh62%=
41505 22696 50000 10200 20136 38/// 48/// 60002 83470 333 56990 58/// 83840 85760 67%=
41506 02697 61802 10270 20157 38480 48478 60001 83520 333 56990 59001 60007 83640 84460 50%=
41507 02697 40000 10300 20230 39197 49684 60001 84100 333 56900 59001 60007 84840 66%=
41508 02697 60000 10242 20195 38634 48511 60001 83520 333 56990 58010 60007 83635 83460 76%=
41509 01597 50000 10250 20182 38715 48468 69901 72120 83440 333 56990 58003 69907 83630 83358 RH66%=
41510 02697 70000 10200 20154 37908 48488 60001 83520 333 56990 58005 60007 83640 84460 75%=
41515 02697 50000 10246 20119 38514 48478 60001 82520 333 56990 59029 60007 82650 83458 45%=
41516 02696 60000 10250 20182 38517 48476 60011 85630 333 56990 59008 60007 82730 83640 83362 RH66%=
41517 01596 70000 10220 20133 37798 48479 69901 72052 84620 333 56990 59001 69907 81720 83635 86460 58%=
41518 02596 73602 10244 20179 38/// 48/// 60011 84720 333 56990 5//// 60007 81730 83640 87461 69%=
41519 02596 70000 10280 20165 38715 48468 60001 84720 333 56990 59023 60007 81730 83640 85462 RH50%=
41520 02695 70000 10170 20138 37639 48241 60031 85670 333 56990 58014 60007 82720 83640 86762 81%=
41523 02696 70000 10295 20216 39042 48493 60001 83420 333 56990 59008 60007 83640 84460 63%=
41524 02697 60000 10265 20215 39275 40100 60001 82520 333 56990 58020 60007 82640 84460 RH 74%=
41525 12091 80000 10195 20173 37694 48373 60001 887// 333 569// 58003 88700 87%=
41528 02697 60000 10280 20231 39170 48495 60001 83520 333 56990 58013 60007 83640 83460 75%=
41529 02696 53102 10345 20270 39693 40050 60001 82530 333 56990 58000 60007 82640 83360 RH65%=
41530 01696 60504 10340 20241 39656 40043 60001 70511 83401 333 56909 58004 60007 83840 83070 57%=
41534 02697 41302 10320 20272 39650 40040 60001 82510 333 56990 59001 60007 82640 82462 76%=
41535 02697 70000 10250 20221 38683 48463 60031 84430 333 56990 59001 60037 84840 84360 RH84%=
41536 02997 80000 10250 20221 38996 48489 60001 8352/ 333 5699/ 58011 60007 83630 88460 84%=
41560 02697 61302 10260 20188 38275 48490 60001 82520 333 56990 59006 60007 Rh64%=
41565 22696 50000 10244 20168 38623 48497 60001 82520 333 56990 58001 60007 82640 83460 62% =
41567 01696 20000 10320 20265 39631 40025 60001 70400 82500 333 56900 58005 60007 82640 73%=
41571 11696 61306 10315 20215 39511 40062 60001 70522 84830 333 56990 58008 RH56%=
41572 01696 31308 10315 20261 39446 40034 60001 70400 82510 333 56990 58006 60007 82640 83460 RH73%=
41573 01092 80000 10210 20195 37974 48475 60011 76062 886// 333 569// 59005 60017 887// 91%=
41574 02697 32302 10255 20190 38336 48505 60001 83400 333 56900 58000 60007 83840 67%=
41576 02697 40504 10300 20235 40079 60061 82430 333 56990 58019 69927 82840 83360 68%=
41577 01696 20000 10320 20245 39482 40063 60001 70421 81430 333 56990 58012 60007 81840 81460 RH 64%=
41593 01996 41802 10350 20268 39848 40047 60001 70411 84070 333 58006 56090 60007 84460 63%=
41597 02997 30000 10330 20276 40072 60001 83030 333 56090 58008 60007 83362 73%=
41598 01696 20000 10325 20263 39797 40054 60001 70400 81130 333 56990 58012 60007 81830 82362 70%=
41599 01696 61804 10335 20266 39782 40056 60001 70492 83470 333 56990 58005 60007 83640 83460 67%=
41600 01596 80000 10335 20266 39777 40057 60001 71790 8592/ 333 5699/ 58011 60007 82930 83645 85460 67%=
41620 32696 20902 10300 20171 38539 48445 60001 82500 333 56900 59007 60007 82640 46%=
41624 02997 00000 10350 20268 39853 40044 60001 333 59002 60007 63%=
41625 02997 00904 10350 20261 39854 40042 60001 333 58004 60007 60%=
41630 01696 51306 10340 20265 40056 60001 70420 82530 333 56990 58001 60007 82640 83360 65%=
41633 02997 00000 10355 20245 3//// 4//// 60001 333 5//// 60007 55%=
41634 02697 23102 10325 20272 3//// 4//// 60001 82600 333 56900 5//// 60007 82640 74%=
41635 01996 20902 10355 20274 3//// 4//// 60001 70400 82030 333 56090 5//// 60007 82362 63%=
41636 01996 01302 10360 20264 39878 40050 60001 70400 333 59005 60007 58%=
41638 01996 00000 10335 20251 4//// 60001 70400 333 5//// 60007 62%=
41639 01696 53102 10335 20259 3//// 4//// 60001 82570 333 56990 5//// 60007 82640 83460 65%=
41640 01696 60000 10330 20261 39820 40055 60001 70420 84470 333 56990 58007 60007 84440 83460 67%=
41641 01696 62710 10350 20261 39795 40052 60001 70420 84430 333 56990 58003 60007 84640 83360 60%=
41642 01696 60000 10345 20292 3//// 4//// 60001 70410 83870 333 56990 5//// 60007 83640 84460 RH.74%=
41643 01696 30000 10340 20257 39793 40054 60001 70400 83500 333 56900 58006 60007 83640 62%=
41644 02997 30000 10330 20276 3//// 4//// 60001 83020 333 56090 5//// 60007 83460 73%=
41646 01696 30000 10360 20272 39866 40064 60001 70410 83500 333 56900 58004 60007 83640 61%=
41652 01996 20502 10350 20268 39877 40045 60001 70400 82030 333 56090 59001 60007 63%=
41660 02797 62306 10280 20161 38407 48491 60001 82430 333 56990 58001 60007 82840 84360 48%=
41661 01697 52302 10290 20164 38363 48483 60001 83520 333 56990 58003 60007 83635 82460 47%=
41669 02997 01302 10350 20261 3//// 4//// 60001 333 5//// 60007 60%=
41670 01696 20000 10340 20257 4//// 60001 70400 82500 333 56900 5//// 60007 62%=
41674 01996 21304 10320 20258 3//// 4//// 60001 70400 82030 333 56090 5//// 60007 83360 70%=
41675 01996 21804 10335 20244 39906 40042 60001 70400 82300 333 56900 58002 60007 82362 59%=
41676 01996 00502 10340 20279 39913 40062 60001 70400 333 58003 60007 71%=
41677 01996 20902 10340 20249 39879 40036 60001 70400 82030 333 56090 58001 60007 82362 59%=
41678 01996 00000 10350 20229 40055 60001 70500 333 59002 60007 49%=
41679 01696 70502 10340 20272 4//// 60001 70422 83570 333 56990 5//// 60007 83640 84460 68%=
41680 01996 20000 10350 20268 39875 40061 60001 70410 82030 333 56090 58014 60007 82362 63%=
41685 02997 00000 10305 20187 38883 48488 60001 333 58002 60007 RH49%=
41696 02997 00000 10250 20142 38002 48493 60001 333 58006 60007 Rh51%=
41697 22997 00000 10360 20256 40050 333 59007 60007 RH55%=
41700 01996 22308 10350 20245 40035 60001 70400 82030 333 56090 59002 60007 82360 55%=
41701 01996 22310 10350 20261 40049 60001 70400 83020 333 56090 58000 60007 83460 60%=
41710 12997 00502 10370 20018 39279 49992 60001 333 59018 11%=
41712 12997 01302 10370 20159 39125 48490 60001 333 59005 RH29%=
41715 01996 01302 10330 20276 39987 40049 60001 70500 333 59009 60007 RH73%=
41716 01996 32304 10330 20261 39953 40052 60001 70400 83030 333 56090 59002 60007 83360 67%=
41718 01996 02304 10335 20259 39943 40041 60001 70400 333 59002 60007 65%=
41724 01996 01304 10340 20249 40062 60001 70500 333 59011 60007 RH59%=
41725 12996 00000 10340 20233 40045 60001 333 59009 RH54%=
41726 02996 00000 10340 20257 39950 40018 60001 333 59024 60007 RH62%=
41738 02996 02706 10330 20221 39888 40059 60001 333 58009 60007 RH53%=
41739 02996 02706 10310 20135 38985 48472 60001 333 58000 60007 RH34%=
41742 12997 30000 10325 20232 40045 60001 80001 333 56009 59007 82070 RH58%=
41743 01996 00502 10320 20246 60001 70500 333 60007 RH64%=
41744 12996 00000 10280 20063 38744 48481 60001 333 58005 RH25%=
41745 01996 01804 10325 20248 60001 70500 333 60007 RH64%=
41746 02996 01804 10330 20261 30002 40054 60001 333 59013 60007 RH67%=
41747 02996 01306 10335 20244 40034 60001 333 59014 60007 RH59%=
41748 02996 03102 10325 20270 40054 60001 333 59010 60007 RH73%=
41749 02996 41806 10335 20244 30019 40052 60001 80001 333 56009 59007 60007 84070 RH59%=
41756 01996 00904 10320 20234 39997 40060 60001 70500 333 58014 60007 RH61%=
41757 02996 01804 10300 20240 30058 40070 60001 333 58015 60007 RH72%=
41759 01996 00902 10305 20256 30057 40062 60001 70500 333 58011 60007 RH75%=
41760 01996 01806 10310 20246 30050 40063 60001 70500 333 58001 60007 RH69%=
41764 02996 01810 10310 20239 30006 40054 60001 333 59006 60007 RH66%=
41765 02996 01806 10320 20250 30024 40058 60001 333 59008 60007 RH67%=
41766 22696 21806 10320 20250 40045 82500 333 56900 58000 60007 82635 RH67%=
41767 02996 0//// 10320 20250 60001 333 60007 RH67%=
41768 02996 20000 10320 20250 30050 40057 60001 80001 333 56009 59007 60007 82070 RH67%=
41780 01696 32506 10305 20249 30030 40057 60001 70400 80001 333 56009 59008 60007 83070 RH72%=
41783 02996 02302 10310 20254 30023 40052 60007 333 58005 60007 RH72%=
41785 02597 42302 10305 20256 30047 40060 82630 333 56590 59004 60007 82730 82360 RH75%=
41786 02996 32704 10320 20242 30019 40054 60001 80001 333 56009 59011 60007 83072 RH64%=
41BAG 02497 40000 10190 20125 60021 84300 333 56900 60007 81718 84635 66%=
41BKI 12696 70504 10350 20253 39649 40040 60001 83530 333 56990 58006 83640 84360 RH57%=
41SKP 01996 30000 10340 20272 3//// 4//// 60001 70400 83030 333 56090 5//// 60007 83360 68%=
43532 02697 9999 10280 20223 39262 40025 69901 85520 333 56990 58010 69907 85640 85460 71%=
43533 02697 53106 10295 20224 39163 48471 60001 85500 333 56900 58011 60007 85640 66%=
43563 02997 00000 10283 20236 39402 40062 60011 333 58015 60007 75%=



UPPK OPKC 020600=
PPAA 52051 41780 MISDA NO ASCENT DUE TO RED BALLOON SHORTAGE=
PPAA 5206/ 41506 MISDA DUE TO CLOUDY WEATHER=
PPAA 5206/ 41515 MISDA DUE TO CLOUDY WEATHER=
PPAA 5206/ 41517 MISDA DUE TO AIR MOVEMENT=
PPAA 5206/ 41598 MISDA DUE TO TECHNICAL PROBLEM=
PPAA 5206/ 41600 MISDA DUE TO TECHNICAL PROBLEM=
PPAA 5206/ 41624 MISDA DUE TO TECHNICAL FAULT=
PPAA 5206/ 41646 MISDA DUE TO TECHNICAL FAULT=
PPAA 5206/ 41675 MISDA DUE TO TECHNICAL ISSUE=
PPAA 5206/ 41678 MISDA DUE TO TECHNICAL PROBLEM=
PPAA 5206/ 41715 NO ASENT DUE TO PAF FLYING=
PPAA 5206/ 41718 MISDA DUE TO TECHNICAL PROBLEM=
PPAA 5206/ 41739 no acent due to security risk=
PPAA 5206/ 41759 No ascent due to security risk=
PPAA 5206/ 41764 NO ASCENT DUE TO PAF FLYING=
PPAA 5206/ 41768 NO ASCENT DUE TO SHORTAGE OF STAFF=
PPAA 5206/ 41516 MISDA DUE TO AIR MOVEMENT=




Data Generated from File : D:\all data handling\Rmc_lhr\2024090206.FSU.txt
02/09/24 07:00:26
______________________________________________________________
15020 04570 73001 10191 20103 39979 40171 53011 60002 84570 333 10274 20165 30016 55300 20149 60007 70000 91002 90760 91103==
15090 01570 72802 10192 20145 30067 40156 52007 60012 70298 83448 333 10250 20170 31016 55300 00070 20337 30301 60007 70012 91004 90760 91104==
15108 02270 50805 10098 20078 38134 48531 52005 60002 83540 333 10127 20084 55300 20226 60007 70000 91008 90760 91108==
15150 04570 63602 10196 20128 39952 40158 52009 60002 83571 333 10256 20157 30014 55301 20335 60007 70000 91003 90760 91103==
15170 04/70 20000 10148 20102 39405 42803 52006 60002 81081 333 10175 20080 31012 55306 20528 60007 70000 91001 90760 91101==
15280 01005 60510 10054 20050 37549 47121 53008 60002 74141 86500 333 10076 20050 30/// 55302 20436 60007 70000 91013 90760 91114==
15310 04/70 20102 10219 20125 30047 40129 52008 60002 81049 333 10240 20179 30017 55300 00000 20214 30231 60007 70000 91004 90760 91105==
15335 04/70 12902 10213 20158 30117 40124 52007 60002 81040 333 10219 20181 31017 55310 20727 60007 70014 91003 90760 91104==
15350 04570 53504 10234 20109 30022 40136 52005 60002 83530 333 10234 20182 30019 55300 20224 60007 70000 91007 90760 91107==
15360 04970 03305 10212 20189 30099 40115 52009 60002 333 10251 20197 60007 70000 91005 90760 91107==
15420 04/69 20000 10181 20154 30031 40138 52011 60002 82030 333 10185 20126 30010 55303 20398 60007 70007 91001 90760 91102==
15460 04963 02502 10195 20176 30109 40133 53007 60002 333 10212 20177 31016 55307 20628 60007 70013 91003 90760 91104==
15470 04970 01501 10199 20116 30019 40141 51014 60002 333 10254 20158 30013 55303 20494 60007 70000 91001 90760 91101==
15480 04/70 32802 10209 20165 30105 40122 53009 60002 83030 333 10232 20191 31017 55305 00150 20496 30462 60007 91003 90760 91103==
15549 11959 12501 10183 20173 39733 40131 52008 60002 71041 80002 333 10202 20162 70000 555 31014 594//=
15552 12465 62902 10220 20185 30072 40118 53008 60002 84530 222// 00280 10201 333 10239 20213 50232 55082 70000 555 30020 581// 92025 92427=
15640 12674 23403 10225 20165 39835 40131 53009 60002 82530 333 10234 20188 55038 70000 555 30018 569//=
15655 12568 62902 10228 20189 30092 40123 52013 60002 86200 222// 00254 10000 333 10251 20216 70000 555 30/// 578// 92022 92427=
15730 12970 60000 10193 20140 39757 40136 52013 60002 85041 333 10227 20173 55030 70000 555 571//=
16627 12565 50000 10234 20177 30115 40120 52009 60002 81150 333 20194 30/// 55039 70000 81830 85359 90730 91104==
16650 12960 20404 10256 20191 30107 40115 51008 60002 80001 333 20220 30/// 55088 70000 90730 91107==
16667 12960 03604 10266 20199 30103 40114 52017 60002 333 20230 30/// 55109 70000 90730 91106==
16706 12/60 10000 10256 20191 30099 40106 52012 60002 81041 333 20224 30/// 55113 70000 90730 91105==
16723 12560 20002 10244 20208 30100 40114 52013 60002 82100 333 20200 30/// 90730 91105==
16732 26/// /3108 10266 20209 30108 40118 52013 333 20250 60005 90730 91113==
16742 12960 03507 10256 20201 39962 40110 52015 60002 333 20222 30/// 70000 90730 91111==
16749 12460 32508 10264 20213 30089 40102 52014 60002 83100 333 20240 30/// 55091 70000 90730 91112==
16754 12560 11606 10260 20174 30081 40129 52011 60002 81100 333 20212 30/// 55103 70000 90730 91113==
16760 12960 00000 10250 20156 40130 52011 60002 333 20211 30/// 55094 70000 90730 91107==
17022 11570 71703 10234 20211 39948 40105 52013 60022 71792 85950 333 20208 32019 55036 21281 70072 83832 85359 82928 90760 91108==
17024 12670 72007 10217 20211 30014 40088 52011 60002 83250 333 20199 31018 55056 70002 83835 87360 90760 91116==
17026 12570 23102 10275 20223 30063 40100 52012 60002 82200 333 20226 30019 55095 22211 82830 90760 91105==
17031 12670 41403 10259 20207 30090 40096 52010 60002 84200 333 20203 30018 70002 84835 90760 91107==
17034 12670 23302 10252 20209 30059 40103 52011 60002 82100 333 20236 31022 55000 70007 82835 90760 91104==
17038 12670 40504 10279 20205 30048 40093 52007 60002 84200 333 20248 30/// 84840 90760 91111==
17042 12970 03501 10268 20216 30063 40100 52004 60002 333 20227 30023 55000 90760 91109==
17050 12670 50000 10226 20167 30077 40136 52008 60002 82230 333 20220 30018 55057 82835 85360 90760 91104==
17056 12670 42903 10221 20183 30118 40122 52015 60002 82230 333 20211 31021 55053 21294 70011 82835 84360 90760 91112==
17060 12460 63611 10228 20196 30078 40124 52013 60002 86900 333 20218 30020 55000 86822 82917 90760 91115==
17070 12562 70000 10179 20151 39274 40104 52014 60002 84250 333 20161 31014 55/// 21319 70001 84830 86360 90760 91104==
17074 11570 70000 10180 20173 39211 40102 52010 69952 70282 83250 333 20157 31012 55030 21315 70005 83832 87360 90760 91104==
17084 12/70 41901 10192 20175 39246 40105 51010 60042 84030 333 20156 31013 55106 22834 70040 84360 90760 91104==
17085 12670 22301 10244 20158 39638 40099 52011 69982 82100 333 20197 32019 55105 70009 82840 90760 91107==
17092 12/60 21605 10256 20126 38837 48494 50006 60002 82050 333 20186 30018 55079 22173 82360 90760 91120==
17096 12960 01006 10221 20090 38255 48504 52006 60002 333 20095 30008 55091 20800 90760 91112==
17098 12960 03003 10172 20088 38233 48526 51002 60002 333 20076 30007 90760 91106==
17100 12970 00000 10261 20111 39175 40107 51005 60002 333 20174 30015 55099 22943 90760 91106==
17112 12670 30203 10245 20210 30116 40118 52014 60002 83200 333 20223 30021 55034 21331 70035 83835 90760 91107==
17115 11560 63305 10239 20207 30072 40120 52014 69902 79591 86900 333 20225 31022 55076 22026 85830 81927 90760 91110==
17116 12665 50000 10232 20170 30003 40118 53015 60002 82130 333 20203 30021 55039 82835 84360 90760 91106==
17124 12560 50000 10178 20161 39240 40119 52010 60032 83130 333 20150 31014 70114 83830 84360 90760 91104==
17128 11660 60000 10175 20146 39061 40112 52011 60032 70282 83250 333 20156 32016 55044 20574 70132 83840 85360 90760 91107==
17135 11670 31502 10203 20182 39271 40101 52014 60042 70181 83100 333 20175 32015 55063 24241 70068 83840 90760 91104==
17140 12665 40000 10191 20155 38695 48491 52013 60112 82101 333 20123 32012 70258 82840 84070 90760 91103==
17150 12660 40602 10235 20197 39996 40113 52013 60002 83101 333 20205 30020 55077 21930 83835 84070 90760 91106==
17160 12/70 32401 10195 20128 39000 48497 52012 69932 83030 333 20142 30011 55072 21972 70003 83360 90760 91103==
17170 12660 12504 10236 20142 38353 48514 52008 60002 81100 333 20142 30/// 81840 90760 91107==
17175 12965 03502 10257 20194 30104 40108 52014 60002 333 20219 30020 55103 22165 90760 91105==
17184 11657 70000 10197 20197 30013 40120 52014 60282 71011 85270 333 20189 32019 55080 22018 70276 85836 87358 90760 91103==
17190 12670 52901 10185 20140 38969 48491 52008 60002 83230 333 20154 31015 55078 70021 83835 85360 90760 91105==
17190 12670 52901 10185 20140 38969 48491 52008 60002 83230 333 20154 31015 55078 70021 83835 85360 90760 91105==
17195 12670 13201 10189 20144 38953 48498 52013 60002 81100 333 20121 31010 55069 21771 70032 81840 90760 91107==
17200 12660 13501 10268 20134 39158 40076 52012 60002 81100 333 20183 30/// 81840 90760 91111==
17202 12970 01207 10280 20131 39105 40066 52012 60002 333 20188 30/// 90760 91112==
17203 12970 00601 10262 20112 38871 48551 52010 60002 333 20182 30016 55086 21997 90760 91104==
17210 12970 01701 10288 20136 39124 40078 52009 60002 333 20238 30022 55102 90760 91105==
17219 12965 11602 10238 20175 39980 40117 52013 60002 80001 333 20193 30019 55102 22319 81070 90760 91109==
17234 12970 20904 10230 20184 30053 40118 52014 60002 80001 333 20208 30019 55061 21846 82070 90760 91108==
17237 12670 10301 10222 20161 39636 40119 52011 69922 81100 333 20175 32014 55054 70060 81840 90760 91103==
17240 12570 20701 10202 20156 39015 40108 52008 60002 82100 333 20158 32012 55053 21419 70008 82830 90760 91105==
17244 12670 51504 10194 20122 38980 48503 52015 60002 82130 333 20144 30/// 82840 85360 90760 91109==
17248 12/70 32102 10197 20125 38965 48499 52017 60002 83030 333 20135 30012 55000 70004 83360 90760 91106==
17250 12970 00701 10210 20117 38794 48502 52013 60002 333 20137 30013 55088 22043 70018 90760 91106==
17260 12960 02508 10253 20172 39306 40073 52016 60002 333 20191 30018 90760 91113==
17270 12970 00903 10251 20169 39497 40103 52016 60002 333 20215 30020 90760 91107==
17275 12970 01601 10272 20105 38982 48535 52013 60002 333 20223 30016 55114 90760 91105==
17280 12960 02502 10281 20150 39353 40085 52013 60002 333 20191 30016 55111 22374 90760 91106==
17290 12970 01702 10262 20201 30086 40116 52017 60002 333 20249 30021 55112 90760 91103==
17292 12970 00000 10197 20172 39381 40104 52010 60002 333 20158 31015 55052 21478 70012 90760 91102==
17300 12560 33605 10250 20199 30047 40115 52014 60132 83100 333 20195 31020 70126 83830 90760 91110==
17310 11570 51003 10249 20216 30097 40104 52018 60232 70298 83250 333 20225 32020 55000 70232 83830 85360 90760 91113==
17330 12670 20000 10302 20202 30095 40112 52015 60002 82100 333 20246 30024 82840 90760 91105==
17350 12560 41307 10282 20206 30028 40102 52017 60002 84200 333 20237 30/// 84830==
17370 12670 42102 10297 20216 30116 40120 52017 60002 84200 333 20270 30025 55082 84835 90760 91105==
17375 12670 10101 10259 20159 30094 40096 52013 60002 81100 333 20229 30021 55094 22278 81835 90760 91105==
33088 12597 60000 10205 20146 30003 40185 52009 69912 84809 333 20178 555 11023=
33135 31997 81201 10192 20122 30066 40207 52009 70242 85075 333 20169 555 10025=
33177 32998 21502 10179 20136 39948 40176 53008 80001 333 20123 555 10023=
33317 32998 60000 10175 20126 39859 40184 53004 83071 333 20140 555 10018=
33393 32960 31403 10195 20123 39793 40166 53005 80001 333 20142=
33415 32998 20000 10213 20117 39793 40170 51002 81061 333 20184 555 10026=
33429 32597 60704 10207 20134 39767 40167 53003 82531 333 20142 555 10026=
33466 12998 20402 10224 20069 30002 40180 52005 69902 82032 333 20176 555 10028=
33506 32997 50503 10197 20071 39989 40176 52003 83031 333 20171 555 10028=
33562 11560 80201 10195 20158 39892 40182 52007 69972 70282 8595/ 333 20178 555 11022=
33587 32698 60201 10220 20097 39916 40165 53004 84530 333 20186 555 10024=
33658 32970 63301 10185 20125 39886 40173 52008 80001 333 20151 555 10025=
33663 11597 81101 10216 20147 30059 40150 57005 69902 78082 8595/ 333 20203 555 10021=
33664 32998 83301 10190 20123 39860 40162 53008 885// 333 20153 555 80015=
33678 11898 62802 10216 20104 39974 40171 52008 69912 70182 86050 333 20200 555 80011=
33679 32497 73602 10237 20112 39978 40157 53006 87500 333 20209 87619=
33711 32960 60304 10202 20074 39953 40152 53002 85031 333 20183 555 10023=
33745 32597 70503 10226 20094 39985 40167 52005 86930 333 20211 555 80018=
33748 32597 50801 10236 20110 39874 40141 53010 82530 333 20208 555 80013=
33754 32998 73201 10233 20098 30007 40145 53003 87030 333 20210=
33761 12970 60506 10230 20080 39936 40146 52003 69922 83034 333 20171 555 11027=
33791 32976 50504 10238 20077 30025 40145 52004 85030 333 20212 555 10029=
33815 32597 50303 10232 20061 39939 40135 53009 82839 333 20208=
33837 32971 00402 10242 20101 30076 40125 52007 333 20216 555 10032=
33881 12998 03403 10228 20105 39950 40135 53009 69902 333 20190 555 80011=
33883 32998 23604 10218 20102 39973 40127 52008 80002 333 20182 555 80014=
33885 32998 23203 10199 20116 30016 40141 52012 80001 333 20176 555 80011=
33892 32998 50403 10219 20076 39929 40128 52008 83051 333 20177 555 80021=
33902 32597 60203 10243 20073 30068 40124 53004 85350 333 20194 555 10031=
33924 12/70 20603 10226 20137 30093 40105 53002 60002 82070 333 20194==
33946 12973 30805 10248 20203 39886 40091 53001 60002 80001 333 20180==
33983 12560 80704 10236 20141 30033 40090 53008 60002 8557/ 333 20221==
34300 32697 70902 10216 20071 30025 40193 53005 83530 333 20182 555 10027=
34336 42570 60603 10243 20036 30122 40219 52001 83339==
34344 42/70 50903 10241 20044 30132 40215 54000 82031==
34356 42/60 70906 10229 20018 30098 40237 54000 83056 333 91010 90760 91112==
34357 42/70 60707 10240 20021 30074 40219 50000 85031 333 91012 90760 91112==
34398 11970 51806 10245 20038 30279 40288 52010 60002 70732 80009 333 20131==
34415 32670 60902 10238 20099 30079 40170 54000 85530 333 20180 555 10030=
34438 42660 30709 10259 20057 30004 40182 5/000 81280 333 91013==
34445 42/70 60807 10261 20033 30100 40206 50000 86070 333 20222 91011 90760 91111==
34461 42560 50904 10260 20015 30181 40232 54001 83530 333 20192==
34473 32997 31106 10252 20064 30226 40262 52005 80009 333 20147=
34476 41/60 61109 10260 20005 30250 40257 52008 70511 82034 333 91013 90760 91115==
34504 32986 50605 10221 20083 39985 40149 52001 85030 333 20200=
34535 42670 51006 10258 20047 30103 40170 57002 82130 333 91012 90760 91113==
34545 42570 60806 10245 20049 30083 40187 51003 84339 333 20227 91010 90760 91113==
34555 42570 80707 10242 20103 30120 40206 50004 86834 333 20218 91011 90760 91115==
34560 42/60 40911 10245 20050 30042 40220 52001 84030 333 91012 90760 91114==
34578 41/60 80907 10252 20072 30215 40221 52005 70722 8808/ 333 20212 91013 90760 91116==
34579 41960 30707 10257 20059 30196 40237 52007 70700 80002 333 91012 90760 91112==
34644 42560 60706 10242 20084 30083 40155 50000 86800 333 91011 90760 91113==
34646 41570 80905 10236 20133 30090 40166 52001 72522 85204 333 20226 90760 91113==
34655 42560 80610 10245 20079 30123 40180 50003 883// 333 20209 91015 90760 91115==
34662 41/70 80905 10253 20075 30197 40208 53004 70711 80031 333 91011 90760 91112==
34691 11970 30908 10252 20029 30270 40258 52008 60002 70730 80002 333 20181==
34720 42670 30704 10250 20117 30097 40134 52002 83100 333 20224 90760 91110==
34727 42560 41006 10240 20120 30093 40120 53004 82402 333 91011 90760 91112==
34743 42/60 60806 10252 20110 30075 40158 52002 83031 333 91011 90760 91114==
34759 41940 70708 10268 20147 30028 40149 57001 73131 80001 333 91013 90760 91116==
34772 41/40 70909 10265 20071 30199 40202 52004 73133 87061 333 91016 90760 91117==
34785 41/60 61112 10265 20057 30246 40225 52009 70711 83089 333 91018 90760 91120==
34798 12/60 60909 10242 20103 30270 40242 53011 60002 86030 333 20213==
34824 42/60 60904 10243 20147 30105 40109 52006 85031 333 20222==
34838 42660 80603 10238 20150 30022 40151 52022 8457/ 333 20021==
34845 42970 81105 10255 20143 30020 40119 57006 80009 333 20199 91012 90760 91112==
34858 42960 61006 10276 20153 30028 40127 55005 80005 333 91012 90760 91114==
34861 41940 31212 10262 20123 39921 40146 54000 70700 80001 333 91016 90760 91117==
34866 41920 61109 10271 20112 30170 40162 52004 73231 80004 333 91015 90760 91117==
34880 41660 60906 10258 20099 30235 40210 52008 70711 82101 333 91012 90760 91114==
34887 41/70 80707 10252 20108 30206 40188 51007 70711 82037 333 91015 90760 91115==
34949 42570 81007 10220 20164 39603 40112 52004 8655/ 333 90760 91111==
34954 42570 21004 10263 20164 39956 40116 50002 82100 333 90760 91111==
34958 42570 31105 10266 20168 39931 40114 57005 83500 333 91011 90760 91111==
34975 41/20 61209 10282 20143 30149 40145 52001 73131 86084 333 91019 90760 91118==
34984 41940 30810 10262 20116 30205 40177 52008 73211 80002 333 91015 90760 91118==
35217 12960 21804 10235 20026 30277 40315 52008 60002 80001 333 20125==
35302 12970 21803 10228 20058 30287 40307 52009 60002 80001 333 20135==
35315 32998 11703 10234 20029 30261 40314 52018 80002 333 20129=
35344 32999 01802 10169 20026 30059 40335 53001 333 20041=
35345 36/// /2701 10186 20029 30023 40330 50000=
35358 12960 00501 10172 20067 30155 40317 52010 60002 333 20095==
35368 32999 03002 10151 20073 30073 40329 52005 333 20051=
35386 32598 63502 10132 20005 39796 40296 52006 86200 333 20040=
35394 12570 63203 10108 20005 39635 40290 52007 69902 86900 333 20031==
35404 32998 31906 10242 20046 30286 40294 52011 80001 333 20139=
35406 12960 21604 10242 20103 30303 40305 52011 60002 80001 333 20156==
35416 12970 03304 10214 20015 30205 40319 52007 60002 333 20106==
35426 12984 01402 10202 20062 30054 40329 52006 60002 333 20083==
35437 32998 01301 10200 20065 30034 40330 52007 333 20081=
35449 32998 03103 10168 20078 30241 40340 52010 333 20110=
35497 12570 63202 10104 20007 39519 40292 52009 60002 86900 333 20053==
35498 12598 60203 10090 20012 39435 40288 52013 69980 86900 333 20044=
35514 32998 01406 10235 20027 30312 40308 52010 333 20129=
35519 32998 00905 10221 20068 30254 40321 52009 333 20113=
35522 32998 01202 10203 20077 30084 40322 52008 333 20132=
35542 32999 01001 10191 20022 30198 40337 52005 333 20096=
35563 32598 10000 10134 20016 39575 40314 52008 81100 333 20057=
35576 12670 20405 10142 20051 39878 40308 52018 60002 82100 333 20077==
35582 32698 60206 10125 20060 39722 40299 52011 86200 333 20045=
35594 32999 53305 10111 20008 39476 40284 52011 85070 333 20044=
35605 32998 21005 10233 20061 30309 40289 52009 80001 333 20149=
35633 32998 00903 10190 20027 30130 40333 52010 333 20091=
35671 12970 00404 10153 20017 39902 40313 52007 60002 333 20081==
35699 12660 40507 10138 20023 39537 40257 52013 60002 84100 333 20068==
35700 12970 01306 10230 20021 30308 40286 52011 60002 333 20166==
35715 31998 01409 10227 20011 30312 40298 52008 70730 333 20169=
35739 32997 01408 10200 20040 30184 40315 51009 70730 333 10109=
35746 12970 00405 10192 20006 30259 40323 52007 60002 333 20112==
35777 32997 00507 10153 20043 39943 40271 52009 333 20075=
35796 12660 40204 10163 20139 39843 40254 52009 60002 84100 333 20092==
35816 36/// /1108 10232 20021 30299 40310 50004=
35849 12970 00606 10193 20025 30232 40313 52010 60002 333 20101==
35895 32598 20204 10145 20042 39852 40276 52009 82200 333 20069=
35907 32998 51011 10223 20081 30245 40217 52012 80001 333 20209=
35925 12970 01107 10219 20006 30187 40292 52010 60002 333 20133==
35927 32998 01108 10225 20011 30280 52007 333 20160=
35953 12984 00406 10186 20044 30183 40306 52010 60002 333 20121==
35969 12984 00710 10196 20023 30134 40298 52007 60002 333 20114==
35997 32598 50504 10165 20055 39848 40259 52016 85300 333 20136=
36259 42584 62605 10124 21037 38204 48462 57001 84901 333 90760 91110==
36335 11599 83004 10069 20018 39291 40288 52019 60060 70282 885// 333 20053=
36358 11599 73206 10077 20046 39271 40254 52022 60020 70282 87300 333 20058=
36394 12597 73205 10126 20084 39818 40220 52013 69940 87300 333 20095=
36397 11684 73402 10128 20062 39680 40218 52012 60032 70282 86530 333 32///==
36403 31598 72504 10124 20099 39857 40199 52012 70282 87900 333 20103=
36418 31698 82204 10107 20087 39604 40189 52012 78082 8495/ 333 20067=
36421 32599 71602 10145 20093 39641 40170 54000 87900 333 20083=
36428 11540 81204 10121 20108 39707 40181 53005 60002 71798 889// 333 20106==
36439 32698 73002 10134 20053 38955 48510 58012 84901 333 20065=
36467 32699 62705 10108 20004 39364 40270 52022 86500 333 20054=
36498 32598 73405 10121 20044 39477 40230 52016 87300 333 20050=
36501 11699 73203 10111 20046 39507 40225 52012 69940 70282 87300 333 20067=
36535 11584 73105 10129 20082 39606 40204 52008 69982 70282 87300 333 20086==
36546 32699 73103 10140 20092 39676 40183 52011 85343 333 20054=
36619 32699 53203 10172 20030 85100 333 20105=
36622 11598 73202 10123 20039 39453 40216 52017 60010 70282 85940 333 20087=
36639 12584 52702 10192 20027 39612 40173 52010 60012 85300 333 20073==
36643 32599 73406 10143 20071 39570 40192 52016 87900 333 20093=
36665 12699 73205 10172 20094 39484 40157 52002 60010 87900 333 20156=
36666 32599 73208 10159 20076 39716 40176 52007 87900 333 20079=
36729 32598 52606 10171 20057 39749 40200 52012 85900 333 20110=
36736 12599 52903 10204 20040 39669 40180 52011 69970 83240 333 20109=
36744 32998 00103 10168 20026 39828 40252 52024 333 20094=
36770 32599 72905 10170 20067 39540 40222 52015 86901 333 20083=
36786 32699 72504 10137 20085 39351 40221 52022 87900 333 20107=
36796 32598 82901 10117 20011 39067 48552 53017 889// 333 20064=
36803 12599 53215 10186 20096 39774 40192 52017 60020 85900 333 20150 91020 91122=
36806 31598 83408 10164 20130 39754 40193 53023 78082 889// 333 20146=
36819 32998 83603 10169 20078 39663 40240 52012 86071 333 20130=
36821 12984 23503 10176 20018 39785 40246 52017 60002 80002 333 20093==
36839 32599 83604 10142 20065 39146 40217 52019 82941 333 20110=
36843 32698 60902 10153 20069 39105 40215 52017 82902 333 20095=
36846 32699 73307 10117 20005 38656 48554 52012 86900 333 20062=
36859 11570 82602 10148 20119 39462 40201 52023 60002 70282 8497/ 333 20153==
36870 11540 81801 10121 20108 39267 40239 52013 69952 78182 889// 333 20115==
36874 11598 80000 10131 20093 39501 40244 52019 69990 70282 889// 333 20119=
36877 11597 80000 10108 20097 39320 40262 52023 60040 78182 889// 333 20105=
36885 11596 82904 10108 20093 39159 40247 52018 60020 78182 889// 333 20103=
36889 31497 80000 10014 20012 37115 47149 52012 78382 889// 333 20010=
36894 11598 82702 10152 20100 39526 40227 52023 60010 70282 8697/ 333 20134=
36905 11597 82101 10098 20089 38791 48556 52017 60060 78088 883// 333 20111=
36911 42698 83602 10141 20109 39305 40240 52015 889// 333 20125=
36927 42699 22724 10148 20043 38350 48505 54000 82900 333 20127 91128=
36934 11599 61404 10184 20113 38259 48374 54000 60102 71798 83932 333 20122=
36953 32699 80000 10144 20074 38220 48508 58002 889// 333 20092=
36963 42799 32702 10109 21019 37076 48/// 57004 82550 333 20028=
36974 42798 52703 10201 20074 37981 48495 58007 82552 333 20075=
36982 42999 02108 10092 21094 36575 47124 57010 333 21023=
37018 41670 31101 10307 20159 30026 40095 52009 70181 82830==
37031 42560 31202 10250 20178 39920 40100 54000 83500==
37054 42660 80000 10242 20168 39756 40113 52003 884//==
37061 42660 70906 10270 20187 39959 40115 55003 83539 333 91011 90760 91111==
37085 41960 01014 10281 20181 30156 40131 55001 70731 333 91021 90760 91121==
37171 41970 11202 10295 20189 30075 40092 53007 70198 80001==
37228 42970 03301 10229 20165 39316 40091 52001==
37235 42/70 22801 10244 20186 39806 40099 52001 8004/==
37472 42960 01410 10268 20215 30127 40107 57001 333 91016 90760 91116==
38149 42970 00706 10226 20043 30198 40270 58002 333 20137==
38178 42970 00509 10202 20051 39970 40243 52015 333 20183==
38262 12970 00504 10244 20064 30189 40266 52007 60002 333 20123==
38264 42970 00507 10234 21002 30174 40263 52011 333 20135==
38345 42799 22702 10173 20041 38855 48568 52004 82200 333 20101=
38353 41597 80000 10147 20071 39372 40239 52025 78082 889// 333 20146=
38392 72997 00907 10246 20041 30156 40253 52018 333 20148 6////=
38396 42960 00707 10237 20043 30133 40252 52010 333 20137==
38403 42960 00507 10242 20076 30103 40216 52019 333 20181==
38413 42970 00406 10220 21017 39930 40205 52008 333 20173==
38457 12960 00402 10253 20050 39617 40165 52014 60002 333 20148==
38462 42/84 22303 10273 21014 38771 48524 58003 82050 333 20130==
38462 42/84 22303 10273 21014 38771 48524 58003 82050 333 20130==
38507 71996 01008 10316 21017 30090 40185 52015 70700 333 20266 6//// 91009 555 50311=
38545 32998 00305 10238 20061 30051 40213 52007 333 20164=
38565 12970 00204 10222 20071 39619 40193 52009 60002 333 20161==
38579 12984 01004 10237 20064 39795 40189 52014 60002 333 20148==
38583 12960 03205 10255 20041 39880 40182 52010 60002 333 20125==
38599 32998 02512 10251 20053 39685 40166 50006 333 20178 91115=
38611 42960 01703 10254 20099 39607 40138 52004 333 20173==
38613 42999 00101 10263 20034 40131 54000 333 20156=
38616 42998 32702 10253 20087 39199 40141 51008 80001 333 20140=
38618 12960 52604 10286 20058 39488 40122 52008 60002 80001 333 20165==
38647 72998 00907 10274 20004 30149 40189 52014 333 20218 6////=
38656 72998 00905 10274 20011 30115 40217 52021 333 20196 6////=
38683 42960 03609 10248 20048 39918 40178 52012 333 20182==
38687 32997 03607 10247 20043 39962 40183 52011 333 20200=
38696 12984 00502 10246 20046 39358 40160 52012 60002 333 20168==
38713 32698 13403 10228 20034 39076 48580 52019 81100 333 20140=
38750 72997 02701 10301 20253 30202 40176 52015 333 20220 6////=
38763 72998 01005 10268 20029 30099 40198 52002 333 20218 6////=
38774 72998 01003 10270 20068 30022 40205 52013 333 20224 6////=
38799 32997 00505 10260 20043 39973 40191 52010 333 20193=
38806 32997 03604 10262 20103 39904 40146 52008 333 20198=
38812 42960 03503 10299 20059 39694 40111 52002 333 20213==
38836 42999 00902 10287 20141 39208 40063 52004 333 20190=
38880 02997 01106 10274 20016 39958 40197 52012 60002 333 20202 6////=
38886 72997 00601 10276 20070 39986 40199 52012 333 20174 6////=
38895 32996 00602 10271 20070 39922 40194 52013 333 20183=
38911 32998 03406 10268 20121 39868 40142 52004 333 20180=
38915 32997 02702 10268 20086 39840 40142 52008 333 20169=
38927 11950 02607 10288 20061 39787 40135 50008 60002 70500 333 20215==
38933 32998 01802 10296 20188 39660 40133 52011 333 20176=
38944 32998 02202 10298 20100 39577 40069 52010 333 20194=
38954 32999 00000 10252 20063 37946 48470 58022 333 20140=
38974 72998 03402 10273 20041 39870 40183 52017 333 20189 6////=
38987 32996 00103 10280 20032 39468 40159 52018 333 20180=
40080 32965 02405 10239 20158 39450 40/// 52016 333 20196=
40100 43970 02209 10295 20197 30130 40145 53012 6///1 333 58///=
40180 12960 01101 10292 20198 30086 40133 52013 60002 333 10292 20246 70000==
40199 02/// /0603 333 70000==
40255 36/// /0000 10249 29072 3//// 4//// 5////=
40265 31950 23204 10228 20185 39386 40147 52013 70510 82030 333 20168 30015 82360=
40270 31950 02503 10240 20134 39276 40136 52015 70500 333 20183 30013=
40272 31950 01406 10230 20149 39338 40136 52030 70511 333 20150 30014=
40296 36/// /0000 10327 29050 4//// 5////=
40310 32960 00000 10228 20186 38959 48458 5//// 333 20162 30000=
40340 32960 03605 10314 20204 30010 40071 57023 333 20272 30026=
40356 42960 02808 10248 20070 39190 48534 333 20209 58040 555 04410 50115=
40357 42960 03414 10300 20100 39500 40097 333 20263 58035=
40360 42960 02804 10240 20140 39567 40132 333 20197 58038=
40361 42960 03207 10283 20130 39383 40140 333 20236 58025=
40362 42960 03106 10320 20030 39601 40082 333 20247 58027=
40373 42960 03308 10358 20090 39684 40073 333 20278 58026=
40375 42960 00805 10285 20080 39277 40103 333 20246 58019=
40394 42960 00306 10308 20080 39030 48539 333 20238 58022 555 04410 50088=
40394 42960 00306 10308 20080 39030 48539 333 20238 58022 555 04410 50088=
40400 42960 03303 10341 20200 30052 40079 333 20285 58022=
40405 42960 03612 10340 20000 39381 40074 333 20270 58019=
40417 42960 03207 10351 20130 30041 40055 333 20267 58025=
40420 42960 03411 10364 20120 39857 40051 333 20280 58018=
40430 42660 51403 10335 20130 39391 40095 83530 333 20313 58026 83640=
40439 42660 30910 10340 20280 30061 40079 82530 333 20328 58032 82640==
40582 32960 03512 10378 20144 40063 51013 333 55306 00693 10000 21922 30735 41448 51827 62657 55407 41187 90401 91015 91117 91213 91311=
40703 12962 00000 10268 20078 38910 40084 52009 60001 333 30014 50721 70000 555 10161 29030=
40706 12970 00605 10292 20024 38655 40070 56002 60001 333 30021 51481 70000 555 10150 29018=
40712 12960 00202 10267 20095 38678 40080 52008 60001 333 30010 51121 70000 555 10166 29034=
40713 12964 01007 10292 20064 38662 40059 51011 60001 333 30022 51221 70000 555 10163 29024=
40718 12460 53202 10284 20216 30189 40162 52008 60001 85300 222// 0//// 20300 333 30021 50531 7000 0 81915 84620 555 10239 29067=
40723 12970 01106 10262 20009 38995 40165 50003 60001 333 30011 51061 70000 555 10136 29019=
40726 12960 00000 10272 20092 38659 40071 52006 60001 333 30010 50901 70000 555 10166 29032=
40727 12960 01402 10289 20022 38499 40080 51005 60001 333 30011 51081 70000 555 10148 29018=
40732 12560 10403 10292 20221 30175 40152 52015 60001 81200 333 30021 50531 70000 81825 555 10244 29066=
40736 12960 00000 10305 20231 30192 40168 52016 60001 333 30021 50481 70000 555 10254 29065=
40737 12960 00301 10321 20197 30141 40158 52008 60001 333 30018 50481 70000 555 10239 29048=
40738 12960 00000 10309 20203 30174 40176 50010 60001 333 30016 50531 70000 555 10238 29053=
40739 12965 00305 10246 20018 38731 40137 51007 60001 333 30013 51181 70000 555 10130 29022=
40741 12960 03605 10282 20064 39869 40183 50011 60001 333 30017 51181 70000 555 10165 29025=
40743 12965 01107 10270 20007 39094 40143 50005 60001 333 30020 51301 70000 555 10139 29018=
40745 12962 00703 10264 20054 39077 40159 51004 60001 333 30010 51061 70000 555 10150 29026=
40747 12960 09901 10286 21036 38650 40086 51004 60001 333 30012 50921 70000 555 10133 29012=
40754 12965 01604 10298 21051 38861 40117 52010 60001 333 30018 50101 70000 555 10137 29010=
40762 12965 03405 10240 21006 38582 40113 51005 60001 333 30014 51031 70000 555 10120 29020=
40766 11959 00802 10294 20005 38697 40067 52011 60001 70600 333 30012 51291 70000 555 10146 29015=
40768 12962 03102 10244 21007 38297 40084 51006 60001 333 30008 51121 70000 555 10120 29019=
40769 12960 00402 10271 21001 38343 40091 52011 60001 333 30012 50981 70000 555 10133 29017=
40780 12960 01302 10326 20059 38678 40066 52007 60001 333 30016 51001 70000 555 10174 29019=
40782 12960 00000 10307 20084 38854 40066 51009 60001 333 30014 51051 70000 555 10177 29025=
40785 12960 02501 10320 21064 39096 40113 51009 60001 333 30017 50851 70000 555 10145 29008=
40791 12960 02102 10327 21007 39329 40094 51008 60001 333 30020 51451 70000 555 10160 29012=
40792 12962 02002 10271 20005 38732 40094 50004 60001 333 30016 51441 70000 555 10137 29018=
40798 12960 03201 10263 21072 38019 40098 51006 60001 333 30006 51001 70000 555 10112 29010=
40800 12960 00201 10313 21027 38502 40089 52009 60001 333 30013 50961 70000 555 10145 29011=
40809 12960 00708 10267 21021 38503 40068 58001 60001 333 30017 51471 70000 555 10128 29015=
40811 12960 02902 10371 20156 30017 40041 51006 60001 333 30027 51001 70000 555 10233 29028=
40812 12960 03101 10391 20115 39693 40038 52012 60001 333 30022 51061 70000 555 10221 29019=
40818 12962 00105 10250 21101 38024 40073 57001 60001 333 30012 51181 70000 555 10101 29009=
40821 12962 03304 10291 21049 38805 40098 51006 60001 333 30021 51451 70000 555 10134 29011=
40829 11920 03417 10332 20049 39519 40048 51006 60001 70730 333 30024 52281 70000 555 10178 29017=
40831 12960 03306 10374 20140 30048 40055 52016 60001 333 30025 51701 70000 555 10228 29025=
40833 12960 02102 10386 20172 30023 40053 50006 60001 333 30025 51121 70000 555 10246 29029=
40835 11958 00000 10363 20136 39276 40044 51005 60001 70500 333 30020 51041 70000 555 10219 29026=
40841 12970 00502 10266 21035 38270 40068 50006 60001 333 30012 51061 70000 555 10122 29014=
40845 12960 03204 10354 20274 30042 40047 52007 60003 333 30028 50661 70000 555 10295 29063=
40848 12960 00000 10312 20007 38522 40037 51004 60001 333 30010 51241 70000 555 10152 29014=
40851 12960 00000 10283 21078 38272 40041 52006 60001 333 30015 51141 70000 555 10121 29009=
40854 12960 23504 10342 21032 38922 40033 52009 60001 82070 333 30024 51141 70000 82360 555 10158 29009=
40856 12960 00104 10300 20005 38628 40045 51003 60001 333 30015 50961 70000 555 10148 29015=
40859 12960 03206 10326 21043 38692 40042 51006 60001 333 30015 51161 70000 555 10148 29009=
40875 11550 41304 10343 20251 30046 40057 51010 60001 70510 84500 333 30029 50941 70000 84625 555 10277 29059=
40879 12960 32403 10352 20184 39407 40033 51006 60001 80006 333 30030 51271 70000 83270 555 10239 29037=
40882 11957 01205 10356 20252 30010 40043 51010 60001 70500 333 30028 50851 70000 555 10281 29055=
40883 11930 00906 10347 20263 30022 40044 52010 60001 70500 333 30030 50741 70000 555 10286 29062=
40893 11956 01403 10317 20262 30046 40051 51005 60001 70500 222// 00300 20401 333 30029 50761 70000 555 10277 29073=
40898 11556 31504 10312 20253 30033 40042 58003 60001 70500 83670 222// 00304 20901 333 30025 50661 70000 83720 555 10270 29071=
41024 41658 42304 10349 20260 30070 40095 70600 84500 333 20326 58047 84640==
41036 42/60 63610 10278 20110 38574 48526 86010 333 20230 58021 86458==
41055 42960 03313 10279 20100 38379 48522 333 20232 58017==
41061 42960 01202 10366 20010 39391 40052 333 20283 58022==
41084 42/60 23110 10306 20090 38846 48516 82030 333 20234 58022 82360==
41112 42560 30000 10245 20070 37968 48524 83400 333 20170 58020 83620==
41114 42560 40000 10245 20060 38001 48523 84400 333 20182 58019 84622==
41128 41558 32206 10330 20070 38792 48513 70600 83400 333 20250 58017 83630==
41136 42660 22708 10355 20090 39277 40042 82400 333 20281 58015 82640==
41140 42560 70605 10316 20240 30089 40092 82430 333 20267 58037 82630 86360==
41150 42962 03209 10344 20278 40054 333 20323 30033 58019=
41176 44/55 /0906 10343 20275 30037 40043 333 20300 58018=
41184 42960 00505 10383 20183 40046 333 20293 58006=
41194 12960 01108 10378 20192 30035 40040 60001 333 20320 58004=
41196 12960 01106 10381 20179 30007 40045 60001 333 20293 58004=
41216 41958 01504 10367 20182 30035 40039 70600 333 20314 58008=
41217 42960 01606 10371 20190 30006 40033 333 20302 30029 58003=
41244 36/// /1402 10372 20130 39630 40021 333 0E036 20309 55300 25022 58007=
41255 36/// /1803 10356 20190 39533 40013 333 0E033 20306 58002=
41258 26/// /1009 10297 20269 30050 40053 333 0E/// 20287 55310 21507 58009 70014=
41265 36/// /0209 10338 20191 39477 40014 333 0E033 20306 55300 21982 58005=
41267 36/// /3514 10300 20263 30043 40055 333 0E029 20286 58009=
41268 26/// /0117 10310 20257 39998 40043 333 0E029 20281 55300 25022 58011 70004=
41275 36/// /0904 10331 20200 39895 40057 333 0E028 20282 55300 21333 58011=
41288 31558 42708 10288 20246 30030 40051 70544 81570 333 20250 3/027 58000 81620 84460=
41480 41960 22708 10310 20236 30086 40094 70144 82030 333 20278 30/// 58015 82360=
41859 02450 70000 10341 20250 30037 40073 84620 333 59018 70002 82710 84618 87458==
41883 02456 70000 10325 20260 30054 40074 84520 333 59009 70028 84616 87459==
41891 41450 30000 10335 20260 30030 40067 70500 83400 333 59025 82616==
41907 02456 61302 10335 20260 30056 40070 86800 333 59003 70000 83615 83825==
41923 02345 80602 10316 20270 30066 40076 8632/ 333 59005 70020 82709 84615 88458 81930==
41936 01450 51604 10336 20270 30066 40073 70521 83830 333 58006 70070 83615 83362==
41943 02445 63501 10325 20260 30065 40072 85830 333 59011 70024 84616 83828==
41950 21450 60000 10325 20270 30070 40072 70196 85401 333 59004 60168 70196 82617 83825==
41978 02458 62108 10322 20250 30063 40069 83530 333 59010 70210 83618 85360==
41992 01440 62102 10325 20270 30072 40074 70522 83530 333 59005 70000 83616 86362==
42027 21595 50902 10244 20190 38395 48476 70565 84501 333 59016 6992/=
42044 32596 73201 10252 20186 38262 48487 83510 333 59018=
42045 21596 80000 10250 20201 38304 48424 70262 8451/ 333 58002 6001/=
42056 32696 42306 10324 20257 39636 84800 333 58009 82635 83840=
42071 31596 62006 10346 20313 40054 71021 86900 333 58006 85825 81935=
42101 31695 50503 10304 20277 40081 71022 85500 333 58023 85635=
42111 31595 70000 10268 20240 39389 40066 71096 85830 333 58027 84620 85830 87360=
42123 32596 52301 10350 20264 40051 85800 333 58001 83635 85838=
42131 32696 30901 10330 20275 40063 83400 333 58009=
42165 32996 50000 10326 20247 40040 83011 333 59010 83460 85070=
42182 21595 71603 10272 20272 40069 79596 83330 333 58018 6023/ 83630 81935 86359=
42189 31595 51801 10320 20267 40068 70522 84830 333 58021 84620 85360=
42309 31496 50203 10336 20285 40069 71042 85300 333 59003=
42328 31995 42702 10338 20228 40029 70500 82031 333 59006 82360 83070=
42339 31695 60000 10314 20255 40054 70522 82510 333 59005 82635 86458=
42348 21520 51106 10304 20265 40055 71022 82830 333 58001 60005 82630 82835 84460==
42361 31596 60000 10318 20274 40052 70522 83530 333 58008 83620 86360=
42369 31596 70903 10324 20303 40061 71022 85530 333 58016 82620 86358=
42379 31595 60903 10322 20267 40064 70522 86400 333 56100 58006 86620=
42410 31496 50000 10332 20265 40074 70522 83530 333 59021 83618 85360=
42415 32596 50000 10340 20274 40080 83430 333 59020 82620 83360=
42452 31596 70901 10306 20264 39738 40040 71022 83520 333 59005=
42492 31496 51106 10332 20260 40066 70522 85400 333 58004 83618 84825=
42559 32596 60502 10310 20257 40025 84202 333 59007 84825 86075=
42571 32596 41401 10324 20254 40036 84800 333 58007 82625 83830=
42591 31496 50909 10324 20260 40067 70522 83430 333 58009 82618 83825=
42623 31496 62302 10316 20253 39221 40050 70522 84530 333 59014 84618 86360=
42634 32596 60000 10304 20244 40072 84410 333 59003 84620 84458=
42647 21495 83202 10282 20271 40059 75065 8472/ 333 5679/ 59013 6004/ 82715 83620 88458=
42667 31496 70204 10294 20253 39463 40031 70522 83830 333 59007 82710 83620 84825 86360=
42675 32596 60503 10306 20246 40026 84830 333 58003 82625 84830 86360=
42701 21496 71404 10266 20261 39354 40065 71062 84630 333 58017 6997/ 82710 83618 85360=
42724 31496 52901 10328 20264 40072 70522 83330 333 59013 83618 81930 84360=
42737 32496 72306 10290 20247 40071 83630 333 59003 83712 86358=
42754 21496 70204 10268 20254 39415 40035 70565 85710 333 59014 6003/ 82710 84618 86458=
42779 21495 70000 10280 20244 39365 40043 70252 85610 333 58009 6992/ 82712 84618 87458=
42798 31496 61108 10314 20255 40057 70522 84830 333 58009 83618 83825 86360=
42809 31596 60503 10334 20245 40070 70522 85430 333 58005 82620 83825 85360=
42840 32496 82702 10276 20253 40068 8572/ 333 59014 82712 84618 88458=
42867 31495 70906 10298 20259 40022 71096 85920 333 59002 83710 83618 81930 87458=
42874 31596 61602 10306 20252 40029 70522 84430 333 58005 83620 84825=
42886 32596 60910 10314 20249 40051 84530 333 58014 84620 88360=
42895 21496 70000 10310 20280 40065 72162 85430 333 58007 6001/ 85618 85360=
42909 32596 72703 10292 20273 40070 84830 222// 20000 333 59007 82620 85358=
42971 31496 71404 10316 20266 40062 71792 85930 333 57912 58016 84618 81930 87360=
43003 31495 82304 10296 20260 40067 70522 8577/ 333 59014 82712 84618 86358=
43014 21495 82504 10230 20224 39406 40048 75065 86620 333 59011 6010/ 83712 84620 87458=
43041 21596 51803 10280 20238 39426 40026 70565 83830 333 58027 6996/ 82620 84360=
43063 21597 82704 10254 20225 39447 40061 75065 8572/ 333 5669/ 59013 6991/ 82722 85626 85456=
43110 21496 82905 10286 20258 40077 70262 8677/ 333 59013 6991/ 83712 84618 85456=
43117 21597 81402 10220 20211 40056 76066 8562/ 333 59015 6005/=
43185 32597 82504 10304 20234 30029 40032 8457/ 333 58028 84620 85360=
43189 32597 80000 10276 20241 30041 40050 8357/ 333 58036=
43192 21596 83203 10284 20270 40076 72052 8377/ 333 59007 6006/=
43198 32497 72912 10272 20211 39249 40053 85831 333 56699 59012 83612 83818=
43245 32597 32505 10338 20224 30019 40045 82401 333 58007=
43295 32497 62308 10258 20182 39072 48489 84831 333 56599 58004 83612 83818=
43329 32597 40000 10330 20260 30046 40059 82531 333 58000=
43333 21495 82702 10270 20256 40090 76062 8542/ 333 58000 6996/ 82617 84819 88456=
43404 22470 42403 10316 20268 30062 40065 56011 81000 333 553// 20403 59002 60008 91006 555 60008==
43410 22470 3//// 10355 20215 30060 40063 57021 82000 333 59003 60008 70000==
43413 22470 32106 10302 20259 30073 40077 5/012 82100 333 553// 20577 59002 60008 91008==
43415 22470 32301 10344 20248 39975 40083 56008 83000 333 59004 60008 70000 555 60008==
43418 22/70 62302 10340 20237 30029 40070 50011 86000 333 58002 60008 70000 555 60008==
43421 22470 32703 10330 20235 39974 40077 57012 83000 333 553// 20412 59002 60008 91006 555 60008==
43422 22470 62303 10316 20242 39947 40078 57014 86100 333 59002 60008 70000 555 60008==
43424 22970 42304 10310 20260 30084 40086 57007 81000 333 59002 60008 70000 555 60008==
43436 22470 50901 10340 20240 30068 40071 57007 85000 333 59005 60008 70016 555 60008==
43441 21470 62305 10310 20254 39954 40084 56013 70362 86000 333 59005 69958 70150 555 69958==
43444 21465 72702 10252 20235 39567 40097 56004 78098 87000 333 58001 60088 70242 82920 555 60088==
43450 21/70 62506 10295 20253 30090 40102 54001 70382 333 58000 69928 85/80 555 69928==
43466 21470 72501 10292 20233 30092 40100 5/002 70282 87000 333 553// 20170 58003 60008 91004==
43467 21/65 72703 10301 20254 30092 40098 57005 70352 84/// 333 59001 69908 70130 81816 83917 555 69908==
43473 21/66 72905 10192 20180 38125 48486 54001 70355 333 553// 20300 59001 60008 70151 85708 84810 91009 555 69908==
43475 22470 41102 10319 20248 30075 40079 57007 84000 333 553// 20550 59002 60008 70000 91005 555 60008==
43476 22470 73201 10274 20194 38764 48515 5/002 85000 333 59003 60008 70007 555 60008==
43479 22470 73301 10270 20217 39245 57005 86240 333 59005 60008 555 60008==
43486 21/56 80401 10249 20249 30004 40104 58000 79598 88/2/ 333 553// 20047 58003 60008 85/16 81/18 91003==
43495 21470 72702 10290 20261 30084 40097 57005 72582 83000 333 59006 60058 555 60058==
43497 22470 72107 10305 20000 30067 40084 5/011 85000 333 553// 20530 59009 60008 91009==
44212 42584 50104 10220 20016 39016 40051 57008 84208==
44213 42684 33105 10219 20010 38701 40033 57003 83200==
44214 42570 43208 10164 21112 38237 40082 58003 84200==
44215 41670 22911 10187 21113 38352 40058 57003 70730 81104==
44217 32698 22304 10112 21050 37840 40142 58006 82100 333 91208=
44218 42/84 22507 10235 21076 38547 40050 57008 82040==
44219 32699 22407 10235 20006 38556 40042 58011 81106 333 91210=
44265 42684 32706 10230 20030 38806 40097 57010 82109==
44266 31699 72607 10182 21008 37769 40073 58009 70232 84840 333 91116 91212=
44404 41/02 90905 10193 20193 38144 48476 74545 89/// 333 58027=
44416 42458 72603 10296 20248 39325 40062 86451 333 58019=
44424 41340 81802 10192 20161 37682 47104 75055 8561/ 333 58022=
44434 41460 70202 10280 20226 39206 48512 70262 83850 333 58000=
44438 42460 51208 10334 20254 39948 40071 83170 333 59003=
44449 42565 31105 10328 20295 39918 40068 83100 333 59007=
44454 42460 51004 10296 20209 38651 48492 83101 333 59001=
44462 42360 60901 10256 20204 38258 48466 86400 333 59005=
44474 41030 62002 10257 20218 38262 48493 71022 86800 333 58003=
44477 41430 51902 10298 20243 38803 48520 74044 83251 333 59002=
44478 42560 30704 10334 20268 39986 40068 83100 333 59009=
48010 42560 41804 10320 20281 39919 40068 83830 333 59010==
48020 41358 63601 10320 20257 71799 84930==
48025 42456 60000 10319 20281 39943 40079 84370 333 59005==
48031 41257 71401 10245 20209 70144 87800==
48048 42558 43601 10325 20265 30020 40075 84900 333 59005==
48052 32456 71402 10320 20236 85930 333 56990=
48062 42558 61403 10315 20267 30062 40069 84930 333 59011==
48064 42456 70000 10280 20268 30005 40061 84870 333 59001==
48071 42458 62303 10315 20281 30066 40075 84970 333 59019==
48094 41457 82701 10295 20255 30057 40067 70366 85970 333 59008==
48109 42440 70000 10287 20259 30098 40102 86930 333 58009==
50557 14/80 /2805 10268 20051 39808 40092 57015 60001 333 10270 20067 3/006 58028 70000 90761 91109==
51076 14/80 /2104 10198 20082 39308 40144 57010 60001 333 10267 20106 3/011 58031 70020 90761 91114==
51087 14/80 /2905 10206 20065 39171 40131 57007 60001 333 10283 20136 3/014 58027 70011 90761 91115==
51156 14/80 /2911 10157 20011 38683 40146 57005 60001 333 10241 20102 3/007 58028 70003 90761 91117==
51243 14/64 /3202 10185 20138 39643 40164 52002 69981 76050 333 10297 20172 3/017 58062 70027 90761 91113==
51334 14/67 /2601 10202 20154 39776 40158 52008 69931 76000 333 10311 20184 3/016 58069 70003 90761 91105==
51379 14/80 /3101 10219 20098 39247 40140 57014 60001 333 10312 20155 3/014 58043 70000 90761 91109==
51463 14/80 /0108 10215 20073 39000 40115 57019 60001 333 10293 20149 3/014 58034 70000 90761 91112==
51573 14/80 /2802 10356 20084 39989 40034 57017 60001 333 10377 20272 3/027 59030 70000 90761 91106==
51644 14/74 /2101 10262 20123 38875 40042 57009 60001 333 10294 20153 3/017 59033 70063 90761 91104==
51656 14/70 /2802 10303 20127 39060 40037 57007 60001 333 10311 20174 3/018 59034 70000 90761 91106==
51709 14/80 /1104 10299 20005 38560 40008 57012 60001 333 10303 20184 3/015 59047 90761 91110==
51711 14/80 /2103 10225 20009 37984 49997 57018 60001 333 10228 20110 3/008 59032 90761 91106==
51716 14069 00401 10286 20148 38838 40037 57010 60001 333 10286 20189 3/019 59043 70000 90761 91104==
51765 14/70 /1501 10320 20107 39109 40025 57012 60001 333 10326 20183 3/017 59039 70000 90761 91105==
51811 14072 00702 10276 20139 38719 40032 57012 60001 333 10276 20193 3/018 59045 70000 90761 91105==
51818 14/67 /0601 10261 20146 38581 40033 57012 69911 333 10309 20201 3/020 59033 70001 90761 91103==
51828 14/66 /3003 10237 20147 38584 40043 57006 60001 333 10279 20200 3/017 59032 70000 90761 91106==
51886 14/79 /2103 10227 20065 37128 49960 57017 60001 333 10253 20145 3/014 59028 90761 91108==
52203 14/74 /1303 10331 20048 39219 40033 57017 60001 333 10335 20187 3/018 59036 70000 90761 91106==
52602 14/78 /1704 10224 20074 37278 49989 57007 60001 333 10268 20147 3/014 59018 70000 90761 91110==
52681 14/68 /0202 10206 20128 38604 40080 57018 60001 333 10208 20157 3/016 59051 70002 90761 91106==
52818 14/80 /3103 10204 20105 37254 49981 57017 60001 333 10262 20165 3/016 59018 70000 90761 91109==
52908 14/80 /2201 10121 20043 35849 49993 57013 60001 333 10179 20033 3/003 59012 70051 90761 91114==
53463 14/80 /1803 10235 20119 38862 40136 57021 60001 333 10238 20118 3/012 59019 70000 90761 91107==
54857 14/80 /3406 10274 20141 30033 40122 57015 60001 333 10299 20237 3/022 58060 70022 90761 91114==
55228 14/80 /2604 10189 20010 36079 49896 57010 60001 333 10227 20089 3/007 59019 70000 90761 91107==
55299 14/80 /0701 10146 20037 35923 49973 57012 60001 333 10183 20075 3/006 59005 70053 90761 91107==
55578 14/80 /3202 10193 20057 36428 49970 57015 69941 333 10250 20115 3/012 58005 70008 90761 91107==
55591 14/80 /2401 10212 20071 36567 49938 57017 60001 333 10259 20148 3/013 59006 70004 90761 91106==
55664 14/80 /2302 10170 20018 36071 49980 57013 60001 333 10206 20095 3/010 58002 70007 90761 91106==
55773 14/80 /1106 10123 20052 36091 40075 57004 60001 333 10124 20033 3/001 58002 70001 90761 91110==
56004 14/80 /1602 10143 20037 35899 49955 57015 60001 333 10210 20076 3/007 59013 70002 90761 91109==
56018 14/80 /0402 10200 20045 36238 49943 57023 60001 333 10231 20070 3/006 59009 70000 90761 91104==
56116 14/80 /1502 10177 20083 36401 40001 57017 60021 72100 333 10211 20097 3/010 58003 70116 90761 91105==
56312 14/80 /1702 10226 20087 37121 40007 57016 60001 72100 333 10242 20146 3/015 59004 70000 90761 91107==
57494 14/67 /0701 10382 20253 30042 40070 57021 60001 333 10386 20278 3/028 58010 70000 90761 91104==
58847 14/62 /1703 10353 20255 39974 40070 57023 60001 333 10358 20282 3/028 58002 70000 90761 91107==
62306 32560 31906 10275 20221 40139 52015 83500 333 20243=
62337 32960 01502 10298 20214 40131 52011 333 20236=
62366 35960 00000 10304 20209 40127 52018 333 20275=
62393 32960 01108 10327 20120 40152 52014 333 20262=
62405 32960 01102 10340 20110 40118 57020 333 20290=
62414 32960 00108 10338 20120 40120 52020 333 20298=
62419 32960 00000 10346 20164 40102 52021 333 20290=
62420 32960 01002 10313 20162 40122 52014 333 20272=
62432 32960 03004 10328 20145 40129 5//// 333 20286=
62435 32960 00305 10341 20122 40109 52013 333 20297=
62440 32960 00000 10290 20226 40132 52014 333 20252=
62455 32960 03602 10313 20196 40114 5//// 333 20255=
62458 32960 03106 10299 20213 40127 52016 333 10282=
62465 32960 03210 10326 20217 40100 52019 333 20319=
63210 32980 01709 10369 20190 40063 333 20302 58011=
63227 32980 02417 10294 20140 40163 333 20252 58003=
