SIPK OPKC 090300=
41504 22997 02302 10160 20057 37812 48435 333 20130 59008 60007 70000 RH50%=
41505 22696 60000 10150 20078 38/// 48/// 83520 333 20135 58/// 56990 60007 70000 83640 86460 62%=
41506 02995 00000 10185 20154 38463 48462 333 20159 59025 60007 70000 RH 82%=
41507 22997 00000 10240 20195 39193 49690 333 20210 58006 60007 70000 76%=
41508 22997 00000 10189 20149 38625 48500 333 20160 59006 60007 70000 78%=
41509 22697 20000 10230 20159 38712 48463 82200 333 20210 56900 58007 60007 70000 82845 RH 64%=
41510 22997 00000 10145 20120 37893 48477 333 20120 59016 60007 70000 85%=
41515 22697 20000 10228 20168 38497 48461 82500 333 20194 56900 58006 60007 70000 82650 68%=
41516 22696 20000 10185 20153 38496 48455 82100 333 20150 56900 59021 60007 70000 82840  RH81%=
41517 22696 30000 10180 20113 37781 48471 83500 333 20112 56900 59034 60007 70000 83640 65%=
41518 22697 33602 10200 20133 38/// 48/// 82230 333 20183 56990 5//// 60007 70000 82840 81362 65%=
41519 22997 00000 10260 20129 38704 48456 333 20245 59003 60007 70000 RH44%=
41520 22697 10000 10130 20075 37613 48223 81500 333 20117 56900 59017 60007 70000 81640 69%=
41523 22997 00000 10225 20187 39025 48466 333 20210 59019 60007 70000 79%=
41524 22997 00000 10240 20195 39263 40092 333 20212 59020 60007 70000 RH 76%=
41525 22997 00000 10150 20116 37673 48365 333 20125 59005 60007 70000 80%=
41528 22997 00000 10220 20182 39156 48468 333 20194 58002 60007 70000 79%=
41529 22996 03102 10270 20249 39688 40054 333 20240 59014 60007 70000 RH 88%=
41534 22997 00000 10260 20246 39632 40031 333 20250 59031 60007 70000 RH92%=
41535 22997 00000 10215 20185 38669 48446 333 20166 58002 60007 70000 RH83%=
41536 22997 00000 10210 20171 38976 48464 333 20185 59017 60007 70000 78%=
41560 22997 00000 10210 20130 38249 48465 333 20180 58009 60007 70000 Rh60%=
41562 22697 60000 10300 20251 39583 40024 86030 333 20260 56090 59035 60007 70000 86360 RH 75%=
41565 22997 01302 10194 20163 38605 48478 333 20165 58000 60007 70000 82%=
41567 21996 00000 10270 20241 39629 40029 70400 333 20235 59008 60007 70000 84%=
41571 21996 20000 10280 20248 39483 40038 70500 82030 333 20248 56090 59025 60007 70000 RH78%=
41572 21996 30000 10280 20245 39420 40015 70411 333 20235 59026 60007 70000 RH82%=
41573 22997 00000 10205 20142 37957 48460 333 20155 59014 60007 70000 67%=
41574 22997 00000 10165 20149 38325 48500 333 20130 58006 60007 70000 90%=
41576 21995 00000 10280 20259 40045 71000 333 20261 59025 60007 70000 88%=
41577 21996 00000 10275 20233 39499 40037 70400 333 20230 59025 60007 70000 RH 78%=
41593 21996 00000 10295 20267 39820 40023 70400 333 20263 59027 60007 70000 85%=
41597 21996 30000 10290 20269 39760 40043 70400 83030 333 20272 56090 59029 60007 70000 83362 89=
41598 21996 00000 10295 20267 39779 40039 70400 333 20268 59008 60007 70000 85%=
41599 21995 00000 10285 20257 39749 40026 71000 333 20267 59030 60007 70000 85%=
41600 21996 00000 10300 20258 39748 40030 70400 333 20267 59014 60007 70000 78%=
41620 32996 00000 10250 20173 38518 48423 333 20225 59020 60007 70000 62%=
41624 22997 00000 10300 20258 39827 40018 333 20270 59029 60007 70000 78%=
41625 21996 00000 10305 20272 39818 40008 70400 333 20265 59023 60007 70000 82%=
41630 21995 00000 10305 20271 40033 71000 333 20280 59024 60007 70000 82%=
41633 22997 30000 10290 20269 4//// 83030 333 20275 56090 5//// 60007 70000 83360 89%=
41634 22997 00000 10270 20235 3//// 4//// 333 20230 5//// 60007 70000 81%=
41635 21996 00000 10305 20278 3//// 4//// 70400 333 20283 5//// 60007 70000 85%=
41636 21996 00000 10300 20265 39852 40029 70400 333 20280 59028 60007 70000 82%=
41638 21996 00000 10285 20257 4//// 70400 333 20267 5//// 60007 70000 85%=
41639 21996 00502 10300 20258 3//// 4//// 70400 333 20260 5//// 60007 70000 78%=
41640 21996 00000 10300 20258 39790 40029 70400 333 20264 59027 60007 70000 78%=
41641 21995 00000 10300 20251 39766 40027 70400 333 20260 59028 60007 70000 75%=
41642 21995 02702 10290 20262 3/// 4//// 71000 333 20270 5//// 60007 70000 85%=
41643 21996 20000 10290 20262 39760 40024 70400 82030 333 20255 56090 59027 60007 70000 82360 85%=
41644 21996 00000 10280 20259 3//// 4//// 70400 333 20250 5//// 60007 70000 88%=
41646 21996 00000 10295 20260 39839 40041 70400 333 20275 59021 60007 70000 82%=
41652 21996 00502 10290 20240 39854 40025 70400 333 20265 59026 60007 70000 74%=
41660 21996 02304 10205 21032 38401 48488 70500 333 20165 59013 60007 70000 RH 20%=
41661 21996 00000 10180 20049 38345 48469 70540 333 20165 59023 60007 70000 42%=
41669 22997 30000 10295 20260 3//// 4//// 83030 333 20280 56090 5//// 60007 70000 83360 82%=
41670 21996 00000 10290 20262 3//// 4//// 70400 333 20270 5//// 60007 70000 85%=
41674 21996 01806 10300 20251 3//// 4//// 70400 333 20277 5//// 60007 70000 75%=
41675 21996 01808 10305 20249 39882 40019 70400 333 20292 59027 60007 70000 72%=
41676 21996 00000 10305 20271 39907 40057 70400 333 20285 59017 60007 70000 82%=
41677 21996 00000 10300 20251 39849 40008 70400 333 20275 59023 60007 70000 75%=
41678 21996 00000 10310 20223 40030 70500 333 20285 59024 60007 70000 60%=
41679 219969 00000 10290 20262 4//// 70400 333 20265 5//// 60007 70000 85%=
41680 21994 00000 10300 20273 39843 40031 71000 333 20275 59014 60007 70000 85%=
41685 22997 00000 10255 20204 38847 48448 333 20235 59021 60007 70000 RH.73%=
41696 22997 00000 10140 20066 37998 48508 333 20120 58003 60007 70000 RH71%=
41697 22997 00000 10330 20261 39869 40016 333 20300 59025 60007 70000 RH67%=
41700 21996 01806 10305 20249 39887 40009 70400 333 20285 59025 60007 70000 72%=
41701 21996 02304 10290 20255 39889 40026 70400 333 20258 59024 60007 70000 81%=
41710 21996 00502 10270 21030 39280 40019 70600 333 20245 59009 60007 70000 R.H14%=
41712 22997 00000 10260 20008 39123 48465 333 20250 59008 60007 70000 RH19%=
41715 21996 00000 10310 20276 39956 40019 70500 333 20285 58014 60007 70000 RH82%=
41716 21996 00000 10310 20276 39927 40025 70400 333 20287 59023 60007 70000 82%=
41718 21996 00000 10310 20254 39919 40017 70400 333 20288 59008 60007 70000 72%=
41724 21996 01306 10305 20256 39965 40041 70500 333 20290 59017 60007 70000 RH75%=
41725 22996 00000 10315 20267 39947 40021 333 20295 59020 60007 70000 RH76%=
41726 22996 00000 10300 20265 39964 40032 333 20290 59004 60007 70000 RH82%=
41738 22696 80000 10280 20237 39884 40058 886// 333 20255 569// 59012 60007 70000 88630 RH77%=
41739 22996 00000 10255 21003 38998 48475 333 20235 58019 60007 70000 RH18%=
41742 22997 70000 10290 20255 39946 40047 87030 333 20210 56090 59011 60007 70000 87360 RH 81%=
41743 21996 01802 10295 20245 70500 333 20270 60007 70000 RH 75%=
41744 22996 00000 10260 20071 38732 48468 333 20220 58029 60007 70000 RH 30%=
41745 21996 01804 10290 20248 70500 333 20255 60007 70000 RH78%=
41746 01996 00000 10285 20264 39966 40018 70500 333 20270 59018 60007 70000 RH89%=
41747 22996 01304 10310 20269 39953 40010 333 20285 59012 60007 70000 RH79%=
41748 22996 01304 10310 20239 39968 40030 333 20285 59008 60007 7000 RH66%=
41749 22996 01304 10290 20248 39994 40027 333 20265 59013 60007 70000 RH78%=
41756 21496 81802 10285 20250 39990 40053 70504 886// 333 20235 569// 58008 60007 70000 88715 RH81%=
41757 21995 73104 10280 20244 30047 40059 70400 87030 333 20265 56090 59008 60007 70000 87360 RH81%=
41759 21995 00000 10270 20241 30048 40053 71011 333 20250 59009 60007 70000 RH84%=
41760 21596 52312 10280 20244 30040 40053 70500 85600 333 20240 56900 58017 60007 70000 85720 RH 81%=
41764 21996 02108 10280 20237 39981 40030 70500 333 20264 59016 60007 70000 RH77%=
41765 21996 02306 10285 20237 39996 40031 70440 333 20260 59017 60007 70000 RH77%=
41766 21996 02306 10265 20251 39990 40020 70400 333 20235 58010 60007 70000 RH92%=
41767 22996 0//// 10280 20252 333 20255 60007 70000 RH85%=
41768 22596 22306 10280 20279 30025 40032 82600 333 20260 56500 59023 60007 70000 82720 RH88%=
41780 22596 62510 10285 20250 30019 40046 86600 333 20275 56900 59016 60007 84720 86630 RH81%=
41783 02996 32302 10260 20246 30000 40029 60002 83030 333 56090 59002 60007 83360 RH 92%=
41785 22997 02302 10275 20254 30033 40046 333 20255 59010 60007 70000 RH 88%=
41786 22596 32304 10275 20239 39989 40025 83600 333 20255 56500 59019 60007 70000 83720 RH81%=
41BAG 22696 40502 10160 20090 84500 333 20130 56900 60007 70000 84640 63%=
41BKI 22996 00000 10290 20232 39631 40030 333 20265 59031 60007 70000 RH 71%=
41SKP 21696 20000 10280 20259 3//// 4//// 70400 82500 333 20267 56900 5//// 60007 70000 82640 88%=
43532 22997 00000 10220 20190 39252 40030 333 20205 59022 60007 70000 83%=
43533 22997 00000 10245 20193 39146 48451 333 20220 59026 60007 70000 73%=
43563 22997 00502 10261 20217 39366 40028 333 20235 59031 60007 70000 77%=




Data Generated from File : D:\all data handling\Rmc_lhr\2024090903.FSU.txt
09/09/24 03:58:52
______________________________________________________________
15007 25/66 /1201 10060 20030 39708 40183 56009 7000/ 333 55300 0//// 20000 3//// 60007=
15020 24/70 /0000 10091 20032 39974 40172 55005 333 55300 20000 60007==
15023 25/70 /2002 10089 20035 39735 40161 56009 7000/ 333 55300 0//// 20000 3//// 60007=
15056 25/70 /1902 10185 20019 39821 40161 56008 7000/ 333 55300 0//// 20000 3//// 60007=
15069 25/70 /1200 10023 20011 39117 42807 57005 7000/ 333 55300 0//// 20000 3//// 60007=
15073 25/70 /3301 10093 20039 39714 40181 56009 7000/ 333 55300 0//// 20000 3//// 60007=
15090 24970 02801 10093 20081 30081 40174 55007 333 55300 10220 20000 30000 60007 91002 90730 91102==
15107 25/70 /3601 10024 20009 39390 42810 57003 7000/ 333 55300 0//// 20000 3//// 60007=
15108 22984 01603 10082 21108 38116 48516 56009 333 55300 20000 60007 91006 90730 91107==
15109 25/70 /2705 10113 20043 39746 40178 56007 7000/ 333 55300 0//// 20000 3//// 60007=
15111 25/70 /0701 10085 20049 39906 40170 55005 7000/ 333 55300 0//// 20000 3//// 60007=
15113 25/70 /2601 10076 20068 30008 40173 55008 7000/ 333 55300 0//// 20000 3//// 60007=
15127 25/70 /1401 10027 20011 39314 42807 57005 7000/ 333 55300 0//// 20000 3//// 60007=
15148 25/70 /0100 10087 20009 38725 48499 57008 7000/ 333 55300 0//// 20000 3//// 60007=
15150 24970 03001 10086 20072 39963 40177 55006 333 55300 20000 60007 91001 90730 91101==
15154 25/70 /3001 10083 20076 30025 40169 55010 7000/ 333 55300 0//// 20000 3//// 60007=
15168 25/70 /0303 10105 20033 39551 42790 57007 7000/ 333 55300 0//// 20000 3//// 60007=
15170 24960 00101 10014 20010 39410 42800 56005 333 55300 20000 60007 91001 90730 91102==
15194 25/70 /2806 10105 20060 39884 40178 56007 7000/ 333 55300 0//// 20000 3//// 60007=
15197 25/70 /0202 10117 20064 39960 40169 55010 7000/ 333 55300 0//// 20000 3//// 60007=
15215 25/69 /1401 10073 20042 39573 42791 57005 7000/ 333 55300 0//// 20000 3//// 60007=
15217 25/70 /3603 10062 20034 39511 42797 56006 7000/ 333 55300 0//// 20000 3//// 60007=
15219 25/70 /3104 10107 20070 30042 40166 55008 7000/ 333 55300 0//// 20000 3//// 60007=
15238 25/70 /0301 10054 20043 39560 42794 57005 7000/ 333 55300 0//// 20000 3//// 60007=
15261 27/60 /3100 10028 20023 39373 42815 57006 7101/ 333 55300 0//// 20000 3//// 60007=
15262 22999 01503 10052 2//// 38236 48/// 57009 333 55300 0//// 20000 3//// 60007 91003 91103=
15265 25/70 /3303 10124 20077 30087 40161 55009 7000/ 333 55300 0//// 20000 3//// 60007=
15280 22984 01704 10068 21158 37542 47113 57009 333 55300 20000 60007 91005 90730 91105==
15300 25997 01301 10081 20042 39542 42791 57006 7000/ 333 55300 0//// 20000 3//// 60007 91003 91104=
15301 25970 02103 10110 21002 38648 48529 57008 7000/ 333 55300 0//// 20000 3//// 60007 91007 91107=
15302 25/70 /1201 10068 20026 38939 48503 57008 7000/ 333 55300 0//// 20000 3//// 60007=
15307 25/70 /3303 10146 20046 39973 40156 56011 7000/ 333 55300 0//// 20000 3//// 60007=
15310 24/70 /0501 10147 20080 30072 40156 55009 333 55300 10210 20000 30000 60007==
15324 25/70 /0601 10090 20031 39386 42803 57008 7000/ 333 55300 0//// 20000 3//// 60007=
15325 25970 02703 10108 21001 38500 48512 57009 7000/ 333 55300 0//// 20000 3//// 60007 91007 91109=
15328 25/70 /0103 10112 20050 39827 40176 56008 7000/ 333 55300 0//// 20000 3//// 60007=
15335 24970 02701 10154 20132 30145 40152 55012 333 55300 20000 60007 91002 90730 91103==
15336 25/70 /3201 10124 20104 30141 40143 56013 7000/ 333 55300 0//// 20000 3//// 60007=
15349 25/70 /3501 10097 20041 39628 40180 57005 7000/ 333 55300 0//// 20000 3//// 60007=
15350 24/70 /3204 10150 20039 30045 40163 56010 333 55300 20000 60007==
15360 24970 03505 10181 20161 30123 40139 57012 333 55300 20000 60007 91005 90730 91107==
15375 25970 03204 10133 20034 39814 40169 57006 7000/ 333 55300 0//// 20000 3//// 60007 91006 91106=
15377 25/70 /3401 10109 20038 39949 40165 57006 7000/ 333 55300 0//// 20000 3//// 60007=
15387 25/70 /3102 10133 20118 30138 40142 57013 7000/ 333 55300 0//// 20000 3//// 60007=
15402 25/70 /2802 10119 20037 30085 40159 56006 7000/ 333 55300 0//// 20000 3//// 60007=
15405 25/70 /3502 10121 20061 30102 40165 55003 7000/ 333 55300 0//// 20000 3//// 60007=
15406 25/70 /2901 10125 20111 30106 40153 55007 7000/ 333 55300 0//// 20000 3//// 60007=
15408 25/70 /3503 10170 20085 39892 40152 55011 7000/ 333 55300 0//// 20000 3//// 60007=
15409 25/70 /3405 10164 20092 30098 40145 55011 7000/ 333 55300 0//// 20000 3//// 60007=
15419 25/70 /3501 10117 20047 39977 40170 57008 7000/ 333 55300 0//// 20000 3//// 60007=
15420 24970 00000 10094 20054 30050 40161 57005 333 55300 20000 60007 91002 90730 91103==
15421 25970 03001 10131 20049 30060 40170 57005 7000/ 333 55300 10160 20000 30000 60007 91002 91102=
15422 25970 03600 10147 20053 30058 40158 57003 7000/ 333 55300 0//// 20000 3//// 60007 91002 91102=
15425 25970 03602 10145 20086 30095 40158 55003 7000/ 333 55300 0//// 20000 3//// 60007 91002 91103=
15434 22970 00602 10119 20029 39954 40162 58007 333 55300 0//// 20000 3//// 60007 91003 91104=
15444 25/70 /2802 10113 20097 30086 40158 55005 7000/ 333 55300 0//// 20000 3//// 60007=
15455 25/70 /0102 10138 20034 30031 40161 58005 7000/ 333 55300 0//// 20000 3//// 60007=
15460 24/70 /0602 10121 20103 30134 40159 55001 333 55300 20000 60007==
15462 25970 02802 10145 20114 30070 40155 55007 7000/ 333 55300 0//// 20000 3//// 60007 91004 91104=
15470 24970 00202 10139 20041 30032 40157 58004 333 55300 20000 60007 91003 90730 91104==
15475 26/// /2801 10108 20102 30135 40155 57002 333 55300 0//// 20000 3//// 60007=
15479 25/70 /3302 10149 20121 39968 40158 55005 7000/ 333 55300 0//// 20000 3//// 60007=
15480 24970 02701 10164 20102 30129 40146 55009 333 55300 10190 20000 30000 60007 91002 90730 91102==
15489 25970 03602 10142 20055 30066 40158 50001 7000/ 333 55300 0//// 20000 3//// 60007 91003 91104=
15491 25970 02700 10134 20107 30125 40155 57002 7000/ 333 55300 0//// 20000 3//// 60007 91001 91101=
15499 25/70 /2804 10160 20125 30135 40143 55010 7000/ 333 55300 0//// 20000 3//// 60007=
15549 42970 02301 10139 20121 39745 40151 57003 333 10211 20138 555 589//=
15552 42570 12702 10167 20133 30096 40143 57006 81500 333 10214 20167 555 580// 92033 92438=
15640 42970 00000 10161 20103 39850 40153 53006 333 10232 20159 555 568//=
15655 42968 03202 10178 20128 30114 40146 57008 333 10233 20178 555 573// 92032 92437=
15730 42970 00000 10124 20057 39779 40170 57001 333 10235 20122 555 563//=
16627 42960 00000 10180 20149 30136 40142 51002 333 90730 91104==
16650 42960 00000 10216 20181 30129 40136 57002 333 90730 91104==
16667 42560 23507 10224 20150 30115 40126 58005 82100 333 90730 91111==
16706 42960 00115 10238 20170 30098 40105 56001 333 90730 91121==
16723 42560 20307 10254 20152 30076 40090 57010 81140 333 90730 91116==
16742 42960 03408 10230 20179 39930 40078 57005 333 90730 91120==
16749 42960 10003 10250 20201 30059 40073 52003 80001 333 90730 91111==
16754 42560 13114 10252 20176 30075 40122 57008 81100 333 90730 91118==
16760 42560 20304 10210 20141 40128 57006 82100 333 90730 91110==
16765 46/// /3120 10253 20174 30061 40080 57005 333 90730 91135==
17031 42570 63206 10227 20201 30119 40125 53002 84250 333 84830 86360 90730 91109==
17034 42670 80000 10229 20197 30085 40129 53005 83250 333 83835 87360 90730 91104==
17038 42670 32211 10231 20158 30074 40120 53001 83100 333 83835 90730 91118==
17060 42660 30903 10204 20186 30098 40137 57006 83100 333 83835 90730 91106==
17070 42665 50001 10137 20122 39294 40128 55000 83250 333 83834 85360 90730 91104==
17084 41650 30000 10150 20145 39256 40115 50004 71000 83100 333 83840 90730 91103==
17092 41/05 90000 10119 20116 38870 48516 52005 74711 333 89/01 91105=
17096 42960 00000 10090 20078 38269 48523 52007 333 90730 91105==
17098 42660 33301 10096 20094 38241 48537 50003 81140 333 81840 83358 90730 91109==
17100 42/70 20000 10172 20140 39195 40141 52009 82030 333 82360 90730 91107==
17115 42660 31302 10197 20176 30085 40134 57005 83100 333 83835 90730 91116==
17116 42965 00000 10166 20166 30019 40136 55004==
17124 42960 00000 10125 20122 39252 40132 55002 333 90730 91106==
17128 42970 00000 10117 20087 39071 40123 52002 333 90730 91104==
17150 42660 20000 10151 20151 30007 40126 57008 82100 333 82835 90730 91106==
17170 42660 11506 10191 20068 38363 48525 53003 81100 333 81840 90730 91110==
17184 42970 00000 10195 20150 30006 40112 56007 333 90730 91107==
17190 42670 20000 10139 20114 38977 48502 56002 82100 333 82835 90730 91106==
17190 42670 20000 10139 20114 38977 48502 56002 82100 333 82835 90730 91106==
17195 42670 40601 10146 20089 38959 48507 53003 82130 333 82840 84362 90730 91105==
17200 42960 02306 10126 20113 39172 40120 53006 333 90730 91108==
17202 42970 12604 10160 20097 39116 40097 52007 80001 333 81070 90730 91107==
17203 42970 00000 10172 20102 38877 48552 52010 333 90730 91103==
17219 42965 03610 10217 20140 39965 40101 55006 333 90730 91116==
17237 42970 00000 10209 20139 39626 40099 56001 333 90730 91104==
17240 42970 02403 10184 20122 39009 40087 52001 333 90730 91107==
17244 42970 00303 10137 20101 38984 48506 53003 333 90730 91105==
17260 42960 02904 10176 20148 39288 40055 52008 333 90730 91106==
17280 42960 03104 10189 20108 39349 40085 53008 333 90730 91105==
17292 42970 00000 10204 20124 39360 40068 51001 333 90730 91107==
17300 42960 03506 10237 20163 30028 40095 52008 333 90730 91108==
17310 42970 00801 10279 20220 30069 40076 53004 333 90730 91105==
17350 42660 20305 10218 20132 30011 40085 54000 82100 333 82835==
17370 42670 21201 10264 20213 30089 40093 53002 82200 333 82835 90730 91103==
33088 42960 00000 10079 20048 39993 40183 57008==
33135 42660 20000 10080 20062 30059 40206 57011 82530 333 55108==
33177 42960 31102 10124 20058 39921 40153 57010 80001==
33317 429// 01101 10080 20023 39849 40184 57009 333 55114==
33393 42960 01503 10141 20024 39761 40141 57009==
33415 42960 00000 10135 20031 39777 40164 57010==
33429 42960 00901 10103 20017 39760 40176 57009==
33466 42571 70000 10114 20058 30001 40185 57013 82530 333 30///==
33506 42560 80801 10168 20034 30002 40191 57007 885// 333 55116==
33562 42960 00000 10073 20028 39890 40194 57011==
33587 42960 00000 10089 20036 39920 40180 57015==
33658 42983 00000 10094 20032 39870 40166 57007==
33663 42960 01101 10071 20036 30087 40183 57006==
33664 42997 00701 10127 21009 39855 40165 57007 333 55123 555 20115 7000/=
33678 42998 02801 10079 21017 39984 40191 57002 555 20067 7000/=
33679 42997 03001 10093 20004 39986 40177 57012 555 20091 7000/=
33711 42960 00502 10130 20043 39966 40171 57011==
33745 42997 00000 10098 20024 39990 40182 57007 333 55123 555 20097 7000/=
33748 42997 01104 10137 20049 39887 40165 57010 555 20134 7000/=
33754 42997 00000 10089 20056 30025 40171 57013 333 55118 555 20084 7000/=
33761 42970 03601 10119 20037 39949 40168 56015==
33791 42/82 50504 10167 20026 30045 40168 57006 85030==
33815 42998 00103 10155 20023 39955 40156 57012 333 55122 555 20154 7000/=
33837 42983 00000 10172 20078 30095 40145 58014 333 55101==
33881 42998 03602 10132 20042 39968 40160 57011 555 20131 7000/=
33883 42997 03502 10144 20036 39997 40153 57009 555 20136 7000/=
33885 42997 00102 10132 20055 30040 40166 57003 333 55120 555 20119 7000/=
33892 42997 00402 10138 20031 39943 40149 57018 333 55112 555 20138 7000/=
33902 42560 60202 10158 20039 30093 40151 57007 84540 333 55095==
33924 22/70 21002 10169 20126 30124 40136 57006 81072 333 20163 60002==
33946 22/67 60803 10158 20155 39919 40132 57002 81031 333 20156 55039 60002==
33983 22560 60803 10197 20136 30068 40126 53002 85350 333 20183 55040 60002==
34300 42/60 60801 10157 20032 30040 40212 58002 83031==
34336 22970 50401 10134 20026 30134 40235 52002 80009 333 20114 30/// 60002==
34344 22970 80000 10082 20077 30146 40234 52002 80007 333 20082 30/// 60002==
34356 22960 60902 10156 20022 30097 40240 58002 80006 333 20094 30/// 55114 60002==
34357 22970 50902 10117 20033 30082 40234 55000 80009 333 20109 30/// 60002==
34398 22/70 60603 10148 20071 30235 40245 52001 86044 333 55117 60002==
34415 41570 70000 10112 20079 30108 40203 54000 72511 87900==
34438 22/60 40605 10135 20021 30032 40219 53002 82041 333 20135 39/// 60002==
34445 22/70 62602 10064 21006 30118 40232 54000 84071 333 20056 36/// 60002==
34461 22960 30502 10111 20023 30184 40238 55001 80001 333 20108 30/// 60002==
34473 32997 60903 10137 20048 30209 40247 52001 82031 333 55126 555 20126 30010 7000/=
34476 22970 50604 10150 20027 30234 40241 58001 80009 333 20142 30/// 55120 60002==
34504 42/80 80604 10186 20029 30012 40179 57001 8805/==
34535 22/70 20000 10121 20014 30141 40212 52006 81031 333 20121 30/// 60002==
34545 22970 60702 10118 20026 30111 40220 53002 80001 333 20117 30/// 60002==
34555 22/70 70302 10141 20078 30144 40233 55001 84044 333 20137 30/// 60002==
34560 42960 40704 10128 20046 30048 40234 54000 80001 333 20110==
34578 22960 00701 10131 20055 30228 40235 53002 333 20122 30/// 60002==
34579 22970 20402 10139 20022 30196 40239 52001 80001 333 20118 30/// 55112 60002==
34644 22/60 30603 10147 20024 30124 40199 52001 82031 333 20147 30/// 60002==
34646 22970 61104 10172 20077 30130 40208 52005 80001 333 20171 30/// 55120 60002==
34655 22560 50503 10117 20009 30159 40218 52003 85400 333 20103 30/// 60002==
34662 22970 63601 10101 20026 30221 40232 53007 80001 333 20096 60002==
34691 22/70 50000 10144 20029 30253 40241 58004 83032 333 55114 60002==
34720 22/70 20603 10173 20078 30135 40173 54001 82040 333 20173 30/// 55080 69902==
34727 22560 20905 10183 20063 30130 40159 54001 82400 333 20183 30/// 69902 91011 90730 91111==
34743 22960 60703 10127 20017 30118 40205 52003 80005 333 20125 30/// 60002==
34759 22560 50703 10144 20048 30075 40202 54000 83501 333 20140 30/// 55121 60002==
34772 22570 70604 10159 20041 30220 40223 57001 8558/ 333 20112 30/// 60002==
34785 22570 60903 10141 20029 30250 40228 52001 83409 333 20137 30/// 60002==
34798 22/60 60503 10149 20074 30260 40232 53001 85085 333 60002==
34824 22960 40803 10184 20103 30141 40145 52002 80001 333 20184 30/// 55048 60012==
34838 22660 60803 10179 20087 30061 40153 54000 83590 333 20179 30/// 60002==
34845 22570 81002 10155 20044 30076 40180 53002 82531 333 20153 30/// 60002==
34858 22/60 80000 10145 20058 30083 40187 54000 8807/ 333 20145 30/// 60002==
34861 22/70 30804 10134 20043 39965 40201 52002 82031 333 20132 30/// 55123 60002==
34866 22570 60804 10157 20072 30206 40197 53002 82972 333 20143 30/// 60002==
34880 22/60 70802 10158 20099 30243 40218 57001 82031 333 20155 30/// 55103 60002==
34887 22/70 70402 10172 20121 30227 40208 54000 82037 333 20169 30/// 60002==
34949 22570 80904 10155 20107 39646 40171 52006 8353/ 333 20150 30/// 55097 60002==
34954 22970 62301 10140 20091 30009 40178 55001 80004 333 20140 30/// 55098 60002==
34958 22570 80803 10169 20104 39981 40172 57002 885// 333 20164 30/// 60002==
34975 22970 31003 10171 20123 30188 40184 57001 80004 333 20166 30/// 60002==
34984 22970 30605 10180 20128 30227 40198 57003 80002 333 20172 30/// 60002==
35217 12960 21104 10142 20035 30227 40266 52008 60002 80003==
35302 12970 50904 10135 20085 30237 40257 53005 60002 80001==
35315 32998 60903 10111 20055 30213 40269 52008 80002 555 20090 30007 7000/=
35344 32999 12902 10097 20060 39992 40273 53007 80001 333 55125 555 20074 30009 7000/=
35358 12/60 50501 10113 20041 30085 40248 58003 60002 85040==
35368 32999 00000 10075 20036 30005 40266 52010 333 55016 555 20063 31005 7000/=
35386 32998 03501 10110 20064 39741 40242 53010 555 20054 30005 7000/=
35394 12/70 20000 10120 20062 39585 40233 53011 60002 82080 333 55101==
35404 32698 71001 10150 20109 30238 40246 53003 82531 555 20140 30013 7000/=
35406 12960 50801 10134 20072 30250 40252 52008 60002 80001 333 55129==
35416 12/70 30000 10102 20032 30157 40275 52009 60002 83030 333 55108==
35426 12984 63101 10095 20048 39998 40283 53009 60002 80001==
35437 32998 30501 10092 20047 39974 40280 52007 80004 333 55122 555 20065 30006 7000/=
35449 32998 00000 10134 20105 30167 40266 52010 555 20116 30010 7000/=
35497 12970 10000 10110 20018 39465 40231 52010 60002 80001==
35498 32998 01901 10100 20005 39390 40236 52008 555 20020 30001 7000/=
35514 32998 41102 10145 20041 30261 40257 52008 80001 555 20130 30011 7000/=
35522 32998 50401 10116 20050 30031 40275 52008 80001 555 20111 30007 7000/=
35542 32999 01002 10111 20057 30126 40268 52007 333 55092 555 20093 30008 7000/=
35563 32998 00000 10120 20037 39507 40244 52007 333 55062 555 20070 30003 7000/=
35576 12970 00203 10122 20033 39807 40237 53024 60002==
35582 32998 00401 10093 20047 39656 40236 53009 555 20033 30002 7000/=
35594 32999 00601 10101 20000 39427 40234 53010 555 20021 30002 7000/=
35605 32998 50403 10156 20081 30261 40240 53004 80002 555 20145 30014 7000/=
35633 32998 00000 10106 20053 30063 40270 52008 333 55123 555 20098 30008 7000/=
35671 12970 03602 10098 20037 39828 40244 52010 60002==
35699 12960 00203 10141 21008 39501 40218 53009 60002==
35700 12970 60902 10167 20092 30250 40227 57007 60002 80005 333 55122==
35715 32999 51302 10155 20050 30269 40255 52009 80001 555 20153 30014 7000/=
35739 32999 00000 10082 20048 30125 40261 51010 555 20073 38005 7000/=
35746 12970 00203 10127 20082 30190 40254 52010 60002 333 55115==
35777 32997 00000 10086 20009 39891 40227 58014 555 20063 30004 7000/=
35796 12960 20403 10154 20014 39799 40211 52008 60002 80001 333 55119==
35849 12970 00202 10132 20081 30161 40243 52008 60002 333 55081==
35895 32998 43604 10125 20037 39796 40220 52008 80002 555 20091 30008 7000/=
35907 32998 01008 10167 20131 30248 40219 53007 555 20159 7000/=
35925 12970 20701 10119 20030 30149 40257 52010 60002 80002==
35927 32998 31103 10144 20050 30247 52012 80001 555 20132 7000/=
35953 12984 03204 10125 20049 30106 40231 52005 60002==
35969 12984 00000 10118 20008 30048 40215 53009 60002==
35997 32698 60501 10159 20059 39789 40198 52010 82575 555 20120 30010 7000/=
36259 82599 61001 10079 21027 38283 48547 52003 85901=
36335 32999 30000 10116 20048 39260 40235 52002 82039 555 20033 30002 7000/=
36358 32999 50000 10104 20020 39260 40233 53006 80002 555 20043 30003 7000/=
36394 32697 71402 10127 20065 39830 40232 53005 87500 555 20061 30005 7000/=
36397 12684 52002 10138 20050 39690 40224 53003 60002 85500==
36403 32698 70904 10139 20074 39884 40226 53002 87900 333 55013 555 20100 31007 7000/=
36418 32999 03403 10149 20032 39641 40220 57001 555 20077 30006 7000/=
36421 32999 00901 10139 20103 39703 40236 54000 555 20008 30001 7000/=
36428 12/84 11302 10136 20056 39759 40234 53002 60002 81040 333 55083==
36439 32998 21304 10089 20026 39016 48556 58004 81041 555 20025 31002 7000/=
36498 32998 10105 10153 20033 39463 40206 53006 80001 555 20065 30005 7000/=
36501 32999 00000 10133 20049 39507 40219 53005 555 20068 30003 7000/=
36535 12984 21502 10145 20061 39634 40231 53001 60002 80001 333 55101==
36546 32999 02001 10152 20099 39714 40221 53002 555 20053 30004 7000/=
36619 32999 00902 10149 20056 555 20076 30005 7000/=
36622 32998 21002 10139 20025 39448 40206 53002 82040 555 20062 30005 7000/=
36639 12984 20000 10155 20083 39623 40191 53002 60002 80001==
36643 32999 13102 10127 20068 39596 40224 53003 80001 555 20038 30002 7000/=
36665 32999 00000 10150 20058 39525 40207 53004 333 55118 555 20095 30007 7000/=
36666 32999 13402 10150 20072 39756 40220 53004 80001 333 55117 555 20029 30003 7000/=
36729 32998 22402 10146 20085 39729 40182 53003 80005 555 20052 30003 7000/=
36736 32999 01001 10185 20079 39683 40198 53001 333 55110 555 20064 30003 7000/=
36744 32998 60302 10139 20039 39773 40199 53007 80001 555 20092 30007 7000/=
36770 32999 53401 10126 20065 39495 40184 53006 82081 555 20035 30003 7000/=
36786 32999 60000 10162 20034 39312 40172 53008 80002 555 20065 31004 7000/=
36796 32998 20000 10042 21006 39046 48518 53003 80001 555 21005 31102 7000/=
36803 32999 10000 10178 20069 39764 40183 53004 80001 555 20095 7000/=
36806 32999 01409 10185 20045 39748 40183 54000 333 91117 555 20086 7000/=
36819 32598 81102 10138 20044 39610 40191 51002 8295/ 333 55118 555 20086 31008 7000/=
36821 12/84 60101 10142 20049 39726 40189 52007 60002 82032==
36839 32999 63201 10137 20054 39110 40179 53007 82041 555 20053 30003 7000/=
36843 32998 22503 10165 21013 39065 40167 53004 80001 555 20074 30004 7000/=
36846 32999 20901 10134 21026 38635 48535 53007 80002 555 20022 30001 7000/=
36859 12/84 22101 10200 20051 39437 40161 53006 60002 82040==
36870 12/60 80000 10158 20082 39211 40165 52003 60002 8807/==
36874 32699 81802 10120 20076 39445 40187 52003 85506 555 20066 30005 7000/=
36877 32699 80000 10131 20089 39261 40190 52005 8453/ 555 20065 30006 7000/=
36885 32999 62502 10164 20062 39111 40172 52011 84031 555 20083 30006 7000/=
36889 32999 81801 10051 21063 37106 47142 53005 8802/ 555 20016 31102 7000/=
36894 32699 62702 10154 20046 39481 40179 52017 82101 555 20107 30007 7000/=
36905 32999 50000 10162 20039 38758 48526 53004 82033 333 55122 555 20084 31004 7000/=
36911 12999 70000 10170 20121 39271 40192 52024 6//// 87050 333 20110 30010 555 50157 530// 7000/=
36927 11699 73602 10136 20056 38378 48540 58001 6//// 715// 87900 333 20109 555 50130 530// 7000/=
36934 11597 83503 10144 20068 38282 48394 53009 6//// 780// 889// 333 2//// 555 10131 5//// 530// 7990/=
36953 32899 60000 10104 20018 38234 48508 54000 82041 333 55109 555 20004 31101 7000/=
36963 11697 21103 10013 20013 37080 48/// 57004 6//// 783// 889// 333 2//// 555 10032 5//// 530// 7003/=
36974 12798 60901 10147 20059 37990 48515 57009 6//// 84551 333 2//// 555 10116 5//// 530// 7990/=
36982 12999 62302 10008 21053 36594 47146 53003 6//// 86030 333 21025 555 5//// 530// 7////=
37018 22670 60603 10228 20172 30057 40128 52004 85901 333 20213 30/// 55093 60002==
37031 21560 81402 10171 20151 39963 40150 57001 78182 889// 333 20168 31/// 55113 60032==
37054 22460 80000 10168 20126 39799 40167 52002 885// 333 20168 30/// 60002==
37061 22560 80603 10169 20130 30011 40173 57001 885// 333 20156 30/// 55107 60002==
37085 22970 20806 10202 20153 30196 40170 57006 80001 333 20191 30/// 60002==
37171 22970 40702 10211 20181 30109 40127 53005 80001 333 20205 60002==
37228 21440 81701 10133 20128 39355 40162 52008 71011 886// 333 20128 31/// 55000 60002==
37235 22/70 20000 10152 20149 39850 40155 52004 8004/ 333 20147 30/// 60002==
37472 22970 51405 10215 20175 30173 40152 54000 80001 333 20214 30/// 55091 60002 91010 90730 91111==
38149 12970 03601 10103 20017 30165 40241 52011 60002==
38178 12970 03402 10120 20004 39924 40203 53013 60002 333 55040==
38262 12970 03502 10120 20053 30157 40237 52013 60002 333 55107==
38264 12970 03602 10130 20065 30139 40230 52014 60002==
38345 12999 82502 10125 20046 38816 48526 53012 6//// 83032 333 20105 30010 555 5//// 530// 7000/=
38353 11598 82301 10195 20089 39307 40153 52004 69902 702// 83931 333 20142 30011 4//// 55/// 555 5//// 530// 7990/=
38388 32998 00000 10117 20013 30158 40229 52008 333 20115 38010 55120 555 7000/=
38392 32997 03604 10138 20084 30120 40220 52012 333 20124 30012 55116 555 7000/=
38396 12960 03401 10140 20086 30102 40223 52015 60002 333 20107==
38403 12960 00503 10154 20030 30089 40206 52006 60002==
38413 12970 01801 10139 21033 39906 40189 54000 60002 333 55115==
38457 12660 72301 10165 20045 39606 40171 52014 60002 82540 333 55100==
38462 12684 70000 10100 20006 38771 48514 53006 60002 83950 333 20070==
38462 12684 70000 10100 20006 38771 48514 53006 60002 83950 333 20070==
38507 12998 00705 10197 21027 30095 40193 53020 6//// 333 20190 30018 55111 555 5//// 52/// 530// 7////=
38545 32998 00000 10122 20090 30038 40210 52009 333 20098 30009 55115 555 7000/=
38565 12970 00000 10144 20036 39609 40183 53014 60002 333 20063==
38579 12584 70000 10148 20058 39781 40186 52020 60002 82970 333 55089==
38583 12660 82903 10136 20065 39872 40185 52020 60002 86501==
38599 21898 82411 10148 20024 39681 40180 52022 78082 8295/ 333 20148 69902 91115=
38611 42760 80803 10190 20105 39608 40151 52010 8337/ 333 55100==
38613 12999 70101 10155 20093 40162 53012 6//// 85022 333 20142 30013 555 10185 5//// 530// 7000/=
38616 12598 70000 10166 20074 39175 40144 56001 6//// 87300 333 2//// 555 10164 5//// 530// 7000/=
38618 12/60 60801 10205 20090 39487 40138 52010 60002 84061 333 55109==
38647 32998 00906 10178 21014 30147 40188 52007 333 20174 30015 555 7000/=
38656 32998 00000 10146 20002 30011 40218 52011 333 20135 30014 55111 555 7000/=
38683 12960 03605 10146 20019 39928 40198 52016 60002==
38687 32997 03602 10143 20011 39966 40195 53009 333 20130 30015 55104 555 7000/=
38696 12984 11403 10147 20027 39348 40178 52014 60002 80009 333 55106==
38713 32998 70000 10136 20034 39049 48530 53010 87030 333 20115 30009 55097=
38750 32997 01801 10226 20215 30205 40178 58005 333 20225 30022 55046 555 7000/=
38763 32999 00000 10154 21017 30100 40203 52009 333 20154 30014 55114 555 7000/=
38774 32998 01301 10177 21012 30028 40218 52004 333 20173 30014 555 7000/=
38799 32997 00502 10136 21012 39984 40212 53021 333 20110 30009 555 7000/=
38806 32997 03601 10126 20048 39919 40174 52011 333 20098 30009 555 7000/=
38812 12960 0//01 10127 20002 39731 40176 52004 60002==
38836 32698 70000 10194 20080 39218 40108 53009 86932 333 20180 30016=
38880 12997 00202 10172 20002 39957 40206 52012 60002 333 20158 30016 555 7000/=
38886 32997 00000 10158 20021 30002 40224 52028 333 20119 30007 555 7000/=
38895 32996 00901 10158 20004 39931 40214 52013 333 20150 30010 555 7000/=
38911 32998 00000 10142 20025 39900 40188 53016 333 20128 30013 55118 555 7000/=
38915 32997 00000 10173 20041 39855 40168 53012 333 20154 30012 555 7000/=
38927 12960 32506 10181 20017 39805 40167 52017 60002 80001 333 55113==
38933 32999 63201 10165 20097 39670 40166 52006 82042 333 20147 30013 55089=
38944 32997 20201 10200 20051 39592 40102 52014 82030 333 20159=
38954 32999 00000 10112 20029 37957 48530 520002 333 20110=
38974 32998 03401 10165 20013 39874 40201 52015 333 20144 30016 55109 555 7000/=
38987 32996 02701 10116 21030 39478 40213 53011 333 20114 30006 55114 555 7000/=
40030 42970 00000 10226 20198 40104 53003=
40080 42965 00000 10167 20119 39410 4//// 54000=
40100 43/60 01205 10269 20209 30088 40103 52004 333 58///=
40103 60007 81816 85460=
40180 02460 21302 10245 20177 30044 40092 52005 81409 333 70000==
40199 02/// ///// 10285 20167 30064 40088 52010 333 70000==
40255 46/// /0000 10224 29054 3//// 4//// 5////=
40265 42960 03005 10191 20135 39445 40205 52014=
40270 41958 10000 10240 20095 39236 40082 52005 70500 81020 333 81460=
40272 41950 01005 10184 20105 39302 40094 52011 70500=
40296 46/// /0000 10281 29064 4//// 5////=
40340 42960 00105 10284 20170 30026 40087 52006=
40356 42960 03110 10236 20120 39137 48492 333 59003 555 04410 50047=
40357 42960 03204 10273 20040 39437 40028 333 59006=
40360 42960 02806 10231 20140 39515 40071 333 58001=
40361 42960 01805 10252 20050 39325 40087 333 58001=
40362 42660 51411 10333 20040 39554 40029 85500 333 58001 85635=
40373 42660 30000 10318 20050 3964 40049 83500 333 58009 83635=
40375 42960 02908 10258 20110 39234 40055 333 58001=
40394 42960 01804 10260 20050 38994 48494 333 58005 555 04410 50070=
40394 42960 01804 10260 20050 38994 48494 333 58005 555 04410 50070=
40400 42960 00303 10262 20220 30049 40076 333 58002=
40405 42660 41406 10330 20040 39351 40035 84500 333 58020 84640=
40417 42960 00000 10251 20220 30030 40045 333 58007=
40420 42960 00000 10261 20160 39849 40050 333 58007=
40430 42960 03303 10314 20050 39357 40065 333 59002=
40437 42960 00000 10279 20070 39398 40057 333 58010=
40439 42960 10000 10270 20190 30039 40057 81030 333 59004 81360=
40582 32960 32003 10293 20089 40048 53014 83030 333 55300 00000 10114 20048 30021 41297 51434 60070 55407 40027 83360 90401 91003 91105 91205 91303=
40703 42960 00000 10152 20082 38930 40125 52015 333 10284 20150 70000 555 10115 29063 66666 00220 10222 20270 30278 50278 90260=
40706 42662 11002 10180 20071 38674 40115 52012 81400 333 10267 20176 70000 81645 555 10122 29049 66666 00230 10273 20303 30304 50299 90287=
40712 42660 32804 10139 20085 38693 40121 53009 81502 333 10244 20126 70000 81640 83067 555 10110 29070 66666 00204 10231 20240 30240 50234 90226=
40713 42965 10805 10195 20084 38672 40083 53013 80001 333 10311 20195 70000 81069 555 10133 29049 66666 00266 10281 20284 30281 50277 90259=
40718 42560 71401 10217 20190 30206 40179 52010 83570 333 10252 20212 70008 83625 87458 555 10200 29085 66666 00242 10266 20266 30272 50278 90264=
40723 42560 19901 10158 20070 38991 40170 53008 81500 333 10240 20128 70000 81620 555 10112 29056 66666 00172 10194 20242 30248 50252 90244=
40726 42960 00000 10158 20067 38673 40108 52010 333 10292 20156 70000 555 10110 29055 66666 00230 10244 20278 30270 50266 90256=
40727 42960 01501 10096 21006 38507 40125 52011 333 10295 20096 70000 555 10052 29049 66666 00172 10218 20254 30256 50248 90232=
40732 42560 62301 10238 20194 30180 40156 53005 86500 333 10260 20236 70000 86626 555 10210 29077 66666 00262 10268 20284 30288 50282 90266=
40736 42960 70000 10235 20214 30202 40178 52010 87070 333 10260 20227 70026 87459 555 10221 29088 66666 00256 10262 20278 30284 50290 90289=
40737 42560 71801 10228 20200 30157 40174 52009 82570 333 10235 20220 70000 82630 87359 555 10210 29084 66666 00258 10260 20264 30263 50260 90254=
40738 42560 10000 10234 20216 30189 40191 52008 81500 333 10263 20224 70000 81630 555 10223 29088 66666 00274 10280 20280 30290 50288 90278=
40739 42965 00102 10187 20105 38723 40143 52014 333 10230 20163 70000 555 10140 29059 66666 00212 10218 20252 30272 50280 90276=
40741 42960 00000 10151 20002 39873 40195 52016 333 10260 20138 70000 555 10087 29036 66666 00218 10252 20287 30300 50311 90313=
40743 42970 00906 10202 21042 39088 40143 53013 333 10303 20185 70000 555 10098 29019 66666 00243 10270 20306 30318 50318 90316=
40745 42960 00000 10162 20019 39075 40182 50009 333 10223 20126 70000 555 10095 29038 66666 00160 10202 20242 30264 50265 90265=
40747 42960 00000 10127 20007 38656 40116 52012 333 10320 20124 70000 555 10073 29044 66666 00194 10262 20299 30305 50297 90290=
40754 42960 03602 10236 20092 38847 40107 52015 333 10298 20226 70000 555 10153 29040=
40762 42962 00404 10178 21001 38580 40122 52010 333 10243 20155 70000 555 10094 29030 66666 00194 10232 20256 30272 50275 90270=
40766 42960 01703 10141 21076 38699 40100 53009 333 10316 20141 70000 555 10058 29021 66666 00194 10250 20288 30294 50290 90280=
40768 42962 00801 10112 20000 38291 40114 53009 333 10273 20108 70000 555 10062 29046 66666 00211 10218 20280 30290 50282 90278=
40769 41958 00000 10162 20019 38334 40110 52012 70600 333 10258 20157 70000 555 10092 29038 66666 00224 10256 20292 30296 50302 90288=
40780 42960 01002 10213 21013 38684 40085 52007 333 10273 20209 70000 555 10107 29022 66666 00280 10300 20320 30320 50310 90300=
40782 42965 01203 10179 21014 38861 40090 52011 333 10315 20155 70000 555 10092 29027 66666 00228 10262 20300 30300 50306 90290=
40785 42960 02301 10230 20007 39084 40108 52015 333 10329 20207 70000 555 10123 29023 66666 00314 10329 20336 30340 50364 90378=
40791 42962 00801 10263 21033 39316 40082 52019 333 10357 20239 70000 555 10128 29014 66666 00288 10302 20338 30350 50356 90352=
40792 42962 00601 10196 21049 38723 40094 52015 333 10294 20176 70000 555 10091 29019 66666 00240 10266 20300 30314 50336 90310=
40798 42960 02602 10078 21038 38010 40137 52014 333 10255 20065 70000 555 10031 29044 66666 00168 10212 20262 30272 50263 90255=
40800 42960 03301 10183 21001 38489 40105 52013 333 10305 20170 70000 555 10096 29029 66666 00182 10206 20266 30298 50300 90294=
40809 42962 01004 10164 21087 38503 40084 52011 333 10286 20129 70000 555 10067 29017 66666 00218 10256 20290 30306 50306 90296=
40811 42960 00000 10245 20097 30013 40037 52009 333 10416 20245 70000 555 10163 29039 66666 00294 10332 20362 30374 50380 90380=
40812 42960 00000 10278 20037 39687 40036 53008 333 10371 20269 70000 555 10154 29021 66666 00334 10352 20386 30398 50398 90386=
40818 42965 02901 10151 21059 38024 40091 52016 333 10288 20145 70000 555 10063 29023 66666 00235 10267 20283 30288 50294 90296=
40821 42962 00000 10228 21015 38798 40093 52015 333 10330 20228 70000 555 10114 29020 66666 00281 10307 20339 30343 50336 90344=
40829 41957 03514 10249 21051 39533 40072 52019 70700 333 10320 20242 70000 555 10120 29013 66666 00252 10286 20320 30318 50312 90298=
40831 42960 02801 10266 20161 30035 40043 52006 333 10366 20264 70000 555 10201 29053 66666 00314 10350 20374 30378 50376 90368=
40833 42960 01102 10266 20146 30017 40047 53006 333 10419 20253 70000 555 10193 29048 66666 00338 10350 20358 30374 50384 90368=
40835 42960 00000 10213 20083 39275 40058 52008 333 10365 20213 70000 555 10142 29043 66666 00280 10312 20342 30354 50360 90350=
40841 42960 00000 10163 21079 38268 40085 52018 333 10355 20128 70000 555 10066 29018 66666 00246 10238 20288 30290 50294 90292=
40845 41958 00000 10284 20261 30039 40044 52008 71000 333 10345 20274 70000 555 10268 29088 66666 00304 10324 20354 30364 50370 90362=
40848 42660 30000 10216 20046 38517 40050 52012 81530 333 10318 20166 70000 81640 83360 555 10126 29033 66666 00250 10272 20302 30306 50302 90290=
40851 42960 00000 10216 20038 38271 40038 53009 333 10316 20216 70000 555 10122 29031 66666 00250 10292 20324 30332 50332 90318=
40854 42960 02704 10285 21085 38916 40030 52014 333 10355 20270 70000 555 10126 29008 66666 00276 10282 20340 30368 50368 90366=
40856 42962 01802 10199 21044 38635 40077 52012 333 10290 20151 70000 555 10093 29019 66666 00188 10240 20292 30308 50314 90310=
40859 42660 33103 10202 20044 38685 40051 53011 82530 333 10344 20200 70000 82635 83360 555 10120 29035 66666 00226 10268 20290 30296 50298 90292=
40875 41940 00102 10297 20270 30036 40047 52010 71000 333 10320 20288 70000 555 10277 29085 66666 00336 10354 20366 30368 50374 90372=
40879 42960 00402 10301 20098 39410 40038 52016 333 10405 20286 70000 555 10183 29028 66666 00346 10364 20396 30404 50404 90398=
40882 41920 00502 10300 20284 30008 40041 52015 71000 333 10326 20296 70000 555 10288 29091 66666 00326 10336 20372 30380 50372 90364=
40883 41530 10902 10323 20259 30021 40043 53016 70500 81600 333 10335 20300 70000 81720 555 10277 29069 66666 00335 10350 20369 30390 50383 90375=
40893 41958 03202 10287 20252 30033 40039 52010 71000 333 10316 20287 70000 555 10262 29081 66666 00355 10358 20364 30364 50368 90368=
40898 41556 51102 10291 20254 30031 40040 52008 71000 85600 222// 00302 20900 333 10296 20287 70000 85720 555 10265 29081 66666 00316 10330 20370 30374 50378 90368=
41024 42960 03004 10317 20210 30037 40062 90248 333 59002=
41036 42560 63107 10268 20020 38552 48504 86800 333 58002 86830 555 04410 50058=
41055 42560 23206 10253 20070 38360 48501 82400 333 58000 82630 555 04410 50052=
41061 42960 03105 10265 20000 39371 40037 333 58005=
41084 42960 30000 10276 21030 38820 48490 83030 333 59003 83360 555 04410 50020=
41112 42960 00000 10180 20060 37951 48509 333 58004 555 04410 50070=
41114 42560 10000 10175 20100 37985 48504 81200 333 58006 81822 555 04410 50053=
41128 42960 02404 10240 21030 38782 48499 333 58008 555 04410 50052=
41136 42960 02704 10248 21020 39262 40037 333 58003=
41140 41556 10000 10316 20280 30054 40062 71000 81100 333 58006 81830=
41150 42962 49901 10312 20266 40049 84030 333 58008 84368=
41176 44/30 /2803 10278 20242 30044 40050 333 58012=
41184 42960 02206 10279 20212 40052 333 58001=
41194 42960 01504 10313 20222 30044 40050 333 58004=
41196 42960 01704 10301 20226 30014 40053 333 58002=
41216 42960 09902 10312 20261 30044 40048 333 58004=
41217 42960 00104 10306 20253 30017 40045 333 58005=
41246 36/// /0305 10309 20286 30039 40042 333 0E031 55300 25022 59018=
41255 36/// /2802 10284 20204 39542 40033 333 0E028 59014=
41256 31959 09902 10294 20257 30031 40048 70500 90245 333 59005 55331 55407 55408 55507 55508=
41263 26/// /3501 10255 20218 39489 40037 333 0E024 55300 20001 59007 70000=
41265 26/// /1201 10257 20234 39486 40037 333 0E027 55300 20002 59008 70038=
41267 36/// /2003 10292 20222 30037 40050 333 0E028 59006=
41275 36/// /1204 10253 20234 39906 40071 333 0E025 55300 20001 59006=
41288 31356 72405 10264 20241 30049 40070 70522 87600 333 59004 87708=
41316 31558 83605 10270 20254 30045 40074 70522 886// 333 58001 55034 55407 55408 55507 55508 84710 88620=
41398 71804 10220 20220 40208 5//// 70222 84777 22200 04230 20501 30000 80220=
41480 41956 02704 10303 20258 30051 40060 70544 333 58010=
41497 81810 10280 20252 40158 5//// 70222 8677/ 22263 04300 20200 314// 40301 80260=
41498 11319 10270 20226 40233 5//// 702// 81200 22263 00270 20303 309// 40804 80240=
41506 12920 00000 10185 20154 38463 48620 60001 333 20158 59025 70000==
41508 12960 00000 10189 20149 38625 48000 60001 333 20160 59006 70000==
41515 12460 20000 10228 20168 38497 48610 60001 82500 333 20194 56800 58006 70000==
41523 12960 00000 10225 20187 39025 48660 60001 333 20210 59019 70000==
41535 12960 00000 10215 20185 38669 48460 60001 333 20166 58002 70000==
41536 12960 00000 10210 20171 38976 48640 60001 333 20184 59017 70000==
41560 12960 00000 10210 20130 38249 48650 60001 333 20180 58009 70000==
41571 11940 20000 10280 20248 39483 40038 60001 70500 82030 333 20248 56080 59025 70000==
41598 11940 00000 10295 20267 39779 40039 60001 70400 333 20268 59008 70000==
41600 11940 00000 10300 20258 39748 40030 60001 70400 333 20266 59014 70000==
41620 12940 00000 10250 20173 38518 48230 60001 333 20224 59020 70000==
41624 12960 00000 10300 20258 39827 40018 60001 333 20270 59029 70000==
41630 11920 00000 10305 20271 30000 40033 60001 71000 333 20280 59024 70000==
41640 11940 00000 10300 20258 39790 40029 60001 70400 333 20264 59027 70000==
41660 11940 02302 10205 21032 38401 48880 60001 70500 333 20164 59013 70000==
41678 11940 00000 10310 20223 30000 40030 60001 70500 333 20284 59024 70000==
41696 12960 00000 10140 20066 37998 48080 60001 333 20120 58003 70000==
41697 12960 00000 10330 20261 39869 40016 60001 333 20300 59025 70000==
41700 11940 01803 10305 20249 39887 40009 60001 70400 333 20284 59025 70000==
41710 11940 00501 10270 21030 39280 40019 60001 70600 333 20244 59009 70000==
41712 12960 00000 10260 20008 39123 48650 60001 333 20250 59008 70000==
41715 11940 00000 10310 20276 39956 40019 60001 70500 333 20284 58014 70000==
41718 11940 00000 10310 20254 39919 40017 60001 70400 333 20288 59008 70000==
41725 12940 00000 10315 20267 39947 40021 60001 333 20294 59020 70000==
41739 12940 00000 10255 21003 38998 48750 60001 333 20234 58019 70000==
41744 12940 00000 10260 20071 38732 48680 60001 333 20220 58029 70000==
41749 12940 01302 10290 20248 39994 40027 60001 333 20264 59013 70000==
41756 11240 81801 10285 20250 39990 40053 60001 70504 886// 333 20234 568// 58008 70000==
41759 11920 00000 10270 20241 30048 40053 60001 71011 333 20250 59009 70000==
41764 11940 02104 10280 20237 39981 40030 60001 70500 333 20264 59016 70000==
41768 12340 22303 10280 20279 30025 40032 60001 82600 333 20260 56800 59023 70000==
41780 12440 62505 10285 20250 30019 40046 60001 86600 333 20274 56800 59016==
41785 12960 02301 10275 20254 30033 40046 60001 333 20254 59010 70000==
41859 02950 00000 10332 20250 30000 40037 333 20284 59012 70000==
41883 02956 41302 10324 20270 30016 40036 80001 333 20285 59015 70000 84080==
41891 01330 80000 10270 20250 30010 40048 72122 8572/ 333 20270 59005 70004 82708 84615 88458 81930==
41907 02450 51304 10315 20270 30016 40031 85800 333 20270 59016 70000 83615==
41923 42450 61702 10322 20240 30028 40038 82530 333 20284 59015 82615 85360==
41936 41435 61305 10310 20260 30015 40022 70521 83630 333 20276 59011 82710 83615 84362==
41943 02440 51302 10320 20250 30034 40041 83530 333 20268 59009 70000 83616 83362==
41950 02450 60903 10316 20270 30031 40033 85430 333 20274 59007 70006 83617 83362==
41978 02458 61509 10312 20250 30038 40044 81531 333 20270 59008 70025 81618 83362 85080==
41992 01435 51604 10308 20270 30043 40045 70522 83530 333 20265 59006 70080 83616 85362==
42001 09031 99259 70897 46/// /0512 10284 20280 30097 40100 90240 22200 00302 333 91214 555 11127 22135 8//12 90235=
42027 31995 01601 10193 20161 38388 48471 70500 333 20159 59021 555 10164=
42044 32596 30000 10204 20158 38255 48473 83500 333 20136 59023 555 10117=
42045 32796 10000 10196 20159 38285 48408 81030 333 20154 59021 555 10209=
42056 32696 20501 10294 20257 39604 82100 333 10335 20245 59025 82840 555 11041=
42071 31595 10000 10308 20292 40029 71000 81100 333 10343 20270 59027 81830 555 10480=
42097 09031 99257 70837 46/// ///// 1//// 90256 22200 00302 10501 20501 70007=
42101 31995 50000 10286 20278 40040 71020 85030 333 10330 20265 59022 85360 555 10557=
42111 21595 50000 10276 20245 39344 40016 71021 82130 333 10330 20238 59017 6059/ 82830 85360 555 00590 11929=
42123 32996 20000 10294 20251 40028 82030 333 10363 20274 59021 82360 555 10407=
42165 32996 00000 10306 20258 40022 333 10366 20286 59016 555 10296=
42182 21994 10000 10284 20270 40030 71040 81030 333 10296 20251 59019 6992/ 81360 555 00002 10911=
42189 31995 00000 10292 20270 40022 70500 333 10339 20251 59020 555 10883=
42309 21496 63402 10300 20261 40047 71052 82830 333 20232 59007 6993/ 555 00003 11749=
42314 21496 70000 10272 20255 40052 71062 83530 333 20238 59002 6008/ 83618 87360 555 11500=
42328 32996 22304 10286 20252 40011 82030 333 10374 20266 59015 82360 555 10449=
42339 21695 32302 10276 20250 40037 70500 82501 333 10341 20258 59016 6990/ 82635 555 10520=
42348 21595 79902 10262 20253 40040 71022 84530 333 10288 20252 59013 6002/ 84625 85360 555 00017 11327=
42361 31995 30000 10280 20266 40025 70500 83030 333 20260 59022 83360 555 10793=
42369 21595 60000 10296 20274 40020 76162 84330 333 10360 20270 59023 6018/ 84620 81925 84360 555 00178 10642=
42379 31995 20902 10320 20279 40019 71000 82030 333 10364 20277 59018 82360 555 10698=
42410 21495 40000 10316 20280 40040 71010 81530 333 20260 59012 6018/ 81620 83360 555 00180 10946=
42415 32596 40000 10314 20264 40048 82430 333 20268 59013 82620 83360 555 10875=
42452 21495 82302 10256 20250 40027 70365 8552/ 333 10307 20254 59022 6018/ 555 00183 11045=
42492 21595 41402 10306 20284 40023 71021 82530 333 20280 59017 6016/ 82620 84360 555 00160 10555=
42559 22596 40000 10280 20249 40010 84400 333 20250 59028 6001/ 82620 83825 555 00013 11009=
42571 22596 60000 10276 20256 40019 82530 333 20255 59022 6004/ 82625 84360 555 00036 11028=
42623 31495 50000 10294 20238 39197 40030 70521 83530 333 10329 20223 59018 83618 85360 555 10745=
42634 32596 30000 10272 20246 40057 83500 333 20254 59021 83620 555 10727=
42647 31496 72904 10286 20264 40047 70522 84660 333 20264 56690 59026 82712 83618 85358 555 11037=
42667 21495 62506 10250 20241 39458 40036 70522 84730 333 20236 59027 6004/ 83710 84620 86360 555 00040 11398=
42675 21495 72302 10272 20261 40020 70562 85770 333 20248 59027 6014/ 82712 85625 86360 555 00142 11131=
42701 21495 80905 10248 20242 39299 40010 72065 84670 333 10312 20234 59023 6009/ 83712 83618 88458 555 00090 11055=
42724 31496 41402 10322 20258 40038 70511 82530 333 20275 59014 82618 83360 555 00000 11542=
42737 32496 32706 10270 20250 40058 86600 333 20244 59021 83712 555 11294=
42754 21395 72905 10246 20235 39412 40037 75022 85730 333 20222 59030 6994/ 83708 84618 85360 555 00004 10790=
42779 22595 60000 10270 20248 39333 40012 84530 333 20226 59032 6003/ 84620 555 00030 11207=
42798 21496 61111 10294 20251 40001 71022 84530 333 20256 59032 6013/ 84615 85360 555 00128 10737=
42809 21495 70504 10303 20277 40017 70562 85430 333 20265 57950 59020 6005/ 82618 84822 81925 85360 555 00053 10891=
42840 32596 50000 10278 20261 40055 83830 333 20270 59025 82620 84360 555 11459=
42867 21495 83202 10270 20241 40026 70522 84920 333 20252 59034 6990/ 83618 81930 87458 555 00000 10956=
42874 21496 73203 10282 20265 40005 71096 83630 333 20254 59036 6032/ 81712 84618 86359 555 00324 10877=
42886 21496 60904 10288 20254 49995 70321 84570 333 20251 56190 59042 6003/ 84618 86359 555 00031 10794=
42895 21495 80904 10286 20275 49993 76066 8542/ 333 20252 59041 6040/ 84618 88458 555 00399 10598=
42909 22596 42703 10280 20263 40059 83830 222// 20000 333 20268 59021 6010/ 81620 83825 555 00098 10826=
42971 21495 80506 10282 20271 49961 72162 8662/ 333 20261 56199 59063 6015/ 83712 85616 88459 555 00146 10922=
43003 21595 53203 10286 20255 40059 70562 83830 333 20262 59026 6001/ 82620 83825 84358 555 00010 12515=
43014 21496 52706 10246 20223 39409 40047 70542 85600 333 20224 59027 6993/ 83712 84620 555 00003 10555=
43041 21495 80000 10240 20237 39403 40010 76062 8572/ 333 20228 59035 6044/ 83712 85620 88458 555 00440 11205=
43063 22597 52702 10250 20230 39444 40061 85700 333 20218 56600 59025 6002/ 82722 83626 555 00016 10943=
43086 21596 80000 10260 20242 39857 40033 75052 8351/ 333 10302 20256 59024 6005/ 555 00055 10945=
43110 21496 52703 10278 20243 40076 70542 83830 333 20256 56690 59022 6003/ 81618 83822 555 00032 13748=
43117 22597 63602 10252 20243 40056 85620 333 20224 59024 555 00023 10651=
43128 21496 83204 10242 20221 39445 40044 75052 8472/ 333 10285 20236 56699 59030 6004/ 82710 83615 88458 555 00041 10724=
43150 21496 82703 10252 20246 39937 49997 75066 8452/ 222// 20000 333 10278 20242 59034 6079/ 84618 88458 555 00786 10765=
43185 21596 82701 10264 20249 30025 40028 75055 8487/ 333 10272 20254 59027 6005/ 83620 86458 555 00047 10950=
43189 21596 89902 10262 20244 30011 40020 70262 8387/ 333 10266 20245 59029 6023/ 555 00232 10718=
43192 21596 70000 10264 20258 40076 70262 82732 333 20248 59025 6028/ 555 00284 13785=
43198 22496 62712 10234 20207 39251 40068 83531 333 10274 20202 56699 59025 6004/ 70041 83612 555 00041 10882=
43201 22497 62302 10240 20214 39331 40049 84630 333 10286 20204 56690 59021 6998/ 82710 83612 85358 555 00008 10365=
43213 21596 82704 10260 20230 39725 40039 70522 83877 333 10292 20241 59033 6005/ 555 00047 10599=
43233 22497 72508 10240 20214 39268 40078 83611 333 10282 20214 56699 59031 6006/ 70064 555 00064 10415=
43237 22497 62308 10266 20221 39646 40033 83738 333 10334 20243 56699 59027 6005/ 81710 84270 555 00047 10334=
43245 32597 72302 10290 20241 30018 40044 82838 333 10337 20280 59029 555 10311=
43279 32596 80000 10290 20232 30046 40063 8452/ 333 10321 20275 59024 84620 86458 555 10611=
43284 21296 80000 10256 20247 39972 40087 76064 84771 333 10278 20245 59025 6034/ 70343 82704 83612 87458 555 00343 13436=
43295 32496 72305 10220 20190 39074 48483 84631 333 10282 20209 56599 59025 83710 83612 85358 555 10527=
43310 22496 62702 10288 20271 40071 83321 333 20264 59001 6002/ 555 00022=
43314 21496 80000 10258 20252 40098 70262 8387/ 222// 21001 333 10320 20250 59024 6036/ 555 00356 11893=
43321 31496 72308 10270 20226 39642 40085 70522 81538 333 10323 20232 59020 81612 87270 555 10100=
43329 22597 62302 10284 20241 30054 40067 81531 333 10356 20266 59020 6990/ 555 10364=
43333 21496 72711 10274 20263 40087 72162 84410 333 20262 56590 59002 6002/ 82618 83820 86458 555 00024 11559=
43344 31496 52508 10304 20235 39983 40081 70522 82531 333 10353 20266 59018 82616 83360 555 10268=
43353 21496 79902 10258 20251 40107 71065 81520 333 10290 20246 56790 59020 6020/ 81708 83612 85458=
43369 21497 83204 10250 20250 40122 76162 8372/ 333 10315 20243 59005 6020/ 83716 88456 555 00202 11258=
43371 21496 70000 10262 20253 30035 40108 71052 83478 333 10314 20252 59021 6004/ 81715 83657 555 00036 10927=
43404 22470 72204 10299 20265 30076 40079 5/015 86000 333 10324 20279 553// 20220 59020 60008 70000 91008==
43410 22/70 6//// 10294 20245 30083 40086 52013 84/6/ 333 10312 20272 3/027 59016 60008 70000 81/18==
43413 22470 72206 10292 20248 30089 40094 51015 85205 333 10308 20279 553// 20191 59017 60008 70000 91010==
43415 22470 62303 10292 20246 39989 40097 54005 84000 333 10300 20258 3/024 59012 60008 70000==
43418 22470 62301 10301 20238 30050 40091 52011 85100 333 10313 20269 59009 60008 70000==
43421 22470 22503 10296 20253 39992 40096 52012 82000 333 10337 20251 3/025 553// 20293 59018 60008 70000 91009==
43422 22470 72302 10275 20253 39965 40098 86200 333 10293 20244 3/024 55000 59016 69998 70011==
43424 22470 62304 10296 20254 30098 40100 52013 86000 333 20260 59014 60008 70004==
43436 22/70 70000 10292 20265 30088 40091 52008 83000 333 20261 3/024 59014 60008 70000==
43441 22470 72202 10274 20251 39969 40101 52010 84000 333 20245 59018 60008 70220==
43444 21470 82901 10250 20231 39575 40103 53009 76062 87110 333 10259 20227 59015 69918 70012==
43450 21470 32306 10293 20256 30098 40110 52003 70382 83200 333 10294 20249 3/024 59017 60028 70029==
43466 22470 52303 10295 20240 30106 40114 5/014 85000 333 10317 20244 553// 20296 59016 60008 70110 91006==
43467 21465 72302 10295 20254 30105 40111 52010 70382 83201 333 20262 59020 69918 70028==
43473 21/40 72807 10164 20164 38125 48490 51008 75085 333 10192 20147 3/014 553// 20176 59014 60008 70007 85702 85810 91013==
43475 22/70 52303 10307 20221 30094 40098 52013 333 10379 20267 553// 20265 59013 60008 70000 91006==
43476 22470 52301 10216 20182 38763 48509 82000 333 10242 20189 55001 59029 60008 70000==
43479 22/70 81001 10258 20173 39249 51006 83/4/ 333 10280 20204 59025 60008 70000 82/16==
43486 21465 80701 10278 20278 30014 40113 5/012 70585 87000 333 10328 20240 553// 20224 59016 60008 70095 91002==
43495 22470 32307 10288 20253 30098 40111 52015 81000 333 10294 20258 59016 60008 70033==
43497 22/70 42302 10291 20000 30090 40107 57012 333 10311 20256 59016 60008 70013 83076 82/18 91005==
44212 42/84 23602 10129 20048 39140 40226 52004 82040==
44213 42/84 62401 10135 21033 38815 40207 52004 86050==
44214 42970 02706 10089 21053 38318 40236 54000==
44215 42970 02903 10113 21052 38444 40218 52001==
44217 32998 00000 10038 21029 37909 40302 53004 333 91202=
44218 42984 00701 10134 21060 38640 40214 52005==
44219 32999 01106 10099 21024 38659 40240 52003 333 91207=
44265 42984 00000 10119 21006 38885 40241 52005==
44266 32999 01702 10075 21083 37822 40243 52003 333 91204=
44404 22458 20901 10240 20199 38103 48427 82200 333 20183 59015 69904=
44416 22560 21303 10288 20243 39284 40019 82400 333 20228 59022 60004=
44424 22560 11503 10215 20154 37661 47088 81200 333 20152 59019 60004=
44434 21560 31203 10277 20224 39162 48473 70040 81101 333 20216 59023 60004=
44438 22960 21206 10324 20258 39902 40023 80001 333 20278 59020 60004=
44449 22562 30805 10317 20271 39876 40025 81101 333 20265 59019 60004=
44454 22457 50902 10250 20209 38621 48462 83131 333 20205 59021 69904=
44462 22360 32502 10222 20183 38232 48444 83400 333 20185 59024 60034=
44474 22256 70201 10218 20183 38230 48466 86801 333 20190 59017 60024=
44477 22356 52601 10276 20228 38768 48485 82272 333 20205 59019 60004=
44478 22556 20908 10314 20279 39947 40029 82100 333 20272 59012 60004=
48010 42556 61801 10300 20266 39888 40036 83870 333 59011==
48020 42357 41801 10306 20267 83830==
48025 42456 80000 10280 20256 39915 40052 56459 8587/==
48031 41257 51801 10220 20185 70144 85800==
48048 42557 61801 10305 20233 39989 40044 85950 333 59020==
48052 32457 30000 10313 20254 83200 333 56900=
48062 42456 81805 10290 20274 30035 40042 86970 333 59019==
48064 42456 60401 10289 20259 39980 40036 84831 333 59010==
48071 41456 81302 10280 20268 30043 40051 70262 8697/ 333 59015==
48094 42457 70000 10280 20250 30055 40065 85970 333 59008==
48109 42460 62307 10300 20266 30070 40073 86900 333 59011==
50557 14/71 /2111 10240 20155 39747 40027 57033 60001 333 10265 20156 3/014 59093 70000 90761 91118==
51076 14/80 /2001 10149 20024 39374 40234 52007 60001 333 10170 20044 3/004 59030 70000 90761 91103==
51087 14/80 /1701 10138 20027 39237 40232 52007 60001 333 10165 20055 3/004 59025 70000 90761 91105==
51156 14/80 /2202 10123 20022 38734 40221 52001 60001 333 10151 20039 3/003 59026 70000 90761 91105==
51243 14/80 /0801 10174 20057 39695 40224 52005 60001 333 10208 20116 3/010 59029 70000 90761 91103==
51334 14/80 /0202 10181 20087 39825 40214 52005 60001 333 10218 20097 3/008 59038 70000 90761 91103==
51379 14/80 /0701 10174 20037 39304 40223 54000 60001 333 10193 20048 3/005 59041 70000 90761 91103==
51463 14/80 /2801 10147 20002 39061 40217 52001 60001 333 10160 20086 3/006 59040 70000 90761 91105==
51573 14/80 /1005 10240 20010 30138 40185 52011 60001 333 10305 20191 3/017 58013 70000 90761 91108==
51644 14/46 /1303 10200 20049 38966 40175 52008 60001 70600 333 10257 20113 3/013 58017 70000 90761 91106==
51656 14/64 /2101 10209 20057 39159 40167 52003 60001 333 10266 20137 3/010 58012 70000 90761 91105==
51709 14/80 /1401 10196 21040 38641 40134 52009 60001 333 10266 20182 3/017 58006 70000 90761 91106==
51711 14/80 /3201 10131 20048 38065 40149 52008 60001 333 10215 20058 3/004 58010 70000 90761 91105==
51716 14/57 /0604 10192 20046 38911 40143 52008 60001 333 10285 20172 3/018 59002 70000 90761 91107==
51765 14/77 /1003 10206 20020 39215 40166 52002 60001 333 10283 20106 3/007 58010 70000 90761 91106==
51811 14/67 /0001 10175 20048 38781 40123 52012 60001 333 10288 20172 3/018 59004 70000 90761 91110==
51818 14/62 /2901 10178 20097 38629 40107 52009 60001 333 10289 20168 3/017 59015 70000 90761 91103==
51828 14/38 /1302 10208 20078 38621 40096 52004 60001 70600 333 10268 20177 3/015 59030 70000 90761 91104==
51886 14/74 /1903 10132 21004 37176 40105 52002 60001 333 10186 20079 3/006 58006 70000 90761 91107==
52203 14/78 /1101 10200 21001 39341 40187 52007 60001 333 10255 20082 3/006 58024 70000 90761 91104==
52602 14/80 /3602 10151 21019 37323 40115 52004 60001 333 10206 20056 3/002 58027 70000 90761 91106==
52681 14/80 /2702 10167 20110 38688 40194 52009 69971 76000 333 10231 20148 3/014 58073 70016 90761 91106==
52818 14/77 /3102 10150 20015 37299 40102 52005 60001 333 10213 20086 3/006 58024 70001 90761 91106==
52908 14/80 /3201 10046 20006 35858 40117 52006 60001 333 10136 20024 3/001 58009 70071 90761 91109==
53463 14/80 /3504 10211 20109 38862 40127 52023 69911 333 10218 20158 3/015 58018 70116 90761 91115==
54857 14/80 /1603 10285 20223 30046 40135 54000 60001 333 10291 20245 3/023 59020 70000 90761 91108==
55228 04980 /1401 10130 21010 36080 49939 52006 60002 70000 333 10208 20064 3/004 5001/ 54405 59011 60001 70000 90720 91106=
55299 14/80 /0701 10085 20037 35927 40026 52006 69911 333 10158 20054 3/005 59004 70020 90761 91109==
55578 04980 /0701 10144 20057 36427 49973 52016 60002 70000 333 10238 20124 3/013 5001/ 54415 59010 60001 70000 90720 91105=
55591 14/80 /0000 10175 20058 36568 49946 52012 60001 333 10242 20152 3/013 59013 70000 90761 91104==
55664 04980 /1802 10126 20025 36072 49988 52008 60002 70000 333 10202 20082 3/008 5000/ 54415 59011 60001 70000 90720 91105=
55773 04980 /3501 10094 20027 36078 40036 52005 60102 70000 333 10144 20040 3/005 5001/ 54415 59009 60041 70102 90720 91111=
56004 14/80 /0802 10078 20029 35907 40054 52006 60001 333 10145 20047 3/004 59002 70063 90761 91108==
56018 14/80 /1701 10130 20059 36248 40000 52003 60001 333 10191 20095 3/009 59009 70001 90761 91103==
56116 04980 /1901 10147 20060 36401 40007 52002 60002 70000 333 10195 20071 3/005 5001/ 54405 59013 60001 70009 90720 91114=
56312 04980 /1702 10182 20079 37124 40023 52001 60002 70000 333 10265 20102 3/009 5002/ 54415 59008 60001 70000 90720 91105=
57494 14/62 /1202 10351 20244 30061 40089 57002 60001 333 10375 20271 3/027 59023 70000 90761 91105==
58847 14/68 /0702 10316 20223 39995 40092 57009 60001 333 10335 20256 3/025 59020 70000 90761 91105==
62306 42560 40000 10237 20189 40116 57001 84200==
62332 42560 33304 10275 20226 40099 52004 83500==
62366 45560 43605 10262 20229 40096 57001 84200==
62387 32960 03407 10263 20212 40097 52007=
62393 42960 03505 10247 20159 40124 52007==
62405 42960 01202 10273 20103 40087 52007==
62414 42960 00000 10277 20067 40095 52005==
62420 32960 00104 10242 20201 40109 52008=
62435 42960 01603 10261 20106 40088 52007==
62458 32960 03205 10288 20157 40082 52006=
