SMPK OPKC 090600=
41504 02697 20000 10250 20079 37800 48399 60001 82200 333 56900 59025 60007 82845 RH34%=
41505 22697 40000 10230 20085 38/// 48/// 60002 82430 333 56990 58/// 82840 83360 39%=
41506 02697 31804 10290 20155 38461 48460 83600 333 56900 59019 60007 83830 RH 44%=
41507 02997 00000 10290 20194 39198 49687 60001 333 58005 60007 56%=
41508 02997 00000 10272 20142 38614 48492 60001 333 59014 60007 45%=
41509 02697 22304 10300 20152 38680 48436 60001 82200 333 56900 59029 60007 82845 RH 41%=
41510 02997 00000 10235 20113 37885 48459 60001 333 59016 60007 46%=
41515 02697 20000 10273 20177 38493 48457 60001 82200 333 56900 58019 60007 82850 55%=
41516 02696 30000 10300 20142 38492 48451 60001 83100 333 56900 59025 60007  83840  RH38%=
41517 02697 30000 10265 20078 37772 48438 60001 83500 333 56900 59036 60007 83640 31%=
41518 02697 30902 10317 20104 38/// 48/// 60001 82230 333 56990 5//// 60007 82840 81362 27%=
41519 02997 00000 10310 20124 38683 48438 60001 333 59034 60007 RH32%=
41520 02697 30000 10240 20076 37621 48198 60001 83400 333 56900 59019 60007 83840 35%=
41523 02997 00000 10280 20191 39026 48475 60001 333 59020 60007 59%=
41524 02997 02302 10310 20193 39249 40056 60001 333 59020 60007 RH 50%=
41525 12697 20000 10190 20125 37680 48361 60001 82100 333 56900 59007 82840 66%=
41528 02997 00000 10290 20186 39167 48494 60001 333 59003 60007 53%=
41529 02996 03102 10330 20238 39677 40036 60001 333 59029 60007 58%=
41530 01996 13606 10320 20234 39639 40028 60007 70500 81400 333 56900 59027 60007 61%=
41534 02997 00000 10330 20246 39639 40028 60001 333 59026 60007 61%=
41535 02997 00000 10265 20182 38660 48440 60001 333 59021 60007 RH60%=
41536 22997 00000 10280 20183 38974 48473 60001 333 59030 60007 55%=
41560 02997 01304 10270 20148 38261 48474 60001 333 59012 60007 Rh47%=
41562 02997 31304 10330 20246 39587 40025 60001 83030 333 56090 59033 60007 83360 RH 61%=
41565 02696 50000 10256 20170 38615 48490 60001 82520 333 56990 59017 60007 82635 83460 60%=
41567 01996 00000 10310 20223 39629 40024 60001 70400 333 59014 60007 60%=
41571 11696 13104 10330 20225 39484 40030 60001 70500 81030 333 56090 59024 RH54%=
41572 01696 33108 10315 20246 39422 40009 60001 70400 81510 333 56990 59025 60007 81640 83460 RH67%=
41573 02697 30000 10245 20187 37960 48455 60001 83400 333 56900 59018 60007 83640 70%=
41574 02997 03102 10255 20174 38317 48485 60001 333 59005 60007 61%=
41576 01696 30000 10330 20261 40039 60001 70400 83400 333 56900 59030 60007 83840 67%=
41577 01696 12302 10325 20243 39457 40035 60001 70400 81500 333 56900 59021 60007 81640 RH 62%=
41593 01996 00000 10350 20268 39824 40022 60001 70400 333 59027 60007 63%=
41597 02997 00000 10330 20283 40042 60001 333 59022 60007 76=
41598 01996 12302 10330 20261 39767 40023 60001 70400 81020 333 56090 59026 60007 81460 67%=
41599 01696 20000 10335 20259 39759 40031 60001 70400 82400 333 56900 59019 60007 82640 65%=
41600 01696 50000 10330 20276 39747 40025 60001 70423 82570 333 56990 59023 60007 82645 83363 73%=
41620 32996 01802 10290 20149 38526 48432 60001 333 59020 60007 42%=
41624 02997 00000 10350 20261 39833 40024 60001 333 59028 60007 60%=
41625 01996 00000 10350 20261 39823 40011 60001 70400 333 59032 60007 60%=
41630 01696 20904 10350 20268 40034 60001 70400 82400 333 56900 59026 60007 82640 63%=
41633 02997 00000 10355 20259 4//// 60001 333 5//// 60007 58%=
41634 02697 20000 10310 20256 3//// 4//// 60001 82570 333 56900 5//// 60007 82640 73%=
41635 02697 12702 10350 20276 3//// 4//// 60001 81100 333 56900 5//// 60007 81840 65%=
41636 01996 00000 10355 20265 39860 40032 60001 70400 333 59027 60007 60%=
41638 01996 01802 10340 20249 4//// 60001 70400 333 5//// 60007 59%=
41639 02997 30504 10330 20261 3//// 4//// 60001 83030 333 56090 5//// 60007 83360 67%=
41640 01696 30000 10335 20251 39794 40029 60001 70400 83530 333 56990 59025 60007 83640 62%=
41641 01696 53503 10335 20227 39772 40030 60001 70411 84470 333 56990 59024 60007 84640 83460 53%=
41642 01696 40000 10325 20278 3//// 4//// 60001 70400 84800 333 56900 5//// 60007 84840 RH.76%=
41643 01696 53102 10330 20268 39766 40027 60001 70410 83470 333 56990 59026 60007 83640 83460 70%=
41644 02997 00000 10325 20255 3//// 4//// 60001 333 5//// 60007 67%=
41646 01696 33602 10350 20261 39842 40042 60001 70400 83500 333 56900 59024 60007 83640 60%=
41652 01996 00904 10340 20257 39864 40032 60001 70400 333 59031 60007 62%=
41660 02997 02312 10285 21075 38401 48485 60001 333 59017 60007 RH09%=
41661 01996 00502 10285 20013 38355 48474 60001 70540 333 59016 60007 17%=
41669 02997 22302 10355 20251 3//// 4//// 60001 82030 333 56090 5//// 60007 82360 55%=
41670 01996 01802 10340 20257 4//// 60001 70400 333 5//// 60007 62%=
41674 01996 01804 10350 20263 3//// 4//// 60001 70400 333 5//// 60007 60%=
41675 01996 01806 10350 20245 39894 40029 60001 70400 333 59019 60007 55%=
41676 01996 01304 10355 20274 39908 40056 60001 70400 333 59034 60007 63%=
41677 01996 01802 10350 20253 39855 40012 60001 70400 333 59024 60007 57%=
41678 01996 00000 10340 20233 40036 60001 70500 333 59030 60007 54%=
41679 01996 30000 10335 20266 4//// 60001 70400 83030 333 56090 5//// 60007 83360 67%=
41680 01995 00000 10350 20276 39847 40033 60001 70400 333 59031 60007 65%=
41685 02997 00000 10300 20206 38852 48457 60001 333 59023 60007 RH57%=
41696 02997 00000 10240 20037 38000 48493 60001 333 58001 60007 RH27%=
41697 02997 00000 10385 20262 40018 60001 333 59024 60007 RH50%=
41700 01996 01804 10365 20246 40018 60001 70400 333 59024 60007 51%=
41701 01996 01812 10360 20256 39889 40024 60001 70400 333 59030 60007 55%=
41710 11996 00000 10335 21066 39287 40011 60001 70600 333 59006 RH07%=
41712 12997 02302 10350 21015 39129 48490 60001 333 59014 RH10%=
41715 01996 00000 10340 20286 39958 40019 60001 70500 333 59029 60007 RH74%=
41716 01996 02306 10360 20264 39931 40028 60001 70400 333 59025 60007 58%=
41718 01996 00000 10370 20276 39926 40022 60001 70400 333 59018 60007 59%=
41724 01996 00000 10360 20264 39962 40036 60001 70500 333 59027 60007 RH58%=
41725 02996 00000 10355 20251 39955 40029 60001 333 59016 60007 RH55%=
41726 02996 00000 10350 20268 39980 40048 60001 333 58001 60007 RH 63%=
41738 02996 02705 10315 20236 39881 40053 60001 333 59010 60007 RH63%=
41739 02996 02704 10340 21021 38997 48488 60001 333 58004 60007 RH10%=
41742 12697 40000 10320 20258 40047 60001 82130 333 56990 59017 82830 82360 RH 70%=
41743 01996 02302 10350 20261 60001 70500 333 60007 RH 60%=
41744 12996 00000 10325 20059 38736 48476 60001 333 58015 RH 19%=
41745 01996 01804 10345 20263 60001 70500 333 60007 RH62%=
41746 02996 00000 10345 20270 39971 40022 60001 333 59024 60007 RH65%=
41747 02996 01302 10350 20268 40015 60001 333 59015 60007 RH63%=
41748 02996 01304 10350 20268 40035 60001 333 59017 60007 RH63%=
41749 02996 01304 10340 20257 39998 40031 60001 333 59021 60007 RH62%=
41756 01496 81808 10300 20251 39992 40055 60001 70504 886// 333 569// 59020 60007 88715 RH75%=
41757 11996 72308 10315 20252 30049 40061 60001 70400 87030 333 56090 59017 87360 RH69%=
41759 01696 23102 10315 20244 30050 40055 60001 70511 82500 333 5M900 59013 60007 82640 RH66%=
41760 01596 32316 10305 20249 30038 40051 60001 70500 83600 333 56900 59021 60007 83720 RH72%=
41764 02996 02110 10325 20240 39979 40027 60001 333 59026 60007 RH61%=
41765 02996 02306 10340 20257 39998 40032 60001 333 59024 60007 RH62%=
41766 22996 02306 10330 20261 40022 333 59011 60007 RH67%=
41767 02996 0//// 10335 20259 60001 333 60007 RH65%=
41768 02996 02304 10320 20272 30027 40034 60001 333 59026 60007 RH76%=
41780 02696 62912 10305 20241 30016 40043 60001 86500 333 56900 59018 60007 86630 RH69%=
41783 02696 42304 10315 20252 39993 40022 60007 82530 333 56990 59030 60007 82635 82360 RH 69%=
41785 22997 62302 10305 20256 30034 40047 60001 83530 333 56590 59019 60007 83640 83360 RH 75%=
41786 02996 02306 10300 20235 30004 40040 60001 333 59013 60007 RH68%=
41BAG 02697 40000 10240 20064 60001 84500 333 56900 60007 84640 32%=
41BKI 11996 03304 10310 20246 39632 40025 60001 70400 333 59025 RH 61%=
41SKP 01996 03102 10310 20254 3//// 4//// 60001 70400 333 5//// 60007 72%=
43532 02997 00000 10290 20194 39244 40003 60001 333 59028 60007 56%=
43533 02997 00000 10300 20189 39144 48451 60001 333 59020 60007 51%=
43563 02997 00000 10306 20228 39373 40024 60001 333 59017 60007 63%=

==================
41526 Not Received
41533 Not Received
41564 Not Received
41568 Not Received
41592 Not Received
41594 Not Received
41672 Not Received
41781 Not Received
==================

UPPK OPKC 090600=
PPAA 59051 41780 MISDA NO ASCENT DUE TO SHORTAGE OF RED BALLOON=
PPAA 5906/ 41515 MISDA DU TO TECHNICAL FAULT=
PPAA 5906/ 41517 MISDA DUE TO AIR MOVEMENT=
PPAA 5906/ 41600 MISDA DUE TO TECHNICAL PROBLEM=
PPAA 5906/ 41624 MISDA DUE TO TECNICAL PROBLEM=
PPAA 5906/ 41640 MISDA DUE TO TECHNICAL PROBLEM=
PPAA 5906/ 41646 MISDA DUE TO TECHNICAL FAULT=
PPAA 5906/ 41675 MISDA DUE TO TECHNICAL ISSUE=
PPAA 5906/ 41678 MISDA DUE TO TECHNICAL PROBLEM=
PPAA 5906/ 41715 NO ASENT DUE TO PAF FLYING=
PPAA 5906/ 41718 MISDA DUE TO TECHNICAL PROBLEM=
PPAA 5906/ 41739 no acent due to security risk=
PPAA 5906/ 41749 MISDA DUE TO TECHNICAL FAULT=
PPAA 5906/ 41764 NO ASCENT DUE PAF FLYING=
PPAA 5906/ 41768 NO ASCENT DUE TO SHORTAGE OF STAFF=
PPAA 5906/ 41598 MISDA DUE TO TECNICAL PROBLEM=
PPAA 59061 41506 55270 18003 21004 77999=
PPBB 59061 41506 90/7/ 00000 18002 9125/ 16503 17504 920// 21004=


Data Generated from File : D:\all data handling\Rmc_lhr\2024090906.FSU.txt
09/09/24 07:02:41
______________________________________________________________
15007 05970 12600 10123 20045 39701 40165 57007 60002 7000/ 80001 333 10173 20050 30005 4/000 55304 0//// 20478 3//// 60007 70000 91002 91102=
15020 04970 11501 10128 20045 39966 40162 57007 60002 80001 333 10207 20075 30006 55307 20566 60007 70000 91001 90760 91101==
15023 05970 01902 10121 20043 39729 40150 56005 60002 7000/ 333 10184 20079 30010 4/000 55307 0//// 20544 3//// 60007 70000 91003 91103=
15056 05970 02001 10180 20039 39815 40155 57006 60002 7000/ 333 10209 20157 30007 4/000 55305 0//// 20537 3//// 60007 70000 91001 91102=
15069 05998 00901 10051 20019 39109 42798 57008 60002 7000/ 333 10160 20009 30101 4/000 55304 0//// 20448 3//// 60007 70000 91003 91103 92600=
15073 05998 01801 10152 20046 39706 40163 57008 60002 7000/ 333 10179 20090 30005 4/000 55304 0//// 20498 3//// 60007 70000 91002 91103=
15090 04970 02801 10134 20077 30073 40164 57008 60002 333 10175 20089 30006 55307 10060 20584 30151 60007 70000 91002 90760 91102==
15107 05970 10700 10056 20022 39380 42802 57010 60002 7000/ 80001 333 10163 20009 30102 55304 0//// 20479 3//// 60007 70000 91001 91102 95000=
15108 02/84 11303 10105 20014 38111 48507 57005 60002 81040 333 10116 20062 55310 20860 60007 70000 91005 90760 91105==
15109 05998 12706 10115 20045 39739 40170 57007 60002 7000/ 81040 333 10169 20103 30010 4/000 55307 0//// 20552 3//// 60007 70000 91009 91111=
15111 05970 00600 10121 20066 39899 40160 56007 60002 7000/ 333 10188 20082 30006 4/000 55305 0//// 20507 3//// 60007 70000 91001 91101=
15113 05966 02401 10105 20087 30002 40165 57006 60002 7000/ 333 10173 20070 30010 55307 0//// 20576 3//// 60007 70000 91002 91102=
15127 05999 22402 10062 20024 39307 42802 56007 60002 7000/ 80001 333 10167 20014 30101 4/000 55304 0//// 20468 3//// 60007 70000 91002 91102 95000=
15148 05970 30301 10124 20023 38715 48493 57010 60002 7000/ 81041 333 10130 20058 30/// 55303 0//// 20316 3//// 60007 70000 91002 91102=
15150 04970 03501 10132 20075 39958 40169 57005 60002 333 10163 20076 30006 55308 20573 60007 70000 91001 90760 91102==
15154 05970 03401 10106 20084 30019 40162 57006 60002 7000/ 333 10173 20071 31006 4/000 55309 0//// 20664 3//// 60007 70000 91002 91103=
15168 05/70 /0404 10131 20039 39540 42783 58011 60002 7000/ 333 10199 20088 3/006 4/000 55303 0//// 20412 3//// 60007 70000=
15170 04970 13601 10053 20045 39402 42795 57008 60002 80001 333 10138 21008 30007 55305 20429 60007 70000 91001 90760 91101==
15194 05970 02805 10123 20063 39878 40170 57007 60002 7000/ 333 10170 20099 30008 55304 0//// 20478 3//// 60007 70000 91007 91108=
15197 05970 00402 10134 20070 39957 40165 57004 60002 7000/ 333 10217 20103 30007 4/000 55306 0//// 20569 3//// 60007 70000 91002 91103=
15215 05968 02900 10109 20059 39562 42785 58010 60002 7000/ 333 10181 20056 39003 4/000 55304 0//// 20461 3//// 60007 70000 91002 91102=
15217 05970 13503 10116 20046 39502 42794 57009 60002 7000/ 80001 333 10148 20051 30005 55304 0//// 20484 3//// 60007 70000 91004 91105=
15219 05/70 /3104 10134 20071 30038 40162 57004 60002 7000/ 333 10172 20098 3/009 4/000 55305 0//// 20549 3//// 60007 70000=
15238 05998 20401 10114 20056 39552 42792 57008 60002 7000/ 80001 333 10194 20044 30003 55309 0//// 20731 3//// 60007 70000 91001 91101=
15261 05963 03301 10075 20051 39364 42809 57009 60002 7000/ 333 10148 20018 30001 55302 0//// 20456 3//// 60007 70000 91001 91101=
15262 02998 01105 10112 2//// 38228 48/// 57007 60002 333 1//// 2//// 30/// 55309 0//// 20684 3//// 60007 70000 91007 91107=
15265 05970 03403 10147 20085 30082 40156 58004 60002 7000/ 333 10209 20107 30008 4/000 55304 0//// 20515 3//// 60007 70000 91004 91106=
15280 02984 32205 10079 21190 37534 47107 57007 60002 80008 333 10085 20032 30/// 55309 20744 60007 70000 91007 90760 91108==
15300 05999 21002 10124 20051 39534 42788 57008 60002 7000/ 80001 333 10195 20064 30004 55309 0//// 20673 3//// 60007 70000 91003 91104=
15301 05970 32002 10124 20018 38637 48520 57011 60002 7000/ 80001 333 10144 20102 30/// 55307 0//// 20571 3//// 60007 70000 91005 91105 95000=
15302 05970 31201 10090 20038 38929 48497 57010 60002 7000/ 80001 333 10146 20060 30/// 55300 0//// 20152 3//// 60007 70000 91002 91102 95000=
15307 05/70 /3402 10180 20059 39969 40150 57003 60002 7000/ 333 10207 20141 3/016 4//// 55308 0//// 20620 3//// 60007 70000=
15310 04970 00202 10160 20070 30070 40155 54001 60002 333 10221 20133 30012 55301 00010 20304 30328 60007 70000 91004 90760 91107==
15324 06970 80401 10122 20057 39376 42796 56010 60002 7000/ 80007 333 10185 20078 30007 4//// 55305 0//// 20420 3//// 60007 70000 91001 91104=
15325 05970 02900 10123 20027 38491 48502 57010 60002 7000/ 333 10124 20084 30/// 4/000 55306 0//// 20498 3//// 60007 70000 91002 91105=
15328 05970 30302 10134 20055 39821 40167 57006 60002 7000/ 83070 333 10184 20106 30011 4//// 55306 0//// 20454 3//// 60007 70000 91005 91105=
15335 04/70 13102 10175 20098 30145 40152 50001 60002 81030 333 10184 20132 30011 55309 20673 60007 70000 91003 90760 91103==
15336 05/70 /3202 10162 20113 30145 40146 50003 60002 7000/ 333 10179 20123 3/014 4/000 55308 0//// 20670 3//// 60007 70000=
15349 05970 10101 10137 20052 39617 40162 57010 60002 7000/ 80001 333 10183 20081 30005 4/000 55304 0//// 20448 3//// 60007 70000 91001 91103=
15350 04970 03203 10175 20049 30040 40157 57005 60002 333 10222 20143 30015 55300 20418 60007 70000 91005 90760 91106==
15360 04/70 63506 10193 20161 30126 40142 52003 60002 86070 333 10212 20178 60007 70000 91007 90760 91107==
15375 05999 23303 10169 20039 39803 40153 57011 60002 7000/ 80001 333 10223 20111 30010 4/000 55307 0//// 20607 3//// 60007 70000 91005 91106=
15377 05997 00302 10171 20048 39940 40151 57009 60002 7000/ 333 10213 20089 30007 55300 0//// 20211 3//// 60007 70000 91004 91104=
15387 05970 43204 10161 20143 30142 40145 52003 60002 7000/ 84030 333 10176 20131 30014 4/000 55303 0//// 20487 3//// 60007 70000 91005 91105=
15402 05970 10200 10172 20047 30079 40152 58006 60002 7000/ 81040 333 10220 20111 30009 55302 0//// 20383 3//// 60007 70000 91001 91102=
15405 05970 03603 10167 20071 30097 40158 57005 60002 7000/ 333 10194 20103 30010 4/000 55307 0//// 20576 3//// 60007 70000 91005 91105=
15406 05970 03402 10148 20104 30102 40149 57004 60002 7000/ 333 10202 20120 31010 4/000 55307 0//// 20603 3//// 60007 70000 91003 91103=
15408 01970 00302 10202 20103 39890 40147 57002 60002 700// 333 10203 20154 30012 4//// 55306 0//// 20603 3//// 60007 70000 91003 91104=
15409 01970 03506 10201 20099 30098 40144 54000 60002 700// 333 10201 20157 30015 4/000 55307 0//// 20618 3//// 60007 70000 91007 91108=
15419 05964 50101 10157 20066 39967 40158 57010 60002 7000/ 80006 333 10188 20098 30007 4/000 55300 0//// 20205 3//// 60007 70000 91002 91103=
15420 04970 00201 10175 20060 30042 40150 55007 60002 333 10201 20080 30006 55304 20492 60007 70000 91002 90760 91103==
15421 05970 00102 10166 20053 30052 40161 57008 60002 7000/ 333 10228 20119 30/// 55302 00075 20421 30486 60007 70000 91003 91103=
15422 05970 00301 10181 20062 30050 40149 55008 60002 7000/ 333 10222 20141 30012 55300 0//// 20182 3//// 60007 70000 91003 91103=
15425 05970 00203 10159 20081 30090 40153 57005 60002 7000/ 333 10216 20131 30013 4/000 55306 0//// 20577 3//// 60007 70000 91004 91105=
15434 02970 20703 10188 20047 39941 40145 56013 60002 82040 333 10239 20116 30011 4/000 55304 0//// 20424 3//// 60007 70000 91005 91105=
15444 05/70 /3200 10167 20108 30080 40151 58006 60002 7000/ 333 10195 20105 3/008 4/000 55304 0//// 20515 3//// 60007 70000=
15455 05970 20502 10177 20041 30022 40149 57010 60002 7000/ 80002 333 10206 20124 30014 4/000 55307 0//// 20583 3//// 60007 70000 91003 91103=
15460 04970 10201 10176 20086 30128 40152 57006 60002 80001 333 10209 20121 30010 55308 20619 60007 70000 91003 90760 91103==
15462 05970 03002 10173 20129 30066 40150 57004 60002 7000/ 333 10215 20137 30011 4/000 55306 0//// 20594 3//// 60007 70000 91004 91104=
15470 04970 30402 10175 20042 30024 40146 56009 60002 80009 333 10236 20134 30012 55303 20456 60007 70000 91003 90760 91104==
15475 02997 20801 10168 20100 30131 40150 58004 60002 80001 333 10204 20102 30011 55306 0//// 20584 3//// 60007 70000 91002 91102=
15479 05970 03202 10186 20114 39961 40148 58007 60002 7000/ 333 10199 20145 31010 4/000 55305 0//// 20580 3//// 60007 70000 91003 91103=
15480 04970 02801 10186 20120 30128 40145 50001 60002 333 10228 20156 31013 55304 00060 20455 30456 60007 70003 91002 90760 91103==
15489 05970 20602 10179 20050 30054 40146 56012 60002 7000/ 80002 333 10230 20136 30015 4/000 55307 0//// 20508 3//// 60007 70000 91004 91105=
15491 05970 00601 10193 20134 30119 40148 57006 60002 7000/ 333 10229 20124 30014 55306 0//// 20540 3//// 60007 70000 91003 91104=
15499 05970 02802 10196 20135 30135 40144 54000 60002 7000/ 222//=
15549 12970 41601 10178 20123 39746 40146 53001 60002 80001 333 10211 20132 70000 555 30008 570//=
15552 12970 02701 10200 20139 30094 40141 57002 60002 222// 0//// 10401 333 10214 20159 50362 55068 70000 555 30013 568// 92033 92438=
15640 12974 00000 10201 20123 39847 40146 58003 60002 333 10232 20152 55119 70000 555 30014 561//=
15655 12968 02503 10182 20134 30113 40145 57001 60002 222// 00249 10301 333 10233 20174 70000 555 30/// 574// 92032 92437=
15730 12970 00000 10147 20073 39767 40154 57012 60002 333 10235 20114 55126 70000 555 30/// 561//=
16627 12570 20000 10216 20153 30133 40138 56003 60002 81101 333 20174 30/// 55112 70000 90730 91104==
16650 12460 20607 10240 20183 30123 40131 56006 60002 81101 333 20202 30/// 55108 70000 90730 91113==
16667 12960 03312 10252 20190 30115 40126 54000 60002 333 20224 30/// 55108 70000 90730 91117==
16706 12560 10213 10246 20180 30098 40105 55000 60002 81100 333 20238 30/// 55110 70000 90730 91120==
16723 12960 00212 10258 20149 30086 40099 53010 60002 333 20244 30/// 70000 90730 91117==
16732 26/// /3619 10248 20187 30096 40107 52004 333 20243 60005 90730 91131==
16742 12960 03612 10252 20169 39940 40089 51010 60002 333 20230 30/// 70000 90730 91124==
16749 12460 12410 10276 20193 30069 40082 52010 60002 81100 333 20250 30/// 55111 70000 90730 91112==
16754 12560 33114 10260 20182 30075 40122 54000 60002 83100 333 20250 30/// 55104 70000 90730 91119==
16760 12560 30208 10234 20152 40124 50000 60002 83101 333 20229 30/// 55101 70000 90730 91112==
17022 11670 31807 10225 20177 39971 40129 53001 69932 70181 83200 333 20199 31018 55064 21507 70004 83834 90760 91113==
17024 12670 22006 10223 20209 30043 40117 51002 60002 82200 333 20172 32015 55020 70090 82835 90760 91118==
17026 12970 02901 10259 20191 30092 40129 58002 69912 333 20193 32015 55038 20992 70059 90760 91105==
17031 12570 52704 10244 20202 30123 40129 52004 60122 83150 333 20207 32019 70124 83832 85360 90760 91110==
17034 12670 50000 10252 20197 30092 40136 52007 60002 82130 333 20226 31021 55000 70012 82835 85360 90760 91104==
17038 12670 32303 10263 20175 30080 40125 51006 60012 83100 333 20218 31/// 70046 83835 90760 91118==
17042 12970 01901 10255 20190 30096 40134 52011 60022 333 20214 32022 55000 70036 90760 91117==
17050 12970 00000 10204 20162 30095 40154 56002 60002 333 20176 30014 55106 90760 91106==
17056 12970 03305 10223 20175 30135 40139 50000 60002 333 20195 30019 55102 22068 90760 91109==
17060 12660 33502 10245 20181 30099 40138 51001 60002 83100 333 20203 30017 55000 83835 90760 91109==
17070 12965 00601 10172 20131 39290 40125 57004 60002 333 20133 30010 55/// 21616 70008 90760 91104==
17074 12570 70101 10166 20159 39232 40132 50002 60002 85270 333 20154 31013 55032 21285 70151 85830 87459 90760 91102==
17084 12670 12101 10180 20166 39263 40138 51007 60012 81100 333 20145 32012 55106 22462 70172 81835 90760 91103==
17085 12670 23203 10205 20161 39662 40127 50005 60022 82100 333 20182 32018 55093 70021 82840 90760 91109==
17092 11245 40000 10152 20149 38872 48517 51002 60002 71041 83630 333 20114 31011 55039 20569 70014 83705 84358 90760 91105==
17096 12660 10813 10189 20102 38271 48524 52002 60002 81100 333 20084 30007 55074 20662 81840 90760 91118==
17098 12660 33502 10156 20111 38246 48542 52005 60002 81140 333 20091 30008 81840 83358 90760 91109==
17100 12970 00000 10236 20135 39202 40144 52007 60002 333 20171 30015 55093 22680 90760 91107==
17112 12670 10406 10238 20189 30124 40126 56003 60002 81200 333 20215 30020 55097 22332 81835 90760 91109==
17115 11660 41404 10238 20188 30085 40134 50000 69902 72511 84200 333 20190 31018 55089 22156 84835 90760 91116==
17116 12965 00000 10213 20185 30018 40134 57001 60002 333 20163 30016 55036 70004 90760 91102==
17124 12960 02903 10177 20137 39250 40129 58002 60002 333 21616 30011 90760 91107==
17128 12970 00002 10171 20102 39072 40124 50001 60002 333 20114 30011 55058 20729 90760 91104==
17135 12970 01901 10193 20154 39281 40117 50003 60002 333 20151 30012 55076 24208 90760 91103==
17140 12965 01001 10200 20127 38704 48501 52004 69902 333 20132 30013 90760 91104==
17150 12960 01501 10189 20174 30008 40127 50001 60002 333 20145 30014 55049 21612 70024 90760 91106==
17160 12970 03201 10196 20109 39007 48505 51002 60002 333 20156 30014 55114 22273 90760 91111==
17170 12660 21409 10261 20088 38367 48529 52004 60002 82100 333 20134 30/// 82840 90760 91114==
17175 12965 00105 10247 20173 30106 40110 58001 60002 333 20226 30020 55102 22131 90760 91113==
17184 12970 03602 10227 20154 30007 40113 50001 60002 333 20190 30018 55109 22299 90760 91107==
17190 12970 00000 10172 20115 38979 48502 51002 60002 333 20130 30011 55109 90760 91106==
17190 12970 00000 10172 20115 38979 48502 51002 60002 333 20130 30011 55109 90760 91106==
17195 12/70 20902 10207 20100 38961 48508 50002 60002 82030 333 20132 30011 55044 21403 82360 90760 91108==
17200 12960 30002 10216 20138 39181 40117 52009 60002 80001 333 20121 30/// 70004 83070 90760 91108==
17202 12970 20203 10242 20128 39125 40101 52009 60002 80001 333 20149 30/// 82070 90760 91107==
17203 12970 01301 10230 20112 38884 48559 51007 60002 333 20170 30015 55076 21884 90760 91103==
17210 12670 50201 10292 20121 39125 40082 52006 60002 85100 333 20231 30021 55077 70002 85840==
17219 12965 03614 10240 20148 39967 40104 52002 60002 333 20213 30023 55098 22165 90760 91121==
17234 12970 01801 10256 20150 30034 40098 52010 60002 333 20210 30018 55095 22223 90760 91103==
17237 12970 00501 10235 20143 39627 40101 50001 60002 333 20200 30016 55100 90760 91104==
17240 12970 00402 10223 20140 39012 40093 51003 60002 333 20178 30012 55098 22148 90760 91107==
17244 12970 01603 10194 20117 38988 48509 51004 60002 333 20130 30/// 70004 90760 91106==
17248 12970 03401 10191 20127 38972 48504 52003 60012 333 20141 31012 55000 70016 90760 91105==
17250 12970 00702 10212 20099 38801 48511 52003 60002 333 20139 30013 55094 22064 90760 91110==
17260 12960 01501 10268 20188 39298 40061 52010 60002 333 20163 30015 90760 91106==
17270 12970 01901 10307 20125 39487 40085 52011 60002 333 20249 30020 90760 91106==
17275 12670 30000 10303 20092 38980 48535 52007 60002 81140 333 20264 30023 55101 81840 83360 90760 91108==
17280 12960 01802 10281 20119 39357 40090 52008 60002 333 20185 30015 55080 22119 90760 91106==
17290 12970 01101 10271 20155 30060 40090 52011 60002 333 20250 30020 55110 90760 91107==
17292 12970 00000 10223 20126 39366 40078 51006 60002 333 20186 30017 55092 22202 90760 91107==
17300 12560 13607 10274 20186 30034 40101 52006 60002 81100 333 20232 30022 81830 90760 91109==
17310 12970 00903 10312 20232 30075 40082 51006 60002 333 20278 30024 55000 90760 91105==
17330 12/70 30601 10292 20184 30084 40101 52007 60002 81031 333 20255 30025 81360 83070 90760 91106==
17350 12660 30603 10292 20129 30021 40095 51010 60002 81101 333 20210 30/// 81835 83070==
17370 12670 23401 10292 20209 30098 40102 52009 60002 82200 333 20262 30024 55091 82835 90760 91103==
17375 12970 00101 10272 20162 30075 40077 53005 60002 333 20231 30021 55103 22366 90760 91105==
33088 32997 01303 10145 20066 39988 40174 57005 333 20077 555 10020 52003=
33135 32997 00801 10158 20078 30054 40197 57005 333 20070 555 10019=
33177 32998 61303 10167 20041 39917 40145 57004 80001 333 20118 555 10023=
33317 32997 01304 10166 20030 39845 40170 57004 333 20075 555 10023 52003=
33393 32960 31404 10173 20032 39749 40124 57012 80001 333 20133=
33415 32998 11102 10156 20011 39771 40155 57006 80001 333 20135 555 10021=
33429 32998 21002 10150 20032 39755 40164 57005 80001 333 20098 555 10023 52003=
33466 32698 30502 10193 20049 39998 40177 57003 82530 333 20104 555 10027=
33506 11597 80802 10168 20051 30003 40192 51001 69902 72582 883// 333 20161 555 10021=
33562 32960 00000 10111 20053 39887 40187 58003 333 20072 555 10010=
33587 32998 60000 10153 20077 39918 40172 57002 86050 333 20087 555 10020=
33658 32981 21002 10142 20042 39863 40154 57007 80001 333 20087 555 10018=
33663 32998 02101 10101 20040 30085 40180 57002 333 20071 555 10014 52004=
33664 32998 01101 10180 20002 39850 40154 57005 333 20103 555 80014=
33678 32998 02802 10145 20004 39980 40185 57004 333 20068 555 80012=
33679 32997 00000 10157 20027 39984 40168 57002 333 20088=
33711 32960 00805 10192 20059 39963 40163 57003 333 20125 555 10022=
33745 32997 00601 10171 20027 39982 40169 57008 333 20091 555 80014=
33748 32997 01203 10174 20026 39883 40157 57004 333 20108 555 80011=
33754 32998 00000 10140 20056 30024 40167 56001 333 20080=
33761 32970 10203 10157 20056 39949 40165 54000 80001 333 20101 555 10022=
33791 32983 50605 10200 20009 30039 40161 57006 85030 333 20158 555 10022=
33815 32998 00101 10169 20032 39954 40154 57001 333 20148=
33837 32981 53501 10201 20081 30098 40147 53003 82039 333 20162 555 10024=
33881 32998 03201 10187 20040 39966 40154 57002 333 20129 555 80012=
33883 32998 00101 10184 20046 39994 40152 57003 333 20136 555 80015=
33885 32998 03601 10149 20059 30034 40165 57005 333 20119 555 80012=
33892 32998 00302 10161 20038 39948 40152 52004 333 20118 555 80020=
33902 32597 60502 10200 20050 30089 40146 57004 83502 333 20157 555 10023=
33924 12570 20603 10206 20137 30121 40133 57003 60002 81209 333 20163==
33946 12780 80803 10197 20173 39916 40126 57003 60002 82531 333 20156==
33983 11560 70902 10205 20151 30068 40125 54000 69902 72522 86330 333 20183==
34300 32697 61202 10188 20038 30040 40210 54000 83531 333 20154 555 10024=
34336 42970 50301 10171 20044 30130 40230 58004 80009==
34344 42970 31701 10188 20077 30143 40227 58004 80009==
34356 42960 61004 10226 20032 30097 40237 54000 80006==
34357 42970 61003 10178 20038 30082 40231 54000 80004==
34398 12970 60903 10240 20083 30238 40247 52003 60002 80003 333 20145==
34415 11670 70000 10160 20080 30106 40199 58002 69902 70281 86570 333 20102 555 10020=
34438 42/60 20905 10201 20033 30031 40213 58001 82041==
34445 42970 31003 10191 20033 30119 40228 52001 80002==
34461 42960 61901 10207 20059 30184 40237 54000 80006==
34473 32997 20903 10246 20050 30209 40245 54000 80003 333 20126=
34476 42970 30905 10253 20044 30238 40245 53004 80004==
34504 11675 70705 10186 20050 30005 40172 57007 69902 70282 84530 333 20177=
34535 42/70 21005 10205 20025 30136 40204 58006 81039 333 91010 90760 91110==
34545 42970 30905 10194 20027 30110 40216 50001 80002 333 90760 91110==
34555 42/70 70303 10190 20084 30146 40233 50002 82044==
34560 42960 61207 10212 20043 30054 40235 52006 80001==
34578 42/60 80703 10225 20051 30229 40236 52001 8807/==
34579 42570 60602 10229 20036 30199 40241 52003 85501==
34644 42960 20704 10202 20046 30123 40196 50001 80001==
34646 42970 80904 10200 20079 30128 40205 57002 80001 333 20170==
34655 42560 60806 10224 20009 30156 40213 57003 86400 333 90760 91110==
34662 42970 80804 10213 20033 30218 40229 58003 80002==
34691 12/70 30000 10251 20056 30256 40244 53003 60002 82032 333 20130==
34720 42670 20804 10199 20080 30134 40172 54001 81581 333 20173==
34727 42960 21006 10204 20087 30127 40155 57003 80001 333 20180 90760 91111==
34743 42960 70905 10209 20040 30115 40200 57003 80009==
34759 42/60 70805 10207 20070 30074 40198 58001 83031==
34772 42/70 60906 10238 20029 30222 40225 53002 86034 333 91010 90760 91111==
34785 42/70 81107 10247 20043 30252 40229 52002 86039 333 91010 90760 91110==
34798 12960 60804 10252 20135 30261 40234 52001 60002 80001 333 20129==
34824 42960 41004 10210 20118 30139 40144 57002 80001 333 20182 90760 91110==
34838 41560 80903 10158 20120 30066 40158 50004 72982 889// 333 20148==
34845 42570 81103 10188 20084 30079 40181 53003 85534==
34858 42/60 71002 10204 20090 30082 40184 50000 87070 333 20144==
34861 42/70 61106 10212 20054 39963 40193 57002 80031==
34866 42/70 61006 10244 20055 30204 40196 58002 80031 333 91010 90760 91112==
34880 42/60 61005 10238 20109 30247 40223 52004 82031 333 90760 91110==
34887 42/70 70704 10231 20109 30230 40212 52003 81036 333 90760 91111==
34949 41570 81004 10166 20123 39648 40170 52002 70282 8353/==
34954 42570 73501 10205 20098 30009 40174 52006 82501 333 20140==
34958 42570 81203 10208 20127 39981 40170 54001 885//==
34975 41/60 41306 10251 20106 30187 40184 54001 70700 80031 333 91014 90760 91114==
34984 42970 00707 10239 20110 30231 40202 53004 333 91012 90760 91112==
35217 12/60 51403 10226 20043 30232 40270 52005 60002 82083 333 20130==
35302 12970 51003 10200 20068 30240 40260 52003 60002 80001 333 20135==
35315 32998 61102 10229 20055 30215 40268 52002 84032 333 20090=
35344 32999 00000 10203 20094 39996 40266 52004 333 20074=
35345 36/// /0503 10220 20096 39961 40262 51006=
35358 12/60 20503 10165 20064 30097 40259 53012 60002 82040 333 20092==
35368 32599 33102 10169 20088 30008 40261 52003 82540 333 20063=
35386 32598 43201 10184 20065 39744 40232 52003 84200 333 20054=
35394 12670 23102 10182 20036 39589 40223 52004 60002 82100 333 20049==
35404 32998 71102 10232 20121 30242 40250 52004 80004 333 20140=
35406 12960 61302 10228 20088 30254 40256 52004 60002 80001 333 20132==
35416 12970 42601 10207 20058 30163 40277 52006 60002 80005 333 20096==
35426 12984 63102 10216 20105 30004 40276 52006 60002 80001 333 20073==
35437 32998 20101 10201 20106 39981 40275 52007 80003 333 20065=
35449 32998 30000 10188 20115 30172 40269 52005 80001 333 20116=
35497 12970 10000 10184 21002 39466 40213 52001 60002 80001 333 20051==
35498 32698 62301 10195 20032 39388 40205 57002 82501 333 20020=
35514 32998 51405 10230 20043 30266 40262 52005 80001 333 20130=
35519 32998 21103 10223 20046 30209 40276 52004 80001 333 20102=
35522 32998 51502 10193 20052 30040 40278 52009 80001 333 20111=
35542 32999 03601 10207 20052 30130 40268 52004 333 20093=
35563 32598 10404 10158 20026 39513 40241 52006 81100 333 20070=
35576 12970 00401 10198 20074 39810 40229 52003 60002 333 20099==
35582 32998 20203 10192 20091 39661 40220 52005 80003 333 20033=
35594 32999 50502 10188 21001 39424 40206 58003 82042 333 20021=
35605 32998 61205 10227 20104 30267 40247 52006 80002 333 20145=
35633 32998 00302 10208 20054 30069 40269 52006 333 20098=
35671 12970 03602 10208 20062 39829 40228 52001 60002 333 20071==
35699 12960 00201 10195 20004 39499 40202 58002 60002 333 20075==
35700 12970 51305 10248 20086 30267 40245 53017 60002 80005 333 20151==
35715 32999 51305 10231 20051 30274 40260 52005 80001 333 20153=
35739 32999 20504 10208 20086 30134 40265 53009 80001 333 20073=
35746 12970 00306 10202 20115 30197 40260 52007 60002 333 20112==
35777 32997 00000 10202 20062 39884 40205 57007 333 20063=
35796 12960 20402 10216 21009 39797 40200 58002 60002 80001 333 20097==
35816 36/// /1504 10230 20059 30268 40279 51006=
35849 12970 00203 10199 20081 30169 40250 52008 60002 333 20087==
35895 32998 30704 10183 20073 39793 40208 58003 80002 333 20091=
35907 32998 01107 10215 20112 30249 40221 52001 333 20159=
35925 12970 20903 10204 20071 30156 40262 52007 60002 80002 333 20098==
35927 32998 31102 10218 20063 30253 52006 80001 333 20132=
35953 12984 00208 10220 20063 30109 40229 52003 60002 333 20085==
35969 12984 00201 10229 20026 30055 40215 52007 60002 333 20074==
35997 32698 60502 10193 20068 39791 40192 52002 83575 333 20120=
36259 42584 31801 10117 21037 38274 48534 57009 82901==
36335 32999 03502 10175 20034 39262 40217 52002 333 20033=
36358 32599 60000 10172 20017 39260 40209 54000 86200 333 20043=
36394 32797 61401 10193 20050 39828 40221 58002 82284 333 20061=
36397 12684 51602 10196 20029 39611 40215 52001 60002 82141 333 20075==
36403 32698 50102 10196 20076 39882 40217 58002 85900 333 20100=
36418 32799 33504 10194 20030 39634 40204 57007 82209 333 20077=
36421 32699 20000 10163 20065 39691 40219 58012 82200 333 20008=
36428 32799 31603 10181 20058 39748 40215 58011 83241 333 20044 95000=
36467 32999 02303 10182 20014 39324 40203 58006 333 20006=
36498 32698 23003 10195 20022 39459 40191 58004 81501 333 20065=
36501 32999 70000 10180 20058 39507 40207 54000 87030 333 20068=
36535 12/84 33201 10195 20041 39627 40213 58007 60002 82030 333 20020==
36546 32999 01102 10221 20134 39707 40201 58007 333 20053=
36619 32999 20902 10230 20052 80001 333 20076=
36622 32998 21302 10205 20041 39441 40181 58007 82040 333 20062=
36639 12984 10000 10227 20061 39616 40170 58007 60002 80001 333 20028==
36643 32999 20804 10186 20074 39589 40203 58007 80009 333 20038=
36665 32999 00000 10183 20057 39520 40194 58005 333 20095=
36666 32999 10202 10168 20078 39752 40213 58004 80001 333 20029=
36729 32998 60904 10233 20052 39723 40163 58006 80001 333 20052=
36736 32999 50702 10232 20054 39674 40180 58009 80001 333 20064=
36744 32998 70302 10216 20044 39771 40186 58002 87030 333 20092=
36770 32999 73502 10221 20018 39492 40159 58003 83061 333 20035=
36786 32999 53201 10212 20057 39311 40155 58001 80002 333 20065=
36796 32998 00000 10200 20062 39038 48538 58008 333 21005=
36803 32999 31205 10225 20062 39761 40173 58003 80001 333 20095=
36806 32999 21510 10223 20041 39744 40174 58004 80002 333 20086 91119=
36819 32598 82003 10190 20027 39611 40182 51001 8295/ 333 20086=
36821 12/84 70302 10230 20047 39725 40175 58001 60002 82032 333 20075==
36839 32799 41602 10216 20054 39104 40142 58006 82541 333 20053=
36843 32998 30901 10211 20026 39065 40148 54000 80002 333 20074=
36846 32999 21603 10193 21011 38632 48528 58003 80009 333 20022=
36859 12584 61801 10220 20054 39425 40144 58012 60002 82535 333 20070==
36870 12560 81801 10177 20094 39216 40163 52005 60002 889// 333 20105==
36874 31599 62701 10168 20052 39449 40179 52004 70182 86900 333 20066=
36877 32699 80000 10174 20095 39264 40179 52003 889// 333 20065=
36885 32699 62908 10186 20052 39114 40167 52003 82531 333 20083=
36889 31497 83601 10037 20031 37107 47138 52001 78581 889// 333 20016=
36894 32699 60000 10212 20041 39474 40158 58007 82182 333 20107=
36905 32999 70401 10178 20043 38754 48516 58004 84042 333 20084=
36911 41698 80901 10167 20157 39281 40202 52010 78082 889// 333 20110=
36927 42699 71802 10167 20038 38389 48546 53011 87900 333 20109=
36953 32899 60000 10166 21006 38223 48508 58011 83041 333 20004=
36974 42798 62702 10210 20070 37968 48482 57022 82502 333 20093=
36982 42999 62106 10050 21044 36590 47132 58004 86030 333 21025=
37018 41670 61302 10269 20181 30058 40128 52001 70198 84902==
37031 41560 81201 10182 20157 39971 40157 52008 72582 889//==
37054 42560 80000 10184 20134 39804 40170 53005 885//==
37061 42560 80702 10192 20145 30009 40170 57002 885//==
37085 42970 21009 10256 20154 30198 40172 52002 80001 333 91014 90760 91116==
37171 42970 61201 10267 20184 30111 40128 52002 80001==
37228 41420 80000 10162 20144 39358 40155 52003 71011 8667/==
37235 42/70 22502 10199 20164 39855 40155 52005 8004/==
37472 42960 01305 10240 20192 30175 40154 52002 333 91012 90760 91113==
38149 42970 00704 10214 20059 30174 40248 52009 333 20075==
38178 42970 00203 10201 20050 39940 40212 52016 333 20100==
38262 12970 00403 10208 20074 30163 40242 52006 60002 333 20106==
38264 42970 00405 10213 20040 30150 40239 52011 333 20115==
38345 42999 82401 10173 20021 38825 48541 52009 82035 333 20105=
38353 41597 82302 10201 20084 39314 40159 52007 70282 85931 333 2////=
38388 72998 00502 10213 20061 30162 40230 52004 333 20115 6////=
38392 72997 00406 10226 20085 30131 40229 52011 333 20124 6////=
38396 42960 00604 10219 20074 30112 40230 52010 333 20107==
38403 42960 00503 10211 20045 30102 40216 52013 333 20116==
38413 42970 03302 10198 21014 39946 40225 52040 333 20136==
38457 12/60 61001 10219 20043 39619 40173 52013 60002 84081 333 20130==
38462 42670 62304 10194 21014 38767 48524 58004 83551 333 20080==
38462 42670 62304 10194 21014 38767 48524 58004 83551 333 20080==
38507 72998 00706 10267 21017 30105 40201 52010 333 20190 6//// 91004 555 50267=
38545 32998 00502 10227 20074 30050 40216 52012 333 20098=
38565 12970 00303 10192 20015 39617 40192 51008 60002 333 20063==
38579 12/84 40702 10205 20073 39789 40186 52008 60002 83041 333 20118==
38583 12660 52502 10209 20084 39885 40191 52013 60002 82541 333 20106==
38599 11898 82608 10158 20057 39700 40198 52019 69900 70282 8295/ 333 20148 91115=
38611 12/60 81502 10251 20081 39622 40154 52014 69902 8807/ 333 20175==
38613 42999 70501 10189 20059 40158 52006 80002 333 20142=
38616 42598 72701 10202 20107 39194 40151 53019 87500 333 20143=
38618 12/60 82702 10224 20138 39506 40155 52019 60002 8805/ 333 20141==
38647 72998 00907 10240 21027 30153 40193 52006 333 20174 6////=
38656 72998 00903 10240 20004 30119 40223 52008 333 20135 6////=
38683 42960 03607 10220 20029 39938 40200 52010 333 20113==
38687 32997 00503 10219 20040 39990 40214 52024 333 20130=
38696 12984 01102 10205 20048 39358 40171 52010 60002 333 20135==
38713 41598 80000 10152 20043 39069 48550 52020 78082 8597/ 333 20115=
38750 72997 22601 10287 20227 30211 40184 52006 82030 333 20225 6////=
38763 72999 00905 10232 21041 30111 40212 52011 333 20154 6////=
38774 72998 01204 10239 21033 30030 40216 52002 333 20173 6////=
38799 32997 00703 10235 20000 39995 40215 52011 333 20110=
38806 32997 03402 10232 20050 39931 40178 52012 333 20098=
38812 42960 03304 10216 20025 39743 40174 52012 333 20112==
38836 32699 71102 10255 20098 39217 40087 58001 86932 333 20180=
38880 02997 01005 10244 21011 39966 40208 52009 60002 333 20158 6////=
38886 72997 01101 10242 20043 39999 40215 58003 333 20119 6////=
38895 32996 00801 10248 20038 39938 40212 52007 333 20150=
38911 32998 03503 10230 20025 39900 40179 54000 333 20128=
38915 32997 02303 10260 20074 39881 40186 52026 333 20154=
38927 11957 32409 10260 20009 39806 40158 50001 60002 73233 80001 333 20127==
38933 32699 30901 10244 20139 39686 40169 52016 81182 333 20147=
38944 32997 01602 10258 20050 39596 40096 52004 333 20159=
38954 32999 00000 10220 20056 37926 48450 58031 333 20110=
38974 72998 00902 10243 20061 39883 40200 52009 333 20144 6////=
38987 32996 00401 10230 20002 39482 40186 52004 333 20114=
40030 32970 30000 10272 20204 40122 51018 80001 333 20221 83070=
40066 32970 00000 10254 20209 4//// 5//// 333 20210=
40080 32965 01002 10261 20146 39420 4//// 51010 333 20164=
40100 43960 49904 10292 20235 30095 40110 51006 6///1 333 58///=
40155 50003 70000 86070 333 86630=
40180 12560 11501 10285 20208 30053 40100 52009 60002 81400 333 10287 20239 70000==
40199 12/// /0404 10319 20170 30070 40093 52006 60002 333 10344 20281 70000==
40255 36/// /0000 10265 29057 3//// 4//// 5////=
40265 31956 03604 10250 20138 39350 40103 52005 70500 333 20184 30016=
40270 31950 00402 10276 20095 39243 40092 52007 70500 333 20228 30018=
40272 31950 02805 10256 20108 39302 40089 54000 70500 333 20165 30014=
40296 36/// /0304 10337 29054 4//// 5////=
40310 32960 00000 10250 20194 38938 48420 5//// 333 20190 30000=
40340 32960 03609 10312 20175 30038 40099 52012 333 20280 30027=
40356 42960 00316 10293 20090 39138 48494 333 20236 59009 555 04410 50046=
40357 42960 00000 10331 20060 39447 40036 333 20273 59007=
40360 42960 03114 10284 20130 39517 40073 333 20230 59005=
40361 42960 02304 10316 20070 39332 40078 333 20250 59002=
40362 42960 51708 10356 20030 39565 40037 85070 333 20317 58002 85359=
40373 42660 42708 10386 20070 39672 40057 84500 333 20312 58002 84635=
40375 42960 02906 10281 20130 39240 40064 333 20254 59007=
40394 42960 02604 10336 20070 39000 48515 333 20260 58011 555 04410 50043=
40394 42960 02604 10336 20070 39000 48515 333 20260 58011 555 04410 50043=
40400 42960 00204 10342 20110 30054 40081 333 20260 59003=
40405 42660 41606 10370 20040 39360 40048 84500 333 20330 58016 84640==
40417 42460 32604 10357 20170 30041 40055 83030 333 20243 58005 83360=
40420 42960 02602 10368 20100 39860 40054 333 20260 58006=
40430 42960 20903 10337 20060 39376 40080 82030 333 20305 58006 82360=
40437 42960 01205 10362 20040 39404 40058 333 20279 58007=
40439 42960 00000 10316 20190 30047 40065 333 20270 59005=
40582 31957 32906 10403 20114 40056 51008 70511 83030 333 55306 00579 10000 21690 30647 41488 51844 62337 55407 41043 83360 90400 91007 91107 91205 91303=
40703 12960 00303 10240 20092 38935 40123 51005 60001 333 30013 50641 70000 555 10156 29039=
40706 12560 11502 10240 20084 38679 40118 52005 60001 81100 333 30013 50821 70000 81830 555 10151 29037=
40712 12660 20303 10244 20112 38701 40119 52008 60001 82500 333 30010 50591 70000 82640 555 10165 29043=
40713 12964 02302 10252 20106 38680 40096 52008 60001 333 30019 50771 70000 555 10165 29040=
40718 12560 11301 10271 20209 30210 40183 52004 60001 81500 222// 0//// 20301 333 30020 50331 7000 2 81620 555 10230 29069=
40723 12565 11202 10219 20079 38994 40170 50003 60001 81100 333 30009 50611 70000 555 10142 29041=
40726 12960 00000 10254 20093 38679 40103 51006 60001 333 30009 50751 70000 555 10160 29036=
40727 12965 00000 10247 20039 38515 40108 52008 60001 333 30008 51091 70000 555 10136 29026=
40732 12560 50104 10274 20194 30193 40170 51013 60001 85800 333 30022 50441 70000 82825 84630 555 10222 29062=
40736 12560 10000 10301 20220 30204 40180 52002 60001 81200 333 30021 50481 70023 81827 555 10246 29062=
40737 12560 53301 10271 20202 30157 40174 54000 60001 85270 333 30022 50261 70000 82825 85459 555 10226 29066=
40738 12560 22704 10291 20212 30191 40193 50002 60001 82100 333 30020 50731 70000 82830 555 10238 29062=
40739 12965 00504 10231 20108 38725 40138 51002 60001 333 30014 50841 70000 555 10159 29046=
40741 12960 03103 10256 21007 39882 40201 52009 60001 333 30013 50961 70000 555 10135 29018=
40743 12970 01207 10257 21020 39089 40145 52001 60001 333 30017 51341 70000 555 10127 29016=
40745 12962 01603 10224 20035 39079 40180 50004 60001 333 30008 51071 70000 555 10128 29029=
40747 12960 00000 10255 21030 38659 40108 52003 60001 333 30010 51041 70000 555 10121 29015=
40754 12960 02202 10278 20071 38854 40112 52007 60003 333 30019 50881 70000 555 10161 29027=
40762 12962 00604 10234 20007 38584 40127 50004 60001 333 30013 50921 70000 555 10121 29022=
40766 12960 01103 10285 21093 38701 40083 52002 60001 333 30008 51081 70000 555 10123 29008=
40768 12962 03301 10233 20027 38296 40090 52005 60001 333 30008 50911 70000 555 10126 29026=
40769 11958 01001 10252 20032 38340 40097 52006 60001 70600 333 30012 50961 70000 555 10135 29024=
40780 12960 03404 10335 20024 38690 40081 52006 60001 333 30017 51011 70000 555 10167 29014=
40782 12965 00402 10311 20047 38864 40072 51003 60001 333 30011 50861 70000 555 10166 29019=
40785 12960 00000 10308 20002 39090 40110 52006 60001 333 30019 50791 70000 555 10154 29014=
40791 12962 01702 10320 21043 39327 40093 51011 60001 333 30020 51331 70000 555 10150 29009=
40792 12965 02503 10278 21025 38729 40088 50006 60001 333 30013 51081 70000 555 10133 29014=
40798 12960 03101 10237 21043 38014 40104 50004 60001 333 30006 51061 70000 555 10106 29015=
40800 12960 00601 10318 20010 38499 40092 52010 60001 333 30014 51001 70000 555 10155 29014=
40809 12962 00607 10276 21068 38504 40071 50001 60001 333 30012 51351 70000 555 10122 29010=
40811 12960 01201 10382 20159 30021 40045 51008 60001 333 30021 51031 70000 555 10239 29027=
40812 12960 00901 10397 20077 39697 40043 52010 60001 333 30021 51001 70000 555 10210 29014=
40818 12965 03203 10248 21027 38023 40073 58001 60001 333 30011 50921 70000 555 10115 29016=
40821 12962 03103 10281 20016 38808 40100 51010 60001 333 30021 51321 70000 555 10145 29018=
40829 11930 03416 10306 21018 39538 40074 50005 60001 70700 333 30021 52631 70000 555 10151 29012=
40831 11957 02803 10381 20120 30048 40056 52013 60001 70500 333 30022 51351 70000 555 10222 29021=
40833 12960 01802 10385 20140 30021 40051 50004 60001 333 30022 50801 70000 555 10232 29024=
40835 12960 00000 10357 20070 39282 40054 51007 60001 333 30016 51131 70000 555 10192 29017=
40841 12660 13002 10263 21021 38276 40078 50008 60001 81100 333 30012 50881 70000 555 10124 29015=
40845 12960 01602 10368 20267 30052 40057 52013 60003 333 30025 50681 70000 555 10294 29056=
40848 12960 10602 10304 20026 38523 40043 51006 60001 81030 333 30010 51301 70000 81360 555 10154 29017=
40851 12960 00000 10324 20020 38278 40022 51007 60001 333 30019 51141 70000 555 10158 29014=
40854 12960 00503 10365 21048 38923 40030 50007 60001 333 30027 51321 70000 555 10164 29007=
40856 12962 00205 10299 21022 38636 40061 50001 60001 333 30011 51051 70000 555 10141 29012=
40859 12960 23102 10324 20084 38693 40040 50008 60001 82030 333 30017 51211 70000 82361 555 10182 29023=
40875 11956 01002 10362 20254 30038 40049 50002 60001 70500 333 30028 50701 70000 555 10284 29054=
40879 12960 01502 10363 20166 39412 40038 50002 60001 333 30026 51381 70000 555 10233 29031=
40882 11530 21205 10344 20286 30019 40052 51011 60001 70500 82100 333 30027 50671 70000 82825 555 10301 29072=
40883 11950 01302 10350 20260 30032 40054 53011 60001 70500 333 30028 50721 70000 555 10285 29060=
40893 11958 02602 10318 20262 30036 40042 50003 60001 70500 222// 00300 20300 333 30029 50861 70000 555 10277 29072=
40898 11558 31503 10314 20252 30027 40036 50004 60001 70522 83600 222// 00304 20901 333 30026 50701 70000 83720 555 10270 29070=
41024 42660 23406 10339 20240 30049 40074 82500 333 20307 59001 82640==
41036 42660 53604 10303 20000 38565 48517 85400 333 20260 58005 85640==
41055 42560 23210 10291 20060 38368 48510 82400 333 20249 58000 82630==
41061 42960 03606 10348 21030 39381 40042 333 20260 58001==
41084 42960 00304 10337 21020 38829 48501 333 20272 59004==
41112 42960 00008 10265 20010 37957 48508 333 20170 59002==
41114 42960 01604 10240 20070 37989 48507 333 20175 59002==
41128 42960 02204 10334 21030 38783 48503 333 20230 59008==
41136 42960 02604 10336 21030 39267 40036 333 20238 59004==
41140 41559 11108 10343 20270 30065 40072 70500 81100 333 20304 58003 81830==
41150 42964 33306 10364 20252 40057 83030 333 20307 30030 58005 83366=
41176 44/60 /2204 10351 20272 30045 40051 333 20276 58002=
41184 42960 09903 10386 2179 40055 333 20258 59003=
41194 11950 02208 10370 20194 30047 40052 60001 70600 333 20311 59002=
41196 11958 02207 10380 20184 30017 40056 60001 70600 333 20266 59004=
41216 42960 01304 10373 20201 30049 40053 333 20306 58000=
41217 41950 01605 10369 20198 30022 40049 70600 333 20301 30027 58001=
41244 36/// /1905 10371 20150 39645 40036 333 0E036 20314 55300 25022 59004=
41246 31558 41006 10322 20290 30050 41047 70500 84500 333 20293 3/031 59015 84625=
41255 32960 01505 10329 20195 39552 40090 333 20262 59008=
41256 32960 09906 10336 20196 30036 40053 333 20285 59012 55407 55408 55507 55508=
41258 36/// /0607 10297 20283 30044 40047 333 0E/// 20287 55310 21816 59013=
41267 36/// /0202 10310 20239 30043 40055 333 0E028 20274 59003=
41275 36/// /1704 10319 20201 39914 40076 333 0E025 20249 55300 21797 59006=
41288 32460 22408 10287 20238 30051 40072 82500 333 20256 3/027 59010 82615=
41316 31459 79904 10291 20260 30050 40079 70522 87600 333 20268 59001 55407 55408 55507 55508 82714 87630=
41397 72211 10300 20258 40058 55010 70322 85773 22213 00300 20302 327// 40302 80270=
41398 80115 10250 20236 40070 5/000 78062 88700 22263 06290 20303 30000 80240=
41480 41458 12408 10326 20276 30065 40074 70544 81100 333 20300 30/// 81817=
41496 71727 10235 20220 40150 53010 72166 87700 22264 00271 20604 308// 40904 80225=
41497 23213 10260 20232 40110 54000 70299 82141 22200 06240 20000 80240=
41498 32617 10300 20258 40140 50010 7//// 831/1 22213 00280 21003 327// 41503 80270=
41506 12460 31802 10290 20155 38461 48600 60001 83600 333 56800 59019==
41508 12960 00000 10272 20142 38614 48920 60001 333 59014==
41515 12460 20000 10273 20177 38493 48570 60001 82200 333 56800 58019==
41523 12960 00000 10280 20191 39026 48750 60001 333 59020==
41535 12960 00000 10265 20182 38660 48400 60001 333 59021==
41536 12960 00000 10280 20183 38974 48730 60001 333 59030==
41560 12960 01302 10270 20148 38261 48740 60001 333 59012==
41571 11696 13104 10330 20225 39484 40030 60001 70500 81030 333 56090 59024=
41598 11940 12301 10330 20261 39767 40023 60001 70400 81020 333 56080 59026==
41600 11440 50000 10330 20276 39747 40025 60001 70423 83570 333 56880 59023==
41620 12940 01801 10290 20149 38526 48320 60001 333 59020==
41624 12960 00000 10350 20261 39833 40024 60001 333 59028==
41630 11440 20902 10350 20268 30000 40034 60001 70400 82400 333 56800 59026==
41640 11440 30000 10335 20251 39794 40029 60001 70400 83530 333 56880 59025==
41660 12960 02306 10285 21075 38401 48850 60001 333 59017==
41678 11940 00000 10340 20233 30000 40036 60001 70500 333 59030==
41696 12960 00000 10240 20037 38000 48930 60001 333 58001==
41697 12960 00000 10385 20262 30000 40018 60001 333 59024==
41700 11940 01802 10365 20246 30000 40018 60001 70400 333 59024==
41710 11940 00000 10335 21066 39287 40011 60001 70600 333 59006==
41712 12960 02301 10350 21015 39129 48900 60001 333 59014==
41715 11940 00000 10340 20286 39958 40019 60001 70500 333 59029==
41718 11940 00000 10370 20276 39926 40022 60001 70400 333 59018==
41725 12940 00000 10355 20251 39955 40029 60001 333 59016==
41739 12940 02702 10340 21021 38997 48880 60001 333 58004==
41744 12940 00000 10325 20059 38736 48760 60001 333 58015==
41749 12940 01302 10340 20257 39998 40031 60001 333 59021==
41756 11240 81804 10300 20251 39992 40055 60001 70504 886// 333 568// 59020==
41759 11440 23101 10315 20244 30050 40055 60001 70511 82500 333 59013==
41764 12940 02105 10325 20240 39979 40027 60001 333 59026==
41768 12940 02302 10320 20272 30027 40034 60001 333 59026==
41780 12440 62906 10305 20241 30016 40043 60001 86500 333 56800 59018==
41785 12460 62301 10305 20256 30034 40047 60001 83530 333 56880 59019==
41859 02450 61302 10341 20260 39995 40032 84620 333 59007 70000 82710 84618 86458==
41883 02456 50904 10340 20260 30008 40028 83510 333 59012 70000 83616 85459==
41891 01450 40000 10325 20270 39997 40034 70562 82370 333 59010 70020 82616 81930==
41898 21022 10230 20200 40150 54000 70222 82002 22253 06240 21002 80180=
41907 02456 51304 10340 20260 30007 40022 85800 333 59015 70000 83615==
41923 42450 71202 10338 20250 30019 40029 85330 333 59013 83615 83824 85360 81930==
41936 11440 61616 10314 20260 30006 40013 60001 70521 83630 333 59009 81710 83615 84362==
41943 02440 61302 10340 20230 30029 40036 83530 333 59005 70000 83616 84362==
41950 42450 61302 10328 20260 30022 40025 84430 333 59011 83617 83362==
41978 02458 62110 10323 20260 30030 40036 83420 333 59003 70025 81617 83828 85460==
41992 01435 41705 10324 20260 30033 40035 70521 82530 333 59004 70080 82616 84362==
42001 09061 99259 70897 46/// /0812 10285 20279 30099 40102 90540 22200 00299 333 91214 555 11128 22137 8//12 90533=
42027 31595 23602 10267 20186 38380 48460 70500 82200 333 59023=
42044 32596 30501 10260 20157 38252 48476 83100 333 59020=
42045 32696 22303 10288 20166 38281 48397 81130 333 59017=
42056 32696 42701 10326 20247 39606 81130 333 59025 81835 83358=
42071 31596 42904 10336 20307 40029 71000 84400 333 59025 84630=
42097 09061 99257 70837 46/// ///// 1//// 90556 22200 00303 10401 20401 70006=
42101 32696 42001 10336 20284 40036 81130 333 59023 81835 83360=
42111 31595 41801 10326 20249 39346 40007 70521 83830 333 59018 82620 83830 84360=
42123 32596 20902 10346 20254 40027 82100 333 59022 82830=
42131 32696 53201 10322 20270 40020 84430 333 59028=
42165 32996 00000 10350 20229 40021 333 59018=
42182 31995 40000 10322 20270 40024 70500 82530 333 59024 82635 83360=
42189 31595 41401 10344 20273 40018 70510 84500 333 59018 84620=
42309 31496 50902 10334 20279 40027 70522 84800 333 59002=
42314 32596 70000 10306 20267 40032 83530 333 58000 83620 87360=
42328 32996 02702 10344 20232 40005 333 59023=
42339 31695 10000 10320 20252 40031 70500 81500 333 59023 81635=
42348 31595 69903 10304 20253 40030 70522 84830 333 59020 83625 84360=
42361 31595 60000 10300 20278 40027 70510 83530 333 59012 83620 86360=
42369 31595 71403 10346 20257 40015 70522 85330 333 59021 84620 81925 85360=
42379 31595 61403 10348 20287 40022 70510 86800 333 59007 85620 82825=
42410 31496 50000 10340 20271 40032 70521 83530 333 59006 83618 85360=
42415 32596 60000 10346 20278 40038 84430 333 59004 84620 84360=
42452 21495 80000 10270 20262 40025 71052 8552/ 333 59019 6994/=
42492 31496 70903 10338 20260 40016 70522 85330 333 57913 59017 82618 83825 81930 86360=
42559 32596 40903 10318 20247 40001 84400 333 59009 82620 83825=
42571 32596 50000 10320 20261 40008 83501 333 59025 83625 85075=
42591 31596 40908 10330 20260 40013 70500 82530 333 59025 82620 83825=
42623 31496 52301 10314 20239 39184 40010 70521 83530 333 59016 83618 85360=
42634 32596 52502 10312 20237 40056 85500 333 59023 85620=
42647 31596 32705 10318 20265 40049 70500 83500 333 56600 59023 83620=
42667 31595 52304 10282 20243 39455 40025 70522 83830 333 59027 82620 84825 85360=
42675 31596 63202 10314 20258 40005 70522 86800 333 59033 83620 85825=
42701 31495 60906 10276 20251 39293 49997 71062 84630 333 59025 83712 83618 85358=
42724 21496 71402 10332 20260 40032 70562 85330 333 58001 6990/ 83618 84825 81930 85360=
42737 32596 52306 10314 20246 40053 83530 333 59026 83620 85358=
42754 21396 72906 10266 20241 39411 40031 72052 85730 333 59026 6992/ 83708 84618 85360=
42779 32596 60000 10310 20243 39324 49992 86800 333 59034 83620 85825=
42798 31496 71110 10315 20259 49990 70522 83530 333 59032 84618 86360=
42809 21496 60704 10315 20278 40007 70562 84432 333 59023 6002/ 82618 84825 84360 85075=
42840 32596 52903 10306 20249 40059 83830 333 59022 82620 83360=
42867 31496 53204 10320 20249 40013 70522 83530 333 59036 83618 84359=
42874 31496 73203 10310 20263 49990 71022 84630 333 59041 84618 87359=
42886 32596 60505 10310 20257 49983 84530 333 59040 84620 86360=
42895 21495 80506 10300 20281 49981 76062 8542/ 333 59038 6995/ 84618 88458=
42909 32596 22706 10306 20273 40060 81230 222// 20000 333 59020 81825=
42971 21495 83604 10290 20276 49930 76162 8662/ 333 56899 59081 6001/ 83712 85616 88559=
43003 21495 72703 10288 20260 40065 75165 84720 333 59022 6003/ 82712 83616 85456=
43014 31596 62902 10286 20223 39408 40037 70542 85830 333 59027 83620 84825 85360=
43041 21495 82304 10238 20235 39399 40006 76396 8672/ 333 59031 6041/ 83712 86620 88458=
43063 32597 62704 10290 20218 39443 40051 86800 333 59023 83626 83828=
43086 21596 80000 10260 20242 39857 40033 76196 8351/ 333 59022 6005/=
43110 31496 42506 10298 20244 40079 70541 83830 333 56690 59020 81618 83822=
43117 32597 71802 10286 20253 40059 84430 333 59013=
43128 21496 83203 10248 20227 39453 40053 75052 8472/ 333 56799 59019 6991/ 82710 83615 88458=
43150 21596 82704 10270 20250 39932 49992 70365 8452/ 333 59042 6990/ 84618 88458=
43185 21596 83204 10282 20259 30025 40028 75055 8487/ 333 59027 6995/ 83620 86458=
43189 21597 82502 10264 20243 30003 40012 75052 8357/ 333 59037 6994/=
43192 21596 52302 10310 20274 30004 40076 70252 81732 333 59023 6993/=
43198 32497 72712 10260 20207 39252 40064 85831 333 56699 59020 83612 83818 85358=
43201 32497 62303 10272 20211 39331 40041 84830 333 59019 83612 83818 85358=
43213 32497 82704 10290 20231 39734 40045 84877 333 56699 59023=
43233 32497 62708 10278 20233 39269 40069 82632 333 56699 59026=
43237 32497 82908 10296 20219 39650 40033 84837 333 56699 59022 83620 87360=
43245 32597 81105 10320 20233 30027 40053 8487/ 333 59017=
43279 32597 82305 10310 20238 30039 40056 8452/ 333 59018 84620 86458=
43284 21296 82309 10284 20256 39968 40082 70264 84671 333 56699 59028 6992/ 82705 83612 86458=
43295 32497 72303 10256 20200 39072 48489 84631 333 59023 82710 83615=
43314 21597 80000 10302 20269 40094 70262 82437 333 59026 6001/=
43321 21496 62316 10296 20226 39634 40071 72052 83232 333 59018 6990/ 82612 83358=
43329 32597 52303 10336 20242 30042 40055 81501 333 59021=
43333 31496 72708 10290 20250 40076 70562 85410 333 56590 59007 83618 84820 86458=
43344 31496 62512 10350 20226 39963 40060 70522 83431 333 59028 82616 83360=
43353 22496 62503 10296 20254 40097 83720 333 56790 58020 6990/ 83616 85459=
43369 21496 83205 10258 20258 40113 75066 8447/ 333 59004 6006/ 84618 86458=
43371 32597 62903 10294 20257 30033 40105 83408 333 59018 83620 83280=
44212 42584 40902 10174 20022 39127 40193 57013 84200==
44213 42684 53202 10150 21029 38809 40192 57006 83209==
44214 42670 23204 10130 21070 38308 40194 58010 82100==
44215 42670 22303 10146 21052 38437 40188 57007 82100==
44217 32998 00000 10090 21052 37911 40255 51002 333 91202=
44218 42984 00302 10164 21049 38628 40183 57012==
44219 32999 01304 10152 21070 38647 40195 57012 333 91206=
44265 42984 01501 10161 21020 38867 40200 57018==
44266 32999 00802 10124 21143 37813 40183 58009 333 91202=
44404 42358 50904 10256 20200 38138 48455 83250 333 59019=
44416 42560 32604 10328 20242 39281 40016 83200 333 59014=
44424 42460 22102 10274 20159 37642 47077 82200 333 59016=
44434 41560 31305 10314 20237 39163 48474 70240 81101 333 59012=
44438 42560 31706 10348 20275 39906 40027 83200 333 59009=
44449 42565 51407 10342 20295 39876 40025 82101 333 59007=
44454 42458 52206 10279 20217 38613 48454 84230 333 59016=
44462 42358 30902 10244 20200 38224 48434 83200 333 59018=
44474 42256 30705 10252 20197 38226 48463 83200 333 59010=
44477 42457 31901 10300 20239 38766 48484 83200 333 59012=
44478 42557 50805 10340 20278 39944 40026 85100 333 59005=
48010 42557 70401 10315 20281 39888 40035 84770 333 59007==
48020 42458 51802 10340 20270 83830==
48025 42456 61402 10335 20268 39908 40042 59021 84340==
48031 42257 62201 10260 20215 86300==
48048 42558 61801 10342 20257 39982 40035 84850 333 59017==
48052 32457 51801 10358 20278 83531 333 56999=
48062 42456 71802 10283 20268 30040 40047 85970 333 59009==
48064 42457 73201 10305 20267 39980 40036 85831 333 59010==
48071 42456 82303 10295 20266 30038 40046 8697/ 333 59010==
48094 42457 72202 10320 20270 30043 40053 85940 333 59010==
48109 42460 62307 10310 20267 30062 40065 86900 333 59013==
50557 14/80 /2110 10242 20143 39712 49990 57035 60001 333 10265 20156 3/014 59115 70000 90761 91118==
51076 14/80 /2202 10175 20038 39365 40224 57009 60001 333 10178 20044 3/004 59033 70000 90761 91104==
51087 14/79 /2803 10176 20020 39223 40215 57014 60001 333 10176 20055 3/004 59032 70000 90761 91106==
51156 14/80 /2602 10161 20018 38727 40213 57007 60001 333 10164 20039 3/003 59027 70000 90761 91105==
51243 14/80 /1202 10203 20051 39686 40213 57009 60001 333 10208 20116 3/010 59029 70000 90761 91105==
51334 14/80 /3401 10216 20082 39813 40202 57012 60001 333 10218 20097 3/008 59036 70000 90761 91104==
51379 14/80 /0502 10199 20014 39292 40209 57012 60001 333 10201 20048 3/005 59042 70000 90761 91104==
51463 14/80 /3403 10173 20039 39052 40203 57009 60001 333 10175 20086 3/006 59038 70000 90761 91106==
51573 14/80 /1304 10277 20005 30119 40166 57019 60001 333 10305 20191 3/017 59001 70000 90761 91108==
51644 14/28 /2401 10230 20050 38953 40156 57013 60001 70600 333 10257 20113 3/013 59002 70000 90761 91106==
51656 14/65 /2402 10238 20057 39146 40149 57013 60001 333 10266 20137 3/010 59005 70000 90761 91106==
51709 14/80 /1503 10206 21007 38638 40127 57003 60001 333 10266 20182 3/017 58007 70000 90761 91106==
51711 14/80 /0601 10161 20014 38058 40142 57007 60001 333 10215 20058 3/004 58015 70000 90761 91105==
51716 14045 00503 10209 20061 38905 40137 57006 60001 70600 333 10285 20172 3/018 59004 70000 90761 91108==
51765 14/71 /0903 10258 20025 39198 40147 57017 60001 333 10283 20106 3/007 59007 70000 90761 91108==
51811 14/59 /3301 10193 20068 38780 40121 57001 60001 333 10288 20172 3/018 58001 70000 90761 91104==
51818 14/59 /3402 10242 20051 38623 40091 57006 60001 333 10289 20168 3/017 59014 70000 90761 91105==
51828 14/39 /1203 10258 20079 38611 40075 57010 60001 70600 333 10268 20177 3/015 59030 70000 90761 91107==
51886 14/77 /2003 10148 21009 37165 40093 57011 60001 333 10186 20079 3/006 59004 70000 90761 91107==
52203 14/77 /2902 10240 20016 39321 40168 57020 60001 333 10255 20082 3/006 58002 70000 90761 91104==
52602 14/80 /3202 10202 21035 37307 40083 57016 60001 333 10203 20056 3/002 58015 70000 90761 91106==
52681 14/80 /2102 10183 20094 38682 40182 57006 69961 333 10231 20148 3/014 58064 70016 90761 91105==
52818 14/80 /0302 10191 20025 37281 40059 57018 60001 333 10213 20086 3/006 58009 70001 90761 91106==
52908 14/80 /1102 10076 20017 35850 40078 57008 60001 333 10136 20024 3/001 58006 70059 90761 91105==
53463 14/80 /3607 10193 20100 38868 40137 52006 69911 333 10218 20158 3/015 58034 70080 90761 91115==
54857 14/80 /1604 10280 20222 30032 40121 57014 60001 333 10293 20245 3/023 59021 70000 90761 91108==
55228 14/80 /2604 10171 21042 36070 49906 57010 60001 333 10208 20064 3/004 59012 70000 90761 91109==
55299 14/80 /2103 10132 20046 35912 49982 57015 60001 333 10158 20054 3/005 59006 70020 90761 91106==
55578 14/80 /3602 10188 20066 36411 49948 57016 69921 333 10238 20124 3/013 59012 70002 90761 91106==
55591 14/80 /2502 10215 20050 36549 49907 57019 60001 333 10242 20152 3/013 59014 70000 90761 91105==
55664 14/80 /1403 10169 20021 36052 49933 57020 60001 333 10202 20082 3/008 59016 70000 90761 91105==
55773 14/80 /1007 10135 20049 36067 49987 57011 69911 333 10144 20040 3/005 59010 70102 90761 91111==
56004 14/80 /0803 10110 20040 35894 40007 57013 60001 333 10145 20047 3/004 58003 70062 90761 91105==
56018 14/80 /1802 10165 20052 36233 49957 57015 60001 72100 333 10191 20095 3/009 59005 70001 90761 91104==
56116 14/80 /2402 10182 20058 36384 49958 57017 60001 333 10195 20071 3/005 59013 70009 90761 91111==
56299 59016 70118 81710 84617 88459=
56312 14/80 /2003 10250 20072 37090 49959 57034 60001 333 10265 20102 3/009 59014 70000 90761 91106==
57494 14/63 /3302 10362 20234 30041 40069 57020 60001 333 10375 20271 3/027 59018 70000 90761 91105==
58847 14/70 /1003 10334 20234 39976 40072 57019 60001 333 10339 20256 3/025 59023 70000 90761 91108==
62306 42560 21906 10270 20219 40120 52004 82200 333 20230==
62309 42560 30205 10288 20208 40106 83500 333 20248==
62332 42560 43204 10292 20224 40107 52008 84200 333 20272==
62337 42960 02301 10290 20237 40102 52005 333 20228==
62366 45560 43504 10267 20223 40106 52009 84200 333 20257==
62387 41930 03608 10274 20225 40104 52007 70500 333 20255==
62393 42960 03608 10277 20191 40131 52007 333 20241==
62405 42960 02404 10316 20141 40096 52009 333 20260==
62414 42960 03603 10309 20071 40106 52010 333 20265==
62419 42960 03505 10329 20121 40094 52009 333 20251==
62420 42960 00203 10264 20216 40111 52003 333 20238==
62435 42960 01102 10283 20099 40098 52011 333 20226==
62440 42960 03007 10268 20217 40109 52006 333 20246==
62455 42960 02711 10288 20238 40108 333 20264==
62458 42960 03207 10298 20192 40090 52008 333 20276==
62459 41956 02806 10299 20231 40084 52015 70500 333 20265==
62465 42960 03108 10323 20191 40083 52013 333 20293==
63210 32980 01909 10368 20210 40061 333 20321 58001=
63227 32980 02413 10306 20160 40149 333 20259 59015=
