SMPK OPKC 120600=
41504 02997 00000 10250 20067 37809 48408 333 58004 60007 31%=
41505 22697 00000 10260 20057 38/// 48/// 60002 333  58///  27%= 
41516 02697 10000 10310 20088 38483 48441 60001 81100 333 56900 58003 60007 81840 25%=
41517 02697 11304 10245 20059 37778 48449 60001 81500 333 56900 58008 60007 81635 30%= 
41518 02697 20502 10300 20040 38/// 48/// 60001 82200 333 56900 5//// 60007 82840 19%= 
41519 02997 02702 10325 20087 38692 48449 60001 333 58016 60007 23%=
41520 02997 01802 10220 20031 37603 48183 60001 333 58001 60007 29%= 
41530 01996 01304 10350 20195 39592 49976 60001 70500 333 59047 60007 40%=
41620 32996 02702 10300 20109 38513 48418 60001 333 59015 60007 31%=
41660 01996 03108 10265 21058 38397 48482 60001 70600 333 59005 60007 11%=
41661 01995 02702 10280 20020 38354 48473 60001 70540 333 59002 60007 19%=
41685 02997 00000 10295 20183 38849 48453 60001 333 59009 60007 51%= 
41696 02997 01302 10220 20058 37993 48489 60001 333 58005 60007 35%=
41697 02997 00000 10380 20240 40005 60001 333 59014 60007 45%= 
41710 11996 01302 10330 21053 39282 40007 60001 70600 333 59004 08%=
41712 12997 00504 10320 21032 39132 48487 60001 333 59004 10%=
41715 01996 00000 10340 20265 39950 40011 60001 70500 333 59013 60007 65%=
41724 02996 02304 10355 20269 39951 40025 60001 333 59016 60007 58%=
41725 12996 02302 10360 20249 40005 60001 333 59017 53%=
41726 02996 02302 10370 20267 39958 40024 60001 333 58007 60007 56%=
41738 02996 00000 10330 20185 39877 40048 60001 333 58010 60007 42%=
41739 02996 02704 10305 20015 38996 48481 60001 333 58000 60007 16%=
41742 12997 00000 10320 20250 40046 60001 333 58011 67%=
41743 01996 05002 10350 20276 60001 70500 333 60007 65%= 
41744 11996 00000 10315 20054 38717 48455 60001 70600 333 58007 19%=
41745 01996 01804 10350 20261 60001 70500 333 60007 60%=
41746 02996 01804 10355 20259 39960 40011 60001 333 59016 60007 58%=
41747 02996 01308 10360 20256 49994 60001 333 59013 60007 55%= 
41748 02996 01304 10340 20216 40012 60001 333 59017 60007 64%=
41749 02996 01810 10350 20283 39991 40023 60001 333 58001 60007 68%=
41756 01496 31802 10310 20239 39993 40056 60001 70500 83600 333 56900 58017 60007 83715 66%= 
41757 11995 02304 10310 20261 30046 40058 60001 70400 333 58012 75%= 
41759 01696 32302 10315 20244 30045 40050 60001 70511 83500 333 56900 58014 60007 83640 66%= 
41760 01596 22312 10310 20254 30040 40053 60001 70500 82600 333 56900 58014 60007 82720 72%=
41764 02996 02412 10330 20238 39981 40029 60001 333 58007 60007 58%=
41765 02996 02104 10340 20249 39993 40027 60001 333 59005 60007 59%=
41766 22996 02306 10340 20257 40012 333 58002 60007 62%=
41767 22996 0//// 10330 20261 60001 333 60007 67%=
41768 02996 02306 10325 20270 30019 40026 60001 333 59003 60007 73%=
41780 01696 52710 10315 20244 30013 40039 60001 70400 85500 333 56900 58004 60007 85630 66%=
41783 02996 32304 10310 20254 39997 40026 60007 83030 333 56090 58006 60007 82360 72%=
41785 02997 32306 10300 20251 30027 40040 60001 83030 333 56090 58006 60007 83360 75%= 
41786 02596 52308 10310 20239 39995 40030 60001 85600 333 56500 58006 60007 83720 82630 66%=
41BAG 02697 30000 10235 20092 60001 83500 333 56900 60007 83640 40%=



41506 02997 00000 10300 20097 38434 48430 60001 333 59029 60007 28%=
41507 02997 02302 10310 20165 39142 49625 60001 333 59030 60007 42%=
41508 02997 02302 10269 20142 38592 48469 60001 333 59022 60007 45%=
41509 02997 00000 10290 20139 38664 48419 60001 333 59021 60007 40%=
41510 02997 00000 10235 20092 37862 48427 60001 333 59027 60007 40%=
41515 02997 00000 10270 20111 38481 48444 60001 333 59008 60007 37%=
41523 02997 00000 10280 20191 39009 48459 60001 333 59017 60007 59%=
41524 02997 01802 10305 20178 39220 40028 60001 333 59026 60007 47%=
41525 12997 00000 10220 20104 37652 48320 60001 333 59007 48%=
41528 02997 00000 10280 20174 39138 48464 60001 333 59020 60007 52%=
41529 02996 03102 10350 20220 39642 49997 60001 333 59037 60007 47%=
41534 02997 00000 10330 20221 39598 49986 60001 333 59042 60007 53%=
41535 02997 01802 10270 20152 38631 48411 60001 333 59034 60007 48%=
41536 02997 00000 10290 20168 38943 48446 60001 333 59025 60007 48%=
41560 02997 01302 10270 20129 38236 48447 60001 333 59017 60007 42%=
41562 02997 00504 10335 20219 39582 40018 60001 333 59009 60007 51%=
41565 02997 01302 10244 20185 38599 48473 60001 333 59008 60007%=
41567 01996 00000 10315 20229 39610 40003 60001 70400 333 59016 60007 60%=
41571 12997 11306 10330 20200 39439 40028 60001 81030 333 56090 59043 38%=
41572 01996 03114 10320 20221 39384 49969 60001 70400 333 59039 60007 56%=
41573 02997 01302 10250 20142 37931 48422 60001 333 59029 60007 51%=
41574 02997 02302 10260 20163 38312 48480 60001 333 59002 60007 55%=
41576 02997 00904 10335 20244 40001 60001 333 59045 60007 59%=
41577 01996 00000 10330 20200 39408 49983 60001 70500 333 56000 59041 60007 46%=
41593 01996 02302 10355 20251 39790 49988 60001 70400 333 59033 60007 55%=
41597 02997 00000 10325 20270 40003 60001 333 59044 60007 73%=
41598 02997 00000 10330 20246 39733 49988 60001 333 59034 60007 61=
41599 01996 00000 10315 20236 39725 40000 60001 70400 333 59039 60007 63%=
41600 02997 00902 10325 20263 39713 49993 60001 333 59040 60007 70%=
41624 02997 02702 10350 20253 39802 49990 60001 333 59036 60007 57%=
41625 01996 01304 10350 20253 39791 49978 60001 70400 333 59038 60007 57%=
41630 01996 02304 10345 20263 40004 60001 70400 333 59026 60007 62%=
41633 02997 00000 10350 20253 4//// 60001 333 5//// 60007 57%=
41634 02997 03104 10310 20226 3//// 4//// 60001 333 5//// 60007 61%=
41635 02997 03102 10355 20274 3//// 4//// 60001 333 5//// 60007 63%=
41636 01996 00000 10350 20245 39823 49995 60001 70400 333 59040 60007 55%=
41638 01996 02302 10345 20255 4//// 60001 70400 333 5//// 60007 60%=
41639 02997 02702 10330 20253 3//// 4//// 60001 333 5//// 60007 64%=
41640 01996 02302 10340 20249 39765 40000 60001 70400 333 59028 60007 59%=
41641 01996 02903 10350 20237 39740 49996 60001 70400 333 59034 60007 52%=
41642 02997 00000 10335 20266 3//// 4//// 60001 333 5//// 60007 75%=
41643 01696 61302 10325 20270 39740 40001 60001 70410 83470 333 56990 59026 60007 83640 84460 73%=
41644 02997 00000 10340 20265 4//// 60001 333 5//// 60007 65%=
41646 01996 00000 10350 20253 39810 40010 60001 70400 333 59026 60007 57%=
41652 01996 01304 10345 20239 39830 49998 60001 70400 333 59036 60007 54%=
41669 02997 01302 10350 20245 3//// 4//// 60001 333 5//// 60007 55%=
41670 01996 00000 10335 20244 4//// 60001 70400 333 5//// 60007 59%=
41674 01996 01808 10350 20237 3//// 4//// 60001 70400 333 5//// 60007 52%=
41675 01995 01810 10350 20245 39860 49995 60001 70400 333 59029 60007 55%=
41676 01996 00000 10360 20272 39868 40017 60001 70400 333 59049 60007 61%=
41677 01996 02704 10340 20241 39835 49992 60001 70400 333 59020 60007 56%=
41678 01996 01302 10340 20241 40003 60001 70500 333 59019 60007 56%=
41679 01996 02302 10330 20266 4//// 60001 70400 333 5//// 60007 67%=
41680 01995 00000 10350 20261 39816 40002 60001 70400 333 59025 60007 60%=
41700 01996 02706 10365 20246 49988 60001 70400 333 59024 60007 51%=
41701 01996 02310 10370 20244 39878 40012 60001 70400 333 59018 60007 49%=
41716 01996 02308 10360 20249 39917 40014 60001 70400 333 59015 60007 53%=
41718 01996 02304 10360 20264 39918 40015 60001 70400 333 58014 60007 58%=
41BKI 02996 00504 10345 20205 39591 49981 60001 333 59041 60007 44%=
41SKP 01996 02702 10340 20257 3//// 4//// 60001 70400 333 5//// 60007 62%=
43532 02997 00000 10295 20155 39220 49976 60001 333 59022 60007 43%=
43533 02997 00000 10305 20178 39114 48426 60001 333 59027 60007 47%=
43563 02997 00502 10294 20232 39354 40008 60001 333 59026 60007 69%=







UPPK OPKC 120600=
PPAA 6206/ 41516 MISDA DUE TO AIR MOVEMENT=
PPAA 6206/ 41517 MISDA DUE TO AIR MOVEMENT=
PPAA 6206/ 41715 NO ASCENT DUE TO PAF FLYING=
PPAA 6206/ 41739 NO ASCENT DUE TO SECURITY RISK=
PPAA 6206/ 41749 MISDA DUE TO TECHNICAL FAULT=
PPAA 6206/ 41764 NO ASCENT DUE TO PAF FLYING=
PPAA 6206/ 41768 NO ASCENT DUE TO SHORTAGE OF STAFF=
PPAA 62051 41780 MISDA NO ASCENT DUE TO RED BALOON SHORTAGE=

PPAA 62061 41506 55270 03009 01006=
PPBB 62061 41506 90/7/ 00000 01505 9125/ 03509 04005 920// 01004=
PPAA 6206/ 41598 MISDA DUE TO TECHNICAL PROBLEM=
PPAA 6206/ 41600 MISDA DUE TO TECHNICAL PROBLEMS=
PPAA 6206/ 41624 MISDA DUE TO TECHNICAL FAULT=
PPAA 6206/ 41640 MISDA DUE TO TECHNICAL PROBLEM=
PPAA 6206/ 41646 MISDA DUE TO TECHNICAL=
PPAA 6206/ 41678 MISDA DUE TO TECHNICAL PROBLEM=
PPAA 6206/ 41718 MISDA DUE TO TECHNICAL PROBLEM=
PPAA 6206/ 41675 MISDA DUE TO TECHNICAL ISSUE=
PPAA 6206/ 41515 MISDA DUE TO TECHNICAL PROBLEM=


Data Generated from File : D:\all data handling\Rmc_lhr\2024091206.FSU.txt
12/09/24 07:13:46
______________________________________________________________
15007 01423 83002 10160 20157 39622 40076 52005 60162 76266 8572/ 333 10191 20159 3/016 4/000 55300 0//// 20026 3//// 60157 70163=
15020 07437 80201 10179 20179 39876 40066 52003 60232 7626/ 8572/ 333 10202 20173 31017 55300 20146 60057 70234 91003 90760 91103==
15023 07444 83203 10162 20158 39644 40055 52003 60292 7616/ 8572/ 333 10201 20161 31017 4/000 55300 0//// 20051 3//// 60087 70287 91005 91106=
15056 01405 83202 10171 20171 39726 40064 52005 60072 7616/ 8572/ 333 10178 20170 31017 4/000 55300 0//// 20098 3//// 69997 70111 91003 91105 96044=
15069 07570 82101 10133 20126 39039 42729 52005 69902 7006/ 8457/ 333 10147 20124 31013 4/000 55300 0//// 20061 3//// 69907 70008 91002 91103=
15073 07458 83202 10162 20159 39623 40074 52006 60362 7626/ 8572/ 333 10181 20158 31016 4/000 55300 0//// 20038 3//// 60067 70357 91003 91104=
15090 01320 81001 10183 20179 39982 40071 52007 60042 71022 886// 333 10194 20174 31016 55300 00080 20177 30167 60007 70089 91003 90760 91104==
15107 01547 81301 10140 20137 39299 42733 52008 69962 7616/ 8657/ 333 10156 20137 31013 55300 0//// 20041 3//// 69927 70021 91001 91101 95090=
15108 01/00 92904 10086 20086 38044 48439 52004 60132 76364 89/// 333 10089 20083 55300 20023 60107 70151 91006 90760 91107==
15109 07440 83101 10160 20158 39651 40072 52006 60492 7626/ 8672/ 333 10174 20160 32016 4/000 55300 0//// 20031 3//// 60097 70486 91002 91102=
15111 07558 83102 10178 20171 39807 40060 52007 60032 7101/ 8557/ 333 10182 20170 31017 4/000 55300 0//// 20112 3//// 60007 70058 91003 91103=
15113 07541 81600 10181 20181 39909 40066 52006 60192 7101/ 8557/ 333 10189 20176 31019 4/000 55300 0//// 20058 3//// 60007 70275 91001 91102=
15127 01560 83401 10141 20135 39227 42731 52008 60012 7616/ 885// 333 10153 20137 31013 4/000 55300 0//// 20036 3//// 69927 70039 91002 91102 95070=
15148 01445 82101 10117 20117 38652 48433 52007 60022 7616/ 8557/ 333 10117 20115 31/// 55300 0//// 20075 3//// 60017 70085 91002 91102=
15150 01569 80400 10179 20173 39866 40071 52007 60052 70262 8557/ 333 10179 20173 31017 55300 20131 69917 70098 91001 90760 91101==
15154 07416 81402 10178 20178 39928 40066 52008 60202 7616/ 8572/ 333 10193 20176 31018 4/000 55300 0//// 20141 3//// 60127 70270 91004 91105=
15168 07/49 /2001 10155 20152 39479 42732 52009 60092 7616/ 333 10161 20152 3/016 4/000 55300 0//// 20052 3//// 60027 70128=
15170 01557 83100 10149 20147 39319 42725 52008 60022 71062 885// 333 10153 20146 31016 55300 20122 69917 70072 91001 90760 91101==
15194 01569 72702 10174 20169 39787 40071 52006 60072 7808/ 84370 333 10175 20166 31017 55300 0//// 20223 3//// 69967 70133 91003 91103=
15197 07457 82003 10181 20179 39870 40073 52007 60122 7218/ 8662/ 333 10187 20177 31018 4/000 55300 0//// 20170 3//// 60037 70270 91004 91104 96010=
15215 01539 82101 10157 20154 39497 42733 52009 60052 7616/ 885// 333 10160 20155 31015 55300 0//// 20044 3//// 60027 70074 91003 91103=
15217 01597 81903 10153 20150 39427 42731 52008 60102 7216/ 885// 333 10158 20150 31015 55300 0//// 20087 3//// 60027 70138 91005 91105=
15219 07/68 /2300 10184 20174 39947 40067 52008 60092 721// 333 10184 20177 3/018 4/000 55300 0//// 20137 3//// 60007 70098=
15238 01570 72102 10158 20150 39480 42733 52008 60032 7808/ 87300 333 10161 20154 31015 55300 0//// 20150 3//// 60027 70057 91003 91103=
15261 01562 82802 10149 20142 39294 42749 52009 60032 7808/ 883// 333 10151 20143 31014 55300 0//// 20062 3//// 60027 70105 91003 91103 95070=
15262 06/90 92807 10091 20089 38162 48439 52008 60072 76164 333 10092 20085 31/// 55300 0//// 20094 3//// 60047 70151 910// 911// 96045=
15265 05563 72201 10191 20185 39999 40071 52009 60202 7000/ 84570 333 10191 20183 31018 4/000 55302 0//// 20390 3//// 60007 70225 91002 91102=
15280 01/00 93404 10049 20049 37480 47045 52009 60032 76064 89/// 333 10057 20048 32/// 55300 20111 60027 70236 91007 90760 91108==
15300 01497 83002 10160 20147 39470 42736 52009 60022 76166 885// 333 10160 20151 31015 55300 0//// 20100 3//// 60017 70062 91004 91104=
15301 01459 70300 10116 20115 38580 48464 52009 60012 71054 84670 333 10116 20108 31/// 55300 0//// 20189 3//// 69927 70139 91002 91104 95060=
15302 01570 73501 10127 20127 38869 48448 52008 60042 7818/ 87300 333 10129 20121 31/// 55300 0//// 20099 3//// 60017 70195 91002 91102 95050=
15307 05/61 /2301 10184 20180 39892 40071 52009 60042 7000/ 333 10185 20176 3/019 4//// 55300 0//// 20225 3//// 69937 70143=
15310 01443 81902 10185 20182 39991 40074 52008 60002 7102/ 886// 333 10185 20176 31018 55300 00010 20086 30082 60007 70150 91005 90760 91105==
15324 05570 83101 10140 20140 39307 42734 52009 69912 7000/ 8537/ 333 10151 20131 31014 55300 0//// 20173 3//// 60007 70179 91001 91101=
15325 01458 71900 10107 20106 38431 48443 52008 60022 71062 87500 333 10109 20100 31/// 4/000 55300 0//// 20168 3//// 60007 70299 91001 91102=
15328 07557 82700 10166 20166 39741 40080 52012 60072 7101/ 8552/ 333 10173 20158 31017 4//// 55300 0//// 20278 3//// 60007 70179 91001 91101=
15335 07457 41101 10195 20180 30075 40081 53008 60002 7101/ 83630 333 10195 20157 31015 55306 20526 60007 70110 91002 90760 91102==
15336 01458 51602 10188 20183 30078 40080 53011 60002 7101/ 83602 333 10188 20159 31018 55304 0//// 20407 3//// 60007 70121 91003 91103=
15349 01570 83301 10159 20154 39546 40081 52010 60012 7808/ 883// 333 10160 20148 32015 4/000 55300 0//// 20256 3//// 69977 70184 91002 91102=
15350 04/69 72303 10193 20183 39964 40080 52011 60102 87070 333 10193 20180 32019 55300 20270 60007 70444 91005 90760 91105==
15360 04/67 32305 10200 20177 30066 40083 53011 69972 83031 333 10229 20192 60007 70014 91007 90760 91107==
15375 05570 73301 10167 20161 39734 40082 52008 69932 7000/ 83570 333 10173 20160 31016 4/000 55300 0//// 20200 3//// 60007 70339 91002 91102=
15377 05597 82501 10181 20181 39868 40076 52009 69932 7000/ 883// 333 10182 20168 31017 55300 0//// 20216 3//// 69927 70252 91002 91102=
15387 05566 42603 10192 20178 30084 40087 53012 60032 7000/ 84900 333 10213 20180 32018 4/000 55300 0//// 20160 3//// 60007 70223 91004 91104=
15402 07556 82502 10194 20181 30007 40079 52010 60002 7101/ 8557/ 333 10202 20187 31018 55300 0//// 20233 3//// 60007 70113 91005 91105=
15405 07458 82303 10186 20178 30023 40084 52012 60002 7101/ 886// 333 10189 20180 31018 4/000 55300 0//// 20142 3//// 60007 70082 91005 91106=
15406 05467 82103 10186 20173 30035 40080 52011 60002 7000/ 886// 333 10186 20172 31017 4/000 55300 0//// 20078 3//// 60007 70156 91005 91106=
15408 01457 82304 10174 20170 39826 40084 52009 60002 7101/ 886// 333 10175 20163 31016 4//// 55300 0//// 20128 3//// 60007 70322 91007 91107=
15409 01959 52102 10183 20175 30037 40083 53008 69912 710// 83032 333 10183 20164 31016 4/000 55302 0//// 20325 3//// 60007 70228 91004 91105=
15419 01550 82401 10185 20180 39899 40087 52010 69912 7102/ 8437/ 333 10185 20174 31017 4/000 55300 0//// 20210 3//// 60007 70385 91002 91102=
15420 01410 82202 10177 20170 39973 40080 52010 69962 7101/ 886// 333 10193 20174 32018 55300 20139 60007 70238 91004 90760 91104==
15421 05564 72701 10186 20164 39983 40090 52010 69912 7000/ 85370 333 10204 20181 31/// 4/000 55300 00083 20193 30180 60007 70251 91003 91104=
15422 02497 62201 10182 20161 39982 40080 52009 60002 86600 333 10204 20177 31017 55300 0//// 20206 3//// 60007 70018 91003 91104=
15425 05563 62205 10189 20170 30018 40080 52011 60002 7000/ 83570 333 10195 20180 31018 4/000 55303 0//// 20398 3//// 60007 70159 91007 91107=
15434 02970 52302 10187 20161 39880 40083 52007 60002 85070 333 10190 20173 31017 4/000 55304 0//// 20461 3//// 60007 70063 91004 91104=
15444 05/70 /2405 10189 20166 30015 40085 52012 60002 7000/ 333 10189 20166 3/015 4/000 55300 0//// 20344 3//// 60007 70098=
15455 07450 82402 10177 20168 39958 40085 52009 60002 7101/ 886// 333 10189 20159 31017 4/000 55300 0//// 20254 3//// 60007 70064 91003 91103=
15460 04/70 72403 10193 20155 30061 40085 52012 60002 87070 333 10199 20182 31017 55302 20398 60007 70152 91005 90760 91105==
15462 05570 62404 10188 20167 30004 40087 52011 60002 700// 84960 333 10189 20168 32016 4/000 55302 0//// 20461 3//// 60007 70183 91005 91105=
15470 04/64 62503 10174 20163 39962 40084 52009 69902 86070 333 10189 20167 31016 55300 20162 60007 70079 91005 90760 91105==
15475 02997 02403 10196 20154 30065 40085 52009 60002 333 10199 20181 31018 4/000 55305 0//// 20449 3//// 60007 70008 91006 91106=
15479 05970 52304 10176 20158 39902 40089 52011 60002 7000/ 85070 333 10182 20166 31016 4/000 55300 0//// 20235 3//// 60007 70226 91005 91105=
15480 04/70 62502 10199 20166 30070 40087 52010 60002 83032 333 10200 20178 31017 55302 00120 20456 30422 60007 70076 91004 90760 91105==
15489 05966 82503 10177 20151 39996 40086 52010 69912 7000/ 8807/ 333 10189 20166 30016 55300 0//// 20129 3//// 60007 70003 91006 91106=
15491 05970 62203 10186 20146 30058 40087 52011 60002 7000/ 86070 333 10198 20171 31016 4/000 55300 0//// 20129 3//// 60007 70098 91006 91106=
15499 01570 40301 10208 20170 30082 40091 52013 69972 700// 82202 222// 06212 2//// 333 10208 20184 31017 4/000 60007 70307 91004 91104 92428=
15549 12970 32302 10173 20138 39685 40083 52008 60002 83030 333 10179 20144 70075 555 31013 580//=
15552 12570 22501 10196 20177 30045 40092 52013 60072 82500 222// 0//// 309// 40401 333 10216 20174 50372 55043 70239 555 31017 589// 92022 92428=
15640 12974 20000 10180 20157 39798 40097 52003 60002 82030 333 10180 20160 55038 70046 555 31016 586//=
15655 11562 62903 10184 20169 30066 40098 52009 60012 70281 83460 222// 00246 10201 333 10221 20178 70012 555 31/// 40000 591// 70600 92022 92427=
15730 12660 40000 10164 20147 39729 40111 52007 60002 82501 333 10187 20142 55033 70006 555 31/// 590//=
16627 12570 40000 10216 20184 30098 40103 52011 60502 82250 333 20174 32/// 55088 70529 82825 84357 90730 91104==
16650 11460 70000 10208 20186 30093 40100 53008 60042 70296 85940 333 20208 32/// 55098 70042 82712 83620 81918 90730 91116==
16667 12560 31404 10246 20213 30107 40118 53008 60002 82130 333 20218 30/// 55108 70000 90730 91107==
16706 12460 40000 10250 20220 30096 40103 60002 84200 333 20218 30/// 55090 70007 90730 91105==
16723 12460 31407 10260 20206 30100 40114 51002 60002 83800 333 20216 30/// 55000 70000 82818 83625 90730 91111==
16732 26/// /0002 10276 20204 30095 40105 52011 333 20240 60005 90730 91108==
16742 12460 31705 10260 20215 39967 40115 52007 60002 83100 333 20228 30/// 70000 90730 91108==
16749 12460 10002 10264 20229 30098 40111 52009 60002 81100 333 20222 30/// 55061 90730 91105==
16754 12560 21607 10250 20208 30077 40123 52015 60002 82200 333 20220 30/// 55092 70002 90730 91111==
16757 12560 10000 10264 20226 39993 40120 52011 60002 81130 333 20248 30/// 55095 70000 90730 91106==
16760 12560 20000 10242 20182 40126 52011 60002 82200 333 20180 30/// 55074 70000 90730 91105==
16765 12460 12907 10268 20216 40121 52013 60002 81100 333 20241 30/// 70000 90730 91111==
17022 12670 51803 10249 20193 39959 40116 52017 60022 85200 333 20198 31018 55082 21830 70021 85834 90760 91107==
17024 12670 61907 10231 20210 30021 40095 53007 60002 83250 333 20191 32016 55082 70014 83835 86360 90760 91120==
17026 11/70 33401 10288 20219 30069 40105 52009 69982 70181 83030 333 20225 31018 55078 21817 70008 83359 90760 91108==
17031 12660 22504 10266 20199 30100 40106 52012 60002 82100 333 20200 30018 82836 90760 91108==
17034 12/70 32101 10254 20209 30071 40115 52016 60002 83030 333 20231 31021 55000 83360 90760 91105==
17038 12670 22704 10270 20215 30059 40104 52019 60002 82100 333 20232 30/// 82835 90760 91118==
17042 12670 51101 10257 20205 30074 40111 52020 60002 83250 333 20210 30022 55000 70013 83835 85360 90760 91110==
17050 12970 00000 10197 20178 30060 40120 52012 60012 333 20180 32014 55023 70060 90760 91102==
17056 11970 00602 10226 20173 30104 40108 52006 69932 70181 333 20189 31018 55047 21478 70009 90760 91106==
17060 11660 12508 10241 20192 30077 40115 52012 60012 70281 81100 333 20213 31020 55000 70012 81840 90760 91117==
17070 12665 20902 10189 20150 39282 40112 52008 60002 82200 333 20153 31012 70025 82835 90760 91104==
17074 12670 32301 10193 20181 39216 40101 52010 60002 83200 333 20150 30011 55078 21817 83835 90760 91103==
17084 12970 02401 10219 20141 39247 40102 52011 60002 333 20154 31013 55109 22324 90760 91102==
17085 12670 11201 10249 20097 39638 40097 52010 60002 81100 333 20178 30016 55099 81840 90760 91110==
17092 12960 01002 10210 20086 38854 48507 52005 60002 333 20093 30008 55082 22303 90760 91106==
17096 12960 03201 10180 20067 38258 48510 51004 60002 333 20054 30003 55097 20795 90760 91105==
17098 12960 02704 10164 20103 38223 48517 51002 60002 333 20076 30007 70002 90760 91106==
17100 12970 00000 10262 20120 39164 40095 52003 60002 333 20154 30013 55092 22516 90760 91102==
17112 12570 40901 10215 20173 30104 40106 52012 60002 82230 333 20190 31018 55071 21888 70010 82830 84360 90760 91106==
17115 12660 10000 10234 20186 30071 40120 52010 60002 81100 333 20150 30015 55052 21524 70001 81835 90760 91104==
17116 12660 20602 10225 20202 30003 40118 52010 60002 82100 333 20190 30019 55028 82840 90760 91103==
17124 12/60 22001 10197 20137 39249 40117 52009 60002 82030 333 21294 30013 82360 90760 91106==
17128 12670 20002 10210 20123 39067 40101 52011 69942 82100 333 20154 31014 55064 20749 70004 82840 90760 91106==
17135 12670 32203 10236 20129 39274 40094 52011 60002 83100 333 20184 30014 55088 24501 83840 90760 91106==
17140 12965 02203 10214 20075 38704 48503 52008 60002 333 20134 30013 90760 91106==
17150 12660 10000 10208 20181 39999 40117 52009 60002 81100 333 20160 31015 55047 21616 81835 90760 91104==
17160 12970 02001 10210 20082 39009 48508 52008 60002 333 20136 30010 55108 22156 90760 91103==
17170 12660 23405 10229 20096 38347 48508 53002 60002 82100 333 20120 30/// 82840 90760 91107==
17175 12665 63601 10238 20187 30105 40109 52012 60002 83131 333 20204 30018 55078 21997 83840 84360 85070 90760 91102==
17184 12970 02501 10215 20181 30012 40118 52008 60002 333 20180 32018 55051 21373 70016 90760 91102==
17190 12670 20101 10197 20127 38982 48508 52009 60002 82100 333 20151 30013 55081 82835 90760 91104==
17190 12670 20101 10197 20127 38982 48508 52009 60002 82100 333 20151 30013 55081 82835 90760 91104==
17195 12970 00801 10209 20097 38966 48515 52008 60002 333 20102 30009 55082 21892 90760 91108==
17200 12960 01204 10243 20065 39165 40088 52007 60002 333 20134 30/// 90760 91109==
17202 12970 01302 10254 20044 39111 40084 52009 60002 333 20121 30/// 90760 91107==
17203 12970 00000 10235 20063 38867 48544 52003 60002 333 20148 30013 55081 21989 90760 91103==
17210 12970 01101 10288 20086 39106 40059 52006 60002 333 20223 30020 55089 90760 91103==
17219 12565 11804 10226 20209 39983 40121 52008 60002 81100 333 20195 31020 55056 21528 70236 81830 90760 91105==
17234 12970 00703 10244 20203 30056 40121 52010 60002 333 20215 31020 55051 21499 70001 90760 91107==
17237 12970 00000 10248 20171 39643 40119 52007 60002 333 20198 30015 55038 90760 91102==
17240 12970 00301 10220 20156 39030 40117 52006 60002 333 20155 31011 55061 21629 70014 90760 91105==
17244 12670 10303 10207 20108 38993 48519 52010 60002 81100 333 20148 30/// 81840 90760 91109==
17248 12970 00501 10236 20090 38976 48515 52006 60002 333 20156 30014 55000 90760 91106==
17250 12970 02403 10217 20099 38809 48518 52007 60002 333 20144 30012 55116 22244 90760 91106==
17260 12960 02407 10248 20129 39293 40059 52010 60002 333 20177 30017 90760 91112==
17275 12/70 10202 10284 20031 38964 48518 52010 60002 81030 333 20240 30023 55114 81360 90760 91111==
17280 12960 01103 10256 20094 39340 40076 52005 60002 333 20161 30012 55102 22148 90760 91107==
17290 12/70 31502 10267 20215 30094 40124 52014 60002 83030 333 20246 30021 55091 83360 90760 91104==
17292 11620 20000 10178 20177 39396 40123 52010 60002 72841 82100 333 20168 32016 55023 21118 70060 82840==
17300 12560 23205 10266 20210 30059 40126 52010 60092 82100 333 20229 31023 70094 82830 90760 91109==
17310 12970 01101 10300 20197 30102 40109 52010 60002 333 20261 30022 55000 90760 91104==
17330 12970 00000 10291 20175 30100 40117 52009 60002 333 20236 30022 90760 91106==
17350 12960 01003 10286 20192 30031 40105 51010 60002 333 20212 30///==
17370 12670 33401 10293 20215 30113 40117 52008 60002 83100 333 20269 31025 55109 83835 90760 91104==
17375 12970 00101 10264 20189 30108 40110 52011 60002 333 20232 30020 55070 22010 90760 91104==
33088 11597 70102 10175 20157 39900 40082 53002 69932 70182 83570 333 20165 555 11018=
33135 11696 80303 10178 20168 39970 40110 52003 60042 72582 8295/ 333 20140 555 11019=
33177 31596 80101 10166 20154 39861 40087 53003 71022 885// 333 20163 555 11018=
33317 11597 70000 10171 20156 39755 40075 53004 69932 72582 83930 333 20158 555 11019=
33393 31256 83301 10161 20155 39710 40084 53005 71022 8467/ 333 20160 84705=
33415 11597 80102 10172 20157 39695 40073 53002 69932 78082 8695/ 333 20170 86926 555 11017=
33429 11697 81301 10173 20158 39671 40072 53007 69962 70282 8395/ 333 20161 555 11018=
33466 11664 81302 10212 20177 39907 40083 57001 69962 70282 8455/ 333 20185 555 10023=
33506 32997 61102 10212 20148 39927 40112 52007 82039 333 20176 555 10027=
33562 11556 80000 10184 20176 39793 40081 53004 60112 72582 8695/ 333 20179 555 11019=
33587 11997 81701 10202 20184 39832 40080 53009 60032 70298 80001 333 20183 555 11021=
33658 11260 83003 10176 20168 39786 40070 52005 60032 78082 889// 333 20171 86705 555 12019=
33663 11598 71001 10192 20179 39982 40073 53005 60042 70282 86930 333 20182 555 11022=
33664 11596 81002 10177 20177 39763 40063 53005 60052 72582 885// 333 20169 555 80016=
33678 11597 52802 10177 20174 39885 40087 52002 60102 70182 82230 333 20166 555 80010=
33679 11497 51701 10199 20176 39899 40079 54000 60082 70282 83931 333 20178=
33711 32960 71303 10218 20151 39891 40088 53009 87030 333 20202 555 10023=
33745 12597 61202 10182 20182 39897 40081 52006 60052 86900 333 20172 555 80016=
33748 12597 71202 10176 20171 39797 40067 53005 60102 87300 333 20165 555 80011=
33754 11598 60000 10198 20182 39930 40068 54000 60102 70182 81330 333 20174=
33761 11458 71402 10194 20187 39871 40081 52011 60152 71098 87334 333 20177 555 11022=
33791 32680 81103 10218 20143 39979 40099 53007 8235/ 333 20196 555 10024=
33815 12598 81702 10173 20167 39874 40072 53007 60182 885// 333 20162=
33837 12472 61602 10232 20205 30030 40078 53010 60112 82651 333 20176 555 11025=
33881 11596 71103 10175 20170 39886 40073 53007 60062 71022 87300 333 20163 555 80010=
33883 11594 81602 10175 20175 39917 40070 52007 60142 71022 883// 333 20167 555 80017=
33885 11494 81903 10171 20170 39957 40092 52008 69932 71011 886// 333 20162 555 80012=
33892 12598 81702 10186 20186 39871 40070 52005 60082 883// 333 20153=
33902 11597 70000 10222 20207 30039 40095 53015 60012 70282 87300 333 20199 555 11023=
33924 11560 22203 10256 20222 30083 40095 52013 60032 70298 81901 333 20211 90760 91110==
33946 11/82 62304 10225 20179 39887 40094 58003 60012 70182 83031 333 20195 90760 91112==
33983 12/60 63103 10262 20207 30036 40092 52011 60002 82033 333 20205==
34300 32997 61203 10228 20066 39970 40137 52010 82031 333 20200 555 10021=
34336 42570 71002 10218 20034 30091 40189 53011 85339 333 20179==
34344 42/70 81203 10217 20059 30104 40187 52010 86037==
34356 42960 61005 10234 20036 30077 40216 52008 80006 333 90760 91110==
34357 42/70 71007 10221 20036 30051 40197 52008 82034 333 91014 90760 91114==
34398 11970 01106 10240 20064 30243 40252 52005 60002 70730 333 20140==
34415 32970 51602 10231 20084 30043 40134 52008 80001 333 20155 555 10019=
34438 42560 81009 10224 20062 39984 40164 52008 81581 333 20184 91013 90760 91113==
34445 42/70 71207 10237 20043 30078 40184 52006 86072 333 91011 90760 91111==
34461 42960 31104 10246 20030 30161 40213 52010 80001 333 91010 90760 91110==
34473 32997 21006 10241 20054 30198 40234 52004 80001 333 20151=
34476 42970 20907 10249 20042 30223 40230 51005 80001 333 91011 90760 91112==
34504 32969 71402 10229 20147 39946 40109 52009 87000 333 20196=
34535 42970 21106 10209 20061 30088 40156 53010 80001 333 91011 90760 91111==
34545 42/70 71007 10235 20050 30066 40171 52010 80031 333 91012 90760 91112==
34555 42/70 71005 10222 20088 30108 40194 52009 83044 333 90760 91110==
34560 42960 51210 10232 20050 30028 40207 52012 80001 333 91012 90760 91113==
34578 42/60 31404 10243 20045 30201 40207 52007 83040==
34579 42970 20605 10241 20038 30175 40216 52005 80001==
34644 42560 60805 10203 20071 30077 40150 52008 83832 333 20178 91011 90760 91112==
34646 42970 71105 10214 20104 30086 40163 52009 80004 333 91010 90760 91110==
34655 42/60 70810 10245 20035 30115 40171 53006 87030 333 20178 91014 90760 91115==
34662 41970 80807 10250 20034 30183 40193 52009 70711 80001 333 91012 90760 91112==
34691 12970 20904 10234 20038 30235 40223 52005 60002 80002 333 20157==
34720 42/70 50504 10219 20120 30080 40117 52005 83089 333 20198 91010 90760 91110==
34727 42960 61005 10233 20099 30080 40108 52011 80001 333 20219 90760 91110==
34743 42960 61005 10225 20078 30074 40158 52011 80005 333 90760 91110==
34759 42960 60906 10228 20100 30035 40158 53010 80009 333 91010 90760 91113==
34772 41940 20708 10250 20032 30185 40188 52004 73233 80005 333 91014 90760 91114==
34785 41970 20910 10258 20038 30215 40194 53004 70700 80001 333 91014 90760 91114==
34798 12960 00806 10246 20089 30227 40200 52008 60002 333 20162==
34824 42960 80902 10250 20127 30094 40098 52011 80001 333 20218==
34838 42/60 50904 10233 20136 30010 40099 52006 85080 333 20196 90760 91110==
34845 42570 81104 10211 20120 30026 40127 52006 82534 333 20168==
34858 42960 51103 10216 20112 30044 40145 53009 80002 333 20156 90760 91110==
34861 42/70 51106 10219 20079 39927 40155 52009 82031 333 90760 91111==
34866 42/70 21007 10243 20080 30169 40161 52008 80030 333 91010 90760 91113==
34880 41/60 20804 10243 20122 30204 40180 52006 70700 81031==
34887 42970 00603 10247 20113 30187 40169 53008==
34949 42570 61109 10237 20118 39605 40113 52008 83501 333 91011 90760 91111==
34954 42670 80901 10232 20138 39969 40131 53009 85505 333 20176==
34958 42970 80903 10207 20139 39948 40136 52003 80004==
34975 42970 21106 10250 20107 30151 40147 52008 80002 333 90760 91111==
34984 42970 00607 10246 20126 30190 40162 52011 333 91010 90760 91111==
35217 12/60 50704 10214 20062 30240 40278 52005 60002 85030 333 20140==
35302 12/70 51102 10208 20055 30253 40273 52007 60002 85050 333 20142==
35315 32998 00805 10223 20065 30215 40268 52003 333 20133=
35344 32999 10709 10188 20061 30006 40278 58001 80001 333 20110=
35358 12/60 50205 10176 20070 30104 40265 54000 60002 85040 333 20133==
35368 32999 00708 10201 20071 30002 40253 58002 333 20117=
35386 32998 30204 10154 20054 39783 40278 58002 83040 333 20076=
35394 12670 40206 10138 20019 39628 40276 58002 60002 81501 333 20066==
35404 32998 01307 10236 20080 30243 40251 52004 333 20145=
35406 11960 01006 10237 20106 30252 40254 52003 60002 70730 333 20152==
35416 12970 01806 10220 20070 30147 40260 52004 60002 333 20140==
35426 12984 00405 10206 20108 39985 40257 58001 60002 333 20120==
35437 32998 20806 10209 20073 39958 40251 54000 80003 333 20121=
35449 32698 10207 10180 20082 30149 40246 58003 81100 333 20137=
35497 12970 20505 10150 20011 39492 40250 58004 60002 80001 333 20098==
35498 32998 02704 10150 21016 39415 40248 52011 333 20072=
35514 32998 00707 10237 20046 30248 40244 52001 333 20150=
35522 32998 00808 10211 20098 30014 40249 53002 333 20132=
35542 32999 40505 10189 20069 30109 40247 54000 84050 333 20139=
35563 32998 00709 10180 20045 39504 40226 58002 333 20098=
35576 12970 00606 10220 20097 39817 40233 52002 60002 333 20117==
35582 32998 20505 10169 20057 39680 40245 58004 80003 333 20097=
35594 32699 20506 10153 20037 39443 40235 58008 81101 333 20061=
35605 32998 00709 10222 20051 30246 40226 52004 333 20155=
35633 32998 20413 10217 20060 30028 40227 52003 80003 333 20162 91016 91116=
35671 12/70 21104 10230 20066 39818 40215 54000 60002 82040 333 20133==
35699 12960 00508 10149 21005 39513 40229 58007 60002 333 20099==
35700 12970 00905 10218 20053 30238 40216 52001 60002 333 20166==
35715 32999 01007 10236 20015 30228 40214 52003 333 20176=
35739 31997 30509 10222 20084 30068 40197 51001 70731 80001 333 20160=
35746 12970 20507 10238 20058 30138 40200 52002 60002 80001 333 20164==
35777 32997 60903 10239 20094 39891 40208 58018 80004 333 20111=
35796 12960 00606 10185 20041 39808 40215 58012 60002 333 20121==
35849 12970 20602 10248 20074 30104 40183 52005 60002 80001 333 20124==
35895 32598 20508 10171 20102 39802 40220 58003 82200 333 20104=
35907 32998 01108 10214 20099 30197 40169 53009 333 20186=
35925 12970 20706 10231 20077 30087 40190 52001 60002 80002 333 20129==
35927 32998 20704 10249 20064 30184 54000 80002 333 20156=
35953 12984 30506 10258 20056 30066 40184 52005 60002 80002 333 20142==
35969 12984 00904 10252 20045 30029 40188 52001 60002 333 20110==
35997 32698 21404 10221 20095 39783 40183 58010 82100 333 20138=
36259 42584 60803 10141 20010 38221 48478 57015 85902==
36335 32999 40307 10102 20010 39291 40276 58003 80005 333 20057=
36358 32699 50206 10085 21012 39273 40255 58015 83502 333 20058=
36394 31596 83407 10095 20043 39809 40217 57010 78082 883// 333 20049=
36397 12684 73406 10108 20009 39672 40212 57010 60002 85530 333 20056==
36403 32698 71702 10082 20038 39851 40199 52002 87900 333 20045=
36418 32699 70509 10113 20033 39595 40179 54000 85933 333 20070=
36421 32699 83301 10111 20058 39648 40184 52005 885// 333 20066=
36428 12684 72004 10144 20057 39706 40177 51002 60002 83954 333 20042==
36439 32698 72903 10114 20050 38949 48497 58001 84931 333 20063=
36498 32698 20210 10116 20002 39472 40229 58010 82500 333 20080 91116=
36501 32699 73209 10087 20008 39513 40238 58011 87300 333 20065=
36535 12584 73106 10073 20004 39601 40212 54000 60002 87300 333 20061==
36546 32699 62704 10130 20044 39682 40192 52009 86800 333 20025=
36619 32999 03605 10151 20025 333 20100=
36622 32698 33607 10113 21012 39443 40209 58014 83400 333 20067=
36639 12584 50000 10199 20042 39577 40134 57018 60002 82231 333 20067==
36643 32699 63010 10114 21015 39569 40199 58010 86500 333 20080=
36665 11699 71101 10116 20032 39506 40196 58004 69900 70282 87900 333 20102=
36666 32599 72706 10147 21043 39730 40194 58005 83971 333 20098=
36729 32998 52505 10158 20004 39731 40183 58009 82035 333 20135=
36736 32599 72503 10213 20066 39643 40151 57014 86950 333 20108=
36744 32998 00506 10210 20093 39774 40189 58008 333 20089=
36770 32699 20306 10182 20064 39493 40169 57008 82200 333 20043=
36786 32699 33201 10160 20045 39319 40181 58009 83900 333 20072=
36796 31998 52702 10147 20093 39037 48530 58013 70242 80003 333 20032=
36803 32999 63010 10183 20036 39759 40178 56002 86030 333 20131 91116=
36806 32999 63404 10192 20029 39737 40171 58007 86050 333 20144=
36819 32998 30705 10207 20025 39596 40163 57013 80001 333 20103=
36821 12984 00405 10212 20069 39721 40174 58010 60002 333 20083==
36839 32699 22801 10195 20091 39096 40140 57014 82100 333 20046=
36843 32698 20000 10190 20056 39055 40145 57012 82300 333 20070=
36846 32699 22704 10164 20026 38620 48516 57012 82200 333 20022=
36859 12584 21901 10216 20065 39426 40146 57021 60002 82300 333 20073==
36870 12960 00901 10201 20089 39197 40134 57011 60002 333 20100==
36874 32999 01802 10205 20056 39429 40148 57014 333 20067=
36877 32999 01701 10208 20068 39248 40151 57010 333 20041=
36885 32999 02904 10182 20076 39097 40150 57009 333 20077=
36889 32999 01402 10050 21079 37085 47119 57003 333 20000=
36894 32999 00502 10205 20066 39467 40152 58015 333 20100=
36905 32999 00602 10158 20061 38744 48506 57016 333 20080=
36911 42999 02502 10222 20113 39243 40144 58018 333 20080=
36927 42699 21402 10176 20065 38361 48515 57007 82100 333 20063=
36934 42599 21501 10158 20066 38283 48394 51008 82300 333 20093=
36953 32699 21301 10120 20029 38211 48508 57020 82100 333 20038=
36963 42999 01402 10101 21117 37064 48/// 58009 333 2////=
36974 42998 00502 10178 20025 37972 48488 57016 333 20031=
36982 42999 02004 10031 21109 36570 47123 58010 333 21066=
37018 42670 31302 10300 20190 30009 40078 52006 82281==
37031 42/60 31205 10239 20182 39919 40100 52014 81039 333 20208 90760 91110==
37054 41460 80702 10213 20181 39766 40126 52005 75152 886// 333 20188==
37061 42/60 60602 10217 20150 39979 40138 52003 86030==
37085 42970 00807 10259 20156 30164 40138 52009==
37171 42770 30805 10282 20161 30070 40087 52007 81130==
37228 41310 83401 10197 20174 39329 40113 52002 71011 886//==
37235 42560 81801 10213 20201 39825 40122 52006 885// 333 20195==
37472 41/60 61001 10247 20217 30148 40127 52011 71011 82071==
38149 42970 20102 10254 20061 30100 40172 52010 80002 333 20095==
38178 42870 50403 10262 20048 39874 40138 58002 80003 333 20166==
38262 12970 20202 10264 20093 30072 40149 58011 60002 80002 333 20137==
38264 42970 10105 10272 20015 30061 40148 57002 80001 333 20138==
38345 42999 22702 10207 20013 38783 48496 57008 80002 333 20072=
38353 42998 00501 10222 20058 39288 40126 58011 333 20085=
38388 72998 00702 10264 20061 30057 40123 57005 333 20170 6////=
38392 72997 40105 10267 20074 30045 40140 52005 80001 333 20146 6////=
38396 42960 30403 10252 20074 30024 40140 52004 80001 333 20142==
38403 42/60 60202 10272 20088 30036 40147 52002 86080 333 20201==
38413 42/70 33504 10266 20025 39840 40109 57021 83030 333 20197==
38457 12/60 61901 10253 20062 39553 40097 52001 60002 83044 333 20137==
38462 42684 61401 10217 21002 38724 48475 58015 82551 333 20081==
38462 42684 61401 10217 21002 38724 48475 58015 82551 333 20081==
38507 72998 20808 10300 21044 30016 40110 52010 80001 333 20232 6//// 91004 555 50288=
38545 32998 52202 10273 20077 39955 40117 58001 82083 333 20130=
38565 12/70 60000 10238 20068 39530 40100 56001 60002 86030 333 20121==
38579 12/84 70902 10250 20071 39704 40092 57002 60002 84071 333 20124==
38583 12/60 62301 10257 20112 39799 40097 58008 60002 82041 333 20108==
38611 42960 51702 10237 20078 39564 40096 57012 80001 333 20147==
38613 42999 21701 10253 20019 40083 53011 80001 333 20118=
38616 42999 62701 10240 20043 39147 40089 58010 80001 333 20080=
38618 12960 33101 10255 20077 39442 40079 57014 60002 80001 333 20115==
38647 72998 20806 10267 20000 30061 40100 52006 80009 333 20217 6////=
38656 72998 01102 10290 21009 30024 40125 52008 333 20176 6////=
38683 42960 63404 10250 20071 39839 40096 58003 80001 333 20135==
38687 32997 73602 10233 20077 39889 40110 52006 80001 333 20159=
38696 12984 60902 10252 20077 39280 40073 58016 60002 80009 333 20142==
38713 32998 60501 10248 20038 38997 48500 58009 80004 333 20099=
38750 72597 22704 10292 20240 30137 40111 52013 82100 333 20215 6////=
38763 72598 10905 10254 21018 30014 40112 52005 81200 333 20188 6////=
38774 72998 00901 10272 20068 39941 40123 52002 333 20187 6////=
38799 32997 03201 10258 20036 39894 40109 52006 333 20119=
38806 32997 23601 10268 20110 39837 40078 52001 80001 333 20114=
38812 42960 32304 10260 20056 39661 40081 52001 80001 333 20138==
38836 32999 20000 10269 20094 39164 40004 58008 80002 333 20131=
38880 02997 00602 10294 20030 39874 40109 53009 60002 333 20160 6////=
38886 72997 02901 10264 20051 39899 40112 53007 333 20138 6////=
38895 32996 03201 10277 20115 39838 40106 52004 333 20120=
38911 32998 02401 10284 20068 39820 40089 52004 333 20125=
38915 32997 00000 10260 20074 39794 40096 58004 333 20164=
38927 12/60 22302 10270 20053 39739 40087 56002 60002 82030 333 20128==
38933 32999 02701 10262 20151 39616 40092 58015 333 20098=
38944 32998 02501 10262 20059 39535 40031 58002 333 20154=
38954 32999 00000 10200 20023 37918 48470 58031 333 20065=
38974 72998 02001 10283 20030 39792 40102 58003 333 20173 6////=
38987 32996 01202 10250 20038 39406 40100 58002 333 20108=
40030 32970 00000 10276 20146 40136 52008 333 20208 30/// 55107=
40066 32970 00000 10274 20142 40/// 50/// 333 20210 30///=
40080 32965 00902 10249 20102 39444 4//// 52014 333 20157
40100 43/80 09906 10315 20127 30106 40121 50010 6///1 333 58///=
40180 12960 01201 10308 20147 30063 40110 52009 60002 333 10308 20233 70000==
40199 12/// /0404 10313 20144 30086 40110 52006 60002 333 10368 20278 70000==
40250 50282 60280 40000 47606 44265 50000 50194 60000 60042 60030 70000 77/// 7TRV/=
40265 31950 00000 10254 20098 39372 40126 52007 70500 333 20166 30012=
40270 31950 00502 10272 20073 39263 40114 52007 70600 333 20237 30018=
40272 31950 01404 10256 20084 39329 40124 52017 70500 333 20175 30016=
40340 32960 00107 10312 20114 30054 40115 52004 333 20270 30026=
40356 42960 00412 10280 20020 39174 48525 333 20223 58014 555 04410 50088=
40357 42960 00313 10314 20030 39484 40075 333 20270 58020=
40360 42960 03008 10252 20060 39548 40109 333 20207 58013=
40361 42960 00205 10313 20040 39358 40107 333 20258 58009=
40362 42960 00611 10355 20060 39585 40061 333 20267 58014=
40373 42960 00111 10379 20040 39664 40049 333 20299 58008=
40375 42960 02704 10280 20050 39267 40091 333 20248 58016=
40394 42960 00902 10346 20080 39015 48531 333 20288 58010 555 04410 50056=
40394 42960 00902 10346 20080 39015 48531 333 20288 58010 555 04410 50056=
40400 42960 03203 10322 20210 30043 40070 333 20269 59013=
40405 42960 00204 10360 20020 39366 40056 333 20294 58010=
40417 42960 03106 10365 20120 30017 40031 333 20260 58010=
40420 42960 03410 10387 20080 39834 40027 333 20304 58006=
40430 42960 20902 10369 20040 39364 40059 82030 333 20316 59001 82360=
40437 42960 03307 10369 21020 39395 40047 333 20295 58009=
40439 42660 12602 10348 20170 30023 40041 81500 333 20288 59005 81640=
40582 32960 03612 10405 20118 40039 51011 333 55310 00600 10000 21888 30734 41338 51690 62622 55407 41154 90401 91015 91121 91215 91313=
41757 11920 02302 10310 20261 30046 40058 60001 70400 333 58012==
41024 42960 03210 10349 20230 30019 40044 333 20311 59013==
41036 42960 00306 10310 20040 38552 48504 333 20240 59004==
41055 42960 03110 10293 20050 38359 48500 333 20246 59003==
41061 42/60 32706 10342 21070 39367 40029 83030 333 20264 59004 83358==
41084 42960 00902 10331 20000 38819 48490 333 20235 59003==
41112 42960 00000 10274 21020 37950 48498 333 20165 59002==
41114 42960 00000 10265 21020 37982 48494 333 20166 59001==
41128 42960 02402 10340 21050 38774 48494 333 20220 59010==
41136 42660 22209 10343 20140 39266 40036 82400 333 20278 58004 82640==
41140 41558 30403 10347 20270 30046 40052 70500 83100 333 20302 59005 83830==
41150 41960 00504 10359 20274 40035 70500 333 20320 30032 58013=
41170 41956 00105 10356 20284 30021 40034 70500 333 20311 58007=
41176 44/58 /0903 10352 20279 30023 40029 333 20288 58012=
41184 42960 01411 10417 20038 40031 333 20238 58003=
41194 12960 01009 10395 20096 30024 40029 60001 333 20314 58004=
41196 12960 01109 10405 20044 39996 40034 60001 333 20266 58004=
41216 42960 01408 10366 20190 30024 40028 333 20305 58004=
41217 42960 01610 10372 20187 39998 40025 333 20278 30025 58005=
41240 36/// /2803 10347 20223 30017 40046 333 0E128 20316 55300 23714 58001=
41244 36/// /0102 10394 21009 39620 40009 333 0E035 20311 55300 25022 58010=
41246 36/// /0806 10328 20273 30038 40041 333 0E031 20290 55300 25022 58014=
41255 32960 01202 10337 20187 39539 40076 333 20268 3/029 58014=
41256 329// 00206 10320 20264 30025 40042 90545 333 20287 58010 55407 55408 55507 55508=
41258 36/// /0608 10307 20284 30034 40037 333 0E/// 20295 55310 21859 58006=
41263 36/// /1403 10342 20182 39481 40013 333 0E026 20272 55300 21993 58010=
41265 36/// /1303 10316 20210 39482 40023 333 0E030 20255 55300 22035 58018=
41267 36/// /0504 10302 20263 30031 40043 333 0E026 20264 58010=
41268 36/// /2306 10345 20207 39991 40036 333 0E027 20261 55300 25022 58013=
41275 36/// /1212 10310 20223 39888 40050 333 0E025 20248 55300 21756 58008=
41288 32960 02108 10294 20241 30037 40058 333 20255 3/027 58010=
41304 36/// /2305 10382 20075 39732 40022 333 0E027 20272 55300 21623 59000=
41315 36/70 /0000 10245 20220 39268 47556 333 0E026 20218 55300 27865 58004=
41316 32560 71908 10289 20248 30047 40076 87500 333 20267 58005 55407 55408 55507 55508 87625=
41397 61516 10260 2//// 40195 51035 70222 864// 22223 00260 20602 314// 41003=
41398 42720 10300 20287 40110 50/// 70321 84263 22263 00290 20306 327// 40306 80290=
41480 41440 60908 10328 20266 30060 40069 70644 83130 333 20298 30/// 58004 83818 86360=
41497 22515 10260 20232 40170 54000 70299 82141 22200 06240 20000 80240=
41498 62718 10300 20258 40113 51010 70100 85564 22263 04290 20404 329// 40404 80270=
41506 12960 00000 10300 20097 38434 48300 60001 333 59029==
41508 12960 02301 10269 20142 38592 48690 60001 333 59022==
41515 12960 00000 10270 20111 38481 48440 60001 333 59008==
41516 12460 10000 10310 20088 38483 48410 60001 81100 333 56800 58003==
41517 12460 11302 10245 20059 37778 48490 60001 81500 333 56800 58008==
41518 12460 20501 10300 20040 30001 48010 60001 82200 333 56800 58000==
41519 12960 02701 10325 20087 38692 48490 60001 333 58016==
41520 12960 01801 10220 20031 37603 48830 60001 333 58001==
41523 12960 00000 10280 20191 39009 48590 60001 333 59017==
41535 12960 01801 10270 20152 38631 48110 60001 333 59034==
41536 12960 00000 10290 20168 38943 48460 60001 333 59025==
41560 12960 01301 10270 20129 38236 48470 60001 333 59017==
41571 12960 11303 10330 20200 39439 40028 60001 81030 333 56080 59043==
41577 11940 00000 10330 20200 39408 49983 60001 70500 333 56000 59041==
41598 12960 00000 10330 20246 39733 49988 60001 333 59034==
41600 12960 00901 10325 20263 39713 49993 60001 333 59040==
41620 12940 02701 10300 20109 38513 48180 60001 333 59015==
41624 12960 02701 10350 20253 39802 49990 60001 333 59036==
41630 11940 02302 10345 20263 30000 40004 60001 70400 333 59026==
41640 11940 02301 10340 20249 39765 40000 60001 70400 333 59028==
41641 11940 02902 10350 20237 39740 49996 60001 70400 333 59034==
41660 11940 03104 10265 21058 38397 48820 60001 70600 333 59005==
41678 11940 01301 10340 20241 30000 40003 60001 70500 333 59019==
41696 12960 01301 10220 20058 37993 48890 60001 333 58005==
41697 12960 00000 10380 20240 30000 40005 60001 333 59014==
41700 11940 02703 10365 20246 30000 49988 60001 70400 333 59024==
41710 11940 01301 10330 21053 39282 40007 60001 70600 333 59004==
41712 12960 00502 10320 21032 39132 48870 60001 333 59004==
41715 11940 00000 10340 20265 39950 40011 60001 70500 333 59013==
41718 11940 02302 10360 20264 39918 40015 60001 70400 333 58014==
41725 12940 02301 10360 20249 30000 40005 60001 333 59017==
41739 12940 02702 10305 20015 38996 48810 60001 333 58000==
41744 11940 00000 10315 20054 38717 48550 60001 70600 333 58007==
41749 12940 01805 10350 20283 39991 40023 60001 333 58001==
41756 11240 31801 10310 20239 39993 40056 60001 70500 83600 333 56800 58017==
41759 11440 32301 10315 20244 30045 40050 60001 70511 83500 333 56800 58014==
41764 12940 02406 10330 20238 39981 40029 60001 333 58007==
41768 12940 02303 10325 20270 30019 40026 60001 333 59003==
41780 11440 52705 10315 20244 30013 40039 60001 70400 85500 333 56800 58004==
41785 12960 32303 10300 20251 30027 40040 60001 83030 333 56080 58006==
41859 02450 71302 10341 20240 39991 40028 84620 333 59007 70132 82710 83618 87458==
41883 02/56 32704 10354 20250 30002 40022 83030 333 59008 70000 83362==
41891 01450 51705 10352 20210 39974 40011 70521 82330 333 59019 70000 82616 83365 81930==
41907 02456 51302 10348 20270 30007 40022 83830 333 59006 70000 82615 83362==
41923 02450 70000 10342 20260 30005 40015 84431 333 59015 70046 83615 83360==
41936 11416 62503 10336 20300 30017 40024 60001 70562 83830 333 58001 83615 85362==
41943 02445 60902 10320 20270 30004 40011 83570 333 59022 70545 83616 84458==
41950 21350 70000 10315 20280 30012 40014 70196 85610 333 59014 60178 70351 81708 84616 87459==
41978 02458 73006 10308 20270 30003 40009 84871 333 59025 70030 82615 83820 86362==
41992 01425 80000 10294 20270 30011 40013 75165 8532/ 333 59026 70500 84614 88458 81925==
42001 12061 99259 70897 46/// /2705 10285 20280 30056 40059 90540 22200 00299 333 91207 555 11050 22053 8//05 90532=
42027 31595 10501 10252 20140 38358 48442 70500 81100 333 59026 81824=
42044 32996 02701 10250 20145 38228 48451 333 59023=
42045 32996 00501 10292 20142 38253 48366 333 59037=
42056 32696 12301 10324 20238 39578 81100 333 59033 81840=
42071 31996 12904 10334 20252 49998 70500 81030 333 59029 81359=
42097 12061 99257 70837 46/// ///// 1//// 90556 22200 00307 11102 21001 327// 41101 70008=
42101 32596 81405 10282 20262 40023 8252/ 333 59018 82630 88458=
42111 21494 81402 10268 20254 39333 40006 76162 8632/ 333 59007 6001/ 84712 85618 81925 88458=
42123 32996 00000 10354 20250 40000 333 59024=
42131 32696 73202 10310 20268 40009 83520 333 59022=
42165 32696 20000 10348 20240 40004 82500 333 59008 82640=
42182 21595 80506 10270 20264 40005 76166 8557/ 333 59018 6994/ 85630 88458=
42189 21495 83201 10262 20262 49985 76165 8772/ 333 56299 59027 6002/ 83715 87620 88460=
42309 32596 30505 10334 20271 40030 82100 333 59022=
42314 32596 50205 10332 20277 40035 83430 333 59017 83825 85360=
42328 31995 02305 10336 20252 49998 70500 333 59003=
42339 31595 32303 10310 20257 40027 70520 83500 333 58003 83630=
42348 31495 82904 10280 20246 40016 71022 8692/ 333 59007 83715 85625 81935 88458=
42361 21496 82904 10246 20246 49964 75066 8672/ 333 59027 6007/ 84710 86614 88458=
42369 21595 81410 10288 20257 39852 49995 71022 8489/ 333 58008 6990/ 84620 88358=
42379 31495 70902 10320 20276 40020 70562 85630 333 58015 82714 84820 86359=
42410 31596 60000 10338 20260 40033 70522 83530 333 59014 82620 85360=
42415 32596 21402 10334 20268 40037 82400 333 59026 82620=
42452 31595 71802 10288 20242 40007 71022 84530 333 58003=
42492 31496 62304 10338 20272 40030 70522 86400 333 58017 83618 84825=
42559 21495 82702 10242 20239 40013 72165 8472/ 333 58022 6008/ 82715 84620 88458=
42571 21496 81801 10270 20244 40012 70265 8663/ 333 58053 6992/ 82715 85625 87360=
42591 31596 42502 10334 20259 40037 70510 82530 333 58025 82620 83360=
42623 31496 60504 10308 20212 39190 40021 70522 82530 333 58002 82618 86360=
42634 32496 62302 10298 20231 40059 86600 333 58010 83718 84620=
42647 31495 72903 10304 20247 40056 70522 85232 333 56699 58013 82618 83825 87358=
42667 31395 82316 10262 20237 39458 40032 70522 8474/ 333 58026 84706 84618 86458=
42675 31495 82303 10270 20235 40029 70520 8663/ 333 58048 83710 84620 87360=
42701 31496 62503 10300 20247 39328 40029 70521 84830 333 58022 83618 83825 85360=
42724 32496 60000 10340 20280 40010 84430 333 59018 83618 83825=
42737 32596 42710 10312 20231 40060 84500 333 58014 84620=
42754 31496 62710 10266 20229 39419 40039 70522 85630 333 58017 82710 83618 85360=
42779 32596 61804 10294 20216 39356 40029 83830 333 58038 82620 83360=
42798 31496 72706 10332 20253 40032 70522 83530 333 58018 83615 87360=
42809 21596 82702 10316 20292 40028 76062 8353/ 333 58006 6990/ 83620 88360=
42840 32596 62903 10296 20260 40068 84830 333 58014 82620 83825 85360=
42867 31496 52504 10310 20241 40046 70522 83530 333 58027 83618 84359=
42874 32596 52305 10310 20238 40049 85800 333 58030 82620 84825=
42886 32596 52306 10314 20252 40051 83530 333 58031 83620 85360=
42895 32596 60000 10312 20282 40039 84530 333 58012 84620 85360=
42909 31496 62706 10300 20264 40069 70152 86730 222// 20000 333 58018 81715 84620=
42971 31496 82502 10324 20257 40056 70522 85437 333 58023 85618 87360 88270=
43003 21495 72303 10296 20257 40079 70565 85770 333 58022 6006/ 82712 83618 85358=
43014 31596 72704 10270 20212 39426 40061 70541 87800 333 58022 84620 85825=
43041 31596 52704 10306 20230 39454 40051 70521 85400 333 58021 83620 85825=
43063 21597 72705 10274 20213 39462 40073 70252 86730 333 56690 58020 6992/ 82722 85626=
43086 32597 63202 10306 20266 39884 40058 83801 333 58019=
43110 31496 42704 10296 20248 40099 70162 84800 333 58023 82618 84822=
43117 32597 61802 10290 20221 40076 84430 333 58024=
43192 21596 52901 10302 20263 40100 70261 83430 333 58019 6003/=
43201 32497 62003 10276 20202 39353 40064 84830 333 58014 83612 83818 85358=
43213 32597 42703 10310 20204 39756 40066 82838 333 56699 58014=
43233 32497 72712 10270 20230 39294 40098 84631 333 56699 58016=
43245 32597 22303 10346 20210 30047 40073 81401 333 58016=
43279 31997 22906 10342 20229 30062 40079 70200 80002 333 58005 82075=
43295 32497 62705 10256 20162 39093 48509 84431 333 56699 58010 84612=
43314 32597 32303 10320 20252 40115 82801 333 58007=
43333 31496 72706 10304 20256 40087 70522 86401 333 56609 58003 84618 85820=
43344 31496 52708 10346 20221 39990 40087 70522 83401 333 58012 82616 83820=
43353 32496 53206 10306 20230 40116 81520 333 56790 58009 82714 84459=
43369 21497 53203 10302 20274 40121 70265 83430 333 58012 6003/ 83618 85358=
43404 22470 42104 10330 20269 30085 40088 56014 82/// 333 553// 20584 58008 60008 82920 91007 555 60008==
43410 22/70 1//// 10349 20227 30084 40087 57021 333 58006 60008 81/18 555 60008==
43413 22470 62105 10309 20252 30095 40099 58015 86202 333 553// 20580 58008 60008 91008==
43415 22470 62502 10344 20238 39997 40105 53015 86000 333 58007 60008 70000 555 60008==
43418 22470 42302 10344 20228 30049 40090 57015 83100 333 58006 60008 70000 555 60008==
43421 22470 52603 10344 20234 39992 40095 57019 85000 333 553// 20360 58003 60008 91008 555 60008==
43422 22470 72303 10315 20244 39964 40095 5/015 84000 333 58002 60008 555 60008==
43424 22470 32304 10316 20254 30100 40102 56013 83000 333 58001 60008 555 60008==
43436 22470 30503 10322 20245 30088 40091 57015 81000 333 58008 60008 555 60008==
43441 22470 62303 10308 20239 39969 40100 56016 82000 333 58006 60008 70003 555 60008==
43444 21470 52002 10284 20218 39579 40105 58013 70282 83000 333 58005 60008 70006 555 60008==
43450 22/70 52305 10300 20252 30106 40118 53007 333 58000 60008 84/80 555 60008==
43466 22470 52302 10297 20231 30108 40116 5/010 83000 333 553// 20464 58004 60008 91005==
43467 22470 52302 10312 20247 30113 40119 57006 84200 333 58005 60008 555 60008==
43473 22/70 62905 10196 20149 38138 48499 57010 333 553// 20560 58006 60008 70006 81708 83810 91010 555 60008==
43475 22470 31502 10326 20243 30089 40093 57016 81100 333 553// 20569 58008 60008 91005 555 60008==
43476 22470 33203 10282 20161 38779 48531 5/007 81000 333 58005 60008 70000 555 60008==
43479 22470 53402 10300 20194 39259 57014 82000 333 58002 60008 555 60008==
43486 22470 53003 10315 20245 30009 40107 58016 83101 333 553// 20451 59005 60008 91006==
43495 22470 62602 10290 20253 30101 40114 5/110 82000 333 58040 60008 555 60218==
43497 22470 22105 10312 20000 30082 40099 5/017 81000 333 553// 20617 59001 60008 91007==
44212 42584 73402 10153 20031 39109 40182 57016 87800==
44213 42684 73104 10137 20004 38786 40172 57009 85510==
44214 42670 61802 10145 20000 38266 40129 57013 86500==
44215 41660 70903 10131 20014 38405 40159 57012 71522 87800==
44217 41597 81402 10065 20028 37860 40212 56008 76162 8802/ 333 91204=
44218 42/84 70804 10166 20014 38588 40134 57013 84048==
44219 32999 73004 10183 20022 38601 40123 57011 84078 333 91203=
44265 42/84 72502 10185 20026 38834 40150 57010 87010==
44266 32699 82506 10111 21021 37792 40167 57008 8382/ 333 91111 91208=
48010 42558 60401 10320 20265 39900 40047 84830 333 58010==
48020 41258 80000 10265 20251 75065 8692/==
48025 41220 80401 10262 20246 39921 40059 75065 8582/ 333 58024==
48031 41903 00401 10190 20190 76064 89///==
48048 41450 81802 10268 20268 39977 40032 76165 8692/ 333 58018==
48052 21456 81402 10260 20229 75322 85970 333 56990=
48062 41456 82709 10250 20250 30016 40022 76566 86920 333 59028==
48064 41450 82202 10268 20256 39968 40025 75065 8587/ 333 58001==
48071 41350 82309 10268 20265 30031 40040 79799 8692/ 333 59018==
48094 42457 72202 10300 20260 30055 40065 85970 333 58003==
48109 41460 82303 10280 20268 30086 40090 70365 8697/ 333 58004==
50557 14/80 /0301 10151 20053 39867 40157 57013 60001 333 10264 20077 3/005 58017 70000 90761 91109==
51076 14/80 /1302 10149 20099 39335 40179 57012 60091 333 10226 20103 3/012 58004 70085 90761 91108==
51087 14080 03003 10146 20069 39194 40177 57004 69901 72165 333 10228 20129 3/014 58002 90761 91108==
51156 14/80 /1302 10091 20074 38694 40184 57007 60231 76000 333 10187 20070 3/005 59019 70243 90761 91110==
51243 14/80 /1102 10213 20079 39632 40149 57015 69901 70060 333 10242 20164 3/016 59023 90761 91108==
51334 14/80 /3304 10235 20080 39765 40148 57017 60001 333 10239 20111 3/011 59036 70002 90761 91107==
51379 14/80 /1602 10209 20057 39259 40155 57016 60001 333 10233 20124 3/012 59011 70000 90761 91105==
51463 14/80 /0102 10165 20077 39022 40162 57016 60001 333 10208 20132 3/012 59012 90761 91106==
51573 14/80 /1304 10307 20059 30067 40113 57026 60001 333 10308 20218 3/021 59001 70000 90761 91109==
51644 14/80 /2901 10234 20017 38926 40115 57010 60001 333 10238 20100 3/011 59006 70003 90761 91108==
51656 14/66 /1104 10235 20099 39118 40116 57014 60001 333 10285 20129 3/010 58001 70000 90761 91107==
51709 14/63 /1102 10231 20041 38607 40101 57013 60001 333 10235 20129 3/012 59023 70000 90761 91105==
51711 14/80 /1902 10170 21026 38016 40084 57016 60001 333 10182 20057 3/004 59019 70000 90761 91107==
51716 14/62 /1102 10232 20092 38888 40114 57008 60001 333 10258 20124 3/012 59012 70000 90761 91107==
51765 14/80 /1702 10271 20065 39175 40113 57020 60001 333 10273 20133 3/012 59005 70000 90761 91105==
51811 14/60 /1502 10237 20069 38761 40104 57015 60001 333 10242 20101 3/007 59029 70000 90761 91105==
51818 14/59 /1002 10243 20041 38615 40096 57016 60001 333 10244 20094 3/006 59025 70000 90761 91105==
51828 14/58 /0703 10243 20046 38614 40087 57013 60001 333 10243 20146 3/009 59017 70000 90761 91105==
51886 14/80 /3203 10147 21006 37153 40079 57013 60001 333 10160 20087 3/009 58025 70000 90761 91107==
52203 14/74 /1803 10221 20106 39305 40144 57018 60001 333 10253 20156 3/016 58038 90761 91106==
52602 14/80 /3003 10142 20011 37305 40109 57004 69921 333 10223 20075 3/009 58052 70002 90761 91108==
52681 14/66 /2807 10156 20125 38616 40116 54000 69911 333 10170 20137 3/015 59014 70021 90761 91114==
52818 14/79 /2903 10117 20037 37287 40129 57005 60001 333 10282 20082 3/010 58077 70092 90761 91110==
52908 14/75 /2912 10091 20033 35831 40014 57005 60001 72100 333 10146 20030 3/001 58005 70015 90761 91117==
53463 14/80 /2303 10236 20149 38855 40118 57023 60001 333 10238 20157 3/015 59064 70000 90761 91106==
54857 14/76 /1902 10282 20240 30024 40113 57018 60001 333 10300 20247 3/026 59037 90761 91106==
55228 14/65 /3101 10029 20013 36090 40077 52010 60021 76000 333 10173 20027 3/005 58026 70015 90761 91107==
55299 14/80 /1605 10121 20036 35910 49976 57011 60001 333 10176 20060 3/004 59002 70018 90761 91109==
55578 14/69 /0401 10207 20043 36406 49914 57020 60001 333 10229 20111 3/012 59005 70000 90761 91107==
55591 14/80 /2402 10204 20067 36555 49943 57022 69911 333 10223 20123 3/012 59009 70012 90761 91105==
55664 14/80 /1803 10152 20006 36059 49982 57015 60001 333 10196 20040 3/004 58003 70000 90761 91104==
55773 14/80 /1304 10110 20045 36073 40033 57007 60001 333 10141 20060 3/006 58000 70024 90761 91107==
56004 14/80 /1503 10142 20048 35879 49959 57015 60001 333 10144 20034 3/001 59004 70073 90761 91105==
56018 14/80 /2801 10173 20056 36231 49959 57021 60031 333 10174 20075 3/008 59001 70026 90761 91109==
56116 14/80 /1602 10190 20040 36380 49941 57021 60001 333 10212 20062 3/004 59004 70000 90761 91106==
56299 81816 81917 85280=
56312 14/80 /1304 10224 20070 37110 49991 57020 60001 333 10228 20145 3/014 59010 70000 90761 91108==
57494 14559 /0301 10245 20222 30069 40098 57019 60001 76000 333 10296 20235 3/024 59024 70000 90761 91107==
58847 14/63 /0903 10339 20223 39975 40071 57020 60001 333 10379 20279 3/028 58019 70000 90761 91106==
62306 42560 32703 10276 20216 40140 52014 83200 333 20230==
62309 42560 33305 10288 20205 40116 83500 333 20254==
62332 42960 01208 10298 20199 40103 52002 333 20289==
62366 44950 03006 10300 20133 40105 52017 70500 333 20298==
62387 42960 03305 10288 20159 40108 52015 333 20242==
62393 42960 03606 10319 20105 40138 52021 333 20268==
62405 42960 00603 10327 20099 40099 52013 333 20257==
62414 42960 03504 10332 20097 40104 52013 333 20301==
62419 42960 00000 10329 20144 40090 52013 333 20272==
62420 42960 03604 10287 20227 40120 52016 333 20264==
62435 42960 03202 10323 20127 40094 52015 333 20240==
62440 42960 00605 10284 20217 40105 52007 333 20240==
62455 42960 00000 10352 20130 40105 333 20275==
62458 42960 02603 10343 20139 40095 52007 333 20262==
62459 42960 02101 10315 20225 40090 52014 333 20242==
62465 42960 03008 10337 20169 40086 52015 333 20299==
