SIPK OPKC 061500=
41504 22695 41304 10240 20076 37775 48375 84500 333 56900 58022 60007 84640 RH35%=
41506 22695 21810 10270 20129 38415 48411 82500 333 56900 58019 60007 82640 42%=
41507 21695 80906 10290 20219 39183 49672 79696 8492/ 333 5699/ 58002 69907 81930 83640 84460 65%=
41508 21695 60000 10233 20173 38595 48471 71799 86900 333 56900 58020 60007 82930 84635 68%=
41509 22996 01804 10295 20165 38663 48418 333 58023 60007 RH45%=
41510 22996 30000 10190 20143 37868 48447 83030 333 56090 58008 60007 83360 74%=
41515 22696 22306 10287 20142 38455 48417 82500 333 56900 58005 60007 82650 42%=
41516 22696 61304 10245 20109 38454 48412 83510 333 56990 58029 60007 83640 84460 RH42%=
41517 21696 70000 10205 20124 37752 48431 70422 83570 333 56990 58037 60007 83640 87460 60%=
41518 22696 81808 10250 20116 38/// 48/// 8352/ 333 5699/ 5//// 60007 83640 88461 43%=
41519 22696 72702 10295 20135 38670 48424 83520 333 56990 58038 60007 83640 87462 RH38%=
41520 22595 83604 10200 20065 37593 48178 8562/ 333 5699/ 58017 60007 82720 83640 88462 41=
41523 21696 72704 10260 20201 39004 48450 71792 84920 333 56990 58021 60007 81930 83640 83460 70%=
41524 22696 81802 10250 20190 39256 40082 8352/ 333 5699/ 58047 60007 83640 85460 RH 69%=
41525 21696 42304 10170 20121 37666 48351 72992 81120 333 56990 58011 60007 81640 83460 73%=
41528 22697 40000 10240 20218 39176 48491 82520 333 56990 58051 60007 82640 82460 88%=
41529 22696 53602 10320 20242 39642 40000 82530 333 56900 58022 60007 82640 83360 65%=
41530 216// 60506 10310 20239 39610 40000 71322 84930 333 56990 58023 60007 81930 83840 66%=
41534 01596 50904 10310 20239 39615 40006 71310 83920 333 56990 58015 60007 81930 82640 82460 66%=
41535 22996 00000 10200 20185 38658 48435 333 58042 60007 RH91%=
41536 22596 70000 10230 20185 38970 48471 83520 333 56990 58032 60007 83630 85460 76% =
41560 22996 30000 10230 20186 38249 48463 83030 333 56090 58018 60007 83360 Rh76%=
41562 22996 30000 10325 20240 39567 40004 83030 333 58013 60007 83360 RH 61%=
41565 22696 41302 10239 20211 38601 48475 84500 333 56900 58027 60007 84635 RH 84%=
41567 21596 70000 10300 20228 39598 49993 71310 84970 333 56990 58032 60007 81930 83640 86460 65%=
41571 216// 61306 10260 20193 39475 40035 70522 83830 333 56990 58026 60007 RH67%=
41572 21696 11304 10260 20239 39409 40007 71391 81900 333 56900 58031 60007 81930 RH88%=
41573 21696 83602 10170 20129 37951 48460 72162 84520 333 56990 58025 60017 84630 84460 77%=
41574 22697 50000 10190 20175 38304 48476 85500 333 56900 58011 60007 85640 91%=
41576 21696 20000 10300 20258 40032 70400 82500 333 56900 58028 60007 82640 78%=
41577 21996 20000 10260 20209 39440 40031 70421 82030 333 56090 58030 60007 82360 RH 74%=
41593 21996 21302 10330 20268 39805 40005 70411 82030 333 56090 58024 60007 82360 70%=
41597 21996 00000 10310 20276 40034 70400 333 58033 60007 82%=
41598 21996 00000 10300 20265 39747 40005 70400 333 58027 60007 82%=
41599 21696 20000 10310 20239 39749 40024 70410 82400 333 56900 58032 60007 82640 66%=
41600 21696 60000 10300 20251 40023 70422 83570 333 56990 58036 60007 83645 83462 75%=
41620 32996 01804 10300 20142 38502 48407 333 58027 60007 38%=
41624 21996 00000 10340 20265 49993 70400 333 58014 60007 65%=
41625 21996 00000 10325 20263 49987 333 58008 60007 70%=
41630 21696 31306 10320 20265 40016 70401 83500 333 56900 58021 60007 83640 73%=
41633 22997 00000 10340 20241 4//// 333 5//// 60007 56%=
41634 22697 30000 10285 20258 3//// 4//// 83500 333 56900 5//// 60007 83640 85%=
41635 21996 00000 10330 20283 3//// 4//// 70400 333 5//// 60007 76%=
41636 21996 20000 10325 20263 39832 40004 70400 82020 333 56090 58010 60007 82462 70%=
41638 21996 00000 10330 20253 4//// 70400 333 5//// 60007 64%=
41639 21996 00000 10300 20251 4//// 70400 333 5//// 60007 75%=
41640 21696 40000 10300 20265 39785 40023 70421 82530 333 56990 58029 60007 82640 82360 82%=
41641 21696 41308 10315 20252 39762 40022 70422 82570 333 56990 58028 60007 82640 83460 69%=
41642 21996 00000 10300 20265 4//// 70400 333 5//// 60007 82%=
41643 21696 20000 10305 20256 39747 40009 70400 82400 333 56900 58025 60007 82640 75%=
41644 21996 00000 10305 20231 4//// 70400 333 5//// 60007 77%=
41646 21996 00000 10330 20276 40026 70400 333 58029 60007 73%=
41652 21996 20000 10330 20261 39842 40011 70400 82030 333 56090 58018 60007 8260 67%=
41660 227// 13106 10270 21002 38380 48472 81400 333 56900 58020 60007 81850 RH17%=
41661 22996 00000 10290 20006 38328 48445 333 58012 60007 16 %=
41669 22996 00000 10345 20270 3//// 4//// 333 5//// 60007 65%=
41670 21996 00000 10325 20285 3//// 4//// 70400 333 5//// 60007 79%=
41674 21996 00000 10320 20265 3//// 4//// 70400 333 5//// 60007 73%=
41675 21996 00000 10345 20247 39869 40004 70400 333 58020 60007 57%=
41676 21996 20000 10340 20286 39868 40015 70400 82030 333 56090 59016 60007 82361 74%=
41677 21996 00000 10320 20265 39835 49993 70400 333 58021 60007 73%=
41678 21996 00000 10340 20225 40012 70500 333 58016 60007 51%=
41679 21996 00000 10300 20273 4//// 70411 333 5//// 60007 85%=
41680 21996 00000 10330 20268 40008 70400 333 58020 60007 70%=
41685 21697 40904 10275 20233 38850 48453 71391 84300 333 56900 58029 60007 81940 83635 RH78%=
41696 22996 00000 10230 20106 37978 48470 333 58006 60007 RH46%=
41697 22996 00000 10345 20263 49989 333 58005 60007 RH62%=
41700 21996 00000 10345 20263 40001 70400 333 58027 60007 62%=
41701 21996 20904 10340 20265 40010 70400 82030 333 56090 58024 60007 82360 65%=
41710 22996 03102 10360 21148 49950 333 58019 60007 RH03%=
41712 22996 01302 10370 20018 39081 48447 333 58009 60007 RH11%=
41715 21996 00000 10330 20268 40002 70500 333 58017 60007 RH70%=
41716 21996 00000 10320 20258 39918 40016 70400 333 58024 60007 70%=
41718 21996 00000 10340 20272 40009 70400 333 58016 60007 68%=
41724 21996 00000 10345 20285 40019 70500 333 58022 60007 RH71%=
41725 22996 00000 10365 20255 49994 333 58016 60007 RH53%=
41726 22996 00000 10340 20286 39949 40016 333 58022 60007 RH74%=
41738 22996 21824 10330 20238 40019 82040 333 56090 58010 60007 92460 RH58%=
41739 22996 02306 10350 20116 38950 48443 333 59013 60007 RH24%=
41742 22996 01304 10310 20254 40017 333 58024 60007 RH 72%=
41743 21996 00000 10340 20249 70500 333 60007 RH 59%=
41744 22996 01304 10275 20054 38691 48427 333 59021 60007 RH 24%=
41745 21996 01302 10325 20270 70500 333 60007 RH 73%=
41746 22996 01802 10325 20278 40011 333 58014 60007 RH76%=
41747 22996 00000 10335 20259 49988 333 58014 60007 RH65%=
41748 22996 01302 10355 20266 40020 333 58015 60007 RH60%=
41749 22996 01308 10340 20286 40008 333 58018 60007 RH74%=
41756 21496 61804 10295 20260 40020 70504 86600 333 56900 58005 60007 86715 RH82%=
41757 21596 42310 10290 20248 30031 40043 70500 84600 333 56900 58022 60007 84720 RH78%=
41759 21996 02304 10300 20258 40030 70500 333 58015 60007 RH78%=
41764 22996 02310 10300 20258 39976 40024 333 58026 60007 RH78%=
41765 22996 02106 10305 20256 39989 40024 333 58023 60007 RH75%=
41766 22996 02304 10290 20248 40012 333 58021 60007 RH 78%=
41767 22996 0//// 10305 20264 333 60007 RH79%=
41768 22996 02304 10305 20278 30017 40024 333 58023 60007 RH85%=
41780 22596 42508 10290 20240 30012 40039 84600 333 56900 58024 60007 84720 RH74%=
41783 22996 32306 10285 20250 39982 40011 83030 333 56090 58007 60007 83360 RH 81%=
41785 22996 02306 10295 20260 30033 40046 333 58019 60007 RH 82%=
41786 22696 22308 10320 20242 40017 82500 333 56900 58020 60007 82630 RH64%=
41BKI 22996 30000 10320 20250 39602 49995 83030 333 56090 58019 60007 83360 RH 67%=
41SKP 21996 00000 10315 20260 4//// 70400 333 5//// 60007 72%=
43532 22696 60000 10265 20199 39232 49996 83520 333 56990 58027 60017 83640 83460 67%=
43533 22696 60000 10220 20205 39150 48444 82520 333 56990 58043 60007 82640 84460 91%=
43563 22697 60000 10256 20219 40026 82530 333 56990 58028 60007 82640 84360 81%=


Data Generated from File : D:\all data handling\Rmc_lhr\2024090615.FSU.txt
06/09/24 16:07:50
______________________________________________________________
15007 25/70 /1303 10254 20083 39747 40192 55000 7000/ 333 55301 0//// 20658 3//// 60007=
15020 24570 51205 10276 20095 30007 40193 53002 84260 333 55309 21481 60007 91008 90730 91110==
15023 25570 51305 10254 20091 39773 40176 53002 7000/ 85800 333 55302 0//// 20685 3//// 60007 91007 91107=
15056 25570 61005 10256 20090 39860 40193 53002 7000/ 83570 333 55309 0//// 21395 3//// 60007 91009 91110=
15069 25599 60806 10203 20087 39149 42830 57002 7000/ 81170 333 55302 0//// 20818 3//// 60007 91009 91109=
15073 25/70 /1302 10249 20108 39752 40195 54001 7000/ 333 55305 0//// 20911 3//// 60007=
15090 24570 60702 10259 20141 30110 40198 52003 84540 333 55307 00640 21063 30664 60007 91004 90730 91105==
15107 21670 10903 10224 20088 39408 42835 57003 70181 81300 333 55303 0//// 20850 3//// 69907 91005 91106 95000=
15108 22270 61002 10097 20075 38164 48562 52007 84840 333 55300 20504 60007 91004 90730 91107==
15109 25570 42601 10230 20119 39779 40195 54001 7000/ 83830 333 55301 0//// 20688 3//// 60007 91003 91103=
15111 25/70 /1003 10250 20122 39936 40186 55001 7000/ 333 55304 0//// 20955 3//// 60007=
15113 25570 50605 10255 20145 30035 40190 52004 7000/ 84840 333 55309 0//// 21223 3//// 60007 91006 91109=
15127 21570 60606 10216 20103 39335 42830 57002 72582 86300 333 55305 0//// 20902 3//// 69917 91009 91109 95000=
15148 25/70 /0503 10158 20110 38760 48539 50002 7000/ 333 55306 0//// 21343 3//// 60007=
15150 24570 73001 10236 20167 39991 40194 55002 85870 333 55300 20351 60007 91002 90730 91103==
15154 25570 30804 10264 20118 30051 40186 53004 7000/ 83200 333 55309 0//// 21244 3//// 60007 91008 91108=
15168 25/70 /0904 10244 20110 39576 42826 55000 7000/ 333 55309 0//// 21737 3//// 60007=
15170 24570 40705 10222 20108 39430 42829 53005 82240 333 55310 21723 60007 91008 90730 91108==
15194 25570 72702 10213 20159 39915 40199 53003 7000/ 84370 333 55300 0//// 20302 3//// 60007 91003 91104=
15197 25/70 /0503 10242 20156 39989 40190 52002 7000/ 333 55300 0//// 20511 3//// 69917=
15215 25599 30905 10229 20124 39594 42827 55001 7000/ 81240 333 55304 0//// 20996 3//// 60007 91008 91110=
15217 25/70 /0605 10202 20135 39540 42836 53005 7000/ 333 55310 0//// 21399 3//// 60007=
15219 25/70 /3003 10222 20172 30068 40188 55001 7000/ 333 55300 0//// 20517 3//// 60007=
15238 25/64 /0506 10220 20131 39580 42828 55001 7000/ 333 55307 0//// 21109 3//// 60007=
15261 25/68 /0502 10214 20130 39391 42840 55001 7000/ 333 55301 0//// 20684 3//// 60007=
15262 21/90 90808 10091 20091 38266 48/// 53006 74544 333 55300 0//// 20208 3//// 60007 91012 91112=
15265 25570 73304 10230 20184 30111 40182 55001 7000/ 84870 333 55301 0//// 20513 3//// 60007 91007 91108=
15280 21/00 90402 10071 20071 37572 47149 53002 74584 89/// 333 55302 20420 69937 91005 90730 91105==
15300 25799 50704 10231 20133 39559 42822 55001 7000/ 82260 333 55309 0//// 21442 3//// 60007 91008 91109=
15301 25570 70101 10166 20118 38673 48557 53004 7000/ 87300 333 55300 0//// 20357 3//// 60007 91003 91104 95000=
15302 25597 62201 10180 20126 38962 48543 53004 7000/ 86900 333 55307 0//// 21341 3//// 60007 91002 91104 95050=
15307 27/70 /3604 10216 20164 39997 40177 55000 7818/ 333 55300 0//// 20385 3//// 60007=
15310 27570 70403 10234 20191 30087 40169 55000 7818/ 85970 333 55300 10050 20223 30206 69907 91009 90730 91109==
15324 25/70 /1001 10237 20135 39392 42815 52003 7000/ 333 55307 0//// 21236 3//// 60007=
15325 21570 72701 10123 20115 38530 48541 53004 72582 86360 333 55300 0//// 20140 3//// 60057 91001 91102=
15328 25570 80302 10230 20147 39841 40176 53003 7000/ 8532/ 333 55301 0//// 20745 3//// 60007 91007 91108=
15336 25/70 /0702 10247 20186 30160 40161 52006 7000/ 333 55303 0//// 20616 3//// 69937=
15349 25/70 /0502 10230 20127 39642 40170 53005 7000/ 333 55305 0//// 20985 3//// 60007=
15350 24570 60106 10226 20160 30065 40180 53002 86300 333 55300 20301 60007 91012 90730 91112==
15360 24570 40807 10246 20189 30148 40164 52004 82230 333 55307 21108 60007 91008 90730 91109==
15375 25570 60704 10245 20137 39824 40165 52004 7000/ 84360 333 55300 0//// 20449 3//// 60007 91006 91106=
15377 25597 60503 10262 20144 39959 40164 55001 7000/ 86300 333 55302 0//// 20586 3//// 60007 91006 91108=
15387 25570 40703 10249 20193 30160 40163 52003 7000/ 84200 333 55310 0//// 21335 3//// 60007 91006 91107=
15402 25570 60305 10252 20163 30097 40168 55001 7000/ 86300 333 55304 0//// 21102 3//// 60007 91010 91111=
15405 25/70 /0111 10237 20171 30111 40171 53003 7000/ 333 55306 0//// 21023 3//// 60007=
15406 25/70 /0203 10233 20202 30112 40157 53005 7000/ 333 55305 0//// 21000 3//// 69907=
15408 25/70 /1007 10227 20183 39903 40159 53009 7000/ 333 55308 0//// 21262 3//// 60007=
15409 25/70 /0902 10233 20195 30116 40161 53008 7000/ 333 55305 0//// 20913 3//// 60007=
15419 25570 50605 10262 20157 39983 40167 55000 7000/ 85300 333 55303 0//// 20851 3//// 60007 91008 91108=
15420 24570 50303 10266 20158 30058 40163 55001 85300 333 55307 21197 60007 91007 90730 91108==
15421 25570 50304 10256 20154 30070 40175 55000 7000/ 85200 333 55304 00451 21050 30498 60007 91006 91107=
15422 25570 40402 10269 20160 30064 40160 55003 7000/ 84300 333 55304 0//// 20956 3//// 60007 91007 91107=
15425 25570 63609 10214 20181 30101 40163 53002 7000/ 82370 333 55300 0//// 20369 3//// 60007 91014 91114=
15434 22970 31302 10298 20111 39951 40147 56009 83070 333 55310 0//// 21512 3//// 60007 91006 91106=
15444 27/70 /0203 10236 20204 30084 40154 55002 723// 333 55306 0//// 21200 3//// 60027=
15455 25/70 /0505 10275 20155 30031 40154 57007 7000/ 333 55310 0//// 21443 3//// 60007=
15460 24570 53605 10260 20177 30132 40155 57006 83370 333 55305 21034 60007 91009 90730 91109==
15462 25570 70905 10228 20189 30070 40153 53002 7000/ 87900 333 55302 0//// 20716 3//// 60007 91008 91108=
15470 24570 40705 10293 20134 30027 40145 56011 81242 333 55310 21547 60007 91009 90730 91109==
15475 22597 50304 10267 20173 30139 40158 56007 85200 333 55307 0//// 21258 3//// 60007 91009 91109=
15479 27/58 /3304 10208 20194 39966 40152 57005 7626/ 333 55305 0//// 20918 3//// 69947=
15480 24570 61301 10231 20191 30138 40155 52006 86300 333 55300 00070 20267 30229 69927 91003 90730 91105==
15489 25670 10607 10284 20139 30061 40149 56009 7000/ 81200 333 55309 0//// 21456 3//// 60007 91009 91110=
15491 25970 00604 10283 20162 30121 40149 57011 7000/ 333 55309 0//// 21468 3//// 60007 91009 91109=
15499 25/70 /0905 10237 20200 30141 40149 54000 7000/ 333 55300 0//// 20295 3//// 60007=
15549 42570 20503 10248 20149 39750 40140 58003 82102 333 10267 20171 555 554//=
15552 42470 21102 10249 20196 30098 40144 58003 82100 333 10286 20197 555 573// 92023 92428=
15640 42774 33605 10301 20182 39833 40121 57004 82231 333 10316 20212 555 549//=
15655 42568 50712 10247 20198 30107 40138 57004 81131 333 10254 20204 91116 555 574// 92037 92437=
15730 41670 60502 10293 20130 39750 40117 57005 70298 85936 333 10319 20180 555 53700 63544=
16627 42560 12304 10302 20170 30113 40118 57010 81100 333 90730 91112==
16650 42960 10003 10304 20173 30111 40119 57014 80001 333 90730 91111==
16667 42960 03310 10318 20175 30099 40110 56020 333 90730 91116==
16706 42960 10501 10296 20213 30095 40102 57011 80001 333 90730 91117==
16723 42960 23308 10344 20149 30085 40096 57008 80001 333 90730 91121==
16732 46/// /0108 10298 20178 30107 40117 57009 333 90730 91115==
16742 42960 33212 10298 20184 39945 40091 57004 80001 333 90730 91124==
16749 42960 22315 10316 20188 30067 40080 57004 80001 333 90730 91120==
16754 42960 23012 10304 20202 30076 40122 57006 80001 333 90730 91118==
16760 42960 20110 10290 20135 40122 57002 80001 333 90730 91120==
16765 42960 02824 10288 20204 40092 55002 333 90730 91128==
17022 42670 30104 10243 20185 39992 40151 58001 83200 333 83834 90730 91110==
17024 42670 32904 10265 20259 30063 40137 57004 83200 333 83835 90730 91110==
17026 42570 53204 10254 20207 30111 40148 51002 83250 333 83830 84359 90730 91109==
17031 42670 30505 10262 20209 30138 40144 53005 83200 333 83835 90730 91114==
17034 42670 60601 10254 20209 30108 40152 52006 83250 333 83835 86360 90730 91109==
17038 42470 63009 10256 20210 30098 40144 51005 86200 333 83718 86828 90730 91112==
17042 42670 53002 10258 20206 30116 40154 51007 83250 333 83835 85360 90730 91109==
17050 42670 51901 10338 20137 30070 40129 57013 83230 333 83835 85360 90730 91105==
17056 42970 01604 10269 20183 30129 40133 57012 333 90730 91105==
17060 42960 00313 10285 20131 30103 40142 56002 333 90730 91117==
17070 42665 22505 10254 20136 39291 40124 53003 82200 333 82835 90730 91112==
17074 42570 50105 10247 20180 39229 40114 53005 83250 333 83833 85360 90730 91112==
17084 42670 50606 10266 20140 39245 40105 57004 83250 333 83835 85360 90730 91114==
17085 42970 00507 10282 20141 39643 40107 53004 333 90730 91116==
17092 41660 42705 10261 20123 38824 48478 58001 70290 84300 333 83845 81940 90730 91118==
17096 41560 60615 10189 20099 38236 48490 53002 79591 86900 333 85835 81925 90730 91122==
17098 41560 60315 10129 20106 38228 48526 52013 70292 85950 333 84835 86357 81920 90730 91120==
17100 41670 70000 10195 20166 39187 40136 52032 72582 84230 333 84840 87358 90730 91122==
17112 42970 00505 10312 20186 30108 40110 57012 333 90730 91112==
17115 42960 30410 10281 20146 30085 40133 57005 80001 333 83070 90730 91122==
17116 42965 00405 10314 20131 30009 40124 56003 333 90730 91112==
17124 42960 03010 10264 20069 39250 40128 55000 333 90730 91116==
17128 42670 23004 10284 20050 39058 40094 57005 82100 333 82840 90730 91114==
17135 42970 00803 10294 20094 39261 40085 56006 333 90730 91107==
17140 42665 20402 10244 20077 38703 48500 55001 82100 333 82840 90730 91111==
17150 42960 00214 10318 20105 39997 40114 57005 333 90730 91123==
17160 42670 33505 10275 20082 38995 48498 55000 83100 333 83840 90730 91108==
17170 42670 53007 10249 20117 38322 48484 53006 83250 333 83840 85357 90730 91118==
17175 42965 02904 10319 20162 30097 40101 57012 333 90730 91109==
17184 42970 03406 10331 20063 39995 40099 57008 333 90730 91115==
17190 42670 12903 10275 20031 38974 48500 56004 81100 333 81835 90730 91110==
17190 42670 12903 10275 20031 38974 48500 56004 81100 333 81835 90730 91110==
17195 42670 23311 10284 20052 38943 48491 55002 82100 333 82840 90730 91117==
17200 42660 13104 10331 20062 39124 40038 55006 81100 333 81840 90730 91114==
17202 42570 52508 10300 20099 39075 40042 53001 85900 333 84835 81927 90730 91118==
17203 41460 62302 10220 20142 38841 48515 53005 79598 85960 333 83830 86357 82918 90730 91108==
17210 42670 12503 10327 20094 39073 40025 55000 81100 333 81840 90730 91111==
17219 42965 23417 10329 20134 39965 40100 57008 80001 333 82070 90730 91125==
17234 42970 23403 10367 20076 30021 40084 55009 80001 333 82070 90730 91108==
17237 42970 03202 10357 20059 39615 40083 57010 333 90730 91108==
17240 42570 12907 10311 20047 39005 40076 55001 81100 333 81830 90730 91118==
17244 42670 20207 10280 20063 38978 48506 55002 82100 333 82840 90730 91116==
17248 42670 33004 10292 20080 38950 48489 56002 83200 333 83840 90730 91110==
17250 42670 30104 10271 20058 38785 48495 55000 83200 333 83840 90730 91113==
17260 42660 42708 10318 20148 39255 40015 55001 84200 333 84840 90730 91115==
17270 42970 02203 10351 20126 39436 40032 55001 333 90730 91113==
17275 42670 12103 10303 20100 38937 48491 55001 81100 333 81840 90730 91112==
17280 42660 43008 10318 20108 39302 40035 55000 82130 333 82840 84360 90730 91124==
17290 42970 03507 10354 20048 30056 40086 55006 333 90730 91117==
17292 42/70 23203 10330 20055 39361 40063 57007 82030 333 82360 90730 91110==
17300 42560 11807 10333 20198 30007 40073 55001 81100 333 81830 90730 91118==
17310 42670 22204 10331 20258 30059 40066 56003 82200 333 82835 90730 91108==
17330 42670 12202 10322 20210 30053 40070 50002 81100 333 81840 90730 91109==
17350 42660 32211 10315 20214 39982 40055 53003 83100 333 83835==
17370 42670 22505 10304 20252 30073 40077 53003 82200 333 82835 90730 91112==
17375 42670 10000 10338 20187 30059 40061 53001 81100 333 81835 90730 91113==
33088 42960 20904 10266 20099 30049 40228 57003 80009==
33135 42970 00803 10245 20087 30121 40261 57004==
33177 42570 60905 10277 20095 39980 40201 57003 82531==
33317 42/84 31104 10264 20102 39898 40213 54000 83030==
33393 42960 31405 10274 20062 39818 40183 57002 80001==
33415 42670 31005 10275 20102 39823 40193 57002 82130==
33429 42660 21104 10269 20079 39805 40199 57001 82100==
33466 42970 01103 10263 20048 30056 40232 54000 333 30///==
33506 42960 00806 10248 20033 30057 40242 54000==
33562 42960 41003 10277 20104 39931 40215 55001 80001==
33587 42970 00803 10264 20041 39967 40214 54000==
33658 42/84 61206 10269 20079 39909 40189 54000 86030==
33663 42570 31303 10301 20061 30114 40203 52001 82230==
33664 42598 51104 10281 20062 39894 40188 53002 85200=
33678 42898 42805 10278 20062 30015 40211 52003 84030=
33679 42997 50903 10274 20121 30023 40201 52002 80001=
33711 42960 00805 10272 20068 30014 40210 57002==
33745 42597 60802 10276 20094 30025 40206 53005 84930=
33748 42597 61002 10254 20118 39918 40185 52003 86500=
33754 42698 60702 10271 20121 30064 40201 53007 82130=
33761 42/70 50703 10262 20104 39991 40200 52001 81039==
33791 42988 20806 10286 20059 30089 40208 55001 80001==
33815 42598 61103 10256 20082 39992 40187 52003 86830=
33837 42982 21502 10250 20148 30136 40185 53006 80001==
33881 42698 50503 10269 20116 30001 40184 52004 82140=
33883 42898 50805 10258 20083 30027 40178 52005 85030=
33885 41598 60807 10233 20146 30065 40189 52006 72998 86200 333 91113=
33892 42998 20904 10266 20110 39985 40183 54000 82030=
33902 42570 60708 10284 20073 30134 40189 53007 82102==
33924 22984 20811 10261 20149 30159 40171 52007 80001 333 60002 91016 90730 91116==
33946 22782 30711 10252 20137 39948 40155 52008 83500 333 60002 83650 91016 90730 91117==
33983 22/60 50508 10259 20106 30103 40160 52004 84031 333 60002 91014 90730 91119==
34300 42960 00905 10242 20005 30096 40264 58002==
34336 22970 00802 10232 20003 30179 40277 55003 333 10251 60002==
34344 22970 01103 10235 20023 30190 40273 55003 333 10257 60002 90730 91110==
34356 22960 01002 10215 20007 30140 40280 57004 333 10231 60002==
34357 22970 00803 10210 20012 30126 40274 55003 333 10233 60002 90730 91111==
34398 22970 00502 10191 20055 30263 40273 57003 333 10226 60002==
34415 42970 00902 10245 20015 30159 40250 57001==
34438 22960 00606 10222 20018 30080 40262 55002 333 10245 60002 90730 91113==
34445 21970 00705 10220 20010 30164 40273 55003 70730 333 10238 60002 90730 91112==
34461 22960 00902 10215 21002 30226 40279 56003 333 10238 60002==
34473 32997 00702 10210 20024 30242 40279 57006 333 10219=
34476 22970 00602 10210 20003 30269 40276 57009 333 10224 60002==
34504 42976 00908 10255 20053 30061 40225 53004==
34535 22970 00806 10229 21012 30185 40253 55001 333 10250 60002 91010 90730 91113==
34545 22970 00705 10218 21008 30155 40261 55001 333 10240 60002 90730 91113==
34555 22970 00905 10206 20049 30187 40274 55000 333 10221 60002==
34560 42960 00907 10204 20011 30092 40274 57001 333 10228 90730 91112==
34578 22960 01403 10207 20008 30263 40269 56004 333 10227 60002==
34579 22970 00403 10202 21006 30230 40272 57003 333 10225 60002==
34644 22960 00605 10233 21010 30166 40239 57001 333 10254 60002 90730 91113==
34646 22970 00704 10220 20107 30170 40247 52001 333 10232 60002 90730 91112==
34655 22960 00506 10224 21017 30199 40256 53003 333 10252 60002 91010 90730 91113==
34662 22970 00803 10212 21010 30258 40269 55001 333 10236 60002 90730 91110==
34691 22970 01102 10207 20023 30280 40268 57004 333 10231 60002==
34720 22970 00603 10239 20061 30182 40219 54000 333 10260 60002 90730 91111==
34727 22960 20805 10258 20028 30174 40202 55000 80001 333 10276 60002 90730 91113==
34743 22960 00705 10235 21033 30155 40239 52003 333 10258 60002 91010 90730 91114==
34759 21960 10604 10234 20012 30111 40235 53004 70230 80001 333 10260 60002 90730 91113==
34772 22970 00605 10225 21017 30254 40257 54000 333 10244 60002 90730 91110==
34785 22970 00703 10222 21024 30275 40254 58001 333 10247 60002==
34798 22960 01303 10191 20086 30290 40262 52001 333 10235 60002==
34824 22/60 80804 10265 20078 30178 40183 52001 83031 333 10283 60002 90730 91114==
34838 22660 60805 10266 20049 30094 40184 55002 84431 333 10279 60002 91010 90730 91114==
34845 22970 50805 10252 20029 30103 40204 53003 80001 333 10274 60002 91011 90730 91112==
34858 22960 00903 10250 30113 40214 52004 333 10271 60002 90730 91111==
34861 22/70 31006 10226 20000 39999 40229 52002 80031 333 10247 60002 90730 91113==
34866 22770 21005 10241 20030 30242 40234 53002 82930 333 10263 60002 90730 91111==
34880 22/60 21103 10198 20077 30278 40253 52005 82030 333 10241 60002==
34887 22970 10503 10206 20075 30268 40250 52005 80001 333 10245 60002==
34936 12598 81008 10260 20060 30058 40180 55001 60002 84939 333 10277 91023 91127 555 50236 53016=
34949 22/70 70911 10216 20065 39674 40190 52008 86031 333 10256 60002 91014 90730 91117==
34954 22570 70703 10246 20054 30037 40200 53006 86401 333 10277 60002 90730 91112==
34958 22570 71105 10231 20076 30021 40209 53013 87500 333 10271 60002 90730 91117==
34975 21/60 41105 10218 20048 30238 40234 52010 70700 80031 333 10265 60002 91011 90730 91112==
34984 22570 50605 10195 20081 30275 40246 52006 82531 333 10242 60002 90730 91113==
35217 12960 03602 10190 20030 30230 40268 54000 60002 333 10214==
35302 12970 00204 10180 20038 30257 40277 57002 60002 333 10205==
35315 32998 00202 10173 20051 30214 40268 53006 333 10205=
35344 32597 73204 10141 20038 39962 40238 54000 85330 333 10166=
35358 12/// 73403 10137 20051 30054 40217 52004 60002 87040 333 10153==
35368 /25// 83304 10130 20068 39953 40208 53010 885// 333 10143 555 39932=
35386 /25// 32901 10074 20042 39669 40173 53019 83900 333 10110 555 69932=
35394 41560 72802 10076 20054 39510 40163 52015 78082 87900 333 10119==
35404 32998 00601 10200 20048 30264 40272 57004 333 10214=
35406 12960 03602 10199 20038 30265 40267 57006 60002 333 10214==
35416 12970 00801 10194 20021 30142 40256 57006 60002 333 10206==
35426 12584 23302 10164 20015 39974 40251 56001 60002 82400 333 10193==
35437 32698 30102 10143 20038 39952 40252 54000 83400 333 10161=
35449 32698 53306 10141 20054 30134 40233 52009 85200 333 10166=
35497 425// 63201 10064 20034 39399 40173 52015 86900 333 10125==
35498 326// 83202 10074 20018 39318 40165 52017 885// 333 10102=
35514 32998 00201 10198 20009 30267 40263 57004 333 10225=
35522 32698 20202 10181 20026 30014 40252 57003 82100 333 10195=
35542 32998 23602 10130 20018 30098 40239 52006 82040 333 10175=
35563 32598 73205 10098 20014 39459 40199 52011 87500 333 10127=
35576 125// 63502 10117 20023 39751 40180 52010 60002 86500 333 10146==
35582 325// 63503 10094 20040 39624 40202 52015 86900 333 10130=
35594 325// 83305 10093 20008 39362 40165 52015 8693/ 333 10131=
35605 32998 03403 10202 20030 30279 40259 57004 333 10225=
35633 32598 63504 10158 20004 30041 40244 53008 85370 333 10192=
35671 12570 40204 10136 20020 39780 40188 52016 60002 84900 333 10160==
35699 129// 03602 10115 21019 39430 40148 52016 60002 333 10167==
35700 12970 00502 10210 20011 30279 40257 57004 60002 333 10231==
35715 32998 00703 10205 21012 30267 40253 53001 333 10230=
35739 32999 03603 10168 20024 30105 40238 53009 333 10196=
35746 12970 03503 10167 20017 30163 40227 52012 60002 333 10207==
35777 325// 63405 10146 20036 39849 40174 52009 86500 333 10182=
35796 12660 63404 10158 20030 39727 40135 52015 60002 82501 333 10177==
35849 129// 00103 10172 20030 30134 40214 52011 60002 333 10224==
35895 32597 70000 10155 20051 39734 40151 52021 86302 333 10195=
35907 32998 00311 10192 20082 30271 40243 58001 333 10228=
35925 12970 20504 10186 21014 30134 40239 53002 60002 80001 333 10219==
35927 32998 00202 10202 21013 30234 53003 333 10230=
35953 12/// 23309 10170 20012 30085 40208 52020 60002 82030 333 10259==
35969 129// 00000 10162 20015 30021 40185 52019 60002 333 10230==
35997 326// 60501 10151 20062 39734 40142 52011 84550 333 10174=
36259 42584 80000 10078 20027 38172 48434 52005 85902==
36335 /25// 82604 10057 20018 39171 40159 52011 883// 333 10095 555 69992=
36358 329// 60000 10079 20019 39167 40139 52012 86030 333 10121=
36394 326// 23201 10100 20052 39722 40124 53014 82500 333 10168=
36397 126// 30000 10115 20046 39588 40122 53015 60002 82570 333 10164==
36403 329// 32402 10094 20057 39775 40118 53015 80002 333 10170=
36418 326// 72206 10155 20041 39520 40091 53012 83933 333 10202=
36421 326// 62602 10131 20073 39571 40099 53024 86500 333 10205=
36428 415// 80202 10140 20114 39630 40097 53013 70292 889// 333 10178==
36439 /14// 81501 10095 20087 38910 48457 53008 78082 889// 333 10158 555 60032=
36498 326// 53603 10112 20007 39376 40124 52012 85500 333 10155=
36501 329// 32702 10110 20016 39411 40122 52016 83030 333 10145=
36535 12/// 62903 10127 20063 39518 40111 53016 60002 86030 333 10178==
36546 326// 70501 10169 20094 39593 40091 53012 85343 333 10208=
36619 329// 62302 10167 20049 86030 333 10218=
36622 329// 50000 10133 20031 39358 40111 52016 85040 333 10185=
36639 415// 80000 10137 20128 39554 40121 52016 70282 889// 333 10186==
36643 /15// 81802 10130 20100 39486 40105 53015 70382 889// 333 10186 555 69942=
36665 /15// 82205 10156 20102 39420 40092 53011 72582 889// 333 10164 555 60042=
36666 /15// 82002 10143 20119 39648 40107 53020 72582 889// 333 10166 555 60012=
36729 /1598 81901 10140 20102 39667 40118 52010 70282 889// 333 10176 555 60022=
36736 /15// 81601 10137 20132 39618 40137 52016 78088 889// 333 10174 555 60072=
36744 329// 73102 10137 20026 39718 40142 52017 87040 333 10186=
36770 /15// 82302 10138 20108 39449 40132 52011 72582 889// 333 10215 555 69972=
36786 /1699 80000 10122 20091 39267 40134 52007 70282 889// 333 10184 555 60022=
36796 /15// 80000 10100 20087 39001 48484 52015 78082 889// 333 10150 555 60082=
36803 /1599 82803 10155 20128 39711 40130 52015 72582 889// 333 10200 555 60042=
36806 325// 73208 10163 20046 39685 40121 52019 87900 333 10263 91117=
36819 /15// 83203 10145 20011 39567 40144 52026 78082 889// 333 10220 555 69952=
36821 415// 82301 10142 20098 39681 40142 52022 72582 889// 333 10205==
36839 32598 81003 10140 20076 39063 40124 52009 82941 333 10218=
36843 /16// 82602 10130 20071 39027 40136 52007 70282 85932 333 10194 555 69902=
36846 326// 80904 10099 20050 38598 48495 52023 87902 333 10188 91115=
36859 125// 52601 10212 20080 39349 40064 52030 60002 83931 333 10296==
36870 125// 50501 10154 20056 39167 40118 52014 60002 82941 333 10246==
36874 325// 63606 10156 20041 39401 40131 52022 86900 333 10250=
36877 326// 80000 10147 20068 39215 40134 52019 889// 333 10250=
36885 325// 50502 10146 20065 39068 40131 52013 82930 333 10235=
36889 325// 81802 10013 20011 37066 47093 52010 889// 333 10116=
36894 325// 62702 10188 20063 39430 40116 52033 83970 333 10271=
36905 329// 52502 10153 20059 38712 48476 52032 83072 333 10234=
36911 129// 10000 10166 20117 39222 40139 52005 6//// 80001 333 10246 555 530//=
36927 12697 32720 10150 20034 38272 48422 52002 6//// 83900 333 1//// 555 530//=
36934 12597 80301 10180 20114 38210 48321 53007 6//// 8693/ 333 1//// 555 530//=
36953 /16// 32701 10150 20054 38147 48508 52011 70181 82903 333 10226 555 69902=
36963 127// 62302 10115 21086 37043 48/// 53010 6//// 83550 333 10166 555 530//=
36974 127// 72304 10204 21038 37933 48440 53022 6//// 87900 333 10270 555 530//=
36982 129// 32607 10081 21078 36556 47097 53011 6//// 83030 333 10140 555 530//=
37018 21670 71402 10255 20177 30079 40150 52016 70382 86902 333 10303 69902 90730 91110==
37031 22560 80904 10242 20093 39994 40178 52002 83571 333 10270 60002 90730 91111==
37054 21670 80000 10165 20150 39840 40210 50011 72588 884// 333 10214 60032 90730 91110==
37061 22560 70804 10223 20108 30056 40216 52012 86501 333 10264 60002 90730 91114==
37085 22570 60709 10212 20104 30251 40225 53010 85502 333 10243 60002 91011 90730 91115==
37171 21670 21903 10250 20184 30128 40145 52001 70191 82500 333 10288 69902 90730 91111==
37228 21420 82601 10153 20146 39393 40196 52007 78082 889// 333 10163 60042==
37235 21440 81002 10189 20174 39889 40190 52010 78082 889// 333 10219 60022==
37472 21560 81305 10225 20182 30226 40205 52005 70282 883// 333 10246 60092 91011 90730 91112==
38149 12970 30202 10196 20017 30139 40212 53009 60002 80002 333 10228==
38178 129// 03603 10190 20045 39904 40176 52016 60002 333 10224==
38262 12920 30304 10181 20030 30125 40203 52007 60002 80002 333 10230==
38264 12970 23504 10192 20013 30117 40207 52011 60002 80003 333 10222==
38345 12798 80000 10116 20029 38787 48497 52029 6//// 86932 333 10210 555 530//=
38353 129// 62803 10173 20041 39262 40112 52013 6//// 83031 333 10248 555 530//=
38388 12998 30503 10226 20034 30113 40179 53016 6//// 83030 333 10276 555 530//=
38392 12997 50104 10206 20038 30093 40191 52009 6//// 85030 333 10232 555 530//=
38396 12960 83603 10172 20040 30078 40199 52013 60002 80001 333 10235==
38403 12960 03604 10218 20048 30053 40167 52009 60002 333 10245==
38413 12970 03504 10213 21041 39887 40162 52009 60002 333 10246==
38457 12560 62502 10215 20021 39561 40113 52025 60002 83480 333 10286==
38462 126// 72302 10162 20015 38715 48475 52010 60002 84950 333 10247==
38462 126// 72302 10162 20015 38715 48475 52010 60002 84950 333 10247==
38507 12997 00409 10276 20034 30063 40158 52014 6//// 333 10322 555 530//=
38545 12998 50103 10203 20046 39999 40165 52006 6//// 85040 333 10266 555 530//=
38565 12/// 23603 10197 20058 39575 40147 52025 60002 83040 333 10260==
38579 12/// 13502 10217 20027 39732 40126 52024 60002 81060 333 10274==
38583 12/60 43402 10223 20017 39822 40125 52027 60002 82041 333 10285==
38599 32997 02506 10223 20029 39631 40115 52021 333 10275=
38611 12/60 71002 10243 20076 39539 40061 52009 60002 87070 333 10300==
38613 129// 72601 10242 20050 40065 52014 6//// 80002 333 10296 555 530//=
38616 125// 70000 10195 20111 39127 40080 52019 6//// 87300 333 10276 555 530//=
38618 126// 82401 10244 20064 39431 40070 52023 60002 82589 333 10301==
38647 12998 00705 10284 20040 30098 40137 52009 6//// 333 10320 555 530//=
38656 12998 60504 10272 20004 30051 40153 52001 6//// 86080 333 10310 555 530//=
38683 12960 13605 10207 20036 39884 40146 52020 60002 80001 333 10285==
38687 12997 03405 10254 20045 39925 40145 52021 6//// 333 10303 555 530//=
38696 12/// 10702 10212 20038 39312 40119 52028 60002 81080 333 10303==
38713 329// 03403 10170 20025 39018 48510 52015 333 10252=
38750 12597 22703 10281 20238 30166 40139 54000 6//// 82100 333 10307 555 530//=
38763 12598 30704 10294 20046 30051 40148 58005 6//// 83200 333 10312 555 530//=
38774 12898 62301 10290 20088 39977 40159 52002 6//// 86080 333 10298 555 530//=
38799 32997 00505 10287 20062 39925 40139 52021 333 10337=
38806 32997 03204 10260 20046 39874 40117 52022 333 10316=
38812 12960 03305 10251 20067 39682 40105 53021 60002 333 10328==
38836 326// 30000 10283 20098 39158 40014 53018 82402 333 10350=
38880 12997 42903 10274 20069 39903 40140 51006 60002 82530 333 10300 555 530//=
38886 12997 23401 10289 20080 39903 40114 57018 6//// 80001 333 10331 555 530//=
38895 32996 00302 10268 20067 39869 40139 52018 333 10332=
38911 32997 03406 10276 20048 39831 40103 53017 333 10340=
38915 32997 03205 10296 20030 39794 40092 53018 333 10363=
38927 11/49 22206 10288 20015 39719 40064 51014 60002 70500 82030 333 10374==
38933 329// 32304 10284 20162 39594 40064 53013 81041 333 10352=
38944 329// 02201 10299 20089 39512 40001 53007 333 10360=
38954 328// 10000 10244 20023 37907 48460 53022 81200 333 10308=
38974 12998 03402 10302 20074 39800 40108 52007 6//// 333 10343 555 530//=
38987 32996 00205 10302 21025 39410 40092 53016 333 10349=
40030 42570 22502 10324 20186 40084 55000 82500 333 82630=
40080 42965 02205 10326 20124 39380 4//// 57020=
40100 43/70 12505 10299 20233 30086 40101 55001 333 58///=
40180 02560 13105 10295 20220 30038 40085 52001 81100 333 70000==
40199 02/// /0204 10377 20155 30030 40054 57007 333 70000==
40255 46/// /2904 10293 29051 3//// 4//// 5////=
40265 41956 03010 10290 20156 39334 40092 52002 70600=
40270 41656 22911 10286 20165 39226 40081 57001 70500 82100 333 82835=
40272 41950 03109 10304 20145 39289 40087 57003 70500=
40296 46/// /0000 10392 29027 4//// 5////=
40356 42960 02907 10345 20040 39126 48477 333 58013 555 04410 50040=
40357 42960 00000 10399 20010 39424 40013 333 58005=
40360 42960 02913 10354 20040 39492 40049 333 58012=
40361 42960 02710 10383 20040 39309 40037 333 58014=
40362 42660 32907 10425 20040 39526 40001 83100 333 59015 83840=
40373 42960 00104 10414 20020 39634 40021 333 58003=
40375 42960 02307 10367 20010 39210 40030 333 58018=
40394 42660 32708 10386 20080 38967 48482 83200 333 58008 83840 555 04410 50005=
40394 42660 32708 10386 20080 38967 48482 83200 333 58008 83840 555 04410 50005=
40400 42960 02908 10322 20220 30041 40068 333 58023=
40405 42660 21202 10400 20030 39322 40000 82500 333 58002 82640=
40417 42960 03609 10387 20090 39998 40012 333 58010=
40420 42960 00309 10412 20000 39816 40007 333 58014=
40430 42960 32914 10398 20040 39342 40029 83030 333 58018 83360=
40437 42960 00307 10389 21010 39371 40027 333 58013=
40439 42960 12614 10344 20230 30036 40054 81030 333 58040 81360=
40582 32960 03514 10427 20119 40010 53001 333 55300 00005 10128 20212 30059 41416 51678 60272 55407 40153 90401 91019 91125 91219 91315=
40703 42660 10305 10278 20028 38868 40053 53004 81400 333 10334 20174 70000 81640 555 10147 29020 66666 00372 10372 20306 30284 50280 90262=
40706 42970 00508 10246 20021 38639 40084 53012 333 10297 20192 70000 555 10131 29023 66666 00364 10353 20316 30308 50306 90290=
40712 42960 02001 10253 20055 38643 40066 56001 333 10294 20121 70000 555 10145 29028 66666 00311 10280 20250 30242 50239 90228=
40713 42964 00802 10290 20016 38620 40034 57004 333 10324 20184 70000 555 10147 29017 66666 00333 10298 20285 30284 50282 90260=
40718 42560 23306 10263 20204 30185 40158 52005 82400 222// 0//// 20203 333 10290 20216 70000 82620 555 10224 29070 66666 00338 10306 20310 30292 50286 90266=
40723 42660 32908 10237 20128 38944 40107 53006 81402 333 10301 20193 70000 81635 83069 555 10171 29050 66666 00304 10310 20268 30254 50252 90244=
40726 42960 00102 10278 20043 38620 40055 57007 333 10296 20144 70000 555 10150 29022 66666 00312 10310 20294 30292 50270 90258=
40727 42965 03203 10283 20039 38453 40066 52002 333 10314 20081 70000 555 10150 29021 66666 00346 10321 20269 30255 50252 90233=
40732 42660 63306 10270 20179 30155 40132 52013 86500 333 10312 20220 70000 86635 555 10212 29057 66666 00306 10306 20302 30292 50280 90264=
40736 42560 22502 10276 20214 30164 40140 53003 82500 333 10311 20246 70000 82630 555 10234 29069 66666 00330 10326 20310 30302 50296 90289=
40737 42560 72002 10250 20198 30123 40140 52010 85370 333 10312 20234 70000 81927 84630 87359 555 10216 29073 66666 00292 10284 20276 30264 50256 90250=
40738 41558 62104 10259 20207 30154 40156 53008 70582 84370 333 10335 20253 79999 83630 81935 85458 555 10225 29073 66666 00296 10306 20306 30296 50292 90276=
40739 42965 00206 10228 20130 38670 40082 51005 333 10294 20184 70000 555 10168 29054 66666 00310 10312 20302 30294 50286 90278=
40741 42960 00000 10282 20074 39809 40125 53009 333 10347 20208 70000 555 10168 29027 66666 00359 10355 20331 30320 50318 90317=
40743 42665 11006 10330 21056 39012 40049 53005 81400 333 10371 20225 70000 81635 555 10150 29008 66666 00386 10380 20340 30321 50320 90316=
40745 42960 01704 10238 20086 39034 40123 52024 333 10324 20202 70000 555 10153 29038 66666 00322 10324 20290 30274 50266 90270=
40747 42960 02604 10309 21043 38587 40039 52007 333 10356 20131 70000 555 10141 29010 66666 00389 10364 20318 30300 50299 90292=
40754 42963 12303 10326 21044 38774 40027 53001 81070 333 10345 20212 70000 81360 555 10149 29009=
40762 42965 00603 10273 21028 38530 40054 53007 333 10340 20183 70000 555 10128 29014 66666 00327 10340 20307 30280 50276 90274=
40766 42982 02807 10304 21028 38650 40047 53005 333 10351 20142 70000 555 10142 29012 66666 00367 10363 20300 30300 50293 90280=
40768 42965 02303 10291 21056 38226 40027 52004 333 10340 20121 70000 555 10128 29010 66666 00373 10370 20309 30292 50285 90282=
40769 42660 10802 10286 21015 38265 40018 53007 81400 333 10352 20170 70000 81640 555 10135 29014 66666 00382 10366 20330 30310 50302 90292=
40780 42960 02905 10296 20036 38647 40056 58003 333 10337 20179 70000 555 10155 29019 66666 00380 10360 20330 30332 50320 90308=
40782 42960 02603 10316 21037 38799 40026 54000 333 10369 20169 70000 555 10146 29010 66666 00346 10342 20338 30302 50310 90290=
40785 42960 00000 10344 21016 39000 40014 54000 333 10385 20226 70000 555 10163 29010 66666 00420 10410 20382 30360 50370 90380=
40791 42970 00102 10377 21196 39247 40007 55001 333 10427 20251 70000 555 10155 29002 66666 00424 10416 20380 30360 50351 90355=
40792 42962 00902 10320 21103 38670 40022 53004 333 10378 20217 70000 555 10136 29006 66666 00380 10384 20350 30314 50328 90310=
40798 42660 12505 10276 21063 37942 40034 53002 81400 333 10344 20099 70000 81640 555 10118 29010 66666 00366 10360 20301 30270 50265 90257=
40800 42960 01502 10322 21100 38406 40007 55003 333 10377 20187 70000 555 10135 29006 66666 00360 10362 20324 30300 50302 90296=
40809 42962 00904 10299 21165 38458 40026 53009 333 10372 20129 70000 555 10119 29004 66666 00380 10356 20320 30306 50300 90298=
40811 42960 03202 10410 20111 39964 49988 55000 333 10449 20273 70000 555 10228 29017 66666 00422 10416 20386 30382 50384 90382=
40812 42960 02601 10396 20041 39642 49989 57001 333 10427 20313 70000 555 10199 29011 66666 00478 10466 20442 30412 50402 90390=
40818 42965 00804 10295 21323 37949 40010 53006 333 10334 20118 70000 555 10104 29001 66666 00327 10316 20289 30281 50296 90296=
40821 42970 01501 10350 21177 38718 40003 55002 333 10397 20208 70000 555 10141 29003 66666 00415 10400 20353 30340 50340 90348=
40829 42960 03408 10356 21047 39472 40000 53006 333 10422 20293 70000 555 10165 29007 66666 00398 10390 20342 30340 50314 90300=
40831 42960 03008 10420 20119 39995 40002 54000 333 10464 20294 70000 555 10234 29017 66666 00428 10416 20388 30378 50378 90370=
40833 42960 03205 10423 20047 39962 49992 55005 333 10461 20250 70000 555 10213 29010 66666 00432 10398 20380 30380 50386 90370=
40835 42660 22704 10356 20169 39230 40000 53004 82100 333 10400 20265 70000 82840 555 10232 29033 66666 00428 10416 20392 30362 50360 90350=
40841 42670 10606 10308 21147 38207 40011 53003 81400 333 10371 20096 70000 555 10122 29004 66666 00350 10360 20296 30286 50294 90290=
40845 42960 13201 10345 20241 39997 40002 55000 81030 333 10379 20314 70000 81360 555 10271 29055 66666 00400 10406 20384 30374 50370 90364=
40848 41657 32406 10308 20116 38469 49994 53010 70710 83410 333 10382 20212 70000 83640 555 10188 29031 66666 00382 10362 20332 30308 50302 90292=
40851 42960 00000 10310 21030 38220 49986 54000 333 10354 20199 70000 555 10140 29011 66666 00410 10400 20352 30322 50322 90320=
40854 42960 00102 10342 21136 38873 49990 52007 333 10404 20260 70000 555 10143 29004 66666 00450 10446 20396 30376 50372 90370=
40856 42962 00405 10310 21070 38591 40019 53012 333 10372 20214 70000 555 10136 29008 66666 00372 10380 20334 30310 50314 90312=
40859 41657 12208 10338 20088 38640 49999 55005 70700 81400 333 10384 20194 70000 81640 555 10188 29022 66666 00368 10352 20318 30300 50296 90294=
40875 41556 11902 10335 20254 39993 40003 55002 70500 81500 333 10365 70000 81630 555 10277 29063 66666 00396 10392 20380 30374 50374 90374=
40879 42662 22604 10394 21005 39357 49985 53004 81402 333 10430 20293 70000 81640 555 10186 29008 66666 00456 10454 20416 30402 50398 90400=
40882 41940 02905 10334 20279 39976 40009 53003 70500 333 10372 20298 70000 555 10293 29073 66666 00420 10418 20392 30384 50374 90366=
40883 41950 02702 10333 20270 39983 40005 53004 70500 333 10363 20297 70000 555 10287 29070 66666 00394 10405 20391 30385 50382 90376=
40893 41958 01603 10315 20250 30002 40007 52008 70500 333 10319 20299 70000 555 10269 29069 66666 00383 10387 20374 30371 50368 90373=
40898 41556 21706 10292 20260 30007 40016 53017 71000 82600 222// 00308 20801 333 10319 20288 70000 82720 555 10269 29083 66666 00370 10416 20402 30380 50376 90368=
41024 42960 03110 10364 20170 30034 40059 91446 333 58025=
41036 42960 03210 10302 20130 38550 48502 333 58019 555 04410 50059=
41055 42560 33315 10326 20010 38340 48480 83400 333 58011 83630 555 04410 50028=
41061 42960 03312 10408 21030 39339 49999 333 58012=
41084 42560 33010 10369 20010 38794 48464 83200 333 58004 83830 555 04410 59988=
41112 42560 32012 10225 20180 37936 48487 83400 333 58007 83620 555 04410 50046=
41114 42560 52308 10247 20170 37967 48485 85400 333 58008 85622 555 04410 50045=
41128 42560 20610 10360 21010 38748 48466 82200 333 58004 82830 555 04410 50004=
41136 42660 30209 10399 20040 39232 49994 83500 333 58010 83635=
41140 41559 32813 10333 20280 30047 40052 70711 81230 333 58015 81830 83360=
41150 42966 03409 10352 20247 40015 333 58012=
41170 42960 00306 10356 20271 39999 40012 333 58011=
41176 44/59 /0504 10354 20248 30001 40007 333 58013=
41184 42960 03304 10340 20249 40015 333 58010=
41194 41957 03207 10347 20271 30004 40009 70500 333 58011=
41196 42960 03305 10343 20260 39976 40015 333 58011=
41216 41958 03607 10344 20271 30006 40010 70500 333 58011=
41217 41958 03510 10346 20262 39977 40005 70500 333 58010=
41244 36/// /3211 10388 20128 39598 49985 333 0E034 55300 25022 58010=
41246 36/// /1205 10317 20272 30008 40010 333 0E031 55300 25022 58011=
41255 32560 21004 10331 20169 39522 41012 82500 333 58029 82630=
41256 32960 00706 10316 20239 39994 40011 91445 333 58008 55167 55407 55408 55507 55508=
41258 36/// /1106 10316 20267 30006 40009 333 0E/// 55307 20385 58014=
41263 26/// /1010 10349 20149 39460 49991 333 0E027 55300 20294 58023 70000=
41267 36/// /1408 10347 20230 30005 40018 333 0E031 58011=
41268 36/// /1104 10359 20206 39965 40010 333 0E029 55300 25022 58013=
41275 36/// /1510 10389 20182 39860 40018 333 0E027 55300 20499 58010=
41316 31359 81806 10259 20247 30021 40050 70522 886// 333 58017 55144 55407 55408 55507 55508 83708 88625=
41397 72513 10290 20262 40071 54000 70321 8777/ 22214 00280 20201 325// 40703 80270=
41398 82222 10260 20246 40054 51010 702/ / 86718 22211 00300 20306 80250=
41480 41557 72320 10344 20229 30018 40025 70544 82530 333 59008 82625 86360=
41497 1//// 10310 20284 40170 54000 70299 81101 22200 06280 20000 80290=
41498 51333 10260 20182 40178 58009 70111 843// 22233 00270 20606 310// 40803 80210=
41506 12420 21805 10270 20129 38415 48110 60001 82500 333 56800 58019==
41508 11420 60000 10233 20173 38595 48710 60001 71799 84900 333 56800 58020==
41515 12440 22303 10287 20142 38455 48170 60001 82500 333 56800 58005==
41523 11440 72702 10260 20201 39004 48500 60001 71792 83920 333 56880 58021==
41535 12940 00000 10200 20185 38658 48350 60001 333 58042==
41536 12440 70000 10230 20185 38970 48710 60001 85520 333 56880 58032==
41560 12940 30000 10230 20186 38249 48630 60001 83030 333 56080 58018==
41571 11600 61303 10260 20193 39475 40035 60001 70522 83830 333 56880 58026==
41598 53216 10190 20174 40170 54000 7//// 8357/ 22234 0//// 2//02 80180=
41600 21696 60000 10300 20251 40023 70422 83570 333 56990 58036 60007 83645 83462=
41620 12940 01802 10300 20142 38502 48070 60001 333 58027==
41624 11940 00000 10340 20265 30000 49993 60001 70400 333 58014==
41630 11440 31303 10320 20265 30000 40016 60001 70401 83500 333 56800 58021==
41640 11440 40000 10300 20265 39785 40023 60001 70421 82530 333 56880 58029==
41660 12400 13103 10270 21002 38380 48720 60001 81400 333 56800 58020==
41678 11940 00000 10340 20225 30000 40012 60001 70500 333 58016==
41696 12940 00000 10230 20106 37978 48700 60001 333 58006==
41697 12940 00000 10345 20263 30000 49989 60001 333 58005==
41700 11940 00000 10345 20263 30000 40001 60001 70400 333 58027==
41710 12940 03101 10360 21148 30000 49950 60001 333 58019==
41712 12940 01301 10370 20018 39081 48470 60001 333 58009==
41715 11940 00000 10330 20268 30000 40002 60001 70500 333 58017==
41718 11940 00000 10340 20272 30000 40009 60001 70400 333 58016==
41725 12940 00000 10365 20255 30000 49994 60001 333 58016==
41739 12940 02303 10350 20116 38950 48430 60001 333 59013==
41744 12940 01302 10275 20054 38691 48270 60001 333 59021==
41749 12940 01304 10340 20286 30000 40008 60001 333 58018==
41756 11240 61802 10295 20260 30000 40020 60001 70504 86600 333 56800 58005==
41759 11940 02302 10300 20258 30000 40030 60001 70500 333 58015==
41764 12940 02305 10300 20258 39976 40024 60001 333 58026==
41768 12940 02302 10305 20278 30017 40024 60001 333 58023==
41780 12340 42504 10290 20240 30012 40039 60001 84600 333 56800 58024==
41785 12940 02303 10295 20260 30033 40046 60001 333 58019==
41859 02430 60501 10308 20280 30001 40037 83530 333 59001 70000 83618 86362==
41883 02/30 60000 10310 20280 30011 40031 86030 333 58001 70032 86362==
41891 01430 50000 10305 20250 39987 40025 71322 82930 333 58000 70000 82616 84362 81930==
41907 02940 00000 10290 20280 30014 40029 333 59002 70140==
41923 02440 50000 10297 20270 30026 40036 82530 333 58001 70004 82615 85365==
41936 01430 40000 10290 20270 30020 40027 70522 82830 333 58008 70000 82615 84362==
41943 01330 82302 10262 20250 30025 40032 76162 8672/ 333 58010 70770 83709 84613 88458==
41950 02450 70000 10292 20280 30025 40027 84470 333 59004 70062 83617 86459==
41978 02457 61103 10294 20270 30027 40033 84330 333 58006 70568 83617 85362 81930==
41992 41425 60000 10292 20260 30033 40035 70522 83520 333 58000 83616 86460==
42001 06141 99259 70897 46/// /1606 10303 20287 30095 40098 91430 22200 00303 333 91208 555 11065 22069 8//07 91421=
42027 31595 60000 10219 20166 38376 48457 70522 84520 333 58036=
42056 32996 20502 10272 20255 39602 80001 333 58032 82070=
42071 31996 00000 10302 20288 40024 71000 333 58030=
42097 06151 99257 70837 46/// ///// 1//// 91526 22200 00300 10502 20502 70008=
42101 32996 10000 10272 20266 40046 80001 333 58032 81070=
42111 21995 30000 10258 20238 39354 40032 70152 83040 333 58037 6992/ 82360 83070=
42123 32996 31402 10308 20266 40022 83030 333 58030 83360=
42131 32996 30000 10280 20257 40034 82030 333 58026=
42165 21696 50000 10290 20253 40012 70262 85500 333 58025 6998/ 85635=
42182 31596 60904 10282 20257 40033 71022 83310 333 58028 83630 81935 86459=
42189 31595 70000 10268 20268 40040 71022 85510 333 58030 85620 87460=
42260 21496 79901 10282 20282 40031 79596 83930 333 58023 6990/=
42309 31995 20000 10302 20280 40034 71000 82030 333 59001=
42328 31595 71802 10276 20226 40005 70522 84520 333 58026 84630 87458=
42339 21595 80000 10268 20251 40029 70595 8352/ 333 58023 6995/ 83630 88458=
42348 21495 80000 10254 20248 40031 76096 8672/ 333 58013 6004/ 83712 84620 88458=
42361 31996 30000 10288 20254 40025 70521 83030 333 58013 83360=
42369 31595 40000 10292 20270 40038 71022 82530 333 58022 82620 83360=
42379 31995 20000 10300 20272 40032 71010 82030 333 58017 82360=
42410 31595 40000 10290 20262 40041 71000 82530 333 59002 82620 83360=
42415 32596 20000 10308 20269 40043 82400 333 58000 81620=
42452 21595 82301 10266 20257 40019 71022 8452/ 333 58016 6990/=
42492 21495 40000 10300 20281 40036 71011 82530 333 58011 6992/ 82618 84360=
42559 32596 73602 10274 20239 40019 83530 333 58015 83620 87360=
42571 22596 60000 20251 20262 40035 83530 333 58010 6019/ 83625 86360=
42623 31496 40000 10252 20229 39199 40044 71310 82530 333 58007 82618 81925 84360=
42634 32596 30000 10282 20242 40048 83500 333 58016 83620=
42647 21496 50000 10290 20259 40048 70522 83630 333 56690 58022 6996/ 82715 83620 85358=
42667 31596 72308 10258 20238 39467 40043 70522 83930 333 58015 83620 81930 85360=
42675 31596 60000 10276 20262 40035 70522 83530 333 58012 83625 85360=
42701 21595 50000 10262 20245 39323 40031 71096 83530 333 58008 6990/ 83620 83360=
42724 31496 60000 10294 20266 40026 71322 84930 333 59001 83618 81930 85360=
42737 32896 42508 10274 20245 40052 84030 333 58018 84358=
42754 21396 72904 10234 20231 39422 40049 72162 85730 333 58020 6010/ 83708 84620 85360=
42779 21596 40000 10272 20244 39356 40034 70296 82530 333 58000 6990/ 82620 84360=
42798 21496 20000 10288 20263 40031 71010 82500 333 58007 6001/ 82615=
42809 31495 20000 10310 20280 40030 70500 82500 333 58003 82618=
42840 22596 60000 10276 20259 40060 83830 333 58018 6008/ 82620 86360=
42867 31495 72704 10282 20251 40042 70522 84820 333 58009 83618 86458=
42874 31596 60000 10290 20259 39710 40039 70292 84330 333 58012 83620 81930 85360=
42886 31495 60000 10290 20256 40034 71311 85970 333 57914 58004 85618 81930 86359=
42895 22596 30000 10292 20275 40034 82530 333 58002 6005/ 82620=
42971 21496 60000 10290 20271 40039 70522 84430 333 58002 6005/ 84618 86360=
43003 21495 53204 10286 20246 40076 70522 84830 333 58021 6993/ 82620 83825=
43014 21496 72502 10260 20223 29423 40060 70542 85830 333 58020 6996/ 83620 83825 85360=
43041 21596 63202 10254 20234 39443 40049 83510 333 58015 6011/ 83620 86458=
43063 21596 42702 10240 20217 39457 40076 70252 82530 333 58015 6992/ 82626 83356=
43086 32596 60000 10288 20260 39865 40040 83530 333 58010=
43110 21496 62702 10268 20248 40092 72162 84720 333 58016 6004/ 81712 83618 85456=
43117 32596 72302 10280 20249 40063 85620 333 58016=
43128 21496 60000 10252 20232 39463 40061 70596 83531 333 56699 58008 6996/ 83615 85360=
43150 21596 52702 10280 20257 39973 40033 70552 82501 333 58003 6990/ 83620 85075=
43185 21596 72702 10280 20263 30041 40044 72052 84870 333 58014 6996/ 83620 85360=
43189 22596 80000 10276 20259 30035 40044 8357/ 333 58014 6003/=
43192 21596 53202 10266 20255 40088 72582 82532 333 58009 6006/=
43201 32496 52305 10244 20212 39341 40059 83530 333 58010 83612 84358=
43213 22596 72904 10284 20243 39739 40050 83538 333 58017 6002/=
43237 22596 52908 10288 20232 39650 40034 81572 333 58008 6992/ 81620 83360=
43245 32596 61402 10306 20243 30023 40049 82478 333 58006=
43279 32596 60000 10284 20256 30045 40062 84230 333 57852 58005 83620 81825 85360=
43284 22396 70000 10264 20247 39978 40093 84671 333 58008 6998/ 82707 83612 85458=
43295 32496 42703 10240 20175 39080 48493 81531 333 58011 81615 83075=
43314 32596 80000 10282 20262 40098 8482/ 333 58009=
43321 31496 62311 10260 20224 39639 40083 71022 83531 333 58013 83612 85070=
43329 32596 80000 10294 20260 30041 40054 82532 333 58018=
43333 21495 72711 10280 20252 40069 70562 85420 333 56590 58001 6992/ 83618 84820 86458=
43353 21496 43403 10270 20254 40101 71021 81720 333 56790 58005 6990/ 81714 83459=
43369 32596 53202 10280 20252 40101 83530 333 58003 83620 86358=
43371 22497 40000 10270 20250 30030 40103 82431 333 58008 6001/ 82618=
43404 22470 71904 10287 20266 30065 40068 51016 85000 333 553// 20000 58012 60008 91008 555 60008==
43410 22470 8//// 10298 20219 30073 40076 52020 87000 333 58007 60008==
43413 22/70 72005 10286 20251 30076 40081 5/014 333 58009 60008 84818 91009==
43418 22470 52301 10289 20233 30037 40078 51014 82106 333 58003 60008 555 60008==
43421 22470 72402 10274 20273 39983 40088 54000 81000 333 58009 60008 91006 555 60008==
43422 22470 72302 10270 20237 39955 40088 53017 86110 333 58006 60008 555 69938==
43424 22470 62104 10285 20249 30078 40080 52007 83106 333 58007 60008 555 60008==
43436 22470 63201 10300 20237 30071 40074 52017 83/// 333 58007 60008 81920 555 60008==
43441 22470 62502 10268 20241 39960 40092 51015 81000 333 58006 60008 555 60038==
43444 22470 52601 10238 20218 39567 40097 52017 84000 333 58003 60008 555 60018==
43450 22459 62305 10288 20251 30091 40103 52013 85106 333 58007 60008 555 69918==
43466 22470 52202 10286 20234 30096 40104 5/017 85200 333 553// 20000 58006 60008 91004 555 60008==
43467 22468 52302 10290 20253 30096 40102 52016 85000 333 58004 60008 555 60008==
43473 22262 82905 10152 20152 38127 48496 52019 88000 333 553// 20004 59001 60008 91011 555 69958==
43475 22/70 22302 10290 20213 30077 40082 52021 333 553// 20000 58006 60008 91006 555 60078==
43476 22466 72502 10200 20162 38773 48518 52016 84000 333 58005 60008 555 60008==
43486 21460 70202 10259 20259 30007 40107 51020 70522 84005 333 553// 20000 58006 60008 91002==
43495 22470 32402 10285 20251 30091 40104 5/210 83000 333 58040 60008 555 60008==
43497 22470 12402 10277 20000 30081 40098 5/026 81000 333 553// 20006 58007 60008 91005==
44212 42/// 32001 10141 20038 38989 40052 54000 83040==
44213 426// 80501 10158 21017 38686 40046 52004 885//==
44214 42670 83406 10131 20025 38209 40072 54000 82570==
44215 42/// 63006 10156 20017 38326 40047 57002 86070==
44217 326// 82702 10124 21017 37813 40096 54000 885// 333 91204=
44218 42/// 42402 10163 20011 38512 40046 51013 84040==
44219 32999 01906 10219 21068 38527 40017 52016 333 91209=
44265 429// 00602 10186 20002 38755 40059 52013==
44266 329// 12105 10149 21082 37765 40097 53018 70230 81040 333 91113 91212=
48064 42450 50401 10282 20220 39980 40031 83830 333 58030==
48094 42450 80000 10270 20260 30038 40048 8597/ 333 58005==
50557 14/80 /2601 10114 20063 39792 40077 52008 60001 333 10239 20099 3/009 55300 58008 70000 90761 91113==
51076 14/80 /2703 10185 20064 39237 40065 52011 60001 333 10214 20143 3/017 59006 70000 90761 91106==
51087 14/79 /2702 10194 20062 39089 40036 52008 60001 333 10295 20158 3/020 59022 70000 90761 91111==
51156 14/80 /2910 10149 20040 38626 40070 52010 60001 333 10203 20127 3/014 59011 70000 90761 91114==
51243 14/80 /3106 10207 20073 39554 40065 52022 60001 333 10292 20199 3/021 58003 70000 90761 91114==
51463 14/80 /1302 10197 20071 38943 40055 52018 60001 333 10266 20183 3/018 59017 70000 90761 91112==
51573 14/63 /0203 10323 20079 39971 40016 52009 60001 333 10362 20227 3/030 59062 70000 90761 91106==
51644 14/57 /0201 10171 20128 38874 40060 52008 60001 333 10273 20126 3/019 59041 70000 90761 91108==
51656 14/59 /2702 10200 20112 39060 40056 52011 60001 333 10285 20117 3/013 59045 70000 90761 91109==
51709 14/70 /3201 10221 20106 38565 40038 52012 60001 333 10274 20154 3/023 59034 70000 90761 91107==
51716 14/57 /0000 10201 20138 38833 40048 52012 60001 333 10302 20143 3/023 59036 70000 90761 91104==
51765 14/58 /3201 10182 20108 39121 40059 52010 60001 333 10303 20113 3/018 59047 70000 90761 91107==
51811 14/50 /0000 10205 20139 38711 40044 52010 60001 705// 333 10292 20131 3/021 59037 70000 90761 91106==
51828 14/56 /3101 10229 20097 38564 40029 52002 60001 333 10281 20156 3/021 59039 70000 90761 91105==
51886 14/80 /0804 10165 21152 37144 40057 52011 60001 333 10216 20026 3/014 59033 70000 90761 91107==
52203 14/62 /0501 10170 20092 39224 40057 52007 60001 333 10298 20126 3/017 59056 70000 90761 91105==
52602 14/80 /3601 10112 21137 37301 40093 52009 60001 333 10212 20009 3/009 59024 70000 90761 91106==
52681 14/80 /1102 10145 20118 38656 40168 52003 60001 333 10192 20117 3/013 59011 70116 90761 91104==
52818 14/80 /1100 10101 21063 37274 40095 52011 60001 333 10215 20053 3/011 59023 70000 90761 91105==
53463 14/71 /2501 10134 20134 38872 40168 52003 60031 721// 333 10161 20133 3/014 59024 70104 90761 91103==
54857 14/80 /3103 10233 20166 30057 40146 52001 60001 333 10299 20217 3/023 55300 58020 70000 90761 91109==
55228 04980 /3402 10144 21005 36062 49903 52016 60002 700// 333 10186 20087 3/013 5001/ 58019 60001 70000 90720 91117=
55299 14/80 /1703 10086 20044 35927 40032 52015 60001 333 10133 20039 3/007 58018 70075 90761 91107==
55578 04980 /2701 10162 20052 36406 49937 52020 69902 700// 333 10223 20100 3/016 5001/ 54405 58010 69901 79999 90720 91107=
55591 14/75 /1301 10186 20071 36550 49941 52022 60001 333 10232 20125 3/016 58017 70000 90761 91106==
55664 04980 /2301 10131 20014 36061 49972 52018 60002 700// 333 10198 20079 3/014 5000/ 54405 58015 60001 70000 90720 91110=
55773 04980 /1304 10083 20049 36078 40042 52019 60002 700// 333 10144 20041 3/008 5000/ 54405 58015 60001 70004 90720 91113=
56004 14/80 /0401 10081 20021 35905 40054 52014 60001 333 10135 21003 3/005 58011 70000 90761 91107==
56116 04980 /1203 10125 20061 36406 40023 52025 60022 700// 333 10184 20095 3/012 5000/ 54415 58031 60021 70043 90720 91109=
56312 04980 /2802 10176 20092 37119 40031 52026 60002 700// 333 10234 20144 3/017 5000/ 54415 58015 60001 70000 90720 91110=
57494 14957 /0303 10264 20233 30083 40111 52013 60001 333 10349 20264 3/027 58029 70000 90761 91111==
58847 14/67 /0303 10293 20237 30010 40107 52010 60001 333 10330 20284 3/029 58040 70005 90761 91109==
62306 32960 03112 10301 20227 40118 57001=
62309 32960 03308 10300 20208 40098 57005=
62325 32560 43105 10303 20236 40098 57006 84200=
62332 32960 03207 10298 20233 40095 57002=
62337 32960 03307 10304 20223 40090 57001=
62366 35560 33408 10331 20177 40083 57005 83200=
62387 32960 00108 10346 20166 40088 57009=
62393 32960 00112 10338 20144 40119 57005=
62405 32960 02907 10365 20125 40077 57004=
62414 32960 03407 10382 20102 40083 57007=
62419 32960 03106 10379 20086 40077 57002=
62420 32960 03506 10346 20130 40092 57007=
62432 32960 03510 10372 20130 40099 57015=
62435 32960 03407 10371 20127 40078 57006=
62440 32960 03310 10336 20192 40090 57005=
62455 32960 03407 10350 20173 40064 57008=
62458 32960 03008 10320 20199 40074 57008=
62459 31956 03012 10313 20220 40060 57007 70700=
